0.7083148926714488,-1.1497520862951238,1.571261864226989
0.7219112348867439,-1.1496200104857173,1.5751949075566312
0.7362533239522965,-1.1495105393597116,1.580687944421408
0.7501776816276944,-1.149212602489219,1.6005420888874542
0.7642805334621374,-1.1487966584331406,1.6104073674152226
0.7781889227882512,-1.148666006115875,1.5685800860274828
0.7925775126130645,-1.1492853357668023,1.510656531290646
0.8066318661996038,-1.1503422857637116,1.4861561651856536
0.8213166704232522,-1.1516508972819475,1.4781217392473662
0.8366069698951676,-1.1533288243755644,1.4460594104699038
0.8514950444271808,-1.1554572292373435,1.4151534917157151
0.8672459037630045,-1.1579685278287786,1.4027296150491753
0.8815021543008548,-1.1601981103899222,1.4265658496352556
0.8963974681365939,-1.1627755583480002,1.3870992101589061
0.9092772920445905,-1.167567123514134,1.068874880564884
0.9176458526794923,-1.1717434146509071,1.07983486245251
0.9272582782469379,-1.176658702385041,1.0423599126984877
0.9376500852981833,-1.1832621774811398,1.0982066963801653
0.9470216133834569,-1.1872743901144753,1.1589692437470323
0.9600950125734329,-1.1930649184756341,1.1286153762530617
0.9721260627498118,-1.198273549212995,1.160883717656762
0.9839012853925878,-1.2042048181366358,1.0073893343835452
0.9951000448892714,-1.2108148887753938,1.0546392044126454
1.0082950164938762,-1.217698997513806,1.1088775206523431
1.0186367359575288,-1.223959304841421,0.9510659831996142
1.0294109153060316,-1.232795977980111,0.839520853226125
1.0375127992320363,-1.2402850742222182,0.8189696170933063
1.0468388149721726,-1.2504293411622116,0.7435562250220064
1.057568376990935,-1.2609480066677046,0.8691880165645368
1.068707111447839,-1.2686417901432185,1.0005034837367743
1.0798171530792207,-1.2779337973058615,0.817998106945328
1.0915553573166823,-1.2891089231529813,0.8150903232224224
1.1015455177777396,-1.29951081973966,0.6996662596194774
1.1118071716321485,-1.3105849032339663,0.7864664405870052
1.1197932172955865,-1.322715987124596,0.5038246556632197
1.1244515834251156,-1.33323935233264,0.3388146865209175
1.126219539747254,-1.3449069148605721,0.11714004682733446
1.128254420800549,-1.3590834138659036,0.15392894368712942
1.131041421220091,-1.3722524380638055,0.2247141783896404
1.1338322177748963,-1.3849457177887394,0.23704971267009606
1.1369012113170347,-1.3974054200507218,0.2443799968605701
1.1410511408722743,-1.4131010216424986,0.26940528574925726
1.1461093360341252,-1.4250265867579832,0.5037443778670203
1.1534543388016378,-1.436259707661181,0.6409286992846094
1.161137595785635,-1.4464056389374615,0.6607263410869945
1.1668271186826398,-1.4566831733815706,0.4457686407476977
1.1709773652279722,-1.4696296421129675,0.2159516265225749
1.1715574400802247,-1.4829157523871432,-0.05614166146597039
1.1701200451139826,-1.4972389144250116,-0.13006071120656096
1.1665043222667595,-1.5064780826440192,-0.6076202957550105
1.1600352686381508,-1.5199719475433517,-0.2898961496818034
1.1562051435364433,-1.5325402120077913,-0.3092970242014225
1.1530974424003249,-1.5479943308834763,-0.1621945633586499
1.1512933742400355,-1.5613548641888346,-0.1132595662237461
1.150721176905471,-1.5756264559589663,0.01941137939885711
1.152117668419725,-1.5895528991630328,0.14038515898781811
1.1566917415029114,-1.603188909580719,0.3855708065336977
1.1616610032282466,-1.612986796054477,0.5015099570672891
1.161708360142588,-1.625370732321194,-0.3025400269476558
1.1563304054864014,-1.6253776900708874,-1.119483240829891
1.1410622511574016,-1.6245447767614132,-1.869405252869333
1.1250002355968634,-1.6165867236387232,-2.179996036423637
1.114622229499348,-1.6087258386473697,-2.2166271412049112
1.103214553677635,-1.5984290562803103,-2.3854850188668575
1.0916171449705845,-1.588743450496478,-2.1954110906860826
1.0784964767402438,-1.5788813391345586,-2.3055014395924482
1.0649834148543253,-1.5724641517197158,-1.8269495169309715
1.0547460587295758,-1.5712212795940843,-1.6308612922691477
1.04099504638039,-1.5702334034004894,-1.6345434486937596
1.0272987594768075,-1.569965640257434,-1.5492244121708008
1.0142358656753687,-1.571093842755558,-1.4217640849371926
1.0000765479288625,-1.5736683030217644,-1.3815400015514472
0.9852961693405075,-1.5724940500146376,-1.8704744764891827
0.9755004895564778,-1.5633044024913383,-2.759676988447029
0.971025561870709,-1.5512110125695175,-2.7904101291891457
0.9661916647472427,-1.53794898822808,-2.7782267420980298
0.9615217394390465,-1.5250099650594862,-2.763178142329296
0.9562513984547504,-1.5147039260798913,-2.5940253216318214
0.94444341009429,-1.5024615310484393,-2.164672896844164
0.9354869621077485,-1.495139585656624,-2.272121032552507
0.9251868508525103,-1.4882158025508672,-2.101032339986841
0.9158557120145229,-1.4819270586754003,-2.2064598183935975
0.9072715781044812,-1.4742107471285628,-2.334841100401016
0.9001394950967289,-1.4683807337378822,-2.1845662848576852
0.8928997049462548,-1.4621774209243288,-2.2932996578446287
0.8820552378187433,-1.4533205012838215,-2.2415640887764434
0.8736997576245031,-1.4437313055250867,-2.5030189550510715
0.8665819343024183,-1.435412167384078,-2.382677223129161
0.8547834358567232,-1.4280303988795429,-1.9381933928856472
0.8415946718094931,-1.4257980485884272,-1.649312181451222
0.8277173007108436,-1.4261081559679982,-1.4799299389936782
0.813476185710122,-1.4273232112208751,-1.4803143863348025
0.7997555349600993,-1.4285850108320548,-1.4662698189228407
0.7868641099046084,-1.4285966352666515,-1.6681078579817508
0.7731899059934676,-1.4242321356160224,-2.075723627507969
0.762465306889076,-1.4147948975199838,-2.4598656003701294
0.7565724947112147,-1.4045038276539983,-2.6710586866748858
0.7496143097880148,-1.3940712057263078,-2.5320281004818215
0.7436076347512812,-1.3834928187623563,-2.7232104089758
0.737892903966616,-1.370610997655995,-2.686121685973133
0.7324103517855726,-1.3595123496752364,-2.683143149002516
0.726035008173698,-1.3496155676044044,-2.460445836492291
0.7197300828505938,-1.340842263948758,-2.537943281499667
0.7121167586757413,-1.3300307968420935,-2.49528600484369
0.7055397730446704,-1.3222567103734653,-2.3927110067828274
0.696994988626902,-1.3104283336674019,-2.5853747474822084
0.6900024260867405,-1.297157686364731,-2.621707276606532
0.682453938592763,-1.2834185046372384,-2.6442733101587974
0.6762271720740526,-1.2725440662868872,-2.6350277039176806
0.6687871146036684,-1.2615234797691508,-2.478135357654024
0.6608843084484859,-1.2493695440266848,-2.631599481848002
0.652842003993372,-1.23529047042626,-2.605547967677855
0.648805859027493,-1.2250191459794093,-2.8552006768080402
0.6435916029575083,-1.2113545106236447,-2.731564348319164
0.637856088251784,-1.197497576634588,-2.763707063801706
0.6316854661625362,-1.1833947108723912,-2.711272212124293
0.6267128961683803,-1.171524220185012,-2.7445302338921844
0.6223067343857532,-1.1592109764412426,-2.845867325359896
0.6170257800684896,-1.14723020964474,-2.629959821516777
0.6102012221971064,-1.1347994298779709,-2.6266191492032216
0.6019484335853954,-1.1236833250151366,-2.4123537123469743
0.5914485201651023,-1.110684789561975,-2.54694084671509
0.5843366592201992,-1.100158033810357,-2.5337472543479436
0.5738163743933044,-1.0870146258928493,-2.4870902510602404
0.5670557242854085,-1.0753620407605684,-2.6688060035269228
0.5613368366922361,-1.0642729149700567,-2.667084276777605
0.5548044163585232,-1.0536125074457892,-2.5149954702254105
0.5475383666849561,-1.0413808198718666,-2.649322019492449
0.541002908625091,-1.0292220979866502,-2.5541687999357556
0.534010575312817,-1.015131697346066,-2.76801233787792
0.5281847572837659,-1.0039234262088976,-2.574452029772563
0.52330754575634,-0.992339182551573,-2.7945728282434357
0.5164837896257074,-0.9813529044011876,-2.45959007323043
0.5084745953655486,-0.9703937521967734,-2.5669537206815805
0.5001271094608069,-0.9586235793041419,-2.464415420841987
0.49295855357390145,-0.9445262516776343,-2.7301548586392594
0.48532195446628623,-0.931991012852938,-2.512284067534647
0.48096822178732007,-0.9218977029184134,-2.977256713007466
0.4757247285361516,-0.9104624162603269,-2.535148537190114
0.46944933682829726,-0.8991691456268541,-2.730025547568051
0.46351063347719623,-0.8869278003395611,-2.648304496075688
0.45867380683866893,-0.8743539337712554,-2.8839745506215593
0.45274488473157903,-0.8613539343268446,-2.589634182929792
0.4461658742927071,-0.846683297247987,-2.825661454290394
0.44108553837269665,-0.8362750800612151,-2.565071782820145
0.43470480461662503,-0.822550844471398,-2.8648949652142037
0.4299965056156809,-0.8126930911915162,-2.5515138195511824
0.42433380301322354,-0.8006687232447987,-2.7822711738840065
0.41650666518485185,-0.7871827747580474,-2.537379176345928
0.41049669090841784,-0.7755360244346925,-2.7836111998908923
0.404852980512008,-0.763011646177492,-2.5567537796723707
0.40015686861981015,-0.7546090465111064,-2.691615350701451
0.3939733341120647,-0.7422052024431022,-2.6369612696385114
0.3862732314555788,-0.7276143386544603,-2.7021355421138122
0.38180011341301434,-0.7143398693659817,-2.916323462215187
0.3778706281632471,-0.7017483259885676,-2.7675691686832824
0.37286831604071474,-0.6878395950025654,-2.8328091453808635
0.36974594970000046,-0.676294426486777,-2.8474386823904325
0.3662820372130882,-0.666315938816337,-2.7300840498751286
0.36207994406829985,-0.6545404534378765,-2.830700557714968
0.3577798491764167,-0.6449527338559226,-2.6321204268069103
0.35411367075766526,-0.6374082398314925,-2.739616785177064
0.347193973791082,-0.6250341523131646,-2.58558797475085
0.3403707524663198,-0.6152228829667775,-2.5224800141919177
0.3332593908144088,-0.6046579683052751,-2.54118331640468
0.3241485752591508,-0.5923054552912039,-2.4908311989454193
0.31650568321871403,-0.5798655699590661,-2.6138602338698087
0.31053306185515533,-0.5684748390862102,-2.679333778099924
0.3026880231169774,-0.5539181227308526,-2.6164767129319833
0.2957987183491838,-0.5443983947426959,-2.449861151548588
0.2852899288951248,-0.5310959535080585,-2.4824110159997996
0.278900946192523,-0.5182983536553456,-2.787544102829228
0.2737432205277048,-0.5052726641090171,-2.7211921013356273
0.2675490307061822,-0.49255593147881876,-2.6636141518274434
0.26346180461474294,-0.4825702035768877,-2.7568542871436903
0.25773668982798775,-0.4697508810972052,-2.757722382579813
0.25108282441917285,-0.4583279960392225,-2.5677429286344293
0.24385681125715944,-0.44562894423498867,-2.6120706252582333
0.2376235034964842,-0.43806781528570804,-2.3989835733146614
0.22780700779205806,-0.4294016300673504,-2.2838373756574635
0.21807368405230512,-0.4194582183878459,-2.4380916282784564
0.20879559158037553,-0.4074503925236219,-2.4738071246666147
0.20122710964708002,-0.39810492263745484,-2.448019863166223
0.19378555089843322,-0.38662599776462486,-2.594674197320922
0.18715847171949967,-0.37529121374593327,-2.6351083516362537
0.1802211008400304,-0.3633383704195274,-2.5685399792337127
0.1734947547229054,-0.3533651741038967,-2.5392174937356837
0.16388213665027343,-0.34043315981606703,-2.5061773483114544
0.15670564523383032,-0.33021892156333027,-2.5617202307567957
0.1508276203296647,-0.31945991736112184,-2.706583905884945
0.14546900056510575,-0.3071933268944199,-2.71629999801577
0.13921036913735105,-0.2922533034031811,-2.7346839394794586
0.1328643661726887,-0.282300823091093,-2.487508824639053
0.12628314018212977,-0.27090339811984887,-2.701847106802693
0.12126206390494204,-0.25987162300011946,-2.7383257888810917
0.11583577883587053,-0.25227464951780587,-2.3429427226077797
0.10829739964923948,-0.24123414940684312,-2.6678356920999438
0.10169329576045182,-0.227765006943181,-2.607319280975056
0.0953525944017683,-0.21438130081206322,-2.774848166260559
0.09008360108054421,-0.2012251765188985,-2.741957977546565
0.08452590045850374,-0.1902426737633984,-2.707981981801803
