-0.21799534631726572,0.3275669597758188,1.566315093155832
-0.20399058965150613,0.3274605636589784,1.5663478578475922
-0.18956877609393932,0.32751496523204565,1.5706375047634629
-0.17571668356234138,0.3277065562525686,1.584667862865167
-0.1623605574850824,0.32798991033282426,1.6025306948026903
-0.14861912889426712,0.3281403396717501,1.5707901476974133
-0.13483489124146358,0.328345036084763,1.5971815340911917
-0.12039823286181135,0.3273085890893939,1.431153645770646
-0.10627631366409918,0.3243722367277476,1.3067949024634409
-0.09366177181051782,0.3206240208266228,1.2789763420683231
-0.07754392761130184,0.31527629525787665,1.2581971441029662
-0.06484848846270422,0.31016570459717785,1.0620703318122606
-0.05420435966445247,0.3034311378687996,1.021386202173085
-0.04090531770693234,0.2938281270375469,0.9231182627015654
-0.03262351800475987,0.284718025855283,0.6478898398543849
-0.024933134552730007,0.2747750522186841,0.6915109542531068
-0.014540062771632868,0.26697463697377344,1.0756105071506352
-0.0013648074155184623,0.26253125935714916,1.3325229553760543
0.00857244267178689,0.2584245053358302,1.054865720323848
0.02150998820347201,0.25165266770781003,1.1602941543456582
0.03534088842780237,0.24930226651811624,1.5563647913579106
0.04860902053430737,0.2516034373769952,1.8499290488963498
0.06399642336290219,0.2513772682739595,1.3464571569808388
0.07613712058705908,0.24930672982975347,1.4282028474066712
0.08873501268068523,0.2499840895465156,1.7678595030735407
0.1040381623612066,0.2528053578157226,1.7472591532692754
0.11819209509539344,0.25246287233511006,1.432889906657701
0.13140476135911253,0.25022346880240204,1.3879914376835965
0.14284353717604278,0.24751316595338058,1.3628079274656422
0.1575645694871798,0.24402853969875027,1.2893333016521606
0.16795326665084656,0.24016630106249784,1.1888872127038355
0.17901662762292062,0.23651288615939575,1.3139378855643413
0.19180177679557409,0.23391731139910774,1.3436550105004637
0.20288900216210526,0.2307048668068746,1.203739902111605
0.21591647896935995,0.22512516909376665,1.1588930284129648
0.22869001404048298,0.21830222382816564,1.0213554459224612
0.2414096984952649,0.20977824188254227,0.9662561541323587
0.2470277611572678,0.20411363476881358,0.715132572934695
0.25534684342966735,0.19534057175029626,0.7931958851800136
0.2659804906996921,0.18410657842623596,0.7838105357554147
0.27707478140098635,0.17601075985106127,1.059047326902841
0.29052732647533797,0.1665742218516291,0.7756858740164508
0.29865941211563773,0.15746039247606505,0.7194502900164369
0.3072621487051534,0.14773085334379824,0.6758738958160687
0.3163143709181567,0.1346478001110854,0.6410028939963247
0.3238307867438953,0.1240610299238053,0.5802304756127953
0.3292688701337445,0.11335166446251707,0.4030478075968316
0.3343678008250779,0.10138644684292812,0.49070358364141786
0.34066409869707837,0.08817727299241696,0.48145645710798163
0.34550459078900725,0.07491075333233142,0.25724353777557757
0.3494054109208566,0.05978800085347153,0.2736336787286302
0.3521056157130536,0.04736751440587553,0.1895258432607256
0.3553010512339453,0.03321139995948105,0.24617528679370287
0.3590693792204529,0.017593454270773703,0.23744090681078206
0.36062223559868023,0.0056508997356599,0.1799591934002016
0.3649937183135786,-0.010830027722415534,0.31765510576154277
0.3702706564694375,-0.023186365363898717,0.46131881831908667
0.3762541045960102,-0.03349520304193861,0.5985280079833711
0.3819661551124226,-0.04111346005296762,0.6326248979247269
0.3907767637427528,-0.05395631148114218,0.5782585780020315
0.3975467067861866,-0.06536165329199073,0.5294515512243093
0.40417786502992403,-0.07637439997417393,0.496316259636735
0.4136393236481089,-0.08759484022766158,0.9184036381639801
0.42422793310172285,-0.09439307868737973,1.072462365905609
0.43810115710281644,-0.10172425761692666,1.0520494056102108
0.44944373510967894,-0.10815495301114783,1.0758603296016274
0.4640157444749246,-0.11719154079819509,0.8810406062561642
0.4726303338643707,-0.1243559908811548,0.8972481166024618
0.48262813026508344,-0.1331644618464837,0.8277576542037465
0.49056944809711506,-0.14104474036730988,0.7802694910331738
0.4979928935045124,-0.14787481505502642,0.8285988565321143
0.5099988408667309,-0.1591305232474844,0.8517167082254532
0.5147275727415204,-0.16972872182212062,0.045145714154766606
0.5092545322289311,-0.1860159718178432,-0.6245301613322474
0.5048730625937962,-0.19706235371035583,-0.2929543103654077
0.5010804541370096,-0.20851156537420767,-0.4431334650212591
0.4951460062740764,-0.21505309963095248,-0.8172904997542164
0.4784348367496492,-0.2185119875717759,-1.71839877029538
0.465468641196937,-0.21617980802562708,-1.7454291426292425
0.45291175928557925,-0.21392605387168676,-1.7824620064951735
0.43813593264836337,-0.2108973483967732,-1.7827936210632471
0.42403237708015856,-0.20818664045445978,-1.7501912546211693
0.4118939979071002,-0.20357401319603602,-2.06094988889718
0.403720397482026,-0.1982079745609494,-2.1897829884997706
0.3912773242885476,-0.1921413571595386,-1.9345571965695172
0.37793625155777405,-0.18552905497935065,-2.0987310402185875
0.3639836918022587,-0.18359424921960404,-1.4881523922437843
0.3488457406402738,-0.17989496699767663,-2.01093069694986
0.33769949766578317,-0.16990208397488757,-2.4970012059965847
0.32615525036105447,-0.16039679118371697,-2.0959623449098936
0.31514720977088745,-0.15400377047439842,-2.2097026838274405
0.30648974525905,-0.14736481589050457,-2.227224768015952
0.295141159103391,-0.13878292189558528,-2.1943306253648416
0.2845306153439313,-0.13159741600605712,-2.1701041891178368
0.27381797042656814,-0.12463739666576885,-2.176108159037763
0.26238381484547285,-0.11265022831185756,-2.5353501056402736
0.2532819157002827,-0.09932897196587452,-2.5327732713723705
0.24610447802863247,-0.0930915298386054,-2.1192871897246186
0.23551346758456435,-0.08648011702011332,-2.181661453043062
0.22318775537517305,-0.07870529499094148,-2.1025669811123886
0.21282555602841086,-0.07147075245528636,-2.2120676894474522
0.20061935183654764,-0.06303820467398838,-2.1189634123689185
0.19169383506294227,-0.05418232647372851,-2.5929218192486867
0.18480399101752734,-0.04265764520410263,-2.5981307657373494
0.1783066138129796,-0.031866903929220335,-2.555433245798204
0.17077705224301998,-0.02037608637709916,-2.5625059279169506
0.1647794057799268,-0.010755916658337495,-2.6163437777174026
0.15806387837365327,0.0009833403721735334,-2.5921741703497045
0.15163872153696414,0.009293966474865053,-2.510045159541756
0.14451069123895172,0.019481860163466286,-2.5121706487015083
0.13590403518153077,0.03141755758974484,-2.4851002047856205
0.12762955721755956,0.044689814070250675,-2.6591431921600757
0.11999021947548705,0.05740102826530866,-2.5538122528054394
0.11289001325242538,0.06793285449320759,-2.5455349080743113
0.10292355437715953,0.0778970597765299,-2.234870575995705
0.09186270420679489,0.08523260469016075,-2.1320035526901053
0.08060842051309174,0.09529385261910274,-2.3828572799853416
0.07086138502781844,0.10608124040842351,-2.444691416374842
0.06298227468775823,0.11834168201953488,-2.631028184331378
0.056758236296023105,0.12937832460259394,-2.5495632855908417
0.050275170802784167,0.13882838842708595,-2.549968661288124
0.043810442214567015,0.1477184029446419,-2.5505067929896548
0.03753378699197762,0.15797161091971695,-2.5736927071871243
0.028881501553239573,0.16873142808875313,-2.3907662155295206
0.020857960474291712,0.18204738740681378,-2.7624769931167745
0.0137302177101917,0.19700869138176863,-2.62928099213262
0.008167022934607877,0.2086122154622331,-2.6993906463525197
0.002293867633991205,0.22004075959272043,-2.6312471677174583
-0.0036404432540453,0.23197396040119891,-2.635483962862926
-0.011059022069033435,0.24384563988592822,-2.5850516379184976
-0.019824314226057706,0.2550481555837438,-2.4718749494118786
-0.027158315307127746,0.2643949997353433,-2.4973347870246045
-0.03443362673692893,0.2749586728732702,-2.489374188391933
-0.04158734556524119,0.2855702616039463,-2.5687928235463655
-0.04667270519184782,0.2960302605780115,-2.7111177428667905
-0.05510619141562073,0.3082725568109406,-2.395899360184778
-0.06505021164461147,0.3173037551879913,-2.2537660474967733
-0.07498336420360822,0.3285791297764974,-2.5107229318486497
-0.08236481574530322,0.33905056229076364,-2.5597651559027734
-0.08695505968733791,0.34720515793770723,-2.6239366359043474
-0.09092278868649602,0.35905041562218687,-2.90523572087325
-0.09529519321580214,0.37251314054432805,-2.741463994002935
-0.09971020043084167,0.3857057267143762,-2.8277042606330887
-0.10407136157740066,0.39575819139457646,-2.6694650016137462
-0.11141182432774799,0.4116842984750559,-2.7784512104497243
-0.11692176971407962,0.42489521193147856,-2.6860108296987644
-0.12152441007241112,0.4364882043758539,-2.8377987152264503
-0.126018733338793,0.44763243789149776,-2.7096087905807473
-0.1313053487709019,0.4609548011003383,-2.7920157595495563
-0.13696426589133456,0.46980947970878806,-2.452760937805923
-0.1459255537788971,0.48346536649513017,-2.652026980403728
-0.15210669393106885,0.49486694042725426,-2.602573594820458
-0.15804074216084954,0.507022490167775,-2.7364332885020364
-0.16442755789137264,0.5186434832973524,-2.527731914615907
-0.16979739234112068,0.5289663459530851,-2.7202424958940377
-0.17574803806829284,0.5400308626506182,-2.597525215999189
-0.1839456119800413,0.5559467933810047,-2.706289353944824
-0.1931132883721622,0.5690285976296313,-2.4373925692051026
-0.20193005450641388,0.5808572540434565,-2.525112711242873
-0.20845560916088882,0.591064698461764,-2.542092527780672
-0.21588111280330324,0.6034749709710451,-2.6358717914703544
-0.22234415548552322,0.6143041436135873,-2.591912670678797
-0.2284585064698495,0.628048825068683,-2.784799846773864
-0.234082047677133,0.6406316718450974,-2.5883891231279272
-0.24025136998746183,0.6530765858480923,-2.713293133903417
-0.2468982254117401,0.6653629912578951,-2.6153319909991755
-0.2511010197244876,0.6756193759551078,-2.8208969598330813
-0.25630675702997885,0.6852872409893462,-2.502221682986492
-0.2623991963594365,0.6948846396235469,-2.562650389506472
-0.2704293632945666,0.7073824010675739,-2.563904523229071
-0.2758143348139394,0.7192309467005115,-2.8412406482940895
-0.2823537310637498,0.731854718896155,-2.4834629898468568
-0.2897704422666786,0.7439052782381105,-2.614638075441605
-0.2964281695996142,0.7564145093278292,-2.6513360956377436
-0.30270173866003053,0.7702415483207197,-2.768861226254186
-0.3082475925102616,0.7813040755592261,-2.650983507762712
-0.31403786417965324,0.7941294859102614,-2.7415281864301555
-0.3191239541013171,0.8051137142804845,-2.718259547954459
-0.323222107398616,0.8149370452968702,-2.79518586713115
-0.32818635975831384,0.8263810031740397,-2.5994789692641858
-0.3317415199066464,0.8351088933848245,-2.8508866424404746
-0.3350781458503182,0.8465299241891159,-2.808036817942253
-0.3404953909501796,0.8567325747246695,-2.4149068667889617
-0.3471315718442992,0.8657500089083956,-2.509220375910633
-0.3527114478506012,0.877195159289325,-2.8010500308864907
-0.35718813797613674,0.8894933763358481,-2.725433038023931
-0.36110636777028804,0.9013884899425257,-2.842645509205285
-0.36598041734378234,0.9114225978081695,-2.5837054522492893
-0.37248765899032055,0.9219778417568845,-2.609908198638871
-0.37910987296403514,0.9283352975894863,-2.188149258310418
-0.38756578679255554,0.9367316848891224,-2.47657922216022
-0.39267410418076726,0.9446063811362369,-2.5910673788885
-0.4019389106428545,0.9581265651866392,-2.494729354577959
-0.40980326167596365,0.9705209281905725,-2.570250155753683
-0.4161779623679894,0.9818859646850371,-2.5932628137384244
-0.42411553692217013,0.9968454522510043,-2.6928710564043477
-0.43149046470696945,1.0090631625870068,-2.5287325645656016
-0.43695846586129317,1.020748368795652,-2.7664382103157465
-0.4446524461262151,1.031858098768509,-2.392910244412492
-0.45194623387089516,1.042381765708867,-2.697288284185577
-0.4568646425508351,1.0503590680910835,-2.523741775283263
