-0.9994248875275611,0.5055257697062302,1.6148469759375277
-0.9874084105227187,0.5062573804310561,1.632843607925589
-0.9740234458823983,0.5073530688417975,1.643518591656736
-0.9602814778461936,0.5082635296158706,1.6381961437609438
-0.9468245478785196,0.5094510690384509,1.6746345390129918
-0.933600061591947,0.5104398809944743,1.6213031474256379
-0.9188777866466001,0.5113071252575201,1.6346350680103645
-0.9048428897163752,0.5113613656517851,1.556837377349419
-0.8910363952127204,0.5101608309594857,1.438801418016976
-0.8789013322219403,0.5079965870190778,1.3113547627401696
-0.8657489933676903,0.5060183284248246,1.4615371128448094
-0.8551843286582107,0.5036824983556384,1.3135127405294367
-0.8409253754236903,0.5007442903796588,1.4143489553291988
-0.8286538226415071,0.4985291709571694,1.360574274139075
-0.8147647921637997,0.4956428003924118,1.3651481856220153
-0.8037538549915654,0.49358861131741916,1.4012461129416465
-0.790364165274648,0.49139276604462523,1.350213015554016
-0.7765692990753186,0.4889727951949692,1.4016691192955693
-0.7614936836880176,0.4863032692084027,1.3753831527328173
-0.7474874676146526,0.48352566653035256,1.3805247940789251
-0.7355066895216311,0.479932666803031,1.150732028605871
-0.7256351463397408,0.47528268215665154,1.1417229636388089
-0.71670718150805,0.47049425998610206,0.9868411269397327
-0.7033744706812685,0.4652435760314094,1.3690128448671712
-0.690845383336614,0.46530852872401834,1.7296539832226694
-0.6764178584151259,0.4672848618554449,1.6684601200192202
-0.6627902321596189,0.46663431273693595,1.3900730847107983
-0.6487758753142635,0.46452976508000104,1.4309959649958681
-0.6351660825808871,0.4622498190939106,1.3810014398651522
-0.6216427331900789,0.45899248937767945,1.302055998701764
-0.609019921298766,0.4563088965755322,1.2990801325531085
-0.5960785614386864,0.452819000663663,1.2883669580440542
-0.581066281981472,0.44752577154499723,1.2358674637708296
-0.5689171863611971,0.44228370754088897,1.1740415102152026
-0.5558439481245588,0.43692792612153325,1.1744508682744779
-0.5433205350831236,0.43199696141536736,1.2033882681561705
-0.531621877811075,0.42564736425016775,0.9878940778996311
-0.5225390910370546,0.4176866176238491,0.7848270389779898
-0.5119722641662945,0.40801808926741673,0.833109305671641
-0.500071057595297,0.3972026253750755,0.7820531783822368
-0.4898157008403303,0.3871776397577732,0.8323339857853085
-0.4807056396219244,0.3799437737270645,0.9240013008261139
-0.4707579560626896,0.3731576100230279,0.9913651039879163
-0.4605149192451908,0.36617316169915776,0.9858521232028988
-0.450032464296863,0.3585544313124198,0.9569741461412934
-0.4410548435707173,0.3499931809712246,0.7533620381219518
-0.43417376261322477,0.34128785795083566,0.6675884411646763
-0.4268033804522481,0.33083350059096345,0.6062322814995
-0.4191292401861749,0.32002742029062886,0.6338313995646192
-0.41125246261050674,0.3075300889846977,0.5301438579353409
-0.4054558369809136,0.29941180585422256,0.7145677537861891
-0.39804773733563065,0.28824296098117874,0.491198739407064
-0.39280641264007976,0.27647552268537073,0.38182893377607513
-0.38711106019198327,0.2659999703404906,0.5500540453615343
-0.3819149508201198,0.25861739433991326,0.7277168941460314
-0.37258913809245464,0.2473636242147403,0.6538500161416172
-0.36579436870475884,0.23803111531655774,0.6105602587750623
-0.357996500876244,0.22715832005857337,0.6733497622026339
-0.35190648515022843,0.21799455084935063,0.519218445859796
-0.3449655842368978,0.206681797667437,0.5635585971177213
-0.3384925039584506,0.19631548226651246,0.5902569434722562
-0.3321356568521639,0.18547321889336915,0.47785799295606246
-0.32639812532825535,0.17390354127542332,0.481521178892539
-0.3203317595510048,0.16123173356710457,0.4355718993355165
-0.31513376626800593,0.15191643958982337,0.5147231832875622
-0.30922210138864,0.14170059635665602,0.5541747971071894
-0.30082149336128877,0.12803824135752268,0.5855068671248246
-0.2947110902084451,0.119913264690418,0.7285271425156788
-0.2842872401574103,0.10544389583441516,0.6033373757593264
-0.2767267156433697,0.09443689208853345,0.6359170719452149
-0.2693813980038085,0.08330177695969583,0.5556078438476656
-0.26145065331430684,0.07082703061224234,0.5882594966029753
-0.25312492486907234,0.05785894053131134,0.6087931316792111
-0.245370716071206,0.045895821044549395,0.49778617372118517
-0.24070721700391437,0.034567317949019995,0.3964956710951355
-0.2377610560922417,0.019221653835620425,-0.001795342564028548
-0.2398282996908519,0.006434367594212589,-0.295456672330455
-0.25128895733544704,-0.006923458384681443,-0.9651066526880165
-0.2620975264438594,-0.013590872992038582,-1.0383649143529894
-0.2702772273604857,-0.018758912081425324,-0.940867673754291
-0.2790935722565904,-0.026216830288559992,-0.8589924907760932
-0.2894863313384881,-0.0337567837903837,-0.8965361174688297
-0.29784144114365046,-0.041670034565199396,-0.7295246099961596
-0.3049629912798998,-0.05045860162678483,-0.7162182811436197
-0.3154708617492823,-0.058508505012597654,-1.0448520205739746
-0.328571543017103,-0.06268511465544603,-1.4102898308227798
-0.34110123777182677,-0.06549534591653094,-1.2799865700983393
-0.3521434779375871,-0.06927313642438879,-1.2332686762542595
-0.36423109485839034,-0.07335397528424645,-1.3033605325717088
-0.3806472407853445,-0.07093735131005223,-1.9479227765425424
-0.39520736225772274,-0.06680914057913483,-1.7563301772669546
-0.4090427167517023,-0.0670961835536576,-1.4008714003873421
-0.42276495824278965,-0.06896455650408571,-1.4253677116944712
-0.43637423315902024,-0.07081807234677738,-1.4338114700940807
-0.4502374452040946,-0.07152009527542871,-1.5974302287295934
-0.46420066617254074,-0.06561021424466612,-2.1631938899373613
-0.47594387126441406,-0.05793461901314168,-2.164683131212831
-0.49010806265767476,-0.050114526189734825,-1.9980213345533255
-0.5027551226912446,-0.043956463463348805,-2.036488139380685
-0.5143647916032926,-0.039283975509905374,-1.9258260850994813
-0.5253967986428305,-0.035092074465369855,-1.9756701419503306
-0.5387345516034869,-0.028095706451119508,-2.132798688064161
-0.5478946869010791,-0.019758986844663436,-2.4457372280173217
-0.5565290693213559,-0.008775579810068925,-2.5677680246478856
-0.5618959057190674,0.0014701149600835066,-2.6835002241620796
-0.5689079330174549,0.014850327430073465,-2.649207856711315
-0.5758210514508385,0.026704954987291817,-2.5884453481117564
-0.5811113819272454,0.03822848559965617,-2.7416009757633164
-0.5866189338988818,0.04987581280930623,-2.7006549325793774
-0.5920084811441187,0.06285849368502781,-2.7638421996393188
-0.5979710038904995,0.07530647465740643,-2.666867641265379
-0.6039367879366478,0.08924847237915956,-2.74367288435172
-0.610269778301734,0.10185179408939017,-2.6635870949903024
-0.6161026314781474,0.11447633277596474,-2.785610960885534
-0.6208598311496818,0.12666398084005479,-2.73338791555455
-0.6262583994783453,0.13793072875164766,-2.661084981768062
-0.6343381285184629,0.15199213383060975,-2.579674406571948
-0.6397599066094598,0.16244257418702188,-2.678679966308044
-0.6459966674397805,0.17673972156715032,-2.7864330659623135
-0.6508057771854155,0.1888356586150416,-2.727628274778615
-0.6562815796838642,0.20176218381125227,-2.7008492076595156
-0.6643770541293885,0.21796687457611358,-2.6307017554502763
-0.6695848250451069,0.2300667415264311,-2.7833791248192172
-0.6742661155715243,0.2390852741383919,-2.601383855501526
-0.6799301664885493,0.24797181147300132,-2.579060143176179
-0.6857535440575359,0.2587368198883662,-2.678695735044689
-0.6925148434017102,0.27123720569696735,-2.6182755328170817
-0.699249110006373,0.28254225553346335,-2.5807050295668024
-0.705956263227265,0.293643601526469,-2.545439480290795
-0.7092799211785852,0.30243324704344576,-2.8561794086093504
-0.7138804019435971,0.3147072311103717,-2.6897657277557703
-0.7208749041931322,0.3274945573112561,-2.6327795075715064
-0.7272270532553599,0.3413562904817012,-2.7651991916884677
-0.7320460005059629,0.3526505920720253,-2.7141109300340847
-0.7387394294538435,0.36345181282656364,-2.518916065457891
-0.743294989592687,0.37292360657070334,-2.7644262327947673
-0.7485087954951619,0.3862001040293785,-2.761321697377365
-0.7528231493662806,0.3973910639728603,-2.7202702861356185
-0.7572789712704127,0.40957030900635366,-2.7834320317215417
-0.7608585231083423,0.4229315696555809,-2.8399947174998617
-0.7638122125475757,0.4325138581441971,-2.7856613723130272
-0.7687285314482292,0.4467189108161766,-2.8066876058487993
-0.7752947936556266,0.46061001259546447,-2.5940443225298924
-0.7848415043793315,0.47156118530817637,-2.3285326892934077
-0.7952830021658095,0.47987707203932783,-2.1999503103915785
-0.8080728880767442,0.48852401962123576,-2.0731636074276647
-0.816767946406756,0.4956780191911254,-2.413853362713221
-0.8269843479166609,0.5073274691314832,-2.321443489991738
-0.836194174876225,0.5163864692507285,-2.385989748487212
-0.8463405952221605,0.5250086640047978,-2.20861267808873
-0.8547231238427424,0.5335398171044621,-2.4494439900322686
-0.8598259175494822,0.5404448973218658,-2.487256678137732
-0.8701553082051613,0.5566221105893397,-2.6445824671892737
-0.8775851652787409,0.5679979790852534,-2.4857376750310882
-0.8864584368523137,0.577823588523984,-2.297677622008904
-0.8945554830533421,0.5870177033776797,-2.5290623614647125
-0.9035238586451401,0.5986871017305223,-2.475509388827858
-0.9092651687220493,0.6078610554514502,-2.6354556185394
-0.9157311704897617,0.617736322139888,-2.55009035821071
-0.9232866750449326,0.6300167228674772,-2.6271847516119355
-0.9309241008958277,0.6441450221024139,-2.626675117407141
-0.9367253770358875,0.6532977413254593,-2.5299797721031765
-0.942121438130159,0.6605070236668154,-2.55630865366952
-0.9487539619338745,0.6706343689368214,-2.537325652024391
-0.9562867516322645,0.6807651100659643,-2.4439876863770027
-0.9642011666841411,0.69192008900814,-2.521247715626667
-0.9709111772784383,0.7059807673410106,-2.8160555236046863
-0.9753403117954167,0.7175057214533207,-2.809328599426835
-0.9807806742979946,0.7327809327513223,-2.7708684654577125
-0.9852237535566426,0.744805065501208,-2.8078301498539457
-0.9899778364613989,0.7598302860906476,-2.861034005790241
-0.9943836424313518,0.772487567768132,-2.8221512776452773
-0.9993350417246201,0.7866863638146544,-2.7864274652779324
-1.0035665401906062,0.7971194148002316,-2.721696766976955
-1.0077590365912479,0.8091317909305299,-2.8140486656839716
-1.0126725228929663,0.8227373226926932,-2.771162818388381
-1.016829152700396,0.8361411080972939,-2.8647252875428086
-1.022972758491487,0.849101557333865,-2.6369076677647802
-1.0292734615503651,0.8596085738848427,-2.5691687702239117
-1.0385647295946596,0.8718189150461919,-2.4292231742596524
-1.0482569991145536,0.8814255974207574,-2.2868438759601264
-1.0561592896786418,0.8910853925075504,-2.5547781549956867
-1.0643615530806316,0.9013443986363671,-2.4186763376406426
-1.071012790698525,0.9102770092855298,-2.5650308602212513
-1.0801935710615567,0.9228865999349688,-2.5230321791681996
-1.0883181963197952,0.9352363414261697,-2.5142286026469534
-1.0972578034516567,0.9460921957290851,-2.4518799836311675
-1.104161681123782,0.9541838859505516,-2.404560587309226
-1.112338099192042,0.9623680084480682,-2.3001417300533706
-1.1211609874370265,0.9707674430880374,-2.3781600036409323
-1.1280864582728125,0.9803633067608813,-2.586560417189715
-1.135263355036697,0.9922041143258562,-2.614535396560992
-1.143694997850554,1.0043488882263436,-2.4076713472259295
-1.1513073469005175,1.0142479759356051,-2.567050798823514
-1.157907937642155,1.0254858683839765,-2.5840469832300883
-1.1640795698447697,1.036975263244717,-2.6820710456253036
-1.1681229633388592,1.0460175002792427,-2.7268137941397628
-1.1748402835215945,1.0603108756934578,-2.6923008350456468
-1.1818719148183918,1.0737464724854546,-2.6329079821480845
-1.1902398011713038,1.0879396692570065,-2.5910765723725686
-1.1970291763762562,1.099219931737713,-2.5825266640974807
