-0.10953854847438475,1.0642530329115505,1.6146701907041927
-0.09574533816371121,1.0650547772299919,1.6369465045033524
-0.08128479842661206,1.0656127524553274,1.5914341183026819
-0.067517685056773,1.0660624351354546,1.6093702437772213
-0.054000139233161944,1.0664321205119058,1.597560891611627
-0.040349432189456955,1.0668890342366897,1.611395260570101
-0.026993051353754852,1.067633026902819,1.6438693371268538
-0.012869554041633967,1.0681774394643517,1.5963721959084125
0.0009788180782846303,1.068486051832476,1.5971926191187888
0.015788097040726642,1.0670262399672157,1.4007169753123916
0.029443918408311016,1.0648833376845106,1.421988659057094
0.04227006431669742,1.0630789727590835,1.414766687652206
0.05609325898947834,1.0613342194324227,1.4389428273842386
0.06964483322557419,1.0572184594908376,1.1041469500368262
0.07910110577742197,1.0500826504312035,0.810056475898198
0.08912539312543952,1.0402785404447505,0.8640418929211702
0.10028673221830464,1.031368356334027,0.8974427894856499
0.11054952775483204,1.0228085334421564,0.865596926968409
0.12002363636129403,1.0156461558749976,0.9502202063432822
0.13089441114922928,1.0072481683460615,0.9160985780141443
0.14044008967986993,0.999770951921669,0.8901273245834638
0.15164281368841082,0.9911042106547012,0.929137346367607
0.1623754114571765,0.981613265524203,0.7383988892274477
0.174732835539737,0.9739801076768236,1.2143905465819693
0.1891267826832821,0.969521843238344,1.266925887418912
0.2014127952386467,0.9662678910511697,1.3053380997415012
0.21367075823465198,0.9608785873019299,1.069715974855139
0.22199539184900985,0.9568185739130544,1.137659720065161
0.23013745073244074,0.9521165297758207,0.9712853073600851
0.24104573294834075,0.9430453657038648,0.8438464474704056
0.251547440992807,0.9350334707347987,0.9712046916120294
0.26077111684430915,0.9290661231420351,0.9887389892152193
0.2713220417088011,0.9221633980124372,1.0097532681727153
0.27975075791668597,0.9163041515622644,0.959514127601917
0.2925540135386736,0.9069711240000776,0.9218484014178494
0.2998811593441457,0.8994486499756028,0.6870227113278455
0.30764445458648604,0.8897486549845818,0.6699507255524804
0.31726771018308036,0.878760390201032,0.7584182659165835
0.3260041200988398,0.8680618960702848,0.6534775109455659
0.334662334454506,0.8569034943279688,0.6590000235505011
0.3420060775149552,0.847900732894478,0.7353395256211079
0.3510887954045126,0.8373628983655891,0.7126080181135346
0.35898061905310236,0.8294404365014448,0.7873141032519927
0.3693390593680358,0.8191847661892797,0.8204580307477166
0.37599448855067996,0.8116852844429759,0.6731632853307746
0.38723413883994773,0.7992594940621557,0.8208799388666204
0.3963534351098806,0.7911720648300412,0.8561698167168647
0.404634778396675,0.7841030083407098,0.8549895831646881
0.41566096070006814,0.7756400096552427,0.9628395307492013
0.424473639858843,0.7659389572482875,0.6002517873601988
0.43233832577704284,0.7551207129749286,0.6697819013643741
0.44108767490888,0.7443206598740799,0.7004982986195681
0.44922563654903946,0.7324976650404863,0.6350951480777022
0.457183249096727,0.72388044104595,0.7787262443394787
0.46679559589239256,0.7135867089003799,0.7634230275449548
0.47657404814895377,0.7024585253062638,0.721528100244296
0.48584621257326815,0.6897833710555527,0.5723572246847144
0.49365780380926166,0.6792114913979989,0.7010419535144159
0.5037075420386393,0.6683464257099174,0.7926661873341787
0.5128412554582868,0.6597201237928868,0.8133017535081476
0.5230089555895368,0.6503851478380305,0.8046456673929911
0.5322459823575182,0.6427139789190874,0.8693061804453724
0.5397885758889834,0.6372062980920878,0.9373153100379704
0.5529719546314049,0.6293633311141326,1.0949599343298635
0.5611961913231402,0.623948291972076,0.8711121413226176
0.5728355665931988,0.6154884914142965,1.001690339293716
0.5862762917906701,0.6072339212746285,1.012121426101533
0.5940619702921115,0.6028829991015691,0.9975843749242413
0.6013669330263461,0.5962458651666039,0.7996958146485397
0.6106654903349567,0.5882413174913688,0.9304779107504885
0.6216680059945965,0.580231793050764,0.9191416348087099
0.6308740684767274,0.5732921328972601,0.8894321648987232
0.640602904725827,0.565196177190468,0.8767986617695721
0.650966497637709,0.5564830471250582,0.8515489095377913
0.6622983619241515,0.5470702998674466,0.8727121621406059
0.6719534928486364,0.5388634045585252,0.8838883469627142
0.6811622260727179,0.5329732538780092,1.0715990112891858
0.6938322397030282,0.526084931200769,1.0215066848278247
0.7058556717331521,0.5174660272589006,0.933097645505012
0.7107805979488016,0.5115886884021659,0.10136370836672583
0.7079407237562122,0.5086787879142153,-0.6630657907659534
0.700966236324185,0.5060949060875689,-1.367501377347933
0.6962259576965126,0.5037695012145559,-1.2005186252182491
0.6912046240679887,0.4998874405877567,-0.9674315881530088
0.6829885710347072,0.4965326915738026,-1.4127524278168542
0.6704203771726261,0.4948387895260424,-1.4562101582514981
0.6578407386391428,0.4925657343905548,-1.3554373924676348
0.6433213670751808,0.48943408006922196,-1.3383332565029786
0.630232894315573,0.4862308803573678,-1.2753220089261204
0.617103968199631,0.48257956250932177,-1.3179423865254665
0.6044285239216165,0.4797085796632778,-1.3002668689105203
0.5931512047720129,0.4754685845532688,-1.1817014358897402
0.5793653766411396,0.4696187353485852,-1.193832333245227
0.5656927832189937,0.46553323198164326,-1.3308765494788617
0.5510477793902486,0.46523987525364585,-1.6942852334313023
0.5373837983725755,0.4688386128099977,-1.9439080408605633
0.5269219539744945,0.4751388388887023,-2.207714751337179
0.516191079115099,0.4852714924079225,-2.3842613500300907
0.507495907287209,0.49451727308384097,-2.4001580939520624
0.49683193787043384,0.5052298957611544,-2.324612809108784
0.48918312002469533,0.5122349474654841,-2.2986119696052594
0.47816824132921365,0.5226474704031446,-2.354280817765556
0.4661399274215576,0.5329809931286393,-2.2596433951338506
0.4554185784799202,0.5405565057696088,-2.151696702106667
0.44732767552475955,0.5474496477346145,-2.4332720147182743
0.4374770452718243,0.5558966362928569,-2.0985522721707834
0.42216037914165583,0.5579933384493356,-1.504656263772437
0.410134723334707,0.5610801581677032,-2.0114704387901345
0.3979653798070227,0.5660960969509161,-1.9261252910759197
0.3839943127373142,0.5717758180214436,-1.9880711093492816
0.3716770713584384,0.5772362116554164,-1.9373940615292018
0.3635037238970426,0.5830013312183794,-2.345765516548427
0.3561149956164962,0.5918283523311729,-2.495429368436665
0.3478411572031456,0.6025981777224599,-2.516775269942562
0.33967254497219285,0.6148123172603343,-2.5680554426108193
0.33372280149543126,0.6241646191283274,-2.554022999060805
0.3264502063824724,0.6356608582333385,-2.5872495215024487
0.3183691905641067,0.6488399333083997,-2.5721152192441736
0.31181107156748383,0.6574309623913831,-2.3757674159832036
0.3011614960314897,0.6688075722411513,-2.42816798294659
0.2929082121175072,0.6793839700769668,-2.5559192930316392
0.2879678818546885,0.6899780877517173,-2.7630779508317684
0.2826168960661927,0.7034415516282854,-2.7678088055556302
0.27790882897912167,0.7151581731437131,-2.7442855530136945
0.26687548522894045,0.7276133434526819,-2.2032833913112806
0.2579930143194769,0.7349586937773439,-2.319031630646448
0.24864842076568214,0.7429510527850103,-2.309294109438545
0.24164838198350835,0.7534702726653941,-2.6473376952655268
0.23496698378422456,0.7647405829795818,-2.629278724036299
0.22516224472273463,0.7767558849447591,-2.337652965885494
0.21645254316935506,0.7869594401187576,-2.4550297889982113
0.2087408803499555,0.7960877771406193,-2.40877299025578
0.20021145860394898,0.8068033932069852,-2.4912066400121136
0.1900584933029096,0.8195903381724813,-2.462397260568674
0.18305079487934228,0.8313534346148717,-2.720892148317769
0.1779968907721904,0.8434179540986497,-2.7593666450738237
0.17286616702827268,0.854992573833956,-2.675430682801435
0.16742490474634436,0.8659838234520922,-2.691902016723269
0.16086440356291462,0.8785154536908704,-2.6593819375032313
0.15493868777851263,0.8895822210160447,-2.572615937974646
0.14602639418495467,0.9042042179052532,-2.6050812500941074
0.13934357733255168,0.9166590652913004,-2.636411306990355
0.13310922249180224,0.9288256688413201,-2.639155887266526
0.12850959307774854,0.9358191560934999,-2.604747784382231
0.12405004115592366,0.9408463157512941,-2.4455982992478367
0.11740978556639335,0.9497430404281242,-2.5049079360875366
0.10953027013056028,0.9600387418320364,-2.4756134475387883
0.10320902226952805,0.9723054726265095,-2.6917184398541516
0.09638223426417165,0.9844528030948008,-2.561110083568124
0.0922248630994535,0.9992774805143684,-3.057656219426883
0.08990449882574168,1.011928919794892,-2.895900521333097
0.08575331924652443,1.0233116265141138,-2.727947577156557
0.08136521370349972,1.0362179752920775,-2.87434909951998
0.07798903118763684,1.0485890910092024,-2.832868498242575
0.07501992278736828,1.0624259090995782,-2.993428605376177
0.07346633210584519,1.0752663927397497,-3.010648339067318
0.07132293946046071,1.0904629635646588,-2.988359500112711
0.06859532819440244,1.1017212422629203,-2.850191060020339
0.06476875550686016,1.117017345944877,-2.9074426011731815
0.0619264697615986,1.1301781759521865,-2.9106144957715747
0.05874400243841123,1.1434174181350552,-2.9060786491635255
0.054546396284412116,1.1590079800546635,-2.825685520559489
0.04931490583935691,1.1719246592783075,-2.7105521364532197
0.046401962344719064,1.1816289531498676,-2.882807400308135
0.04201192127588141,1.1929944054618637,-2.661197546432762
0.03700590278949098,1.2024233396739137,-2.687900826397153
0.03051670962539386,1.213970405151766,-2.5644258139687945
0.022695671908970448,1.2257994216448924,-2.5189491467487968
0.015839460711000394,1.236469091250791,-2.569523418474914
0.008421192661707315,1.2483653669816508,-2.561754346394638
0.0022756805015512298,1.2587843438597142,-2.6225735898197757
-0.0034073135881672544,1.2697993178508644,-2.6779253340078317
-0.010096257928933003,1.2798519044547212,-2.483136166837285
-0.019926643233894224,1.2936514925483225,-2.5170638577783344
-0.026591453530909824,1.3018279323047466,-2.4568330938453915
-0.034657811342543046,1.3146068346530206,-2.641574174306206
-0.04326521331257107,1.3288584982551943,-2.6413753945572016
-0.048589951755472024,1.3408347253412993,-2.7278562171642067
-0.055857356710972424,1.3545967798405238,-2.7073290751089076
-0.06346515366727913,1.3679769008054963,-2.5484964309641933
-0.06964387525152965,1.3791873873239993,-2.70852093803597
-0.07504076829270634,1.3911259331345442,-2.6872176490445296
-0.08091456093743404,1.404653007829338,-2.789101909162131
-0.08525434833940902,1.4157521702786378,-2.743375434961291
-0.08919215545499155,1.4280172185594104,-2.78212662529716
-0.0941991212621515,1.436818450167284,-2.5150123190854194
-0.10369465988650749,1.4497684074291486,-2.531348123747341
-0.1107244316470408,1.4641045739139855,-2.7614036625712863
-0.11700307608163585,1.4785067483726226,-2.6836768840782885
-0.12359944478953065,1.4902807523516388,-2.602913525328658
-0.12950457690723266,1.499646056295715,-2.5632352703828714
-0.13617567379869583,1.5101929784555315,-2.6046332318084824
-0.14057649082085574,1.5186654150091252,-2.641716264556694
-0.14680650302492207,1.5318131168953975,-2.7292657714679542
-0.1506890268235965,1.5456958448869487,-3.0172879468320213
-0.15472899580190827,1.557752665641679,-2.7109803989281906
-0.15938463747424686,1.5695427695165405,-2.81695376599041
-0.16528090087557365,1.5849022685138434,-2.754270182912926
-0.16917682303399492,1.5956954322443069,-2.793027592831486
-0.17441201617214072,1.6043925419123108,-2.519038855610974
-0.18138825230436903,1.6154049432318027,-2.6441209207511926
