-1.3564889334446273,-0.33366882485429394,1.6130913455005684
-1.3432065736209375,-0.3329691673841722,1.6343143975268335
-1.3286416952544926,-0.3321335264114822,1.6195740628147
-1.3148088473788553,-0.3317429823701784,1.5776726399611039
-1.3012773494490395,-0.3317810915248483,1.5747230067554734
-1.287614997665008,-0.33167198644092044,1.5832588049500007
-1.2738346789303365,-0.3314759877709115,1.603218025472847
-1.2595094610229893,-0.3306268043373996,1.653025277689538
-1.2459080953185468,-0.32952958330543375,1.6588948441321834
-1.232475412708711,-0.32804468341473864,1.7091742665686067
-1.2182281336530427,-0.3260741466098057,1.7147278917978932
-1.2052604638052742,-0.3236600146784388,1.795699055830563
-1.1908200299790115,-0.32010616449809093,1.8427475672793954
-1.1767353548583388,-0.31676585390547324,1.796534415796139
-1.1611443927783291,-0.31305623601043653,1.818016877300393
-1.1492091121971102,-0.31001055452894344,1.8845668552182786
-1.1365791255780884,-0.30513245752860796,1.9640326615704358
-1.1209586089852985,-0.3046028408170894,1.4069041392941077
-1.1073019668107373,-0.3044263052552241,1.728461727849947
-1.0944320939218521,-0.300467525447659,1.8957731993338889
-1.07917265943778,-0.2997245785453657,1.4163876710747383
-1.065800330057932,-0.30452484089048437,1.1203693838846651
-1.05206958992479,-0.30872310174829404,1.419927643632956
-1.0384630244849185,-0.31028957307850413,1.4861710175660545
-1.0245962687907528,-0.31227133374679555,1.387720591972778
-1.0116317079378567,-0.3157317081724585,1.3166913711176216
-0.9962253331855058,-0.31902662396858245,1.3832508876566891
-0.9849492956309411,-0.3213676398649979,1.3181337374171431
-0.9717596530656958,-0.3235604615711019,1.342169602849153
-0.9578600437279651,-0.32719503955068663,1.3126725349689774
-0.9452626548130973,-0.33136601946181815,1.2202293621199207
-0.9322609485158266,-0.336386173355211,1.1395500702943047
-0.921845725747341,-0.34112442556472145,1.165889639164439
-0.9063910408394248,-0.3477200916204187,1.129304262554025
-0.8951198738671386,-0.35338024621095526,1.085937206180987
-0.8837052027649637,-0.3585136083222593,1.082970632124973
-0.8682633265172884,-0.3694599682706868,0.8925289632815351
-0.8591624062283287,-0.377466182784172,0.7449554848442165
-0.8515224305687862,-0.3839499628679474,0.967456461267093
-0.8441285345809701,-0.3914318417639437,0.6896962973928582
-0.8361235393174672,-0.3993431575558704,0.8481671203335756
-0.8250937496804159,-0.40963209046435917,0.7766845235907676
-0.820719487000343,-0.4137190981213201,0.840281666681304
-0.8086621654201821,-0.4222660737152153,0.9466234897661897
-0.7988268208803816,-0.43153205990715227,0.7533692151651636
-0.7879091383442541,-0.4423522057743099,0.8361376346012103
-0.7775749855602878,-0.45173052348662995,0.7722019791104077
-0.7667578572893197,-0.4596899982171611,0.9251566573767892
-0.7548465064853944,-0.46868792182506874,0.8902503766812796
-0.7413624449393823,-0.478329159944654,1.0165880642460388
-0.72976264583678,-0.48492244552759467,1.0731163222030344
-0.7204194990277981,-0.4892763207410726,1.1106586097136772
-0.7092716950510626,-0.4967880444767219,0.8603495195927782
-0.705539678255055,-0.5005779115990997,0.7528659449733728
-0.6983301616683267,-0.5107642588301673,0.4861622788226423
-0.6924512070230379,-0.5219685136104231,0.5122893195674468
-0.6870921155048167,-0.5304616348531687,0.6885109690002416
-0.6786855186896442,-0.5402315589656462,0.7597058110124639
-0.6701406042635284,-0.5486916087960845,0.8250358352747759
-0.6591145328430723,-0.5582934019997707,0.863215359550349
-0.6531158739660308,-0.5651242914462414,0.6679212290555362
-0.6444671212406679,-0.5780883431658242,0.5625956698139069
-0.6366075845851151,-0.5895050622636416,0.5849227284086892
-0.6297153340829736,-0.6003116448807931,0.6194386788678595
-0.621025520029823,-0.612484906150409,0.6097637463789998
-0.6129698950062891,-0.6228109132552556,0.6989346480569791
-0.6027328457601571,-0.6345508858635813,0.7284213471382271
-0.5929682698811733,-0.6469145268942893,0.6050341634657138
-0.5867923861708084,-0.6564188554806711,0.6628426390241359
-0.5792233527085645,-0.6673753357684044,0.5361916168677633
-0.57162715052452,-0.6802343162811465,0.5605469189607014
-0.5635767270833983,-0.691865388051769,0.6044495760355356
-0.5561636644900833,-0.7011433152533222,0.7338787266956623
-0.5535486631172084,-0.7139296808049228,-0.13969894683832107
-0.5653910550139427,-0.7297138172513163,-1.0178584238005526
-0.5783896102122543,-0.737679936586636,-0.9767566921380137
-0.5924317815200015,-0.7461518297591491,-1.093418765026008
-0.6031482715222529,-0.7499240052390582,-1.3145285873136252
-0.6147311428954145,-0.7535395105533247,-1.271590742973772
-0.6264765304975354,-0.7585227629556628,-1.1107153479434861
-0.6378453148504345,-0.7621570198308075,-1.3512399846219632
-0.6512069437775335,-0.7639752669045627,-1.4745062557999165
-0.6655137174646368,-0.7653422106808878,-1.4600853893140153
-0.6788968526983017,-0.7672960830714215,-1.4229551849390285
-0.6938017922954516,-0.7688982321371164,-1.4615394626138027
-0.7080463716479432,-0.767554048120658,-1.8059653807317693
-0.7217586485868568,-0.7585788578281233,-2.3354934881456533
-0.7294656524324963,-0.7516193824301265,-2.257909936612896
-0.738693233201485,-0.7457170681051426,-2.1201628128664063
-0.7498717490112515,-0.7387137098973738,-2.1372927345274966
-0.7586199443369606,-0.7339332346190356,-2.0400160008701467
-0.7708939069760539,-0.723346054463255,-2.4020073533756134
-0.7802144438765042,-0.7112501205704964,-2.50445853666955
-0.7893854555176398,-0.7014750805424878,-2.340593337870008
-0.7995031337823133,-0.6928439702753943,-2.1927627393566964
-0.8107531140230726,-0.6854313686406872,-2.091752794229422
-0.8198445668894899,-0.681366098102265,-1.977905655507927
-0.8332834442601142,-0.6744734969158902,-2.098303035350179
-0.8453387108765207,-0.6682630169140797,-2.0552230787689134
-0.8557250371953093,-0.6624247575732083,-2.0893557720431395
-0.8671574531329219,-0.6558251896499904,-2.1015262623478566
-0.8756866642086285,-0.6493583052361198,-2.2712448883208385
-0.8852570852219642,-0.6409006615410503,-2.3004029877006857
-0.8962254636077406,-0.6297532673371102,-2.3591865650932853
-0.9053864560197444,-0.6216487885531764,-2.303058856605349
-0.915882147875363,-0.6118888877452512,-2.391520110812618
-0.9257398938967405,-0.6021138076553131,-2.3728900356792284
-0.9335798012486186,-0.5925727064802868,-2.501234302695941
-0.9392100901180108,-0.5818878059817376,-2.7146602779535067
-0.9447460165766719,-0.5706822336383542,-2.622145551580291
-0.9513265923278821,-0.5599219717481196,-2.5953799379771545
-0.9583987824683233,-0.547171516820274,-2.677925179406988
-0.9656492289638846,-0.5366790693463166,-2.4207287889075046
-0.9748264436006016,-0.5273156734348549,-2.3261272278811997
-0.9847445555371348,-0.5169025828816981,-2.4168047011341702
-0.9944661754402535,-0.505463279975303,-2.4509506832465813
-1.0018155871674606,-0.49489141112722224,-2.5344824328589493
-1.0094711043828306,-0.4830295248651027,-2.562860474418027
-1.0155375980160524,-0.47272611980536844,-2.607295554421222
-1.0233420806888693,-0.4615366725715538,-2.509601480287183
-1.0319832186754199,-0.4507276242954815,-2.3887084895864645
-1.0398113596807423,-0.44457427979667075,-2.1237377107260365
-1.0489791745009875,-0.43608968451802904,-2.493578190068711
-1.057174915280612,-0.42617915448582017,-2.3880677322159616
-1.064569329252374,-0.41730650009638387,-2.4880610014337763
-1.0733198296826443,-0.404956821584419,-2.4874255452493133
-1.0814401680963313,-0.39560861784210843,-2.442446817170579
-1.0878500315124753,-0.3879780314324475,-2.4497129141759455
-1.0943673360150314,-0.37982260621533936,-2.447542976653586
-1.1046324470418423,-0.36895854354995716,-2.342679093041347
-1.112453371538818,-0.3603309082924203,-2.41656402472564
-1.11826896224454,-0.35266777444032904,-2.5551885910641428
-1.1255673748999164,-0.3429429802465662,-2.4685679317422484
-1.1310521254527286,-0.33359260162083687,-2.6720833931245
-1.138279336863903,-0.3202175301298156,-2.625508700171251
-1.1450472506333556,-0.3080235554607673,-2.6226162551998695
-1.1503418002587313,-0.296086398129775,-2.703630943810027
-1.156769314146656,-0.28323227713051785,-2.607481609149827
-1.1642311140880266,-0.2703544382232953,-2.651780401669665
-1.1721917342375168,-0.25842412089271033,-2.463786906691984
-1.1819206311791526,-0.24709259587895172,-2.430423404387621
-1.1920373341889192,-0.23542944440373598,-2.3986792330222158
-1.2010649964814764,-0.22549923573675293,-2.4107390857374456
-1.2097368053399218,-0.2127579539875485,-2.5879207163050943
-1.218246639380828,-0.19945732447835743,-2.515170158808393
-1.22716486389769,-0.18850753237415432,-2.4209471374926315
-1.2356927140544243,-0.17799099608740018,-2.496749052035603
-1.242413249135263,-0.1683772783067542,-2.520311414422237
-1.2507291432128453,-0.15663787867697698,-2.5587204544937645
-1.2597580207786347,-0.14658448390382667,-2.3053890337724563
-1.2681076181906736,-0.13605400513712207,-2.5684019467241757
-1.274852308742353,-0.12397501930904914,-2.6570852530806834
-1.2819393730785498,-0.11138432566227004,-2.661487321360063
-1.2894174323329581,-0.09944583874299948,-2.503185097676021
-1.2981396667052696,-0.08788968130476266,-2.486097686689726
-1.3061450544714843,-0.07688238860804358,-2.517822959101308
-1.312190954115663,-0.06660899169313411,-2.6892059181619445
-1.3199815629390803,-0.05327587560270543,-2.6074341343815726
-1.3271561205859697,-0.03956630412442097,-2.6747722758573413
-1.3335874892012027,-0.026121031274016607,-2.665132261907357
-1.3410454514273298,-0.0125363699669865,-2.6363434799633487
-1.3480001892077578,0.0015273157861767385,-2.711346461733747
-1.3538296610199656,0.010267763247577506,-2.531068577314426
-1.362127230581601,0.02208199009301668,-2.5211317417997874
-1.3689418503390443,0.03227437380711747,-2.592075835443202
-1.3750936232055966,0.043421962399554676,-2.6654587450971317
-1.381442139252856,0.05442637251203577,-2.5710318304265023
-1.388573856798688,0.06533366775650437,-2.504446778085234
-1.3963186545207997,0.07560307137251421,-2.4800417757648456
-1.4035933389087634,0.08528951658888548,-2.519895242697585
-1.4132867745057152,0.09389773331955108,-2.1992553320649524
-1.4243847262206153,0.10208237013733183,-2.21664754368904
-1.4360018964322578,0.11088771244503395,-2.1984927422440235
-1.447606202539242,0.1206959372402104,-2.2951494457447805
-1.457629137756332,0.13218105488878848,-2.555853642301218
-1.4651489761693657,0.14560548114950625,-2.6841759471284723
-1.470601680983767,0.15868088893204724,-2.760485908855438
-1.4766566957530383,0.17091551400951657,-2.567246397057965
-1.4825980600684274,0.17947321657957152,-2.5169706163004073
-1.490169298590478,0.1890605021374161,-2.46912870286087
-1.4967882455170216,0.20052569898841968,-2.7035355022754253
-1.502350558410694,0.2132665187225309,-2.754586360551701
-1.5080479952782748,0.2259256203803117,-2.70480161864053
-1.515476748916842,0.24123230724701383,-2.7087752985510445
-1.5209611073211902,0.2527551535917893,-2.6595628726189675
-1.5254763064739147,0.26326694203656154,-2.7841650115006464
-1.5317291650104847,0.27726834240876136,-2.7254500573923437
-1.5371311533705652,0.29062221328088916,-2.7423669798129096
-1.5426135569608581,0.3031547370878602,-2.698830129718058
-1.548154356793239,0.31639896074490625,-2.732838796834532
-1.555145665085975,0.3289785620493581,-2.5478571573124
-1.562761121597287,0.33949289001561983,-2.451158729964403
-1.5708236459954477,0.34886356989418915,-2.4386984351264007
-1.5803763758179816,0.36125123838761164,-2.552021131790477
-1.5874834323157607,0.3725663643329567,-2.5873928126423227
-1.5950826725567249,0.38440547109373346,-2.576520361312998
-1.6008416965679007,0.3945310628178652,-2.6289131445349723
-1.6078781438600762,0.40483143173879055,-2.518025426064454
-1.6170607843493041,0.4178146036599576,-2.4997045475457935
-1.6265589026089455,0.43048534127655824,-2.4854549835169037
-1.6349541809016437,0.44194834298685187,-2.505336321744277
