0.3683748656526203,1.258340248934078,1.5673901949785478
0.38163376794584114,1.2582061181403665,1.5497005458604725
0.3945866869931466,1.2577241460163158,1.5283451800137287
0.40791584160843936,1.2574129540367356,1.5682514510649723
0.4214478934303933,1.2574672590706786,1.5875141151539913
0.4349342771093699,1.257483764320416,1.5637132150818058
0.44949452197012235,1.2573124736819368,1.554261715506735
0.46276939342822526,1.2542789915624915,1.229909268385234
0.47436754275705467,1.248427478686297,1.03580789155856
0.4874212061195077,1.2398066460947565,0.9786769731403147
0.4952907530783769,1.2331525989607648,0.823100994310085
0.501634028053883,1.2243233972127223,0.5399924267048509
0.5071072069563415,1.2131644016160679,0.45366217580413326
0.5136978928017578,1.2005538641541198,0.4653669590069527
0.5197024237530602,1.1876462827964478,0.36580924478442484
0.5266098077008899,1.1799747425886695,0.8838251990980224
0.5338379639533297,1.1738085804719844,0.7956979109251681
0.5401640101803171,1.1663958203870066,0.6597214635579508
0.550437677346207,1.1558064548931966,0.8757582426576489
0.5619431235146641,1.147083306984724,0.9340118454904655
0.5730972656531228,1.1396966822362848,0.961524334126024
0.5851942644444005,1.1304319378565966,0.8896757620110649
0.5926985255157405,1.1237565571955452,0.8672842076489875
0.6029891175932395,1.1145968433468616,0.845207608791518
0.6147240044017928,1.1047546358804465,0.8380497658123937
0.625139972798098,1.0946042793938586,0.8018870365535777
0.6341566499484163,1.0874379792385114,0.9225062494979325
0.6446516611775545,1.0792972420018296,0.888819088795703
0.6561800200434507,1.069864177990719,0.9232497632129084
0.6723030341363916,1.0600704614920629,1.0862754114004833
0.6846745994202427,1.053214847773398,1.0292856482684976
0.6987331022158879,1.044110147531549,0.9634663439018566
0.7087068912789037,1.037169732738528,1.0094800245586966
0.7207563474641066,1.0298052513423828,1.0532581271828712
0.731373576561108,1.0233348620755816,0.9692860989131769
0.7418975586963424,1.0145434137598948,0.7206655175381721
0.7523666579086044,1.005072203849068,0.8873568334950612
0.7616040103892441,0.9977453550351337,0.9230659385106498
0.7717047795902101,0.9916382619972847,1.0527934471771654
0.781512069523716,0.9865739129492913,1.1192475262170456
0.7932058871540473,0.9810558890308456,1.1281800875600156
0.8032219332395392,0.9746942591532616,0.9677418684910106
0.8145331947953915,0.9669903207051562,0.9755236248991861
0.8260583048232147,0.9591966212055294,0.9410336832953009
0.8362253021577016,0.9523071846713894,1.010410158361448
0.847146384419577,0.946763003326007,1.1123597513212513
0.8594017661420924,0.9397705809443267,1.0113672023497646
0.8714991235386048,0.9315187262836115,1.0068626805549432
0.8844548911927526,0.9223908744172628,0.9232831378011316
0.8939954534191538,0.9131695955147067,0.7227260084229548
0.9010035577961628,0.907603022910987,0.9553624498086009
0.9101310900285546,0.8994492651392505,0.6972932685598733
0.9166571431350973,0.8896784512125555,0.5507767538270387
0.9237535436014812,0.8815292794263878,0.7980123123621269
0.9356605859370812,0.8700351039692509,0.7235939755781863
0.9440547946983556,0.8593475632965306,0.676598809076984
0.9540365939897842,0.8488852046204362,0.7868820373324629
0.9631181557721212,0.838668108124465,0.7153480056628007
0.9729254606813691,0.8265345408602849,0.6355069662190296
0.9802257825459454,0.8168048191975655,0.703718990157594
0.9899934313762928,0.8055067445685888,0.7368969602028381
0.9985458045752927,0.7945873451051647,0.5883024062413996
1.0056274620872394,0.7835288794683183,0.5357386680166272
1.0108565887188592,0.7731784226864901,0.46115768492156595
1.0196885225276062,0.7587567254291344,0.597614087532109
1.0284941333706248,0.7469941781906189,0.6965396121547698
1.0393457899659773,0.733541414561827,0.7086174701498315
1.0485178075925117,0.7259250384988714,0.9758041287443564
1.0560444067501467,0.7201879543164866,0.8615736384281457
1.0658625809975113,0.7122873049437326,0.8940150966507995
1.0751159765023324,0.7057472716226886,0.9880868479758317
1.0855374081108449,0.6989415094266521,0.9689562461467653
1.0961906896035307,0.6912876390728898,0.959685271574043
1.1058743341148627,0.6847840528058359,0.951397948210091
1.1178326563353493,0.6756399321948683,0.9079668991721416
1.1291832357526623,0.6669615677831023,0.9271088034043344
1.138683653843903,0.6607660431085934,0.9917835207616201
1.1448324618837817,0.6485026130472045,0.20350915940461475
1.1430462706402744,0.6323057704389553,-0.3108782151033432
1.1380673812393924,0.6236061410388224,-0.688140530882097
1.1336532487556452,0.6103959687998298,-0.1342567975092357
1.12653033268948,0.6007646637070218,-0.933276015918588
1.1181222883663255,0.5963238250352841,-1.0900110148113784
1.1049859549536225,0.590652442169344,-1.228589093880443
1.090867074073845,0.5892501401779788,-1.6356440449296967
1.077088822381666,0.590105307618179,-1.6478253378868266
1.0628504944550594,0.5905827647512694,-1.5724857033986788
1.048258912289817,0.5907842166258792,-1.5826666084286583
1.0337767051763362,0.590415055137216,-1.5120625761798556
1.0188473239326663,0.5880159140849133,-1.3324853637074106
1.0045657036603415,0.5843291724032862,-1.3165950297116609
0.9901520253210945,0.5806785861378742,-1.339752021066926
0.9763731811533805,0.5778533517184997,-1.3450874440868632
0.9624560573194573,0.5768802191852171,-1.6043237033255302
0.9484722874023945,0.5760804544491989,-1.4274490492309646
0.9356439035534174,0.5752190553826109,-1.5863798665960662
0.9216324204628732,0.5774886030985995,-1.8496111937707969
0.9097669222005882,0.5849163298302089,-2.3446317187448957
0.9030644432678001,0.5945158426718983,-2.599504827408498
0.8967626001530222,0.6000718387408495,-2.3502734404114514
0.8882346578297137,0.60804872951916,-2.2670404302775737
0.877546795696654,0.615637735797383,-2.1452489414897267
0.8661015895051006,0.6230204385850797,-2.141697448611493
0.8558832654950767,0.6287090462120072,-2.0988167619828326
0.8447366513884236,0.6350921835104977,-2.1117567332223435
0.8315279103369219,0.642535132935831,-2.0390950655455558
0.8188278639362798,0.6488873047830992,-2.020660669275944
0.8054093156189421,0.6557822420767474,-2.082330111460807
0.7941131440393199,0.6625423436627973,-2.1739907534686775
0.7866176495072643,0.6691183082321773,-2.2960835740569525
0.7764488101776528,0.6804034002693474,-2.426953532669019
0.7673691230215764,0.6881634741182954,-2.2050240763580566
0.7548682448549233,0.6956032028605574,-2.0281999354214104
0.741007599335699,0.7034440008577478,-2.092701897150126
0.7306452693966956,0.7114166036470734,-2.322251539073736
0.7224867662289828,0.7172104103882592,-2.07555848823981
0.7077741616085144,0.7250173317518915,-2.0880908082785425
0.6973744858541695,0.7330032725073781,-2.3537775431271974
0.6879881410953348,0.7410278827394448,-2.2514388738291315
0.6766204859779461,0.7509162500724615,-2.3149471942370923
0.6671381104599463,0.7602166604724707,-2.3575748971242048
0.6560580246838551,0.7715815530613911,-2.357635370739083
0.6485279769792459,0.7798753291619848,-2.4117634699752215
0.6403441615364188,0.790767150116856,-2.525651836478182
0.6314876378491383,0.802058150020885,-2.4306379649780223
0.6241334875512471,0.8096169781285332,-2.3217031386273135
0.6147275692729813,0.8195581701767519,-2.454042628891133
0.6064473990356593,0.8296321015510811,-2.4681856483034585
0.5973107652548453,0.8417134025368029,-2.535468562551574
0.5902439489634306,0.8500698515994439,-2.426308559447439
0.5797947363442234,0.8625600348331492,-2.455905943460701
0.5743994277827237,0.8702474847953146,-2.543336387527628
0.5687323781841785,0.8814906778623077,-2.7767106452425785
0.5622370911318652,0.8949640665740033,-2.671932228409097
0.5561383387319173,0.905727911792586,-2.60319529233031
0.5486992808132005,0.9171896951208265,-2.4950277586279044
0.5405166799870779,0.9281717311559142,-2.532752440295277
0.5332903040523187,0.9400696795241109,-2.617652229217809
0.527762300540831,0.949950000377145,-2.636777001124534
0.5228226861581352,0.9585998254463918,-2.5652739470676615
0.5169011041093303,0.9694497468117405,-2.5918806353990105
0.5128202287444447,0.9782801409165314,-2.7688330859172474
0.5047019430907221,0.9936240758017998,-2.5930777871361945
0.5000899776873069,1.0027097872900996,-2.683255449611339
0.49404340922489054,1.0147330982977385,-2.652481071245329
0.4871868424027808,1.0255447309090338,-2.5163461595340455
0.48042996634014423,1.0387157681628905,-2.6931267935914187
0.47319093448888716,1.0516022377688388,-2.603597765250018
0.46405066349941526,1.061128784996437,-2.2251150636449326
0.45344437946330596,1.0711028638387998,-2.4315059280065547
0.4467135928718536,1.0817717433801273,-2.618131383801684
0.4417859667640395,1.0954557413634933,-2.9426719882896237
0.4398888823989855,1.1095630017258014,-3.0527205618498434
0.43907451714758455,1.1234605593697558,-3.1089599372105634
0.43865474786877195,1.1372725266802546,-3.1055019168531643
0.4384277430450483,1.1508660376693822,3.137980772099785
0.4384303938273473,1.1652156048186564,3.1396469839792336
0.43848508444116213,1.179469396849575,3.1284363405427196
0.4359659484420367,1.194551358386662,-2.8486109985220307
0.432286225858569,1.20898989695196,-2.9033507977106527
0.4286689799473726,1.2196417876365042,-2.7503463410157623
0.4254707664502402,1.2288339291362684,-2.836312701179888
0.420516839429967,1.2416065688212368,-2.669390653606487
0.4165983928189938,1.2525172034777645,-2.85432004656899
0.41272727177408935,1.2650954393416776,-2.8623696538138574
0.4063422831319101,1.2771024327464393,-2.558588227278227
0.39781098736726106,1.29183090517848,-2.6731857952390303
0.3910468748384387,1.3030646241971937,-2.5154559947149058
0.38450451591500245,1.313648901675949,-2.6803500415791532
0.37622775717499163,1.3275201244104229,-2.527852472858185
0.3666635234933858,1.3405200349301276,-2.49450588034221
0.35825433015940544,1.351266079330186,-2.435565156294953
0.34745972372588174,1.361709445672772,-2.2954162858260934
0.33726936269589725,1.3709282081038459,-2.29816087351965
0.33148901370639067,1.3779852897794214,-2.537357506690146
0.32581850653490974,1.3867032601045897,-2.5727050188926173
0.31702244286945264,1.4002035234205896,-2.568380744748916
0.3073928518168036,1.409746287337948,-2.2211417318704743
0.2991361736513569,1.416614690651385,-2.3438733167154613
0.2923913948776304,1.4328800995333102,-2.9749975079785904
0.2884275132440783,1.4468049288973615,-2.7657318325209217
0.2827693003587157,1.4625557189827165,-2.784044844515155
0.2778982261589138,1.476679913827831,-2.7811373422909442
0.2733612160708822,1.4874612432963923,-2.6970744292721878
0.26786528012692823,1.4960311652898892,-2.523341490829385
0.2632463783970504,1.5028283569883039,-2.5743037878989847
0.25684073167539634,1.5135740738002337,-2.669996417997011
0.2502558114830713,1.5266526132089762,-2.6732899885256556
0.24285076587312074,1.5410950378186532,-2.682704752850737
0.23808592809083665,1.5497573522639418,-2.597415593142751
0.23162775215961703,1.5615868950922376,-2.6402249731699388
0.22334746596193236,1.5770175680022114,-2.6667443839636285
0.2143824888199109,1.5906140434218907,-2.5133920758879285
0.2088281179330814,1.5996765503192634,-2.6442175524106704
0.19913452778586768,1.6131239828493786,-2.4319561284061435
0.19186608949581027,1.62337082811184,-2.5881894210748295
0.18518898507853412,1.635115158290291,-2.6281807046183165
0.17781125441828133,1.6515244899743027,-2.720311619632031
0.17311579023328155,1.6636743404065184,-2.785534200310349
0.16816143380660556,1.6757124482842258,-2.6616847407457955
0.16129173972893956,1.6894782864677989,-2.7002844527677343
