0.5847426632647308,0.7017905294743548,1.5749235349573831
0.5977379125943231,0.7017573855200295,1.5655841048309689
0.6114664291811135,0.7019110599488093,1.5896761649256377
0.6250360823609311,0.7021510519307403,1.5945197414475476
0.6384166096496594,0.7004244793567146,1.3552328770183533
0.650593033896076,0.6978678010088449,1.3424183278624144
0.6638155999167211,0.6944940368427361,1.2745474562399506
0.6770601924248394,0.6898688028780658,1.214296380196514
0.6878770337013155,0.6855850239364739,1.162924223942778
0.7009048229663862,0.6795439163741515,1.1028825432065
0.7117746362153683,0.6745060104761842,1.1999195940784837
0.7197144301221322,0.6696210548424075,1.0563070675326844
0.7318408963778631,0.663601291480556,1.1394643104661129
0.7417324696896975,0.6546351376733562,0.7104963418982719
0.7508359239975073,0.6466400562669511,1.0108985822500742
0.7595223035938025,0.6400361210840299,0.8269976066277954
0.7668979992623198,0.6321082190812287,0.6987854859802095
0.7770702502482085,0.6221851253244478,0.8744148103442633
0.7854586835062766,0.6149822497806254,0.833145035765649
0.7955977253910385,0.6062606048424911,0.8454834243781137
0.80615065659993,0.5968517838339501,0.834431009812849
0.8170459064145434,0.5863512017035992,0.7645055319293492
0.8274408936060446,0.5767287513958487,0.8719992020366819
0.8365050584416269,0.5693319079114314,0.9470114132491511
0.8490113571231112,0.5599443747789253,0.8800419187421579
0.8612815020812379,0.5509272044106115,0.9766234625724297
0.8706139538437662,0.543897839450376,0.8951176039137805
0.8820039128853522,0.5359544138168989,1.0189054451805641
0.8957680919553721,0.5268694266771207,0.997890412208924
0.9044789865580308,0.5230993449903879,1.1993022204536337
0.9134411104461488,0.5185559415034635,1.0329142250806418
0.9216259815854086,0.5120541252576848,0.8557948720590476
0.9320764601259284,0.5037519377843709,0.9332501057068195
0.9425784662578088,0.49727514673526974,1.0974947689760133
0.9555223997326309,0.4905016774678915,1.0595353900482023
0.9676593552559569,0.4843028005401608,1.0487031792738188
0.9785797954890598,0.4772080355454551,0.9281058605563182
0.9895542181374125,0.47045896766264034,1.0115257366098998
1.0024509910892876,0.46288143874337456,1.0545226849884244
1.010302047052579,0.4577289748620824,0.9764332893877395
1.0212623318650862,0.45122257599588544,1.0173038159807297
1.033935838527163,0.44402033744699604,1.0783739948908602
1.0428847905170142,0.4384246968461418,0.9698852419742416
1.0533849068815218,0.4321257468158446,1.0730410232100884
1.0644023645471952,0.4253854995161217,0.990325681100589
1.069609265575433,0.4221444654248851,1.020013328602552
1.0720753186848508,0.4213188310105154,0.733793423275761
1.0774019374043318,0.4191676519343314,0.8850754049832978
1.0819744751595204,0.4167573093683705,0.8642637900474155
1.087795701990339,0.4133406623934903,0.7307142181254419
1.0943223722559463,0.4059638422642359,0.5388323836084024
1.1011975278373702,0.39334962529859563,0.4803600852169367
1.106519013435284,0.3794236877382644,0.29363267038612356
1.109737414746579,0.3661847441201322,0.2361345937453243
1.112683412935741,0.3529422411222312,0.22739919701280606
1.115873883669577,0.3388457010593478,0.249727831720882
1.1195947815507596,0.3250569765883797,0.25684965411583144
1.1245028034075506,0.31135875037167365,0.46880208961943975
1.1299117177695641,0.29889169206186356,0.35097952304497804
1.135429761433125,0.2893301020553198,0.5729612453349938
1.1417471003101687,0.2789263814619201,0.5556425600497339
1.1480994901383574,0.26853871793722234,0.5649794551569722
1.1539473838339678,0.25793992588904124,0.4783127184255473
1.1591577038726797,0.2498176890397914,0.6277304022559337
1.167525613033089,0.23935361876577504,0.7179085539055557
1.1770521304950536,0.2288724043668687,0.7346274190552597
1.1893639343053184,0.21856848312223773,0.9671749413214488
1.2024707655457565,0.21068744531762368,1.0325038614982731
1.2144698276758465,0.20403306370719348,1.0614865257750377
1.223403045715066,0.19159574091069462,0.39396037568812786
1.2307578671631345,0.17985724488533825,0.6575411841657037
1.24055682136744,0.16786569128777715,0.71435299931915
1.250473181235073,0.1573119349542512,0.7957890836241441
1.2612935345546261,0.14930717902890786,0.9599800772571733
1.2706452280417162,0.13919828938482284,0.5862686583150644
1.2753096011324723,0.12283095179147648,0.08854638451338738
1.269001050548634,0.10528052897976685,-0.7286115607554811
1.2619130571962263,0.09717134155686478,-0.6934649080148058
1.256013898914482,0.08449533810288665,-0.32149769566814035
1.2562862056145234,0.07082749166308017,0.2034933249282697
1.2569987903540472,0.05663782885342886,-0.07825462138414037
1.250182927700084,0.04386694782796097,-0.7603050967686723
1.239420601411305,0.03842461611238086,-1.2938462031276612
1.2273571715620006,0.03915341521891875,-1.8254822808883664
1.2133552362762128,0.041317998518403155,-1.6122063090972356
1.1997645120679918,0.04048441376205207,-1.408088185387692
1.1852812137869966,0.03853971769217922,-1.4443098005827968
1.1715350145563348,0.03627823119689421,-1.393208656270089
1.157673236214393,0.036932451793776536,-1.8160640623461377
1.1450053883238174,0.03890677506175621,-1.663320284532493
1.1294453755685017,0.04203328466384715,-1.8908176463380193
1.1178605183689854,0.04841689256504381,-2.1718065659977137
1.1067774334921912,0.05564105733302869,-2.0670190105829853
1.0963542203191579,0.06255637414675828,-2.2388246600043735
1.0847283359291835,0.07084010859368985,-2.1635602173163315
1.0725287182109964,0.07875515876362685,-2.1184633428645627
1.0639492173946394,0.08706459874262372,-2.435846639160488
1.0541191255153046,0.09758712471591607,-2.3608516833685687
1.0441025888516196,0.10811779889667297,-2.3967010213889473
1.0338018959655852,0.11974238207145703,-2.3997944593719844
1.024164511557591,0.1298221118598369,-2.3844918344217008
1.0139723730822043,0.13685460849005063,-2.031646626329765
1.0017309170402624,0.14179438829076596,-1.9751829253645066
0.9856506247164016,0.14941279982008607,-2.041818585668168
0.972291857381569,0.15592597634857364,-2.045645899118933
0.9597194386066731,0.16037142156159526,-1.8568284148950773
0.9465109140613128,0.1652001224904174,-2.031993157696909
0.9349336750688303,0.17108146479137434,-2.0428724118681605
0.9219714900953331,0.17696018490753423,-1.997365069588611
0.9099619969272648,0.18182341463476243,-1.925161828944009
0.8989676344566437,0.18846051014510531,-2.2937176327180957
0.8881406657425115,0.19885327014936047,-2.326170265675307
0.8819527961771195,0.20796364335966014,-2.633738233143897
0.8762191203606922,0.21747329026739198,-2.5466968545384074
0.8697626720279811,0.2300818097643134,-2.709908252206529
0.8631037889456331,0.24115162865639184,-2.5412223584487346
0.8542590715164409,0.25448293651266896,-2.5638715074100213
0.8478234446310632,0.2657948489209115,-2.63361710155642
0.840913597872161,0.27535493230415103,-2.474106842414781
0.8326711315321127,0.2843958454515087,-2.382144435367341
0.8235481858582306,0.29328068594229884,-2.314846709801502
0.8137893340472573,0.30300021598543914,-2.4003259907985863
0.8045174767250851,0.31435333452643827,-2.511375245397837
0.7947990225168369,0.3274215606942557,-2.4646546680325767
0.7894740270495136,0.3332255589029841,-2.374675466988127
0.7785191300178138,0.34483992957041804,-2.3472799544396405
0.7692894980051644,0.3527701428968091,-2.2590694197391374
0.760358086938847,0.36273717622232804,-2.5184527780339354
0.7534615411179578,0.3723097887142196,-2.523427966889345
0.7467094983318263,0.3807884622770698,-2.435468304738856
0.740125959325857,0.38840466881575547,-2.443772831366291
0.7333339026988112,0.4001585119926663,-2.7595467612129556
0.7265334053078959,0.4123185672717455,-2.5156374531060472
0.7183915849523264,0.4255951746172773,-2.6413905421413393
0.7124113670102454,0.4369717586003009,-2.6060674625355076
0.705980261116792,0.4476939632030971,-2.5888740496405696
0.7012789920033936,0.4583053746227953,-2.6810602658569684
0.6952347388168487,0.46842037890904437,-2.581658183966718
0.6883760122243839,0.4806184964439182,-2.6641568297492424
0.680279274501053,0.495413216491723,-2.644674516819933
0.6736037945109209,0.5110803701210218,-2.7796684395493703
0.6689821847056191,0.5195457624173448,-2.578612583222794
0.661348643574278,0.5317020340982737,-2.574900265409256
0.6533828909274587,0.542758433466218,-2.5131525130402257
0.6454996946421245,0.5531196055030092,-2.4636838678719135
0.638276554748363,0.5638504575716184,-2.5638227903804154
0.6311557139635343,0.5756068761245973,-2.5983271658050895
0.6249047100118491,0.5817207843744385,-2.152113170233757
0.6168614159686833,0.5912248492694187,-2.6270581361822103
0.6133501425073336,0.6008104752742035,-2.9182770751408382
0.6076482068015205,0.6130555462888595,-2.5372158729880576
0.6000338853611495,0.6243790391469464,-2.572452400111229
0.5958395283475354,0.6375119505067466,-2.969201495917982
0.5949268115009521,0.6518887826373189,3.1377583356643868
0.5953823419820873,0.6665477589825177,3.105513516300556
0.5955696995743522,0.6802086332764121,3.139877302639235
0.5958198790045212,0.6947572361948969,3.118038957900462
0.5922715397772563,0.708170063648786,-2.6911478084201224
0.5884600057984564,0.7188331737499927,-2.898450716500166
0.584770543563628,0.7314020578456433,-2.8249113311156075
0.5810078189314553,0.7399362365275332,-2.6746884439938343
0.5755382407556265,0.7510160290548761,-2.689307486063966
0.5729954385398087,0.75925021995839,-2.79391065972271
0.5669232008162136,0.7706224030282166,-2.5332921409874984
0.5608378675726379,0.7783404069072783,-2.4357427877916105
0.554913732780242,0.7884450105911861,-2.7295380452146847
0.5489392649585345,0.7989652500125164,-2.553278517115227
0.5412013771823337,0.8108488461030318,-2.5849768461783866
0.5349560636529177,0.8195472590209661,-2.424781354866911
0.5279229062868167,0.8274514504270577,-2.4400284473993854
0.5176330206875369,0.8392163607255103,-2.4170988682251697
0.5094457303372648,0.8459838193596585,-2.1985582936201924
0.4990001982552871,0.8555216705950875,-2.3379599521484384
0.49202169841695514,0.8642273649497804,-2.5683025118421927
0.48590615230628326,0.8750394074675812,-2.673836991221579
0.47930310925497605,0.8857658287578669,-2.50417406862267
0.4710560034651046,0.8921852476298985,-2.0848430587622917
0.46128544525799625,0.8997145725926636,-2.3875046223973335
0.4552275622505487,0.9084051614621309,-2.589325414347406
0.4502521219349283,0.9182962326231751,-2.6634980665226875
0.4449800629196605,0.9301929303921768,-2.733109126806125
0.438325014502833,0.9429350088782141,-2.6174101062766266
0.4314810476869156,0.9552044270836054,-2.63385235947115
0.4245028985168821,0.9671262080159971,-2.6627295974277208
0.41986034805575717,0.9765541150129823,-2.7040211685414914
0.4128822008308939,0.9874360787998466,-2.540498950599178
0.40699004416169426,0.9968314644474668,-2.602729654477301
0.4007969430555395,1.0078320697195522,-2.640327058296527
0.3941709118764479,1.0187129573967302,-2.5801074776557793
0.38818527732864316,1.0292513209825833,-2.617496686116521
0.38299219937493867,1.0387200497147737,-2.6412006762922986
0.3757618302534517,1.053139438748932,-2.6704399754723807
0.36876110166159104,1.0639782839843488,-2.4810322987241666
0.3583870975517328,1.0757945800118265,-2.404223456344403
0.3496544450082497,1.0882507670282853,-2.581284262086855
0.3432384791434839,1.0970998797863993,-2.5139393952491647
0.3347968289884679,1.1083028484395938,-2.4946132400364407
0.3272969650034312,1.1178053537615529,-2.446057021244095
0.31808620854284275,1.1303480618430042,-2.5630075444176876
0.31102059513641983,1.1408906888131656,-2.56901256016308
0.30524252071702995,1.1490921806166996,-2.4548874073501783
