-0.40412694110467257,1.5807180695846488,1.613745141089146
-0.3905190611365388,1.5815023624091262,1.6452554338931995
-0.37603166164302476,1.5823808807802764,1.6155023307226875
-0.36209831816644633,1.5832008641592714,1.6430815563491459
-0.34829482979059,1.584318069568776,1.6669436020629886
-0.33540647163458165,1.5853973962820447,1.6230365628645023
-0.32130648115697474,1.5862581688041557,1.6446265559880264
-0.3073717685328558,1.587270524876724,1.6453954811171367
-0.29448533197331317,1.5886385409907966,1.690055185056659
-0.2806135717498577,1.5905996091561192,1.7463746865689804
-0.2652735687066005,1.593171510433154,1.7319468317775202
-0.25128425791535414,1.593160885420401,1.4461322233602871
-0.23785150738377653,1.5882668669982916,1.0676332631222563
-0.228365312432528,1.5800531903289232,0.6845801144582137
-0.21985593142846274,1.5716709902751886,0.9212659971414175
-0.21023172675823465,1.566849536776307,1.1632533666359035
-0.19606031457411432,1.559672517769985,1.0765128245975948
-0.18450755863731785,1.5513603469717008,0.8506103687188082
-0.17340497621659268,1.5410905840145448,0.7683550359316976
-0.16438521624832025,1.532023102670313,0.8796265629028427
-0.15512636272354996,1.5238672436899912,0.8741827543838278
-0.1429223257831211,1.5139214158098313,0.9268342813174613
-0.13527039778554953,1.5106451414058986,1.1364786378301233
-0.12577062777116219,1.5048385415153278,0.9396060889706361
-0.11580543730415224,1.4992593029668229,1.1082448002871699
-0.10535940722591375,1.4942368579089378,1.05262187318789
-0.09759363846285264,1.489297620801543,0.9461040400248899
-0.09077244046076037,1.4837996680971275,0.9477543351523262
-0.07931400551855605,1.473062602834267,0.7666389606758018
-0.0700905377795953,1.463559523497814,0.7591589106935893
-0.06119936009910533,1.453918848411818,0.7478997266438892
-0.05115155600630385,1.4431586904492968,0.7689986273126828
-0.044696154755130016,1.4348390374084727,0.5880982487481701
-0.037751110118437944,1.4247400171792726,0.6685241556974432
-0.02780233214580592,1.4132992269976659,0.7678677846264074
-0.0173596740303735,1.4041373510903417,0.9834455123778453
-0.004768155087824724,1.3960673663091263,0.9769216060562826
0.007616513636605463,1.386701598833987,0.8249055631855525
0.016277091661287952,1.3789771299987916,0.8729362254550869
0.026109117111124677,1.3680715148550782,0.7171677581321758
0.03617750114605669,1.3555995741920062,0.6169260927106905
0.04346192071813431,1.3472403549826883,0.7473899121684946
0.0540747273902761,1.3357485744347477,0.7887799789531245
0.0649598863704763,1.323825764453824,0.7526971601876384
0.07344563214140161,1.3147894735919488,0.7798830887896865
0.07979329016593474,1.3061174476235458,0.5733308455847681
0.08547357601167227,1.2984175249217889,0.7410273534406263
0.09545230840276005,1.2870001663738033,0.6793069866826714
0.10382619749154631,1.2748723233741541,0.6066240662486143
0.1120363977851446,1.265376940465445,0.7118230503061136
0.12038727447417616,1.256944073691822,0.8368300732822667
0.12755019119827218,1.2493748504357365,0.6760522323054154
0.13568008693122832,1.2397099276879473,0.6928742901260084
0.14548609663746986,1.2279517288600406,0.6917273021637195
0.1547614988412268,1.2171763070139956,0.72944432578092
0.16135527801264743,1.208668646986509,0.6221575192875697
0.1699054089738331,1.1972702387265233,0.6659024537412044
0.17786150370947382,1.1866872278425025,0.6861595213137007
0.18544792688657347,1.1773811365472366,0.6918803060013886
0.1932365037250898,1.1679774396596483,0.7224899976936883
0.20325391086614325,1.1578621073747557,0.7878977560936311
0.21339901779150156,1.148308331868582,0.8425036903603583
0.22359440524975302,1.1400806436140825,0.9285614611136724
0.23624405107219856,1.13103954731453,0.983625796458339
0.2478898762992406,1.1233815134150906,1.0512814244020767
0.25709406560353404,1.1165609822207005,0.8402297551018899
0.267428376745299,1.1083774442350325,0.9170461203051897
0.27807141093555865,1.1004472270076793,0.869129918847227
0.2890186040366661,1.0905904413973795,0.8648453433536846
0.2971897700556768,1.083117155696956,0.8558085407170943
0.30720832614626303,1.0763247851895215,0.9705548410150744
0.3186959078774788,1.0675702712413289,0.8725910739432836
0.3287568637274678,1.0597314659723929,0.9440878371747131
0.33848397026040605,1.052774912652091,0.9527842723998389
0.3499607704457586,1.045259004735823,1.0173425113200028
0.36034186422259745,1.038642405231281,0.9206719466074492
0.36920946041625313,1.0320772198608568,0.8905524534221712
0.3821403929464316,1.0234835401088496,1.0182197736358582
0.3934083196532131,1.0138938996559221,0.7159273395944719
0.3993351395495522,1.003218663802884,0.37626270039280707
0.3979773264148206,0.9880614840993224,-0.35041992966679364
0.3909222484624678,0.9784989632256353,-0.8476743404044261
0.37421356959117935,0.9731863846768954,-1.4809945681216372
0.3598542862103408,0.9733322895152845,-1.6430567301597474
0.3455195253134745,0.973068353445278,-1.4738301252712505
0.33030185784557914,0.9695266231910985,-1.2091018085064404
0.31702351039197957,0.9655869346976834,-1.3577827541174576
0.30117785957517834,0.9619853022180935,-1.3388755180074394
0.28647832010079205,0.9574570778303244,-1.2589652995832779
0.272993295757465,0.953383171520334,-1.2730868187214106
0.2590036859373126,0.948500408251362,-1.1084483829264307
0.24785177589171314,0.9428519179621923,-1.0968541183985452
0.23632716548853944,0.937774381900409,-1.2055287769533725
0.2202900193066299,0.9335148459068339,-1.3255841807770903
0.20761767676494605,0.9314138844823049,-1.4017529166265545
0.1931789462939652,0.930241119308795,-1.5438483885202947
0.1795606657891552,0.9305711103196436,-1.6263034757424137
0.16554970606688674,0.9321260838818369,-1.7248296584345102
0.1513716738578046,0.934931317486112,-1.7530960114637466
0.14036041573135205,0.9369282375577813,-1.758096738592448
0.12616054202226723,0.9429249284118653,-2.125462020365334
0.11842951841338127,0.9480167561928119,-2.2126119383122513
0.1089209532609956,0.9563369185941294,-2.335195978941924
0.09906274099723826,0.9635982883493717,-2.127400013131586
0.08646832029127863,0.9702788522976742,-2.024366571705972
0.07476021073791116,0.9757266253676774,-2.0369933134180638
0.06478782539343897,0.981150461359547,-2.1251206836812986
0.05001960775997163,0.9850961256317888,-1.6987594858773098
0.036084810393229874,0.9901964234490269,-2.082826090546532
0.024863161118616132,0.996510017656001,-2.059183993628706
0.012229516453060488,1.0026810282059448,-1.9764312279490541
-0.0012907424889386245,1.0086112945773946,-1.9961228762567371
-0.012000808111004303,1.0135301705360116,-1.9735476427178977
-0.02365109019575366,1.0219176695605574,-2.3710248806695886
-0.03476728945802274,1.0352995163119632,-2.4477940484439955
-0.04215855871237821,1.0433805859096785,-2.388238601864952
-0.053319801379470975,1.054702571810702,-2.3491764961522548
-0.06132481186906551,1.06268059575253,-2.3098205394562594
-0.06973335708752895,1.0715790951414492,-2.398930872240646
-0.07546338309417268,1.0805592395745482,-2.667116319083617
-0.08326968659548017,1.0946383225892655,-2.634646766919499
-0.08939629390471572,1.1057078306977266,-2.6283535195779364
-0.09494770911126368,1.1148016606646722,-2.6546168958612073
-0.1007020457899001,1.1273498517476959,-2.7652575045098557
-0.10649331177649836,1.140000288771991,-2.6252033696821004
-0.1124633048472461,1.152732808452282,-2.724778780710017
-0.11871134092837267,1.1637718145442943,-2.5711784472751265
-0.12601059138507822,1.1754133312247654,-2.548614474081362
-0.13298566746306967,1.1880359127940652,-2.657923276763827
-0.13767986437906332,1.197290731925952,-2.6342272647591694
-0.1441722472538869,1.2075246013772067,-2.5879814068620846
-0.15146021073790947,1.2187006125956765,-2.5013708787856315
-0.16159942049765305,1.2328340837893919,-2.5479176763767195
-0.16910418162276886,1.2420644771941112,-2.402457624474078
-0.1779888879417284,1.2537957449391746,-2.5491211858991027
-0.18582274307153915,1.2634515491416995,-2.448386653551243
-0.19041669042687606,1.2711177192164629,-2.6776654169376606
-0.1945817213014297,1.282298980674381,-2.82977979545386
-0.19919044778372058,1.2924562221393194,-2.5654394382420938
-0.20485763401743146,1.302184703341651,-2.6508655198191526
-0.21182700496414203,1.3142176533703287,-2.5422568031554773
-0.2189302831191799,1.3262798030428546,-2.6309359763004347
-0.2258028204897281,1.3397726120199214,-2.6840978945478016
-0.2332489557629191,1.354782276726388,-2.623789911941404
-0.24032727449438676,1.3683913635078722,-2.632126342124687
-0.245456667079785,1.3777857407896712,-2.626715602277796
-0.2503397348289019,1.3883123587601165,-2.758956946235539
-0.2584478110584344,1.403798300410553,-2.578421703037068
-0.26475114108693026,1.4154237045741909,-2.65743035516005
-0.2702374107005575,1.426146715200178,-2.6710750982398315
-0.2741530126755477,1.4389118072487361,-2.9596024976322575
-0.2780685486351852,1.4540101236312069,-2.8545770600571756
-0.2831458823052624,1.467388052565923,-2.684775165385783
-0.2891295394482378,1.4805815340759167,-2.722863771952692
-0.29460963152297875,1.4928522862834444,-2.738492168107193
-0.2985979165216821,1.5055049801796974,-2.943097119324378
-0.30083791372532187,1.5197785058121278,-2.978097623673292
-0.3035624173291774,1.533183825022756,-2.9049502877830116
-0.3071417507676117,1.5474336407570457,-2.9009149849292464
-0.3107167146448817,1.561350011868518,-2.855676300950281
-0.3157123779799495,1.575843683894381,-2.7602016310108812
-0.3231614781244104,1.5902233777148103,-2.6405900451255895
-0.3293184334182071,1.602059602456406,-2.6624213956986758
-0.33533145712233015,1.6135199586271436,-2.6231123104565044
-0.3427658808140936,1.6259210097149603,-2.5795134231237404
-0.34797254760581064,1.6363647452671997,-2.7202894965930575
-0.3534261961479213,1.648848779542408,-2.701842247846031
-0.36049681286766877,1.6619242256213032,-2.5890919730667723
-0.3673061185349077,1.6730169536556463,-2.603581850389243
-0.3739247363227233,1.6831245816614426,-2.5056939316684774
-0.3838869143820247,1.6953655030175447,-2.450328075428341
-0.3926771918033423,1.707066434276694,-2.540757386851187
-0.4018196991989669,1.7194516867348615,-2.5005147766261486
-0.4103782571357397,1.7322341505853527,-2.5698740193315053
-0.4162542600039209,1.7405566763720541,-2.508731252219373
-0.42401205619151705,1.7523921667107538,-2.5408821391704866
-0.43085246239859687,1.7634426246468111,-2.6041120201656325
-0.4360134376466006,1.773748794088213,-2.6477182639981125
-0.44159067337870034,1.7815332560220347,-2.534975692119062
-0.44754216426112353,1.7933985214914734,-2.720674366795485
-0.4528256904273231,1.8038310520179917,-2.6508406839292267
-0.4576566195798775,1.814491270299303,-2.762865344794172
-0.46206720963946596,1.8260523124462886,-2.797823178756627
-0.4659450397633076,1.8377929516296756,-2.8296770813343084
-0.4709779508450692,1.8529392975297911,-2.792335304264687
-0.47610338390372486,1.8667313896008735,-2.7866638279326765
-0.48287757824067623,1.8793596843011866,-2.5810100640529168
-0.48928881327045326,1.8888197536261944,-2.571128460460111
-0.4972847239137324,1.9026846329294382,-2.669684107792886
-0.5051756716454822,1.9164344782449017,-2.6042706833613765
-0.5123474948088257,1.9280701087385632,-2.5194531329248893
-0.5194695824009232,1.9396326483059951,-2.649306971241538
-0.5259083029865976,1.951445800985816,-2.571818439154847
-0.532309276321832,1.9626314060406485,-2.622809752574148
-0.5374548215658399,1.9713322678994636,-2.5541325910489325
-0.5423170016776195,1.9829718983320124,-2.8878318433051526
-0.5473256985492883,1.9952829223902062,-2.6949381527911043
-0.552661752268924,2.008981198142487,-2.837385112302925
-0.5560573056714746,2.020826969030158,-2.84096884428378
-0.5591182832309689,2.033683374522477,-2.876929340690345
-0.5640623515833642,2.0480700016549798,-2.7447224213235133
