0.07202585391478786,1.3009390257111908,1.5655651596613638
0.08532289034722018,1.3009193852995133,1.5757120965106164
0.10003119002350135,1.3009627125506147,1.577494222430753
0.11433380441192503,1.3012833407178337,1.6132061453189068
0.12794333506409725,1.3017667241269162,1.6100675285521022
0.14137098507696017,1.3023455531698978,1.6166201304105177
0.1558300182982399,1.3031949026130103,1.6368713738801732
0.1699544247798413,1.3040755098501422,1.6113962335316605
0.18285385541526766,1.3023646519676,1.3075424035565557
0.19452823039203782,1.29795016099993,1.1495619982704532
0.20910974446467012,1.2898869593652524,0.9741555818038062
0.21997260919058817,1.2813141841881561,0.858558627383848
0.22633501442751555,1.2740722017685484,0.6189312340389831
0.2361672994486094,1.2638992226095627,0.8795299555979726
0.2435959088402196,1.2592552152907417,1.0379820734101017
0.258141254802747,1.2501016003612753,0.9264646210801594
0.26858023376717743,1.2410643746765089,0.829806763133745
0.27992769139401913,1.232374621011526,0.9553461560045591
0.2921961223346242,1.2226287427690337,0.8621490228244458
0.3059048102328747,1.2117470713812941,0.9156499709938822
0.3133403362193007,1.2066445900574323,1.073148374223325
0.3228935761120007,1.2001610964255318,0.8722953571390255
0.33211878852092863,1.1913521810743413,0.814595829953095
0.34291052643801545,1.1827875244536594,0.9183716316515096
0.3566715895525354,1.1719518132885969,0.990987228068213
0.36835463130375323,1.1630602268529533,0.8732135438894542
0.381495295540224,1.1513473873298068,0.8388919403762183
0.3896365486553448,1.144356308533855,0.8350603437949659
0.40078163010725737,1.135771450854185,0.8893322990179344
0.41079950946844745,1.125912831739677,0.6929201306160797
0.4189573199618067,1.1158147351512704,0.7158084877907174
0.4298479743545137,1.1037420317113715,0.6966465124619079
0.4395790578693826,1.0919661081902505,0.7513964680302981
0.4501038293272497,1.081971969491639,0.8828080738264662
0.4631580926147084,1.0739448413108317,1.0850804504133444
0.4758686651032625,1.0678687786616026,1.0867997704790096
0.4866398645004375,1.0619389399309207,1.0905913602332322
0.4990769973036741,1.0550752990997387,1.0265164545975338
0.5102541608973155,1.0480416943018995,1.018477771863428
0.5190437295314488,1.0418722909898144,0.9431042423153924
0.5280525453432894,1.0337235156695161,0.7443760045273443
0.5358496509368839,1.0229036382957983,0.5847369895551885
0.5438476751039181,1.0099824126878758,0.603071134563705
0.5523173732863448,1.0016468625432788,0.8164769117960265
0.5605194513603046,0.9935263340511405,0.7315941998321986
0.5696328743802491,0.9830764513694693,0.7175423554999952
0.5785942203191577,0.9724111902905761,0.6263286602463213
0.58754485253597,0.9613654665697919,0.6992320024335541
0.5953333389724262,0.9522508277457056,0.7555880853891163
0.6040343305947878,0.9421682319733432,0.7237335534407766
0.6112851872597846,0.9334020685484539,0.636153420638868
0.6185491871031975,0.9250858819417251,0.8021271487971697
0.6263735394635451,0.9151519378895642,0.6260612348198644
0.633646422193368,0.905840958241655,0.7142639241947336
0.6434553099372996,0.8941424712052456,0.644270914977614
0.6509992996148718,0.8839687705820302,0.6436180317296881
0.6587350779520146,0.8723161075680714,0.5379150405644014
0.6669370200699531,0.8592467485357264,0.5663939009502403
0.672274200212561,0.8504484787405937,0.5291743766115865
0.6792473661184532,0.8386295897612867,0.5467935421056611
0.6861924381812229,0.8278565622865915,0.5835942026848274
0.6931914349397585,0.8168856741724226,0.5826395691173036
0.6996729819142843,0.8065773947692093,0.5771317001837714
0.7065843583682468,0.797085932958607,0.6269392155448861
0.7145765086018859,0.7857369764466307,0.6009053628908914
0.7228394518378772,0.7757889866423202,0.7459439658835786
0.7314919015128504,0.7683398592008568,0.9142441451186447
0.7409698283673315,0.7627764722524415,1.0640720267093846
0.7543764938878953,0.7552884780353183,1.0692103493531058
0.7659273885581315,0.7481553807398948,0.9707632101782521
0.7769181042783705,0.7406799010228152,0.9801267012226813
0.7889435200488166,0.7321966905591246,0.9602155758804231
0.8004292033038855,0.725762881876605,1.076863133146033
0.8115477661120749,0.7183779553552037,0.9253235259767365
0.8232493612373598,0.7088945801394342,0.872482940557063
0.8314632570430273,0.702827335366017,0.964086052619216
0.8428327823853445,0.6960659903813192,1.0662735851979697
0.8525477239939372,0.6862988660123429,0.5821052904506873
0.8564817687552214,0.6719774334987337,0.09322569094702941
0.8492449621041009,0.6548164208836693,-0.6975940226732108
0.8336802693471163,0.6462627357729949,-1.2923088519671153
0.8201613935396203,0.6462015820729251,-1.7634220518157413
0.8049462371466591,0.6485949192124753,-1.7215420847694138
0.7918819615366955,0.6477693496713534,-1.3660743581489536
0.778041933163144,0.6421272748451518,-1.0864483201416502
0.7658658979022338,0.6388401750198062,-1.3805193426666478
0.7516353418289861,0.6366324201959795,-1.4330615026258342
0.7359723817329301,0.6341745458114576,-1.3889852297828105
0.7230490892248157,0.6316564323191652,-1.360141983080146
0.7099547054555149,0.6284335857496666,-1.341551434029553
0.6963563957195192,0.62517825446876,-1.3261029715800556
0.6831121728342067,0.6207004373632581,-1.2256754873496762
0.6711406177533075,0.6170965543307262,-1.2945554822865277
0.659233392457447,0.613797117087558,-1.2861563106406848
0.6459112162401152,0.6116644836077553,-1.5057790435443992
0.6322442669056962,0.6129014732330127,-1.7691223471120359
0.6184439008495186,0.6148531314850104,-1.669467438421737
0.6042678969246524,0.6174054263320358,-1.819996019657351
0.5933122018929777,0.6236099137692618,-2.203887911411079
0.5827794279562255,0.6338970501377691,-2.4416407815627066
0.5748831547550723,0.644177406763912,-2.467933560246877
0.5649691871593208,0.6538434029603554,-2.2719728437434967
0.5545892944552587,0.6608449220658413,-2.076400481545017
0.5419770826690063,0.6671403491085166,-2.074086071930476
0.5313950918177711,0.6727282254935022,-2.0463411536182985
0.5170993170576299,0.6805663614470242,-2.0979729437585406
0.5057930514735036,0.6942105463256979,-2.7072644905826886
0.4977302450136049,0.7043885967384239,-2.300621338433442
0.489352893443563,0.7130815620910995,-2.4121201593678068
0.48086916515215555,0.7239173033355981,-2.4756713895594493
0.4709018448142819,0.732933361389738,-2.16119627541986
0.4588077375018417,0.7398113100800169,-2.037881584570451
0.4477770895229019,0.7460266290506061,-2.092115174696877
0.4361631122202804,0.7520964386384451,-2.0108410649305353
0.4248432488527678,0.7600998811405361,-2.33537656527538
0.41613201651373216,0.7684772603026291,-2.380041534839434
0.4049726715093946,0.7806391425773649,-2.408459214781339
0.3974325207115151,0.7891982243645875,-2.4285495200811535
0.3862322648133891,0.8001980204326742,-2.312946163238086
0.3741146635159715,0.8124507301448786,-2.397784549007686
0.36801846903330815,0.8205019701694596,-2.4782855921726945
0.3586582668078167,0.8287962531174323,-2.2267304433787243
0.35107071263981354,0.8381086769829139,-2.54431077523431
0.3436787748428812,0.8496177654480169,-2.596496635546844
0.33815431767080845,0.8616402287077738,-2.758879141806836
0.33086515599386357,0.8723733166805809,-2.3752603536916403
0.32317320378406406,0.8821024856965692,-2.5422150391423304
0.31780510995759204,0.8914472143590213,-2.7250664246843646
0.31094552463533465,0.9047912098027009,-2.604085652160581
0.3048044934801598,0.9167937047328977,-2.6829240684579814
0.3010180163735058,0.9271187593704361,-2.9912514014214855
0.2977899201808472,0.9416555041344752,-2.9014491090868137
0.29354040049212277,0.9511134585632671,-2.5699366366801097
0.28640081711225096,0.9634102863793077,-2.665515922355505
0.2804921032081087,0.9758104138514269,-2.6705053520278272
0.27389037136208516,0.9886197098345746,-2.684140721475614
0.2675852417446764,1.0016972155748367,-2.7145610643705766
0.26182999285315633,1.0144461369668283,-2.7271470214472293
0.25590465119039535,1.0274616065939288,-2.7064334815863362
0.2516011639671944,1.0375218752414737,-2.727220143021915
0.24620712168316405,1.0496164891304336,-2.710491652027722
0.24016686037670834,1.0628047502670441,-2.7538664439890685
0.2347401195562044,1.0756713596448397,-2.694594424093871
0.22808093165374,1.0912373193420402,-2.742351179405929
0.22252881282706324,1.1050793574839344,-2.7844555209006385
0.21725969092527816,1.1175483744480785,-2.689050990922576
0.21397483742067708,1.130770155448886,-3.083934882369104
0.215260569084802,1.1443291836565053,2.935394323097179
0.21499056817311626,1.1582972528073858,-2.935065989867759
0.21314220478642226,1.1711100670976802,-3.0684674635767326
0.20982562226858661,1.183379769504262,-2.766773852834466
0.2050756802417786,1.1962114900936507,-2.793106861588046
0.20323062578860646,1.207283256514333,-3.0514475795101528
0.20251104385903215,1.2207480944708045,-3.1168742303834653
0.20240051932422495,1.2349438892243843,-3.133629720126364
0.20189187920593626,1.2493493378797496,-3.083309810621263
0.20117755403524773,1.2627802092719405,-3.099605849983029
0.20043083285734578,1.277466500922308,-3.0716700222750926
0.1992069110213042,1.2926264524652549,-3.0460593773095677
0.19638416729333355,1.30699232414938,-2.8791887058768637
0.19232877441476232,1.3203507962968883,-2.8387488898706064
0.18792665892450644,1.3347356991826487,-2.8488409159571932
0.18409890897730438,1.3473191716212418,-2.8801796324385354
0.18061560745690897,1.3600528719336602,-2.8734686847469124
0.17418134914305533,1.3756333123620772,-2.720992144366468
0.16699028796890678,1.3917766116036248,-2.7192712352827826
0.1624601785559929,1.4009706420148451,-2.5249829042421066
0.15417194484424332,1.4147547041790998,-2.660410515519367
0.14692421507020037,1.4272548250997599,-2.596249314149569
0.14084918900597398,1.4370608658591222,-2.5422774255445533
0.13396374162070945,1.4486859866682482,-2.630863037954234
0.12870008493574195,1.4557062022440463,-2.4657051086051998
0.11995639551911291,1.468534897579139,-2.626405890816122
0.11321518972669219,1.4811009695218422,-2.710445798892683
0.1069607218918228,1.4933088690940182,-2.608996048647995
0.09897201371956438,1.5011110248290436,-2.357006988307679
0.0894097832237334,1.512426405015826,-2.4796221341721996
0.08246728596561012,1.5214889676407788,-2.4818239095884818
0.07238248936918408,1.5330171849553462,-2.385132717048364
0.0631318118741028,1.5417051887402407,-2.30247315880193
0.05395816099033916,1.5513954198873163,-2.440887749714847
0.0462325886777562,1.561146303469019,-2.507634358499848
0.03810168367770877,1.5722313376677473,-2.515954799383535
0.03087773403668303,1.582832171523037,-2.587219211744446
0.025161985466614457,1.593691963550395,-2.684829771718642
0.021237178750036823,1.604218781064674,-2.84418284362554
0.015210795353834338,1.6192570283501058,-2.7391705239137902
0.011720112101268573,1.6284995786772574,-2.818327388791039
0.005218683033357359,1.6382098317798428,-2.4602077771503064
-0.004213089004157439,1.650751642484987,-2.548538241194508
-0.009916065202236845,1.6607311178862416,-2.675230164742473
-0.018181486767238787,1.672343044156422,-2.4476582384439265
-0.02593968626284727,1.6819137597660203,-2.4322337275039887
-0.03255458176955891,1.691061019506381,-2.603829007807266
-0.03828023805550604,1.7028031128673227,-2.7083252922855987
-0.044557357694829394,1.7162106560355945,-2.7011757103983713
-0.04993743727606072,1.7308631221244395,-2.8016423627534897
-0.05410841102522488,1.7423901026928443,-2.8021578658424975
-0.05921889797933112,1.7565911331727062,-2.8158092879849983
-0.06367012767867049,1.7696539697626772,-2.783674370195545
-0.06982857226764695,1.7831846498846644,-2.6561218526528143
