-0.7028369122468205,0.5285303404672113,1.5670274077652826
-0.6894040264322948,0.5283124463599319,1.5542562969393914
-0.6751724762423496,0.5280823825773964,1.5482662924941015
-0.6613907440786584,0.527659983286652,1.5462329631399723
-0.6478436624206242,0.5270201177166134,1.51988250665574
-0.6333124669032973,0.5260935730785462,1.4986527555563616
-0.6191842783636367,0.5252062074133049,1.5110221704394629
-0.6046334516142965,0.524355907405548,1.5148125621073893
-0.5915684541484261,0.5234146558850006,1.4930451584753435
-0.5767548720890343,0.5213002320518972,1.39834084636021
-0.5624202613166995,0.5180397378195066,1.3664954349043565
-0.5490635977274041,0.5153175445726256,1.3831653141877507
-0.5352385763627651,0.5125955569266123,1.3349888057281953
-0.5213133466502331,0.5099566249838261,1.407840379237946
-0.5072074478379102,0.5071920435587272,1.359593691266741
-0.49128346410781343,0.5036998879128115,1.3583727754055446
-0.4783373616508476,0.5008506312781728,1.322017380580715
-0.4651715871401835,0.4971554303584346,1.287462505705825
-0.45181626355431886,0.4934507787240038,1.2777875096998481
-0.44020690724419176,0.48786557878609377,0.9764098972226758
-0.4293605812649473,0.48141661472340286,1.0699573026969016
-0.4160853644358624,0.47765067351581364,1.3878240224700658
-0.40301661982520304,0.47762150418799365,1.716712605498844
-0.3909373246863491,0.4780025476527312,1.466487229538131
-0.376824320633165,0.47635476835953944,1.4367691455284166
-0.36248393837230375,0.4758874405220292,1.606153583878415
-0.34900099080353836,0.47742011981133287,1.7293860063503974
-0.335148564933823,0.4783267027039378,1.5635619460494714
-0.3208814868976983,0.4789395963415828,1.6422684102413134
-0.3064159095709129,0.47906674585946807,1.5478503577140847
-0.2917701564782575,0.47856241608337363,1.5402897057964091
-0.2776051657570813,0.47801497941813575,1.525922131819669
-0.26122547840379307,0.46943856435022313,0.774766547883538
-0.2519752870587659,0.4605010032378977,0.8379617814182302
-0.24161753905992317,0.45144869060579695,0.8115801140734437
-0.22933196760009275,0.44240063064963336,0.9879275290963703
-0.21711126183753757,0.43585536919663603,1.1018550576656307
-0.20425254799507378,0.4289336750034975,1.038802512227646
-0.19775694260136278,0.42388700186682965,0.8832895865151367
-0.1864768986879179,0.4150994740315858,0.9345829034814311
-0.17454418673832248,0.40579140274194386,0.8979149876727369
-0.16115367219101442,0.39479766528245097,0.8384883147469615
-0.1509667609914153,0.3851068954853462,0.8046446995230897
-0.14063943471238124,0.37459482016884593,0.7437880305535017
-0.13186038724111876,0.3648307728809534,0.768027386576984
-0.12437670490912735,0.3553712722649887,0.6230891009984816
-0.11664194269168347,0.34362966505278586,0.5390526048961718
-0.11222282226806263,0.33393347652847155,0.3683389648782858
-0.10751058979731713,0.3224243877185231,0.40421087459149413
-0.1013706228990323,0.3121606527810539,0.6785282188739107
-0.0950280558347086,0.3012825239604397,0.403431758471266
-0.08872972805906967,0.2910880473622345,0.6075823337941587
-0.08267499925036008,0.28075594549108934,0.48115512739320476
-0.07557389242700649,0.26990478126282047,0.6119032465433093
-0.06823285480743808,0.25865785051642504,0.590815515399045
-0.06188853637063203,0.2481685318823398,0.5185172687301599
-0.055467561160287275,0.2373159443308446,0.5448382467881273
-0.04767789047240062,0.22465966389860142,0.5530372771722051
-0.03996410152324939,0.2127213298093779,0.5753251443315593
-0.03404785871909623,0.2038874310118371,0.6819812856076553
-0.027568449060070343,0.194011575032415,0.521948858467313
-0.02116224485506377,0.18052375758654177,0.3421425356129471
-0.016846338591611956,0.1690765001732405,0.41976499612463974
-0.010715181672372325,0.15618455781318638,0.4817030906421871
-0.005352222318687276,0.1438028650758568,0.3936898647148257
0.0005508490553849865,0.1342123391380969,0.6973611201613699
0.005583699004183373,0.1277513453713879,0.6501114256192763
0.013076444126379138,0.11758213383958861,0.6277349817046485
0.022677591778840895,0.1062204644146556,0.7136656918495702
0.031395386876007146,0.09642561737587185,0.7572880112878442
0.039997880731308603,0.08645739839232448,0.6981791437150132
0.04752081451965068,0.07820250021751994,0.7320596412338619
0.05652346755532346,0.07017420174302788,0.8770485183390806
0.0632620598830909,0.052800720663090515,-0.003899328927134362
0.06741734385900078,0.039151117622602385,0.5394980623887999
0.07572091249412417,0.029157010089367278,0.7945543156903999
0.08056910062930296,0.012311964614927185,-0.04668996891017538
0.07431623484123419,-0.0030387677117492684,-0.6588641597531014
0.06295322432401956,-0.011135439702666488,-1.1703949670564526
0.049262526582901506,-0.013686621167761459,-1.5643913281134947
0.0370935947729203,-0.011115421967309868,-1.9115511832619734
0.022858203997964895,-0.00235201658878669,-2.2676307878128807
0.011201701152575903,0.00554994313456583,-2.0721147909961304
-0.0009936909856959383,0.011091120725654316,-1.959846823158008
-0.015169916597916371,0.01707162773593187,-1.9698728662131872
-0.028094124692643493,0.022222363141597354,-1.9563393730118288
-0.04029753306375561,0.027550315736716142,-2.001061403589241
-0.05207236838126989,0.032405842274214246,-2.0295582258920386
-0.06585933026619341,0.03519003348478197,-1.6015270478973838
-0.0787150935032833,0.03395652343732034,-1.3937858692300311
-0.09346443784186535,0.034995191131374,-1.8090494815835572
-0.1084285248152379,0.04061857093304557,-2.0107644533185547
-0.12125346908253824,0.04672246286768767,-2.0540698942368683
-0.1308959216323324,0.05296319417915487,-2.183848096567223
-0.14127761958273843,0.06075110528076192,-2.1976669509835083
-0.15310818987806088,0.0687201824788358,-2.1517617546416745
-0.16197433701597005,0.07705029588743881,-2.4032162455988897
-0.1689000773492672,0.086641864853534,-2.5314146377999434
-0.17636384050478282,0.09925318144514371,-2.555831334979304
-0.18630605982654933,0.1090124212920891,-2.190227777400487
-0.19872713220288016,0.11668926425560351,-2.137486415223533
-0.207906796363406,0.12368813257149935,-2.3027645257578966
-0.21696076663862282,0.13200643750427069,-2.2726371064892525
-0.2239978162534914,0.13999244778625833,-2.5660667403888144
-0.23000653640661461,0.1500922443698041,-2.5787719665682496
-0.23572924188203684,0.159129529344116,-2.5890646296822792
-0.2414449341779871,0.1675471955382041,-2.542519219037835
-0.2481780723782488,0.17492608418575256,-2.4121168041858416
-0.2575833859568833,0.18566711537063246,-2.426828919356644
-0.2706290785590287,0.19994960032867032,-2.4491134264504275
-0.278303409495998,0.21038666573877113,-2.522571517755486
-0.28447234771416585,0.21804292507177217,-2.441966589382442
-0.2921414364590713,0.2290203192271832,-2.5402443987259993
-0.29848682056686654,0.23808104999468396,-2.4493857901657905
-0.3062669723230163,0.25032294753239565,-2.6241111190479818
-0.3135019631786178,0.2599403079874465,-2.4363568887427864
-0.3224874830493803,0.27319349812376786,-2.5994547776163537
-0.3312915190884263,0.2836921897350241,-2.3973621467864406
-0.3398728881764729,0.29280359913134857,-2.39810636542258
-0.3485471303549833,0.3032324720045111,-2.480337150078082
-0.35563741659836917,0.3125782372811753,-2.497180426527169
-0.36384718138624594,0.3253718086059104,-2.5889169078074947
-0.3714243238506944,0.33614077878002185,-2.5583876212040004
-0.37587865423211325,0.34395186288604485,-2.5958651519555827
-0.3816399802931749,0.3542519554139757,-2.6247829922744255
-0.3891436291307308,0.3689428543399808,-2.70407819861863
-0.39514957095466063,0.3810587720773895,-2.666586054684015
-0.4018677061588966,0.39512997563306057,-2.7356932415962465
-0.40698546524506973,0.4072852889872014,-2.7607902599182137
-0.4121558977343405,0.4200600180621798,-2.7650037596437134
-0.4178035572223408,0.43051460999520813,-2.550336127412345
-0.42515483845383806,0.44119334213996714,-2.5552859175647544
-0.4327360842151252,0.45165158898169233,-2.452256753260566
-0.4413011396721881,0.4638228803781352,-2.56270446292599
-0.4474048816008364,0.4767565417236907,-2.7783360643617274
-0.4537548491223248,0.488471062284585,-2.6071353299489517
-0.4608208219353033,0.49987969371765095,-2.556624581355682
-0.46736426878095216,0.5102930739255259,-2.6320003504801086
-0.47278996855001276,0.5215681883969451,-2.6765190297664803
-0.4792588388311759,0.5326876749571874,-2.6204006259105075
-0.4853459480635957,0.5428876215695813,-2.5910325439609774
-0.49189305397639826,0.5526696965194047,-2.518533776057241
-0.5005523090362194,0.5633617638683717,-2.3686595514383417
-0.5105355369842094,0.5740864242232797,-2.388558986153374
-0.5216711831194838,0.584605017159255,-2.2617172023350216
-0.5323056950715902,0.5934281467241249,-2.256022357330049
-0.5425245526475133,0.6003224204609645,-2.126418670761908
-0.5533781901001811,0.6072721146268916,-2.1907762269895423
-0.5638559282497736,0.6156844432067505,-2.3165648536998034
-0.5736846819012653,0.6233575395391937,-2.1952250059710345
-0.5832964324895871,0.632131691744966,-2.388984666677456
-0.5926220148014596,0.6423210172781022,-2.39826823060018
-0.6030204427040016,0.6523321699822867,-2.2954494171955804
-0.6121309761078337,0.6602496350550476,-2.3272547893303157
-0.622637341739545,0.6730814819010655,-2.525958482727466
-0.6317518317007681,0.6859445985939396,-2.5495877695160165
-0.6394239609674685,0.7001302701257499,-2.6448021608091277
-0.6445899777123153,0.709130180049427,-2.6287137511253995
-0.6493051217840509,0.7209923115761534,-2.8013621726649216
-0.6547374279445659,0.7335212291577297,-2.681719719733084
-0.6616168356353437,0.7450000398181335,-2.56931536134741
-0.6687696682382124,0.7551577452114281,-2.520774336473508
-0.6734900203796785,0.7634664626927251,-2.623410938149737
-0.6796106501001666,0.7759479899789492,-2.7485366686648445
-0.6857408801534998,0.7884876173227533,-2.6653213728283123
-0.6917582244643671,0.8015570347838374,-2.690026184018093
-0.6975374923888297,0.8101531215772284,-2.462268781790619
-0.7039216588415337,0.8218845135679057,-2.7211962726452503
-0.7091588198084546,0.8349780515042828,-2.7841682296237527
-0.7142957348976079,0.8490179674011882,-2.7273829997732384
-0.7190889842676808,0.8605478462156001,-2.806199832491124
-0.7235525438930479,0.8724848824816657,-2.7971546095613764
-0.7270223506622826,0.8825510814410084,-2.8119036001804725
-0.7333789522785972,0.893030524233072,-2.52811767493866
-0.7379525973628662,0.9007908701619632,-2.639677675729776
-0.7440454321756069,0.90838933029522,-2.441338920921804
-0.7504463585335952,0.9175222735682047,-2.5898343822763668
-0.7570598616437129,0.927291638515839,-2.4918271105121677
-0.7651409191592207,0.9375600935932331,-2.4075900981382112
-0.772274725152871,0.9479700423747996,-2.6515402706071596
-0.778848800915902,0.960315185262991,-2.645296627640488
-0.7866379487741567,0.9700231651797036,-2.3754928955481383
-0.7937655346417556,0.9791237190695011,-2.525082505423329
-0.7994241394878783,0.9916647384727946,-2.871030524783667
-0.8046026546056205,1.0043492742869953,-2.634010659191744
-0.8096741262865156,1.0146584364931142,-2.7048870405134466
-0.8140019117567493,1.0256670484563022,-2.778587656266744
-0.8190801142137281,1.0373438022337336,-2.7025530423327218
-0.8238250760235821,1.0490508827080685,-2.8137798811363606
-0.8288105255714033,1.0628026232579917,-2.759163018041524
-0.8320992762327678,1.0713296825314493,-2.765704581757393
-0.8372713825032935,1.0833596163565478,-2.708812873747341
-0.8472353009306555,1.0945398383002651,-2.224118516308915
-0.8556949672088525,1.1016673781485766,-2.2734122224266597
-0.8649228142237219,1.110835340186421,-2.3739167340521017
-0.87480620677484,1.121860135770855,-2.435760155823356
-0.8840515543449197,1.1305604300510916,-2.3636090842708954
-0.895472102360394,1.1410915060869868,-2.330785899862932
-0.9040700088697482,1.150816938051088,-2.449333534373679
-0.9100311543310567,1.1607981594150785,-2.6616548204894728
-0.9159889434956541,1.171797328231744,-2.6716177344641148
