1.0861047526074967,0.09244139322798785,1.563649385207567
1.1000886678721775,0.09219558336621901,1.5456923985420845
1.113588915968168,0.08934965025639825,1.2153205025490472
1.1268641798588828,0.08595843739401436,1.3744081847124976
1.1361902740240681,0.08309916485670009,1.2651552563495017
1.141455265683961,0.08112072134801193,1.3209873816418303
1.1481117977417055,0.07869652699582956,1.2727511840699652
1.1601664149164759,0.07388255755138778,1.1835328757809065
1.173338707311433,0.06879422329593306,1.1810731237668457
1.1839836113244047,0.06278728355720227,0.994058435730856
1.1940374356791377,0.05608130749365784,0.9937781677014625
1.205277866619474,0.04856983442174933,1.00600883319854
1.215521480432558,0.0402092557537762,0.7988821130373832
1.2245886623641322,0.03091389627120301,0.7787185843246264
1.2353180777262307,0.02036254560569734,0.7644009958623066
1.2442213432486804,0.012857550664507696,0.915634249887741
1.2551794424484233,0.005500979489698398,0.9854161300926034
1.2643060448676045,-0.0024792631294397764,0.7263220329997633
1.273124747899358,-0.011554046035577966,0.7888978388872208
1.2818454117248728,-0.02007261611809406,0.7760495288648392
1.2934739928589425,-0.029760728044844954,0.8773255721469665
1.3037927525619915,-0.03782088801723664,0.979636065062025
1.3140312073356413,-0.04494934890091786,0.9260171240961996
1.322391955211808,-0.052227249508177497,0.811235100005712
1.3310164928914439,-0.05934996098539502,0.959642442599065
1.340078942183079,-0.06853746736360777,0.6090393111408542
1.3453363121659763,-0.07843071434166633,0.4076272026202066
1.3498594343876005,-0.08926016167963065,0.41250582063713087
1.3556692690678271,-0.10260311828118683,0.42235321659636993
1.360358223004654,-0.11203412069754465,0.4244973596336781
1.3656032578512207,-0.12388543792541841,0.4160205642277225
1.371893945148827,-0.13697467230267993,0.48733141908595534
1.3793761373702544,-0.15076430345698164,0.5197818375121943
1.3866460313846198,-0.16287567192027919,0.549948643871541
1.3930097936201886,-0.17127208999353985,0.6558484783370494
1.4001888188107467,-0.1801145222637525,0.712890470843787
1.4083778651266048,-0.18881640406572714,0.7575489236357621
1.4184045468969166,-0.19938426139546794,0.7601507350507711
1.4274889200782392,-0.20871178757571893,0.7928615450167386
1.4352702562539585,-0.21769583219401767,0.6765904790887002
1.4419520298017716,-0.2234275810265628,0.9466698587022162
1.4554566042139616,-0.23430885692009257,0.8794990796654505
1.4639807821053932,-0.24256223071246885,0.7587393565729401
1.4744844395775136,-0.25189250029690946,0.8758250437214198
1.4837592257809369,-0.2604742576772553,0.8123101732031254
1.4894758982119076,-0.27560873037946587,0.011160179834650584
1.4938498629440864,-0.28863300694820143,0.5345833028654846
1.4985102439043807,-0.29872132881371555,0.3850728743047189
1.5036760469179464,-0.31308858536721107,0.39849730738444583
1.50873593261935,-0.32672312942108334,0.37452337103014416
1.5140438440861583,-0.33941148760368023,0.39692900509669493
1.5188691645681527,-0.3518855956485156,0.31552719400048584
1.5216241689458554,-0.3664102039060678,0.1020346279488984
1.5234042190184052,-0.3780202210046508,0.19277728949358033
1.5242278074823719,-0.3914450586229239,-0.023748648163008708
1.5236941557662556,-0.4055640647184918,-0.040114891768121434
1.523871394216146,-0.41953531653072396,0.04776179486696795
1.524873932929892,-0.43336768420044436,0.07696418560604522
1.5261402845858774,-0.4479259772144991,0.09044011043965205
1.5285988493037117,-0.460334828766686,0.30005939534422027
1.5318596415460266,-0.47222882465887006,0.2639984692575099
1.5351638773538057,-0.4847787121480385,0.284707989328803
1.5384412074847693,-0.49816192348248495,0.1841989277851403
1.5409432921865136,-0.5100682817108917,0.23435647414210947
1.5390605298271434,-0.5159985283836479,-0.4214531034098175
1.5316508373124758,-0.5208335924487176,-1.2013246077389026
1.521544181284566,-0.5189202416474804,-1.887029598887296
1.4996568297897972,-0.5051601763421759,-2.4825812609481366
1.4887822928509196,-0.49672252518335097,-2.030315972577318
1.4759331635300807,-0.49427534299936426,-1.6776565816044602
1.4614081427556802,-0.4960368251031675,-1.3054249022701663
1.4507456110490786,-0.5009493048024912,-1.1152341328528208
1.4388280732687013,-0.5043639615947176,-1.3063469168996127
1.424696597955355,-0.5068801526866477,-1.409485359460863
1.412940354032664,-0.507593655409091,-1.6305940795621157
1.3953795815579746,-0.5097237009304382,-1.3138641056500873
1.392803047443163,-0.5112410341451163,-1.4251419731922448
1.3927413946967415,-0.5132978966803852,-1.305358853377401
1.3924076009885695,-0.5152664124506844,-1.5343682574623014
1.3938082288145635,-0.5152758003114768,-1.5619141968550343
1.3928650645694298,-0.5125254495965497,-2.224716520258305
1.386116213340605,-0.4979461851089755,-2.524403640475013
1.382459229059849,-0.4861876838049032,-2.262663175720843
1.377834245539172,-0.48020482082072996,-2.286076635555862
1.368608545621733,-0.4713815510164216,-2.16281376346026
1.3560910702160993,-0.46609299017050293,-1.8867922951070948
1.3332709571388697,-0.45825414869451014,-1.942787838128575
1.321918625727958,-0.44923579474074243,-2.4599379924802403
1.3134188012457018,-0.43807116387010664,-2.511316065705525
1.3078538026968547,-0.4262279655417255,-2.8367128262034376
1.3053346607486105,-0.41453493816307047,-2.961523870418634
1.3010019513123747,-0.40272392311907074,-2.6454954228317007
1.2945521288186654,-0.3898229539803145,-2.7243736022417075
1.2913795039284426,-0.37487039927972415,-3.0259522902493123
1.2868213115724834,-0.3612610379068518,-2.6679236935511232
1.279468466177339,-0.35011580774527634,-2.454681138974443
1.2698921916397952,-0.3407169787829216,-2.3082538175858414
1.2596699840695567,-0.3311575721083102,-2.3189669868434435
1.2481320494270303,-0.3205144643366969,-2.306957327942468
1.2395632688328577,-0.31140060374780776,-2.39752032115593
1.2330996551854638,-0.3027588531767194,-2.5219450428203065
1.2259089382236268,-0.2938695696430708,-2.348519206325891
1.2187079371405545,-0.2885850538850743,-1.9616926378299022
1.2058888336860465,-0.28308558560188385,-2.0145587496469544
1.1913173068697962,-0.2772712510034591,-1.9702436964965047
1.178202467257646,-0.2718561662800061,-1.9498269220322417
1.168741041448498,-0.2655041171294326,-2.264176769138248
1.159950632114139,-0.2568180572375387,-2.376957941665721
1.1527494809204974,-0.24818599878001554,-2.529831945338471
1.1456080194899578,-0.24038757981279504,-2.277112948078132
1.1347576914212003,-0.2317664138497063,-2.2353816257887242
1.1297991161229646,-0.2261100379420085,-2.4693199691989944
1.1208585882314877,-0.21340286879879725,-2.5136470670071454
1.1145866193632201,-0.20160516620018767,-2.702979648942991
1.1080155126366498,-0.1898435574142811,-2.5845555515888616
1.1013421923437396,-0.1773594722901039,-2.663075593112706
1.0949440688427716,-0.16589955091251224,-2.630863904068785
1.0862600058135568,-0.15298162379374863,-2.4961439881400804
1.0787002824953065,-0.14220597132582885,-2.5132132886283847
1.072384646192544,-0.13621468761825237,-2.2713100675954854
1.0632229546956695,-0.12800017687754162,-2.3522470255122228
1.0552464857498693,-0.11805829276765972,-2.5216987226416157
1.045189389254058,-0.10526058838844563,-2.4254416401026524
1.034430142754668,-0.09565820910897566,-2.272616029900114
1.0249880955462214,-0.08642597050117717,-2.3661955893574342
1.0131404808671503,-0.07588018229557451,-2.2892335832228023
1.004875520093076,-0.06502741391466085,-2.6492417812465043
0.9979791608330276,-0.05467524812178586,-2.539180865811569
0.991475146943551,-0.04451549261037744,-2.6173444566846533
0.9839332860834095,-0.03087166564287694,-2.6169957583828563
0.9761100058357749,-0.018225993357876846,-2.5769561568545956
0.9692753074507174,-0.007526962052774014,-2.5621175111322234
0.9615338583946758,0.0041327962674576335,-2.515476940642312
0.9534727682072452,0.014451279740688504,-2.4842151510114743
0.9416964730066436,0.02409514355550255,-2.076330628056064
0.9316072997537802,0.03240911260405373,-2.4100304471636242
0.9229250942148987,0.04334182977461837,-2.4927598265695714
0.9155488435731215,0.0528385685968732,-2.5436892940281246
0.9085971061357484,0.06578859681019467,-2.689677316267507
0.9020878335658072,0.07451698905206194,-2.427624240657986
0.8926004834392112,0.08359080190471885,-2.336888556283425
0.8872083996532775,0.09077177397323136,-2.5867121842216405
0.8799323993752268,0.10230472141072551,-2.6126601907796427
0.8732398769036459,0.11332883286204398,-2.529998320274491
0.8702626233984253,0.12100445104712526,-2.823506665960173
0.8631072703470517,0.13451562472376402,-2.6332797744032272
0.8587653410755585,0.14679745108757414,-2.8391411110976392
0.8545742479224497,0.1620551786041169,-2.9110280718020456
0.8525832741730536,0.1771861537620249,-3.0669614448072213
0.8561643707173385,0.1926937373361342,2.7130640269138278
0.8632272407554163,0.20255135470895777,2.3814728021969573
0.8664272618856483,0.218070140108909,-3.039266510804256
0.8623897435520591,0.23036632703420262,-2.6900615957649605
0.8593846688410207,0.2406039423448204,-2.9247962184993384
0.8578832362058237,0.25440459168440466,-3.0885505570750365
0.8574311734607406,0.26738883890335163,-3.09770688006666
0.8569876619769617,0.28123000339399296,-3.107749762773022
0.8567724841179025,0.29571769339945786,3.1381437436263653
0.8537218586846139,0.31063557037844935,-2.7954556789503986
0.8500019970920324,0.3231849547709221,-2.895180857328094
0.8468926515299401,0.3341718886783505,-2.7827684725871764
0.8429426969934352,0.3422647184239482,-2.6261851947662986
0.8386987597151517,0.3473668870561765,-2.45968275123451
0.8328993759938031,0.3582697111036965,-2.7877891165718607
0.826336213355739,0.3723470519441165,-2.616920589630624
0.8188797242920124,0.38384949611737434,-2.495999995057093
0.813536482506598,0.39075280323572725,-2.5191819418941463
0.8046957735078827,0.4023083411661147,-2.461373665744575
0.7980054856681917,0.4128562787076772,-2.6464737831869334
0.7911469632114705,0.42549673495579066,-2.6716461245192726
0.7845391243624339,0.4425946258950357,-2.7284258166686346
0.7792607407885991,0.451883561548736,-2.5503206136190824
0.7736767214401531,0.46170814031867063,-2.645574473942073
0.7673717146664712,0.4740407520646968,-2.6593993460159213
0.7593958455669763,0.4834842456107326,-2.34882730927755
0.7517007727007063,0.4939105732797586,-2.616941885563375
0.7453733936260802,0.5088747862951724,-2.767890460486844
0.7404091821597718,0.5213870889219251,-2.762677200782395
0.7352377574230669,0.5333114814470808,-2.735800421276787
0.7299139851201132,0.5438474873540569,-2.6046821937648676
0.724416765297231,0.5535195905662672,-2.616766947314426
0.7181510314384798,0.5647297204634235,-2.611603199490419
0.7140669132641191,0.5736959232713839,-2.6543181613631424
0.706668071215825,0.5873621309837715,-2.569293996786937
0.6979525126956625,0.5995018188039319,-2.4979375442180216
0.691558321218648,0.6098621856235692,-2.6292724252120236
0.6852311075878875,0.6211120750976399,-2.6166647609094533
0.6773499526471402,0.6359571245092804,-2.6717188043393696
0.6713268955823809,0.6442410782180156,-2.4524091816581284
0.6621394017108769,0.6577762658567757,-2.6073177358511566
0.6559345108824955,0.6662527828231972,-2.406467285048027
0.653907999987466,0.6682361618177256,-2.3160840175290227
0.6468727232662298,0.678174669708258,-2.654347744688816
0.6371365968534847,0.692347576886305,-2.466819982074507
0.6311301050975275,0.6984493350642543,-2.377815712046599
0.6221749455425479,0.7084129235439474,-2.4072138521802486
0.6158875922217815,0.7165963864350492,-2.5192419865191344
0.6094564963875502,0.7276210198708487,-2.6333136514466204
0.601687035496014,0.7391592730114364,-2.4700792674972942
0.593600289618565,0.7513263602516628,-2.59534915379584
0.5855500913974307,0.764021905409937,-2.563000656567721
