-1.049589006121935,1.0245829074014177,1.567269865433363
-1.036735450662514,1.0244401534096697,1.5549816427124468
-1.0233294605676875,1.0239397399549592,1.5340277444371364
-1.009185181374618,1.0232920284920648,1.5279820780072932
-0.9953210533194925,1.0225489073123866,1.5275731217470627
-0.9814937250222452,1.0219912572680871,1.5465335772226523
-0.9669198389562756,1.0214737765832134,1.533347521281461
-0.9525643458139946,1.0207082687991582,1.5050351552894188
-0.9381399094412844,1.0197825057322285,1.5087992401950354
-0.9250870875191786,1.0188068735697962,1.4905590735476753
-0.9112244398187633,1.0177110373167975,1.5007342926441336
-0.8970240101272129,1.0162607805930068,1.4613502357987018
-0.8836973780406625,1.0142261065844478,1.4497358318230606
-0.8701465314146609,1.0123983576168218,1.4211723200215554
-0.8574770225512504,1.00920867300746,1.251651855898554
-0.8451208625147568,1.0049310209990123,1.258439504057229
-0.8303943204507134,1.0004482821217615,1.24178599784073
-0.8171289727194895,0.9938201130215051,1.0021104246511157
-0.8063547101008917,0.9865032253813353,0.9530651357661603
-0.7938441859223945,0.9812109889426502,1.2992339823451715
-0.7835167926413782,0.9752919448551466,0.8780011340649133
-0.7761842517047222,0.9656455181131448,0.5253256994262898
-0.7696250231461006,0.9596634025991203,0.9241298523413536
-0.7581037663141376,0.9495535865483075,0.7644070580839497
-0.7481659980395462,0.9390432950466596,0.7239169428179468
-0.7376020913551116,0.9285921206158513,0.7588897617207917
-0.7295509513667541,0.9197282770157609,0.7303102514615931
-0.7184266663322747,0.9100006856903639,0.9441287496070311
-0.7050428877827625,0.9041800813492229,1.3024140065362488
-0.6900665820585662,0.8957332410518192,0.888429788041427
-0.6787617160396199,0.8864741161545396,0.9087703990668871
-0.6692216525850049,0.8794206562920543,0.9617275243329876
-0.6565502169934735,0.8704213052190785,0.9690730091575595
-0.645592626459923,0.8625728130895959,0.9125607499022189
-0.6357434433639602,0.8553039234213271,0.9139902207177655
-0.6239371658578199,0.8468566815679974,0.9624249861803742
-0.611838442103215,0.8383740206257669,0.940812436372318
-0.6009428413218031,0.8299426664139314,0.8600043809191736
-0.5883056225618778,0.8191304325932344,0.8353786613045173
-0.5799012257251352,0.810750837710418,0.7830151256835529
-0.5698271921746867,0.8021106855189527,0.9478211614221399
-0.5588430607316808,0.7927631491876772,0.8094513558923422
-0.5503956091749154,0.783056905275875,0.6660455382848304
-0.542135557899093,0.7738405919838739,0.7562291474441036
-0.5316745228135557,0.7627363530448099,0.777730999194546
-0.5248526093935465,0.756342874119339,0.8623672275002949
-0.515314222330854,0.746500998782895,0.6992186209974985
-0.5096586891982711,0.7377350026887776,0.5718542151408896
-0.5012296124011317,0.724659800495398,0.574074234469824
-0.49601574884181887,0.7139676919790257,0.4102830815045041
-0.48994648878407693,0.7047859234414677,0.6915896764515047
-0.4829775857675292,0.6933587023776402,0.3971890938150798
-0.47639725531619215,0.6829908113877974,0.6300622082484636
-0.468601736511339,0.6710232607737593,0.5226148641448682
-0.4621185177947773,0.6606567231263635,0.5959434381169039
-0.4547281493751483,0.6498170808213053,0.5819346072553951
-0.44822876004724577,0.6396041379026498,0.5122417356563481
-0.44170875292073836,0.6272534302435764,0.4857392590925405
-0.43525191774644884,0.6160087871262976,0.5467589399520457
-0.42769976048568814,0.6031682663694772,0.5032647573480271
-0.41957943838418404,0.5925133061160949,0.6886796611602007
-0.4110406648020444,0.5806611884409992,0.619857391796992
-0.40412490063135953,0.5685913889362841,0.39724113978703296
-0.39844855284274344,0.5549360279894181,0.37843940745089705
-0.3931512834511668,0.5420109015437133,0.43390518867949224
-0.3862215350747155,0.5337883405654339,0.8846493480933176
-0.3745844520428931,0.524548530142148,0.8973234245055012
-0.3646657148914988,0.5154453139427401,0.7961011009685757
-0.3570955599046195,0.5049087713508593,0.5486477204661185
-0.349696999734766,0.4945027682693601,0.6615995282941225
-0.3424067532466541,0.48589975923948914,0.7284562960996062
-0.33291917397792253,0.4772925035914174,0.9129743553497662
-0.3226894481440598,0.46813041758902507,0.8207758922832378
-0.31287612598497994,0.4599175688889391,0.8870286838113529
-0.30251637884164084,0.4521620416165125,0.9225910905949964
-0.29316749383436347,0.44258257239354737,0.670574008548956
-0.2828677598869512,0.4322076768007597,0.8544160711588641
-0.27517721279454166,0.4193184200929926,0.32727396524828706
-0.27552208835738196,0.4034938864589185,-0.2524582214265001
-0.28282268695774143,0.3901308994727715,-0.6992870711831595
-0.2936015448201942,0.3782696687127949,-0.7644270622271757
-0.3018462003995466,0.3696444999225094,-0.7266624142020731
-0.3166660141064723,0.36526803421464205,-1.6023422795156246
-0.32928199115492424,0.36772370596448406,-1.8796369296688122
-0.3427118903934113,0.3721442725605771,-1.8576206367941224
-0.3541920288574502,0.37635770710561295,-1.9853560281873637
-0.367494869643315,0.38294001984946574,-2.0509464249930365
-0.37796685755465165,0.38867257371617403,-2.104054520343435
-0.39339350911522525,0.3980220650794107,-2.151988240773785
-0.4095827495241905,0.4025364082758977,-1.6403660085423313
-0.423703423068364,0.40212713238243597,-1.4830642226351285
-0.4375911748850058,0.40233915370895945,-1.6785251858868906
-0.451523673629313,0.40437527735709394,-1.748777200918048
-0.46612228566759034,0.40575355601406976,-1.5950242002726576
-0.47965604156423663,0.405497721835021,-1.521901824495863
-0.49398077808238156,0.4047802048633968,-1.5094315432838483
-0.5086614618287757,0.40770156113816763,-1.9499357486593323
-0.5170321414351784,0.4138925716570131,-2.352298264298159
-0.5278633098726297,0.4213703587789165,-2.0271794862664385
-0.5380489469861671,0.42690516901747705,-2.0576913380698825
-0.5488374093964326,0.43316115520129655,-2.187873217537613
-0.5590835623401418,0.44044466225877354,-2.235413813023761
-0.5721262753354057,0.4508699065378897,-2.3022849581488205
-0.5803880994774149,0.45932703209716236,-2.3997531050648537
-0.589724901361367,0.4704156031304605,-2.5265576704719983
-0.5998194752405657,0.48434975658116575,-2.5179856497552313
-0.6083640914688737,0.4956022093491067,-2.441406574663195
-0.6157866481401312,0.5039433335150126,-2.3942636812526708
-0.6232086998276316,0.5157937720085718,-2.6253741940451047
-0.6282686992868388,0.5242611264930098,-2.657069485074261
-0.6342223714994236,0.5354270123240578,-2.6545675421465407
-0.6422490861245185,0.5489131787039194,-2.570322166471209
-0.6496090075410014,0.5602099006713701,-2.500056409116468
-0.6562877841411469,0.5711691041589776,-2.6884171893588458
-0.663891042801802,0.5857756058076795,-2.613763695634539
-0.6696997623796946,0.5972797997864026,-2.693943753798135
-0.6734341746815256,0.6065215895932708,-2.6636908085572473
-0.6790641959272603,0.615842272071289,-2.56390123760408
-0.685880077945781,0.6248225504068375,-2.4588904338750606
-0.693655910411791,0.6346424049265532,-2.4594956706723643
-0.7035791922123444,0.6484988707828557,-2.554271115204279
-0.7138377875975693,0.6632623177143278,-2.5620153013372753
-0.7193484991248711,0.6705288987203166,-2.445209493608093
-0.7285554628525921,0.6836663848327712,-2.55529734172932
-0.7360856690405543,0.6945772074266165,-2.551715959163604
-0.7431002387566411,0.7061042249153084,-2.5756029745183513
-0.7465631003775512,0.7133074651911163,-2.7270468821369787
-0.7524939602519687,0.7267340118776472,-2.69840848684058
-0.7599257769766852,0.7436683938541123,-2.7100516598349147
-0.7662157887437829,0.7576786470220602,-2.7583320589604616
-0.7712287410952582,0.7714092609598096,-2.82584642290571
-0.776993018597434,0.7850196165369775,-2.6900158974028647
-0.782357610200047,0.795549138897655,-2.597559170374067
-0.787405767953103,0.8078612602538738,-2.827013188873404
-0.793475548337275,0.8223316230615271,-2.6835120801050705
-0.8006600531648458,0.8342753503107269,-2.6084546676943208
-0.8084294591874986,0.8502128007926892,-2.7207229576805654
-0.8144026633176756,0.862468838697728,-2.696854245870924
-0.8192654121151305,0.872469350715262,-2.63510976478833
-0.8254013401978182,0.8838180296115454,-2.664194591816886
-0.8313280396085515,0.8966912907773652,-2.7201043310028177
-0.8374546784372418,0.9083922994484604,-2.596393756739834
-0.8440855387251806,0.9217065644062467,-2.7071069856995984
-0.8505674768215223,0.9299997121247807,-2.3200228402635727
-0.8604648582329236,0.9370336262142812,-2.0562219560192747
-0.8706804937190049,0.9426099935201291,-2.0820459328156065
-0.8799080674545826,0.9478148932291485,-2.1386233042519214
-0.8895519588700235,0.9542525597240799,-2.174153105055314
-0.9012491172443069,0.9629491010628741,-2.1668084301748736
-0.9126680141565521,0.9696263508715025,-2.056705213621263
-0.9251932627517095,0.9774849341915547,-2.15976242909687
-0.93242368684594,0.9836807845989926,-2.3893135976524227
-0.9392286050115188,0.9918204335381038,-2.542881992867441
-0.9465919263204537,1.0018310977382654,-2.494999888783091
-0.954854661377112,1.013191514924329,-2.4985687272004355
-0.960936020095821,1.0214226998572802,-2.4899734142333174
-0.9699379336343311,1.0332056947467307,-2.4844157956320405
-0.9779867151264156,1.0421652186667745,-2.3755349763017866
-0.9849848389749865,1.0498204636805786,-2.434743668287743
-0.9926901922364325,1.062030127698942,-2.7071191138270674
-0.9981990456758137,1.0729225040314723,-2.6877981491474183
-1.0059919087172398,1.0847534815684383,-2.4919125239291597
-1.015191470458595,1.0981210991618249,-2.5814783639389822
-1.019892672688909,1.1087342641233102,-2.7937458654996754
-1.0237936322105392,1.1203601698061292,-2.801022684086353
-1.0273923078660916,1.1291188995158055,-2.6637405027068572
-1.0345812658110976,1.1430122904751174,-2.7163076350189272
-1.0397749703273103,1.1523241905811539,-2.5208115242585754
-1.0457486424775257,1.1638949337168227,-2.7607153379796983
-1.0498318862420122,1.1749925732973616,-2.7376723347131007
-1.0554213332662934,1.1889813774132942,-2.804738436988333
-1.0601554818047303,1.2019240840567775,-2.819507688744974
-1.0642794344354196,1.2149841548815326,-2.820826843414577
-1.0696946731759942,1.2293540947931185,-2.7429412923322625
-1.0763246968525753,1.2426067810700439,-2.6332409644815136
-1.084056076561116,1.2573927005707897,-2.672408037990249
-1.0894879657323693,1.2658290162849692,-2.5361060289620756
-1.0982488992053203,1.2798152787480026,-2.5470047563864444
-1.1056257613219895,1.292221053555446,-2.6101882809596044
-1.113983660238754,1.3055981823522091,-2.5336478600796677
-1.1196010326771053,1.3160066292646904,-2.7122864468637817
-1.1246425067899966,1.3269224126242694,-2.6652933795412608
-1.132203855401247,1.3381824342237618,-2.4357449931267667
-1.1395169662795301,1.3445841450822493,-2.2766670127622426
-1.1471113445681207,1.3534874872999836,-2.5630111828002446
-1.1552452876874169,1.3676156303614149,-2.6710573459352323
-1.1608585858590235,1.3791538764251288,-2.665583977488269
-1.1651016740892182,1.3876857156261335,-2.6998422870274603
-1.170151625572606,1.3966530675902502,-2.6133144662976595
-1.1762461161248778,1.4080944900790942,-2.682290207276137
-1.1827076434756385,1.4213470585200167,-2.6216513663461907
-1.1887379122670185,1.4331794940204334,-2.694095994146272
-1.195506998229748,1.4474748905527839,-2.6999131187804672
-1.2017984183669248,1.4604194583081396,-2.7228138948039105
-1.2075239693838122,1.4708803100364054,-2.5894850967963685
-1.2123806829575878,1.4791736328083853,-2.609762493164107
-1.2205994657568218,1.4902524704316686,-2.4521438853805826
-1.2291262497087099,1.5020444694993025,-2.5949654453617463
-1.2374982118235658,1.5143074393314002,-2.5100774482320793
-1.2434864817250786,1.5248193697946573,-2.6380975297037086
-1.2485810899352385,1.5361877328851459,-2.7674763496649493
