-0.0704549751248202,-1.2711900468482822,1.6073640571019925
-0.05672902922017985,-1.2706772525674028,1.6099200142144567
-0.04286301429269523,-1.2704791615786701,1.5790592852082208
-0.028763637162957163,-1.2702664313702063,1.603838392942128
-0.015267069716874438,-1.2703694629427302,1.54207641958414
-0.00058229747709024,-1.2709352296173417,1.5258398694153388
0.013728204675492583,-1.2712046683945715,1.564927045779986
0.02779354335185279,-1.2715218860359265,1.5369092090836571
0.04164006176324608,-1.2721779321160263,1.5304260522249455
0.05429741923735842,-1.2730191873719616,1.5084654936150832
0.06752776801070966,-1.2739880675912505,1.5088276773769487
0.08147841659211978,-1.2749759787245347,1.4669635844221822
0.09440084081767477,-1.2763253952453468,1.430593468866977
0.10644847583362488,-1.2779371640020631,1.4371987235371393
0.12032584782583124,-1.2797905666973357,1.409027399458244
0.13441348999279928,-1.2817726811932986,1.4334019354520366
0.1499384895687757,-1.284817259819636,1.362246159339733
0.16247636489419734,-1.2868669341512298,1.417023841619451
0.17576710853188549,-1.2888400505828645,1.4095638774684203
0.18863375574852234,-1.2908949341182434,1.41927762978057
0.20194324850474163,-1.293602767972488,1.356256808193203
0.213811209384988,-1.2973549024190776,1.2244321567557612
0.22459090120285669,-1.3050621231180766,0.8083359773616732
0.23305625053976783,-1.314980879729293,0.6695623649964705
0.2404401745029121,-1.3227904999892646,0.8219483302947
0.25092696104509393,-1.3319516388453658,0.845564141112089
0.26346664261513464,-1.3413166812290647,0.9999456186956457
0.27461744897237894,-1.3476597351367807,1.0506054814256558
0.28367664893743727,-1.3524271202159253,1.020274378878482
0.2940433863100689,-1.3573133584344321,1.1645237441038327
0.3070306707768635,-1.363546502458448,1.0923169188143091
0.32302382162687754,-1.3740446077406459,0.8912209856244375
0.33604415947831995,-1.382403910799239,1.058238469849753
0.34644418774641994,-1.3887902016586406,0.9399176809121106
0.35893506006041476,-1.3996283965874365,0.8308723624377256
0.3728147198173465,-1.4104256591379536,0.9405128298914575
0.37916420554931635,-1.4156187551639814,0.795479401056997
0.3896526564978105,-1.4260214478791653,0.8381853677205254
0.3976948680159635,-1.4338537553311779,0.7295068214866656
0.40598287947483735,-1.443107473730492,0.7741762968708525
0.41247922282407434,-1.4518592446460423,0.5717466366820068
0.42095828337770663,-1.4628928862096173,0.6826511197846513
0.4290423350748491,-1.4728328428506776,0.7224142557030945
0.43816313582262895,-1.4830503099562506,0.7501920496006227
0.44427906567189424,-1.491860863400657,0.5682153381739733
0.45120969901361047,-1.5036100528042213,0.5357771815285083
0.4580363510809718,-1.5122629230573361,0.754267669844083
0.4648185179325003,-1.519285469719673,0.8001988982809407
0.47489620657019344,-1.5289585762731912,0.8397806704723386
0.481671483591627,-1.5378914539456887,0.573763212086239
0.4872640375578758,-1.548052687230764,0.45188510463653675
0.4937449519326096,-1.5610704528491621,0.5216384825440025
0.5007633169096546,-1.5732093849711566,0.5092591576684938
0.5066128963658064,-1.5842151047692836,0.4957612102596404
0.5136526736012396,-1.5984516081091467,0.48670418999003306
0.5187954880143394,-1.6072268573905957,0.6099315262508037
0.5275497542767084,-1.6173912076616863,0.8110059751601082
0.5370546055502405,-1.6267010436831815,0.7770470998434877
0.5463782991854471,-1.6388263031944295,0.585999285804256
0.5531714474098824,-1.64820135621621,0.635977102906525
0.5571904416331779,-1.6630136318725135,0.05066162673034725
0.5485101134942807,-1.6807335241037114,-0.8284667567975178
0.5394445897049059,-1.6895111310501436,-0.8029486685918721
0.5242064016076986,-1.6965557036366405,-1.4004012913742274
0.5120586170905926,-1.6996257060074633,-1.2014491271560648
0.5022022113430923,-1.7052975981942107,-0.9548083953859856
0.48667002207933185,-1.7102076169780627,-1.544805322034291
0.47412209749601664,-1.7077146468479663,-1.9319697100355424
0.4609267350120955,-1.7073634521446401,-1.4279470041337088
0.44824373871763307,-1.7087112584400004,-1.4731644705175222
0.4332262060535409,-1.7060318328148871,-1.9157930774709246
0.4207978531071896,-1.702065320451978,-1.8104118277681773
0.4076264356060176,-1.6935977726203675,-2.3898045725284107
0.3996058070323318,-1.6853025392916694,-2.369611703510638
0.39178077505173,-1.6766523601585441,-2.5087722922041236
0.3848182424089117,-1.6669968368847201,-2.569036858913333
0.37711191922103615,-1.658382087114424,-2.3423484144661995
0.3669032478696441,-1.647685029773241,-2.4033911461331368
0.36157073502401466,-1.639972690040417,-2.6299250629583715
0.3514158734171995,-1.6256589037637135,-2.5197552773803022
0.3415745012956383,-1.612068362741227,-2.503931608738396
0.33035807449922866,-1.604613884220812,-1.9592628209041316
0.31786818862161575,-1.6034503572491314,-1.5083578707553025
0.303850395895541,-1.604623070324336,-1.46881361330457
0.2901999269020958,-1.606187333994872,-1.4399112554879572
0.2767753281412895,-1.6047950602676344,-1.8270085452432308
0.266167967901309,-1.6019220866231665,-1.8169021436189705
0.25251052253837025,-1.5995744417978122,-1.7856864155329475
0.23992432717399365,-1.5962448833534724,-1.8156717415243822
0.22953758932914506,-1.592211500951088,-1.9779095757569023
0.2175988506638637,-1.5882305001556183,-1.894290624364167
0.2069313827443753,-1.5839732101541606,-1.9981560717162499
0.193770319659984,-1.5777689164732314,-1.978930318730378
0.1797569714911104,-1.5722492686099003,-1.9230406158817646
0.16933677325588223,-1.5662135167233342,-2.2180176564758476
0.1611986203465304,-1.5601704108497025,-2.1635275331420933
0.14771039469153638,-1.5523520025240611,-1.9927149438600218
0.13594501733566294,-1.5448791792411338,-2.285026406862047
0.12765128931676897,-1.5363038648013596,-2.429891995329204
0.1196857325074938,-1.5251933395519406,-2.515161486704579
0.11187019196141107,-1.5143014029302027,-2.4705886796819025
0.10254769436351874,-1.50332300941696,-2.4358474913274497
0.09240345124639261,-1.495289527224614,-2.13331537940883
0.07908057061098162,-1.48824981084641,-2.027668600559952
0.06858054411162207,-1.4821573015683147,-2.082550784331607
0.05834676845066073,-1.474699602753185,-2.3001209363790287
0.05124506480091721,-1.4690695508783316,-2.2714737579278776
0.040295557084861905,-1.4586199708505887,-2.34994414280971
0.03114590534101351,-1.4507064240906407,-2.319178039507316
0.022186123956244416,-1.4418120768672988,-2.3499944449270975
0.012603984770442419,-1.4329480103531667,-2.321431126332324
0.0026937458310662015,-1.4229546535439914,-2.399981156135657
-0.00471681755944259,-1.4126049811505699,-2.5910387392241896
-0.009532942081203722,-1.405852776742503,-2.5153018227903874
-0.017888885693032,-1.3944659285181091,-2.486537699075372
-0.02642752692840294,-1.3817010440362645,-2.541955882639552
-0.03363791767041856,-1.3697766396788351,-2.624436360010642
-0.04147852904383129,-1.357441775478732,-2.5451514712838783
-0.048363723690501695,-1.3480346415473194,-2.525953010647178
-0.056886485283937485,-1.3359162537231997,-2.509910321672793
-0.06326076987927925,-1.327096840428566,-2.4643870472644793
-0.07256003506817202,-1.3149753747914226,-2.468090074994456
-0.07859473817239006,-1.308006218492288,-2.395754654123111
-0.08639698926744886,-1.2993703640528371,-2.443569430580512
-0.09280343321554392,-1.2909533595353953,-2.449791176152035
-0.10143400299699824,-1.2815735500660168,-2.387742521403547
-0.11318296687983051,-1.267796460587385,-2.4412745922595622
-0.12034662343172364,-1.2597447532572357,-2.3887024185055945
-0.12843276495510117,-1.2507973771130902,-2.4179840197135665
-0.1347304358921004,-1.2443996162580848,-2.2829532073062007
-0.14371587948196693,-1.23548424400332,-2.3798295489532366
-0.15172104132709371,-1.2274109498038994,-2.2498122006201537
-0.15990243870572265,-1.2195588757559717,-2.3514892187286276
-0.170646065416662,-1.2091301786156143,-2.344194741052633
-0.17866745063305597,-1.1996126015476876,-2.5022224611881887
-0.18704124726868523,-1.1882378928147543,-2.462426971468798
-0.19432229226967462,-1.1784425568621326,-2.5104674183464804
-0.2011134115374036,-1.1691429711313106,-2.4987940243052793
-0.20708994988192822,-1.159399450582179,-2.5887466980771197
-0.21307291972721423,-1.1518151537279784,-2.3863313212796204
-0.22146921201963862,-1.1427148924180437,-2.3687559966740714
-0.23315257012491108,-1.1295574155446795,-2.4331694948112292
-0.24074664939018525,-1.1191805041259093,-2.584785534382563
-0.24604721532162302,-1.1095808881537428,-2.676932131620852
-0.2520768177753409,-1.0997193710402808,-2.55864161775904
-0.2584097297194621,-1.089987450188986,-2.5269676584478185
-0.2650559943598313,-1.0786747026746955,-2.64505217677314
-0.27026444977907305,-1.0678143892198542,-2.693378734974478
-0.2760848056313446,-1.055805014959,-2.6975042797247246
-0.2823633450594755,-1.042310760634889,-2.6948457033681703
-0.2892232972130186,-1.0271770959518736,-2.719962966083783
-0.29577137646092916,-1.0135844647932424,-2.666416989248849
-0.3023045476885697,-1.0011630128600604,-2.669814276559827
-0.30990731825883167,-0.9875539982559168,-2.5622590514813304
-0.3184117435270193,-0.9763471093367295,-2.3905232172137656
-0.3246577987921935,-0.9669876818160464,-2.605990559215767
-0.33174438168570347,-0.954733244137818,-2.6401109659141184
-0.3373005685789592,-0.9417561221112747,-2.778778768285132
-0.3438709377312225,-0.9278792324388215,-2.697508870749744
-0.349516195370756,-0.9177601943035485,-2.584300741088188
-0.358485981471086,-0.9056630287172643,-2.419960669163097
-0.3673480838870048,-0.8947514088719634,-2.3704636801365626
-0.3736955944075239,-0.8878535760902486,-2.46908589278281
-0.38063237371965075,-0.8777240116693429,-2.532016934618234
-0.3875276334996401,-0.8679996850810566,-2.5043030089496825
-0.39454558559562675,-0.8566459072808934,-2.638301692296609
-0.4020948471668968,-0.8447835990517797,-2.571716045975162
-0.40743116739535185,-0.8358537152330007,-2.693708034952069
-0.41563551470564547,-0.8199593895123546,-2.6518194345525954
-0.4223148621121153,-0.8084627816443971,-2.5544429454719637
-0.4308197759666122,-0.7992706287867645,-2.326637785577464
-0.4390362277495677,-0.7888955532052119,-2.5951185217257433
-0.4464129487933186,-0.7784132817439272,-2.499547325454792
-0.45287514856831534,-0.7695054686412456,-2.5139259416309234
-0.4596604417297479,-0.7585896367084694,-2.6165671083282485
-0.4658037287750302,-0.7476700211186876,-2.6656492826605582
-0.47067802945120535,-0.7361175119001896,-2.7164697746791275
-0.47665134843588836,-0.721725194146339,-2.7793005529404655
-0.4841131278548859,-0.7053854930923819,-2.6969674488817534
-0.49073010018189755,-0.6912710339995938,-2.7000272329553274
-0.49862089920002545,-0.6783184354048213,-2.5216487194170507
-0.5055416879270054,-0.6678985237370152,-2.5078716131181027
-0.509913832439741,-0.6595080123474188,-2.6996893933528483
-0.5160101811924586,-0.6470563787507226,-2.668569183641243
-0.5203155084427596,-0.6352671580324883,-2.7888958791071308
-0.5255460568498475,-0.6217970012543633,-2.7398421903230212
-0.5308717838633795,-0.6108228108775812,-2.6244228340663702
-0.5378215623859955,-0.5976025919990077,-2.6301951811679354
-0.5444620744984471,-0.5870962048849918,-2.536535754163833
-0.5502407750704899,-0.5783222329829368,-2.5729172762236256
-0.5585377850129567,-0.5656056101122512,-2.540249227728051
-0.5662866032737816,-0.5537741900634707,-2.5527557403388528
-0.5737087178325256,-0.5469168925196061,-2.228096070683692
-0.5857051944431825,-0.5373199992661212,-2.296489896788175
-0.5942917881424141,-0.5290945443562494,-2.4049980191373086
-0.6006149070172571,-0.5192026113876302,-2.652559395820859
-0.6065548959959866,-0.508303130849137,-2.632334005628799
-0.6128541576765393,-0.49692648481428936,-2.5852245904301467
-0.6201636841866892,-0.48514574861574744,-2.594129236632454
-0.6272612222567551,-0.4713307619467207,-2.6975638748355855
-0.6330438159108713,-0.46105783820591006,-2.51382879667819
