-1.2974327489677726,0.4698421076162786,1.5669832877102678
-1.283956740126558,0.4698559504130806,1.5761817732414376
-1.2701784533111755,0.470087609862229,1.6024311759687269
-1.256978795593084,0.470372155577959,1.5930306316150287
-1.2428600464066675,0.4707428199283237,1.603532720428733
-1.2282368852009509,0.47097726448264793,1.572968510038584
-1.2141900806311623,0.4705541410985435,1.5301738997447578
-1.1998487243200593,0.47002830085434155,1.5343615737089062
-1.186157811162189,0.46946448582385025,1.5349821392863876
-1.1717483007303022,0.468835252203699,1.5071419750936976
-1.1575935139436764,0.4666257909626933,1.3488798092823193
-1.1443005337951029,0.4646577907324023,1.4710842513307485
-1.1296354252136975,0.46208322656588924,1.341905806144893
-1.1149964785923399,0.45934961194527457,1.3887057289003022
-1.1014549348194687,0.45682671461734703,1.3547387165329186
-1.0887216031790403,0.4539851034404744,1.338511661036127
-1.0734585468150317,0.4496619854660543,1.2854045784958124
-1.0610246463075632,0.446286494181492,1.3042881164023044
-1.0479350341166096,0.4433365886312349,1.3443165310730487
-1.0353107863942999,0.43837974395031365,1.0497556917087483
-1.0227001920808556,0.43208120456484744,1.1858273741427805
-1.0117033052229891,0.42609080807328203,1.0099526988844532
-0.9998899665427805,0.41563823871413297,0.7438682827616703
-0.9896593855332941,0.4051759747423625,0.8177109490024871
-0.9797231221211227,0.3958115817483008,0.7582317625086538
-0.971730880911165,0.3862009017151766,0.6791709692747463
-0.9571055065742268,0.3755469071246586,1.0901318237668591
-0.9441040668357165,0.37026609385987125,1.2251913960105667
-0.932745905818269,0.3671072177559661,1.3352309746159288
-0.9193125121408544,0.36419566830025807,1.354525713745383
-0.9059181633239208,0.36094637668947804,1.342375971108322
-0.8932817321426036,0.3580403515563013,1.3323024377720647
-0.880911709333635,0.35440426674564424,1.2428734038960334
-0.8677945126198067,0.3487741834430601,1.1574899661796918
-0.8548099791587225,0.34355021320663853,1.2044409379959498
-0.8424051269322189,0.3392335762960057,1.2694447005481322
-0.8294247291863406,0.33438860574915685,1.1829239446832795
-0.8209461357491088,0.32910811625315073,0.9093196520731978
-0.8107809484513705,0.3227934802138622,1.0621304447422908
-0.7985637848194709,0.3150764442532936,0.9433633591623953
-0.7877652634604712,0.30849583957529114,1.068718609817096
-0.7763655918943813,0.30125045575021175,0.9197936989855223
-0.7681060656897674,0.2947299476547511,0.9388609369796266
-0.7569299998508131,0.28495584932212664,0.8073017354480178
-0.7472972504757216,0.2746810781499364,0.7424737364183988
-0.7407226587487332,0.26777425332095256,0.8060050271396947
-0.7350634247575558,0.26109787401246565,0.6835807776402038
-0.7232863570303018,0.2447460517488293,0.5487163527208411
-0.717233746452678,0.23646458779089605,0.7316642314461855
-0.7079612590706049,0.22657703631955436,0.7337743523446693
-0.6985282062519672,0.21578497861257034,0.7156787199399541
-0.689351404733673,0.20612008965248038,0.8049593000202405
-0.680842426285173,0.19626518786197789,0.6782644135696241
-0.6724385850104799,0.1863134441674689,0.7240235167036038
-0.6619847127735927,0.17420220710468634,0.6227805339463761
-0.652206305086446,0.16010497336814794,0.5779409618625784
-0.6436290962506789,0.14749805897873633,0.6045903695197417
-0.6363809055108058,0.13658112071345177,0.5852661775532174
-0.6308079109090263,0.13045278363664137,0.7530432853673553
-0.6220196362098969,0.11981648066057139,0.7098693820925035
-0.6130173163008065,0.10906128412970381,0.7017339050544229
-0.60628057570772,0.09933277120155748,0.5756782506618912
-0.5994458980898568,0.08727589996848356,0.4939091654529759
-0.592575718125405,0.07612030847252654,0.5873584465571229
-0.5865245116478287,0.06790961498268282,0.6167562251969863
-0.5789157983929245,0.05592169864324651,0.5495750780158869
-0.5744153447557491,0.04860134054471599,0.6074952718651969
-0.5680239576663503,0.0393224946979485,0.6546417575226814
-0.5597574759552879,0.02877208626927475,0.6421525896641764
-0.5520004636773637,0.017301976309269357,0.5996533969292162
-0.5455542012782904,0.00786603409423098,0.5860457872625764
-0.5396725260112003,-0.0009331894048756942,0.5813839322073667
-0.5323488477885188,-0.012862352067773327,0.5534416112459579
-0.5288482353072362,-0.02677681573484027,0.0855473765647051
-0.532887764166765,-0.04152897230141046,-0.5343354354817375
-0.5401258497338806,-0.053669312588319126,-0.49098900044905014
-0.5501115132235183,-0.06556392717303433,-0.8018598949478004
-0.5575068024526951,-0.07720908689647903,-0.410451359742921
-0.5669834932328289,-0.08803939863096377,-0.982026253372241
-0.576030532866693,-0.09598509784352298,-0.7546342438569783
-0.5846702852281526,-0.10479510510842363,-0.7602364915726076
-0.5981787384757042,-0.11178846515267772,-1.3001998543867188
-0.6093926421593558,-0.11765404025458549,-0.93927813360661
-0.6195941499420914,-0.1235861844475083,-1.0689863250146767
-0.6302453035624529,-0.12959466373248302,-0.9776289862132763
-0.6376518057979876,-0.13460045911714313,-0.9874703904834146
-0.6496132371481276,-0.13854616123703517,-1.431793945500322
-0.6632528636530022,-0.14253041848024786,-1.1916401957742466
-0.6759088378912665,-0.14704279199770615,-1.2653277786888575
-0.6897303641823069,-0.15203822642165715,-1.217781332235532
-0.7029489159842797,-0.15731635477157416,-1.2209027150352556
-0.7180992462538972,-0.1579896069456447,-1.7111238056013307
-0.7288023428687345,-0.15437715983942846,-1.9439697704666312
-0.7402901842985995,-0.1532460443041081,-1.5436060034100645
-0.7538844392213292,-0.15379060576480236,-1.5126389837353273
-0.768092926827073,-0.15420118023809012,-1.547650841004393
-0.7833200741434541,-0.1507382134915389,-1.9436100054500796
-0.79008465177995,-0.14783374430900806,-1.9533441695136067
-0.8039992415337467,-0.14206463339217404,-1.920327038187981
-0.8157387945057406,-0.13660843955894197,-2.042066376287456
-0.8274088086380598,-0.1288101986633855,-2.2802560367168594
-0.8390819670426505,-0.12253766349140535,-1.934808629221839
-0.8487345513452907,-0.11789048383588864,-2.069556432243974
-0.8631880426277198,-0.11075633758217278,-2.0104164514572656
-0.8727597470112828,-0.10351381303338696,-2.307081581501807
-0.8817010200495122,-0.0939953588469587,-2.434776650805273
-0.88996258603619,-0.0825070613670048,-2.5505008977346746
-0.8974411875823818,-0.07199386290764474,-2.548198452076103
-0.905511643448655,-0.060931635266649506,-2.4486212906389073
-0.9132503182029978,-0.050169506340995804,-2.5733660678045105
-0.9195790882833897,-0.0400863821606769,-2.460496229877828
-0.9268053881257535,-0.0314920475433933,-2.405373606410328
-0.9360536212629015,-0.021790108220425722,-2.3580927170927968
-0.9435008548173219,-0.011526089651878305,-2.6498170987659933
-0.9502467597941041,8.622289919438879e-05,-2.584770757813491
-0.9552133758868692,0.008273225646108027,-2.5902737824185964
-0.9618653848464621,0.015282897342489894,-2.3700762307016654
-0.9705541802289522,0.023729604515511343,-2.3729339132102463
-0.9798049125926487,0.03171102712905597,-2.2355375975940266
-0.9911776199160119,0.03870712861003964,-2.0886366671248804
-1.000291104072264,0.0439765736159286,-2.1038567712955984
-1.0073271537082535,0.052406422612131305,-2.5463580351330015
-1.0146340098708677,0.0626571673233927,-2.5859607802518756
-1.0231659058784062,0.07482096356854465,-2.434621232089263
-1.030711768009343,0.08580366427580806,-2.5610419205250725
-1.0386901656301335,0.09759640637096528,-2.545235384892642
-1.0476058888817799,0.11054090641838599,-2.507147115700263
-1.0533784478133876,0.12136469324210944,-2.6714955240419576
-1.060918055200912,0.1349779670348939,-2.631219019404842
-1.0674409139690277,0.1477508447016902,-2.611630279701529
-1.074355373159583,0.15715467711951278,-2.4133627964271205
-1.0829073839478054,0.16884941407224172,-2.57934240971377
-1.0927517334517802,0.1817208299549729,-2.424467818815864
-1.1021506028375672,0.19307818809655844,-2.486955461218768
-1.1116800889513712,0.2038904031840706,-2.364246368144619
-1.122749346689369,0.21246506439113125,-2.188999012739146
-1.1336898736611967,0.2236903522336913,-2.5159090743265113
-1.1396047952130752,0.23333945085225608,-2.559856420238729
-1.147563288211598,0.246066721364177,-2.5825222537127446
-1.1548989872785522,0.258078806956169,-2.6126513866981673
-1.1620772212152586,0.27055401422367414,-2.622972369560283
-1.1704809746089393,0.2858530426030142,-2.711244190484006
-1.1759578509797368,0.29736223095113845,-2.6559212773647793
-1.1842529809924716,0.31121892003523516,-2.6141381337923004
-1.1914145575014474,0.3236306208404893,-2.610214926729905
-1.1964787804547723,0.33196174998299405,-2.5553622462183627
-1.2008621570798639,0.34012224093641213,-2.715898843176401
-1.2040550931196337,0.34983421423229066,-2.8105984535289776
-1.2098878392173678,0.363734444988438,-2.636640125739356
-1.2172617972748705,0.3722707795288919,-2.3352085462745715
-1.2291802623992092,0.3831177203070429,-2.2969150813210923
-1.2376988235641948,0.3913299647049536,-2.325698489424458
-1.2494401995158648,0.40321470343983107,-2.3947107249526662
-1.2603818540025618,0.41474544511556327,-2.355333515281793
-1.2678617748342738,0.42378246576702666,-2.479818425234601
-1.274305828014283,0.4315764208933811,-2.420030361844496
-1.2826670281765022,0.44127738453288845,-2.4304361092519318
-1.2910364327956274,0.4518968298383925,-2.486522252464605
-1.300156992967826,0.4639854760722057,-2.4802992328118934
-1.309308086256297,0.47583864522345104,-2.530467020962585
-1.313425054349973,0.4833972944767957,-2.7079883871883808
-1.3202256559681962,0.495010176529081,-2.518512938730236
-1.3247681212891778,0.5044022291535275,-2.682260809693731
-1.330475530352019,0.5160417389620284,-2.6821370734833514
-1.3360286284563125,0.528768236424042,-2.6976666704645544
-1.3429742906363422,0.541634522965138,-2.6417091147306615
-1.350617534103614,0.5573053793655028,-2.745689615759388
-1.3553800292412237,0.569586723554652,-2.7852658538963806
-1.3597745935477574,0.5817040616577297,-2.743536374807394
-1.3644202612118428,0.5938388068790611,-2.7366306551813886
-1.3700086260091986,0.6054897328056207,-2.660553826605949
-1.3757605214314799,0.6165658840678997,-2.6672520225493783
-1.3803476181384209,0.6269104178931303,-2.760135550726502
-1.3856642748495673,0.6385788652904935,-2.6503450364226464
-1.392969500217893,0.6528835113343933,-2.671771092324593
-1.40009294866765,0.6634912688058142,-2.432269608735782
-1.4093423982951439,0.6717987408464142,-2.2471656007135135
-1.4210290487286799,0.6816265496919313,-2.308049774197709
-1.4290959303774566,0.6875523403628883,-2.151597561133064
-1.4396164310216464,0.694330896583326,-2.123430977710224
-1.4488793368911361,0.7008365409903787,-2.2798247066902215
-1.4588837930050127,0.711512966170069,-2.4688948329489224
-1.4645610802261215,0.7214864941253147,-2.6690204235240165
-1.470376438135629,0.7326142995373994,-2.6155672309567994
-1.4778471765090968,0.7436948794445508,-2.516543310006707
-1.4886511017420792,0.7565808976809011,-2.369407572633581
-1.4949064921020419,0.7643753422972804,-2.5217343735159807
-1.5028779123844727,0.7759830730635846,-2.546333637193458
-1.508025709273754,0.7830348573233655,-2.400509176076426
-1.517519530809257,0.7942929949244484,-2.3510700564393705
-1.5240647430275125,0.8031284046318266,-2.6070113015945378
-1.531020794729596,0.8140896898443042,-2.5422186837618126
-1.5384138453365652,0.8262680463925228,-2.621118738801019
-1.545354820899721,0.837690278766481,-2.635813983022693
-1.5532065338487373,0.8509708091151178,-2.5993167233996024
-1.5605284281858944,0.8645159147166515,-2.65220046732658
-1.5678670516856492,0.8789044273607548,-2.6972793900711243
-1.5750671552291258,0.8902055502520335,-2.468347410856696
-1.5835366600664873,0.9008087303893155,-2.4916391834503213
-1.5898166609524118,0.9086938143432917,-2.425240309780841
-1.5969567269645806,0.9183735870935326,-2.5332717087240764
