-1.1761153721442523,-0.5722470722173849,1.614524626184406
-1.1629995756223694,-0.5717009535209883,1.6148832368834434
-1.1492007860541098,-0.5714582833992052,1.5805589944849674
-1.1357200372263625,-0.5710895836411517,1.602593409681725
-1.1218269029051189,-0.5706455617459284,1.6165048203958903
-1.1068909187272997,-0.5700786295269475,1.618334489780715
-1.093424763201196,-0.5694901870661793,1.6069865002275108
-1.0787561065444993,-0.5695484552060519,1.547649776719931
-1.0644239812538645,-0.5700090396668626,1.5343950613076347
-1.0506699740095615,-0.5704728909440774,1.5454681673815285
-1.0366826945429084,-0.5710151374598909,1.5303847078786024
-1.021873951228101,-0.5718089861451132,1.5034889408683099
-1.0074791619025136,-0.5725411079029934,1.5414265567678491
-0.9930470490871258,-0.5730191532020366,1.5278743540136397
-0.979180825857902,-0.5737169387421717,1.5368846774698237
-0.9656148118765161,-0.5747382923454137,1.4649885601686106
-0.950664982688767,-0.5761951030596653,1.4663643947698242
-0.9367691112273555,-0.5774615843037961,1.4664093522025483
-0.9231886402971382,-0.5769321269390969,1.6828253513706564
-0.9091632694833938,-0.5736821610324492,1.9019179304340261
-0.8969431967879022,-0.5687449863290422,1.9976155511674625
-0.8811817012222527,-0.5674816397967211,1.4277118974959426
-0.8686765054520775,-0.5718402619891635,1.077883503519839
-0.8574757691133665,-0.5765112785719669,1.1920442602856431
-0.8452520386455703,-0.5791985402646241,1.4392564930386837
-0.8318940437315706,-0.5827968965194049,1.2294367307901022
-0.8215242126650891,-0.5875159070105382,1.1201362591588004
-0.8080598372492421,-0.5932247595091265,1.2183967863573635
-0.7967084253772047,-0.5990935855893509,0.99852991355645
-0.7849917681829666,-0.6052349539205845,1.1615963445856323
-0.7736574051044205,-0.6110272579266739,1.0362441771540947
-0.7625945227385947,-0.6174334083179057,1.0550681243869415
-0.7490098227380552,-0.6265568341821383,0.9819819130631829
-0.7347321510896895,-0.6346079285951596,1.0669038055159616
-0.7245526066001282,-0.6415897500974065,0.9606963627120215
-0.7124054388706464,-0.6500802277676533,0.9282432797804792
-0.7012868590116299,-0.657866320736615,0.9672737294519607
-0.6915080879690512,-0.6653401348002467,0.8851849717194215
-0.6797204535135073,-0.6744573110684831,0.9160109131745925
-0.6748996199776385,-0.6784880060066198,0.8639588202510455
-0.6654794962965,-0.6844141331112029,0.9937440965571441
-0.6556758023850844,-0.6903995067652499,1.026105339934322
-0.6454614610117523,-0.6966511258669681,0.9370751123497428
-0.6371097098669296,-0.7029834835588242,0.8711002927265765
-0.6263344432506868,-0.7117379599312985,0.8790058251752346
-0.617826822943718,-0.7200267341788784,0.7884868461012212
-0.6072731060000159,-0.7289313936836377,0.8429353201021451
-0.5975004039169123,-0.7373827363144552,0.8313766640118259
-0.5875476219132795,-0.7471420151660888,0.7973943537350155
-0.5791761282553781,-0.7536963394174223,0.8726926282873034
-0.5737935998876735,-0.7594712097996652,0.800418530085125
-0.5628972708894373,-0.7699722240880843,0.8531997456616444
-0.5565082758874121,-0.774200194469281,1.019499377128252
-0.5477870417324178,-0.7812583393990412,0.8166020723562244
-0.5377393438345902,-0.7937329691509354,0.546752070163933
-0.5319117971765653,-0.7996251664704868,0.8033142714881231
-0.5205264888275867,-0.8105904975180583,0.7952512486466977
-0.5118209186588667,-0.819772467365032,0.7923589148044291
-0.5019631109436575,-0.8291532460488092,0.7703913232424863
-0.49354156227794493,-0.8393709315049444,0.6653424757753242
-0.4854764022447961,-0.8511724700282698,0.5702294715193291
-0.4784433656397767,-0.8622686261457683,0.6305061059946965
-0.4718269888517264,-0.8714599920095618,0.5973730529094651
-0.4663083744091437,-0.8811137673001028,0.45815934644665113
-0.4602000517884848,-0.8922495577402594,0.5496350356655557
-0.455634860347982,-0.9024256428240608,0.4204287804519472
-0.4497746659179635,-0.9116742664206168,0.6250763362538483
-0.4421532064133244,-0.9240383220364041,0.4883716184372652
-0.43453270059701793,-0.9349164532865197,0.6288251409089433
-0.42563616888521355,-0.9477522448194516,0.6130819578525644
-0.41877875918214086,-0.9596949754479172,0.4891769699106371
-0.41887609324373276,-0.9740996166934196,-0.3298112470056865
-0.4272677962367846,-0.9843543723567539,-0.8863879351151163
-0.44331804432585936,-0.9875870793232039,-1.6469910330272133
-0.45770298100575235,-0.9911185959307437,-1.0292139425578712
-0.4699773479769019,-0.9978757340030165,-1.0599648971209061
-0.4812930326900396,-1.0029832307913713,-1.225109700522056
-0.4928808445680826,-1.0086102126073475,-1.0832950363193754
-0.5057099531771141,-1.0152571186473014,-1.0617549303280536
-0.5187503812400487,-1.018876818417585,-1.4770637802432482
-0.5331176793798676,-1.020224002325578,-1.4632825382664163
-0.547052902275113,-1.0182640258868207,-1.876273472323293
-0.5613442638617933,-1.0148868923393994,-1.803369412909217
-0.5768930144746667,-1.0121256676179127,-1.6834609954487296
-0.5910364275338256,-1.010414356008264,-1.6896894127203461
-0.6024713850352221,-1.006684663853443,-2.0405424907497975
-0.6109442769629946,-1.0016681365295754,-2.2059152959766433
-0.6198844767554925,-0.994216509880456,-2.334038627568952
-0.6304019183298092,-0.98445348935528,-2.2789591939437064
-0.6411979001641388,-0.9761033386945936,-2.275250652108278
-0.651853873541384,-0.9616713677615728,-2.605144893935404
-0.6612007061877587,-0.9520532538066304,-2.2513279791499516
-0.6740363405263012,-0.9414756640519388,-2.2658552044373548
-0.6857073364819671,-0.931433991189093,-2.3106741346611717
-0.693498735725309,-0.9262448753044996,-2.1640212317917737
-0.7046646074696769,-0.9184320440427922,-2.2229959666371366
-0.7153803789903229,-0.9127022551122975,-1.9672793679291545
-0.727206893647334,-0.9080545114975652,-1.9380973807560324
-0.739405392555005,-0.903586102521421,-1.8985847175594146
-0.7505540661471112,-0.8989672539689334,-1.9526931530948937
-0.7608319411754874,-0.8938620111544298,-2.055314684541408
-0.7725784141666935,-0.8878109381737623,-2.0478293643239165
-0.7808973747411793,-0.8836119740108589,-2.032302635597902
-0.7936962009555747,-0.8744294808589235,-2.269050304550988
-0.8008584414195047,-0.8663379364774785,-2.427027051100355
-0.8095600517129152,-0.857617904839366,-2.284714344903667
-0.8212953192469136,-0.8474953887981851,-2.2957104544138733
-0.832445139295619,-0.8377833200689467,-2.285449899698868
-0.8415692729074041,-0.8295062691621596,-2.310402249936465
-0.8520369765823768,-0.8214507176264824,-2.246523267419127
-0.8634098716788989,-0.8128692547759767,-2.211851867962786
-0.8744286249211,-0.8034167348155459,-2.344723450889885
-0.881494055679739,-0.7941869073390553,-2.4769844661385125
-0.8883181696432032,-0.7840167090332695,-2.527986040537163
-0.8971457675352895,-0.7727142029807588,-2.4423592582823828
-0.905105704655999,-0.7640725668700628,-2.352203474516579
-0.9126941953045659,-0.7546369269893372,-2.5183340160844425
-0.9202217851072882,-0.7443386283849308,-2.507345844731602
-0.9270701164539075,-0.7353799429439275,-2.447302521888373
-0.9366248571365996,-0.7253407918308613,-2.2845786681076254
-0.9452591603920941,-0.719717469768899,-2.1704869409210215
-0.955007656001594,-0.7120680003686434,-2.32744527784449
-0.9643468608535675,-0.7028012746207669,-2.3142710506104707
-0.9743453667764423,-0.6924968179945505,-2.391862644583925
-0.9837709420960798,-0.6828632007235597,-2.3296227913621697
-0.9912136628561989,-0.6736608280041981,-2.495654000210941
-0.9979762714822905,-0.6661672606131087,-2.26605910796614
-1.0055056404770013,-0.6576583492164522,-2.511116527073381
-1.0136688299792211,-0.646606486703075,-2.5038822616566034
-1.0216009104765287,-0.6369856012902981,-2.465063477634228
-1.0294768301490553,-0.6271221030034073,-2.4658272642047874
-1.038214387455154,-0.6148884922451596,-2.534633312193481
-1.0463289173340207,-0.6035328013096252,-2.4913699922526615
-1.0549724975099244,-0.591078487830457,-2.5320683719557255
-1.0632115107247635,-0.5783497595229075,-2.6074101387152107
-1.0708660895655997,-0.5691396069272965,-2.3680575513796267
-1.078458857366994,-0.5589589909720829,-2.604070883259317
-1.0852404750238691,-0.5479948776181414,-2.6039299264654425
-1.090504588277776,-0.5421321888041936,-2.172555844164618
-1.0994525830959732,-0.5341609696156228,-2.421244965003793
-1.108525875252926,-0.5234310780920994,-2.4126161846914664
-1.1189777604877187,-0.512225979060589,-2.3951792471928663
-1.125991127043928,-0.5044778725916282,-2.4386926989822206
-1.1345174752533844,-0.4939388173560697,-2.501388844102112
-1.1426937780610102,-0.4832602615916985,-2.4558363410561475
-1.1510774219671456,-0.47234356189289506,-2.597808900166826
-1.1565921104522323,-0.46071964797152126,-2.73219008222649
-1.1623121880287317,-0.4472278161196428,-2.71340256443796
-1.1692718674857918,-0.4349164247860248,-2.5826144217161415
-1.1755934773651142,-0.4256580674516852,-2.544716207231154
-1.182483073042837,-0.4149001881993232,-2.5531845098879735
-1.191289611317968,-0.4016648516967443,-2.5546829539821103
-1.2001425309935119,-0.38954148466709343,-2.4782548947751963
-1.2062541938211535,-0.38164800306741653,-2.4342914474560144
-1.2153837551502733,-0.36886143142945804,-2.590424983247966
-1.219754217412209,-0.35940289198917413,-2.794958848228849
-1.2254666368406435,-0.34806578633941626,-2.5829231460076136
-1.2331665176956488,-0.33661951128113465,-2.5652750144867213
-1.2392868403963087,-0.32661468112476116,-2.6057735561369233
-1.2441943841472878,-0.3146395972867047,-2.691734119875353
-1.2501884968239627,-0.30282328533828795,-2.6624449442313667
-1.2570793763002024,-0.2885872146163084,-2.6351952216411427
-1.2631914938387883,-0.2798787130521273,-2.478769451963091
-1.2708414331206392,-0.26787897052386583,-2.613256762724577
-1.2779447411350977,-0.2565759896777405,-2.5638938149939237
-1.2854686333452825,-0.24524055714697607,-2.592964297860531
-1.2912503191620919,-0.23653775895690757,-2.5363001563135126
-1.2989173714670348,-0.2247982894365266,-2.5543738829101463
-1.3054569563375646,-0.214897481174779,-2.5450089901607815
-1.310081176215476,-0.20481461717776683,-2.7973781140721328
-1.316861721448649,-0.18922939145068438,-2.6619062846959753
-1.3230510906839252,-0.17562613533081614,-2.7245306222516006
-1.330356937671134,-0.1627829673898909,-2.5514924486084145
-1.33719966529632,-0.15273301822442317,-2.5335363262989565
-1.343886656602176,-0.14079785407067236,-2.6396208733006565
-1.3514503465859127,-0.12747598669525156,-2.636448558562877
-1.3597882115823916,-0.11539264331492663,-2.4993615460425724
-1.368744790899272,-0.10322344210371596,-2.529883780579156
-1.3768224538699185,-0.092047084033755,-2.5392943289152927
-1.3812079352240563,-0.08242288493418513,-2.75114301735879
-1.386596419416692,-0.06909297397114164,-2.730527180363454
-1.392299887303638,-0.05677592212026216,-2.70647811705287
-1.3973770826051293,-0.04507972920820869,-2.7422630779601738
-1.401637821292334,-0.03392244326613718,-2.7633507579301257
-1.4061154033983023,-0.022498679984796807,-2.783551330729469
-1.4110749370416635,-0.012872291062764878,-2.646157088498794
-1.4168415333686935,-0.0009011349673328472,-2.6959412126692084
-1.4221251385382858,0.011067643863218134,-2.7733732199833456
-1.4267627956028959,0.02420287711689975,-2.78348718695736
-1.432680300599715,0.03669627805020493,-2.627903673688927
-1.4409740808529898,0.04900207651109683,-2.5193589747924006
-1.4488450690414927,0.05945029476923019,-2.496144313828867
-1.45619848899361,0.0697811497670189,-2.545006674170936
-1.4628941739533268,0.07886472114975922,-2.5032335299641373
-1.4680395331797935,0.08565380078626861,-2.42985110420946
-1.4748662883673127,0.09645966376937053,-2.640283572207375
-1.4837772127129647,0.11024660873672489,-2.542660716115893
-1.4905800416920791,0.12079857515713521,-2.5546218865536527
-1.4979599197850093,0.1321172843129743,-2.547720651436323
-1.505908441714282,0.14238769918789587,-2.4384678688222388
-1.5138719535966725,0.15281190800982541,-2.513764512847286
