-1.5244712386484516,-0.08456407415258126,1.5669739277909742
-1.5112693313102865,-0.08457044070186999,1.5720704988652523
-1.4972723499784915,-0.08437556108613475,1.6048317134171752
-1.4840720615213292,-0.0839947918097028,1.6103736824879882
-1.4698546793372638,-0.0834227883043977,1.6077805324687862
-1.4562140630976836,-0.0827201723669375,1.6358102106650318
-1.442193218603088,-0.082061221450186,1.6107595984658982
-1.4289856276377526,-0.08229032406641808,1.5134237171157952
-1.4153231788483562,-0.0830043817332633,1.5343852184268725
-1.4011161155685814,-0.08371552869070352,1.4943235385692368
-1.386406993906001,-0.08482811591939275,1.4756682712386278
-1.3724612562313787,-0.08645071581707618,1.4406033589411351
-1.3582030019556608,-0.08816952840641577,1.4480000585651083
-1.3433132848759781,-0.09043011874845888,1.3767699460312628
-1.3308632527755464,-0.09327862883446206,1.3250614237605336
-1.3174552207571257,-0.09646187252500507,1.3039912232273234
-1.3048687867369684,-0.09967937826073672,1.2994052835898187
-1.2923533538102283,-0.10224138580366705,1.3848726057710885
-1.276980755984717,-0.10358482093201545,1.5607697525505544
-1.2634089489474511,-0.10141084734323141,1.8370863065328789
-1.2500161407065913,-0.09843539140009187,1.7700088622547916
-1.23631515723209,-0.09559886841840677,1.7979472454664207
-1.2230423558642998,-0.09237333607681875,1.787876523685478
-1.2087476845825265,-0.08902994370328166,1.815690601422531
-1.1947753246029615,-0.0873625715768433,1.5846901105003242
-1.1802094904654228,-0.08872183712092686,1.420500706462555
-1.165640355745125,-0.09129853502313617,1.3886743626537892
-1.1525319240639078,-0.09374648677718363,1.3712712136681358
-1.1380955771227765,-0.0966256388193749,1.3467229689171327
-1.1281787309427995,-0.09938317942225919,1.2612490113699595
-1.1153167391691372,-0.10282336882979912,1.3428317225742619
-1.1021627555338287,-0.10825138380020938,1.1110739360868034
-1.0908095808868914,-0.11369192160650543,1.1130370363915845
-1.0758487912364738,-0.11970809069555285,1.1923044327807024
-1.0674858098371338,-0.12472044120863271,0.9964782361005654
-1.0551837014060974,-0.1317528330287167,1.0903380957690183
-1.0429195088459051,-0.1403500422923213,0.8457303547251931
-1.0327269955214589,-0.1490734544174875,0.9040218774596542
-1.021687955386403,-0.15859630990828802,0.8103931602322908
-1.0125749693123252,-0.1682683808680684,0.7101787731398226
-1.005524810839031,-0.17590241303813786,0.6610614483489435
-0.9973948419864564,-0.18413650672074688,0.8279869817205152
-0.9867695314546617,-0.1921156433122767,0.9279672427047776
-0.9778742332695102,-0.1993877484861185,0.888758710672269
-0.9658496915896811,-0.20811305804709238,0.9526777463613798
-0.9553794113189216,-0.21692472446070324,0.7668627340152135
-0.9466077286642346,-0.22585050235781026,0.8617769076018496
-0.9376184919810434,-0.23265922419517632,0.9128609853681209
-0.9250394710200402,-0.2415732310608436,0.9894693859776689
-0.9128104612831759,-0.24992589497652576,0.9348161511494173
-0.9056961313234215,-0.2556457902530778,0.8688371386658447
-0.891248610894962,-0.2651474393995797,1.0345513508877522
-0.8803055007914511,-0.27169038357891845,1.0469443217660184
-0.8714106959861584,-0.277372251924232,0.9350447430638966
-0.8624313365574467,-0.28493825822513325,0.8004171849175653
-0.8562421510917668,-0.2934542426941092,0.5849104099472212
-0.8478531882113499,-0.304830554056454,0.6410394899718945
-0.8397247736027073,-0.31520256547606307,0.698493644396274
-0.8335196806572789,-0.32174697906587035,0.7796234565831015
-0.8261657849997494,-0.33017741933776334,0.6726270115018346
-0.8177712790393729,-0.3415955342387596,0.611485825358606
-0.8078866922488271,-0.355420177137121,0.5931730044754495
-0.8008492861055271,-0.3675899859055932,0.49345496798575306
-0.7954668859268129,-0.3779551580459489,0.5294176810117495
-0.7898093954319969,-0.38984051416066096,0.4181382991434671
-0.7839366477707329,-0.3993116069233983,0.603205802526809
-0.775852121708343,-0.4118790416838657,0.5724195746653383
-0.7683456784453374,-0.42214414032689707,0.6497575451513149
-0.7606561357122985,-0.433021325065957,0.5936141996405829
-0.7522136165902341,-0.44434984106773007,0.6430495838648704
-0.743527759514311,-0.45631351857355684,0.6338421041064877
-0.7355177535036302,-0.4674392910452416,0.6233614544773269
-0.7325126473750384,-0.48096119112442315,0.0034211099857113006
-0.7370683754113816,-0.4955981167300085,-0.5270152122656477
-0.7486021629057722,-0.5053457637180608,-1.1087153952834814
-0.7592421803647387,-0.5110676526624434,-1.0475656955153758
-0.7722877328314331,-0.5171290004024967,-1.1322534030074423
-0.7848886277125868,-0.5222399875617155,-1.1965698998509098
-0.7971811009695279,-0.5271780899781461,-1.1638093911908431
-0.8075137977183132,-0.5327317797487073,-1.0437847308624524
-0.818130038704505,-0.5407243853824625,-0.8089302450853149
-0.8311413561733689,-0.5480764597423524,-1.2642070060987625
-0.8427152990325075,-0.5538956240885117,-0.9914626226596652
-0.8525250306139893,-0.5608522534529615,-1.003310456565494
-0.8637017888323627,-0.5675394298471815,-1.0522190732349408
-0.8762758694070477,-0.574774708515312,-1.0418941298653777
-0.8889998900070343,-0.5817471238553968,-1.0537797331427619
-0.8996645858817809,-0.5863266552243406,-1.2507412713951422
-0.9116876886147597,-0.5910485901994934,-1.1593759948318019
-0.9218770225343444,-0.595352962148152,-1.213209577418783
-0.9361156609259179,-0.6002837575652832,-1.2059912481994957
-0.948035385674432,-0.6015550330228829,-1.5886285252157748
-0.9626920587942381,-0.5995176697199877,-1.8146181843395035
-0.9729123997846899,-0.5966306845216672,-1.8884029109277958
-0.9842128556167447,-0.5926811427552389,-1.9462981684969032
-0.9973695631951475,-0.587164186304816,-1.980156316252183
-1.010512577122574,-0.5832874639863433,-1.8366786057424174
-1.0248526687208461,-0.5784096416645668,-1.8974677515671488
-1.0377563320517729,-0.5734003036164736,-1.9562864781023575
-1.049989702713476,-0.5678671245427737,-2.0241135915900856
-1.063378496635796,-0.5604899261016643,-2.0743129142421983
-1.0754720176403503,-0.5539403999750477,-2.0464304731090435
-1.0870636935335523,-0.5480162099674508,-2.064651107667207
-1.096946266441662,-0.5408751330807039,-2.3119607805691293
-1.1054152628720932,-0.5312813668286462,-2.3857289534843
-1.1161681271477402,-0.520768598769424,-2.33573344638222
-1.1252227512368063,-0.5125913500179211,-2.31697730289715
-1.1344293421222904,-0.5018463169743343,-2.5468214977738874
-1.1435966852095094,-0.489846814910284,-2.440572359432865
-1.1530164973639518,-0.4804474655086396,-2.3397913188168014
-1.1622607094059165,-0.4712075077726168,-2.4007979457793
-1.1726326894171735,-0.459640125362447,-2.4371607171485437
-1.1825317699807882,-0.4486698148697058,-2.3641469730392934
-1.1913743548554834,-0.43854867327510216,-2.453658144305025
-1.199447276947135,-0.4271438684867621,-2.550419969358999
-1.2086243021503729,-0.4152414861691755,-2.4805340706942305
-1.2184071926144164,-0.4039050778927735,-2.4003832016699795
-1.2273957791159666,-0.39383552749179546,-2.4498264520719704
-1.2350279993909878,-0.38274425210990753,-2.5542291992506265
-1.244624840882105,-0.37079788255768215,-2.4464533171278022
-1.2527382779627465,-0.36221547125772985,-2.346481603291044
-1.2645316802167041,-0.3508335616540293,-2.312806876019941
-1.2740045329799887,-0.34207111381472544,-2.329565361392464
-1.2849119504097368,-0.33100417127613196,-2.383892895933157
-1.2929683494204933,-0.32208304946681177,-2.456011047837545
-1.303126285485215,-0.3118907004668295,-2.2889205459430815
-1.3114831531874223,-0.3034610525011702,-2.440566718543512
-1.3168357602836644,-0.2981393933949867,-2.3202220464664634
-1.3264348159244925,-0.2882837180060998,-2.419233340883219
-1.336826214505595,-0.2764889151380603,-2.4722112483164453
-1.3454131455665552,-0.2657444908699069,-2.4732449715461735
-1.3537476892080185,-0.2559555848078839,-2.4092018333929484
-1.3630888298206323,-0.24421416670712848,-2.5165703705196543
-1.370581512102288,-0.23158395577788057,-2.6387215929793006
-1.3766617351692012,-0.22242729879033643,-2.5360624943858205
-1.3798353402828443,-0.21324132787394515,-2.755958799763128
-1.3831982966440404,-0.20681734748508174,-2.66803309075419
-1.3916363866475954,-0.19351660492848882,-2.5531791132852875
-1.3998939786190148,-0.18160396748868585,-2.5063885521235267
-1.4093627942837044,-0.17234868313393464,-2.2212337535843085
-1.4200756983570402,-0.16263241971806078,-2.3301753912824856
-1.4302826546492022,-0.15311360002511457,-2.335655714590613
-1.440261961048916,-0.14335540130345678,-2.370559714818872
-1.4495141738856898,-0.13350441057901666,-2.3504564021683834
-1.4554350375032103,-0.12624971696612192,-2.4465340864385676
-1.4633470868309413,-0.11550839876418965,-2.5164132443207436
-1.470087439626269,-0.10504800214230554,-2.589416036641199
-1.4747719011319718,-0.09602568144466259,-2.781699470540182
-1.4793280087803107,-0.08348721360302302,-2.698332032628607
-1.4859051018341192,-0.07191645489412855,-2.5565489682469016
-1.4920542010944056,-0.06170680299685098,-2.5888109387540883
-1.5003549393116107,-0.04824010633951707,-2.566820623470835
-1.5082021405643142,-0.036297124261476556,-2.5373779965325527
-1.5161770872351246,-0.024704088119361554,-2.5528132498444327
-1.524809768253561,-0.01277926164998992,-2.5026563772877704
-1.5344486930334855,0.0006135611201983414,-2.513451320462439
-1.5398484660012082,0.01180863670976766,-2.7814870367053053
-1.5452983874587525,0.023424596654894568,-2.5997795836703492
-1.5525222142966688,0.0353844707673992,-2.6316727056585223
-1.5596938055398266,0.04819101697061931,-2.6283777801231487
-1.565279875023436,0.05869006591851581,-2.660431989234727
-1.571057394864498,0.06781638056683312,-2.577954024209954
-1.5773911591870147,0.07860429754716268,-2.6360972062213244
-1.586465896964372,0.09255110548713505,-2.5492594622154683
-1.593628426643693,0.10389664852347656,-2.5771802300269187
-1.6017179927448957,0.1155062164557826,-2.490032669734146
-1.607102938640817,0.1239424237310812,-2.576233908357992
-1.6137085918903638,0.13469326689310762,-2.625670323083938
-1.6194747731334305,0.14378443106834962,-2.5376863447634217
-1.626794188772601,0.15555785282543583,-2.619313323712952
-1.633353021034031,0.1687534119224826,-2.7131150784371734
-1.6391298934825949,0.18081210650162324,-2.688140680864306
-1.6458895444704504,0.1931096264080463,-2.594308734547242
-1.6534964373992644,0.2046108449825594,-2.4940731707367036
-1.6612799277421744,0.21337121319619523,-2.3636664947055324
-1.6704405223542498,0.22377441988575283,-2.491868816983597
-1.676772341312869,0.23352996141572,-2.553052627925663
-1.6843960539868823,0.24462222848172863,-2.5241230185135253
-1.6928232772597638,0.2564488198368396,-2.467105506759101
-1.6999401735816928,0.2669108656181407,-2.5773932182588473
-1.7035729408257094,0.27664594262258346,-2.894619638198507
-1.7075350458934764,0.28727910147115854,-2.730711290549884
-1.712385161926441,0.29872338499050083,-2.7177754699262056
-1.71682672854477,0.31167803098528873,-2.868063928389984
-1.7205865026334188,0.32465938009890427,-2.8387226213443415
-1.7240759549581233,0.3360789440587866,-2.802642694208819
-1.7284995960130416,0.3477432265861558,-2.730083924768103
-1.7348960526464012,0.3616519981878566,-2.6924021526779542
-1.7389704102964425,0.3724264059714204,-2.8098128073682873
-1.7438445171978603,0.3866710770994357,-2.833601260673671
-1.7488413947673902,0.39799263550263697,-2.6409007696881037
-1.754846686902755,0.4074393483153078,-2.5786471797369113
-1.760405617542996,0.4175771582869531,-2.607109834417387
-1.767645277232909,0.4283780515192243,-2.477526949891736
-1.7752934086014545,0.4401509466598903,-2.609452320872852
-1.7812263015725511,0.44746179097971145,-2.4260731377985016
-1.788762308367353,0.4583265990763435,-2.6247821917951653
-1.7960616271042074,0.4687296631605969,-2.4752546557417867
-1.8046355743680291,0.479482764717276,-2.47087115161077
-1.8117273148115363,0.4888265796985534,-2.507572562889785
-1.8204087567803975,0.5016851783624361,-2.5495701297031212
