0.5087219715039605,-0.5891182429067088,1.5775855264635783
0.5181193111593729,-0.5893193514203564,1.5438274267856011
0.5314393958629872,-0.5896676937935648,1.536582503303842
0.545050804161424,-0.590212839140694,1.5300181709108964
0.5582891243891919,-0.5910043809657075,1.4956561815650524
0.5724804384851194,-0.5922306923158842,1.4806415924814105
0.585291001632408,-0.5945370907106051,1.3298709312870705
0.5994116574085582,-0.5984562282744774,1.2965758967806085
0.612801295302237,-0.6022460846190827,1.2397207117145006
0.6270264779276167,-0.6069603082416825,1.2387123016557642
0.6378629426273711,-0.6104699656005749,1.2739636795552594
0.6500736361619702,-0.6146231982870127,1.2265273324903814
0.6625372235147061,-0.6197014729292301,1.148906133915443
0.6757908990780235,-0.62634498033922,1.1023706011615082
0.6881367887427003,-0.633345980543249,0.9999479719759895
0.7000821683948515,-0.6396247086785123,1.1367537841212185
0.7120141356616989,-0.6449605821679718,1.1466481414468668
0.7257522652568817,-0.6507000152949989,1.2068089742767467
0.737444509430801,-0.655271892837998,1.1871079843893515
0.7529793217203126,-0.6632436976108907,1.0179128720388042
0.7640213374055631,-0.6709436313242811,0.9690117874019577
0.7715686038121184,-0.6751842463322373,1.1206462487646862
0.7796276309928286,-0.6812586826690697,0.7881669268574094
0.79166115774952,-0.6891874211233434,1.0309529236708341
0.8045844234930842,-0.6977614860206744,0.9284611296729965
0.8183088413964148,-0.7065059414847621,0.9994485306444266
0.828809565510549,-0.7135747984649506,0.9338254544498736
0.8390927671446676,-0.72180696798402,0.9200967355530042
0.8483013901675943,-0.7301838645439889,0.8094706705344258
0.8535659886086125,-0.7345878204603653,0.8823060891239585
0.8645096101615091,-0.742930717075968,0.8852607297055225
0.8749226815778269,-0.7533229595188637,0.7500570771153185
0.8859313056405157,-0.7650065480894765,0.8087861311205193
0.898216679240776,-0.7752537882136613,0.9140862768890121
0.9066849330091024,-0.7796452901487837,1.1187519443219214
0.9156050562919597,-0.783323970672179,1.2257321247689232
0.9279041294794605,-0.7883184970411597,1.152042339868967
0.9395948360669857,-0.8003045886030322,0.5242507312108384
0.9452405813344268,-0.8124371765275349,0.3398974395829567
0.9486652580986501,-0.8254882152089802,0.21594012527793682
0.9562970537627167,-0.839313899805121,0.7371156354492306
0.9665088582965392,-0.8496161826823921,0.7536586376501845
0.9759896893947692,-0.8606760758545109,0.6869230911351549
0.9847738482615229,-0.871258051953074,0.626204059534584
0.991080279903847,-0.8826152680690256,0.40162232245257456
0.9939084257527019,-0.8936853788718706,0.13977450455899132
0.9935448286248602,-0.9072299093164693,-0.12819027701752483
0.9912201497051831,-0.9206267181472628,-0.17600109823309903
0.9883112507716687,-0.9346430230280335,-0.18739460287209608
0.9854522969777587,-0.9483179227793913,-0.18795328989674237
0.9812362909813249,-0.9621673029939086,-0.4121806709004398
0.9775847398162435,-0.9726987838093666,-0.3001611575950672
0.9736516749400221,-0.985616057638417,-0.34799690753136503
0.9691911519251826,-0.9992941942474642,-0.25890549068233065
0.9656284209799699,-1.0138780177675502,-0.24185348168801063
0.9634793655504608,-1.027888460076183,-0.1130790180189891
0.963876113336687,-1.0416237770323,0.1272791461656543
0.9672530798827703,-1.0529846720830058,0.38819039816086226
0.9647498477734154,-1.0687096190637413,-0.3971637353220428
0.9594840422180567,-1.0824655701207633,-0.3420008790774424
0.9543052625394532,-1.0889991992927648,-0.8454248635333529
0.9474218606671768,-1.0994571764146468,-0.526875241511603
0.9392268628567804,-1.1121992531451947,-0.6231419917438474
0.9321326604277665,-1.1212914800536347,-0.6588796080914807
0.9159370795964961,-1.1268710258329138,-1.5796302259858346
0.9032236795429773,-1.1292262845339247,-1.2438124551014966
0.8878193589355946,-1.1291496199647977,-1.7964464813954062
0.8739715543681831,-1.1182621308980545,-2.506611219891541
0.8676884610420308,-1.1066503866729496,-2.6880874472445204
0.8604474564318577,-1.0940396119731843,-2.494710052546958
0.8464040443880365,-1.083228580879912,-2.0353542938254012
0.8358509494357664,-1.076051591896834,-2.2603267932203557
0.8270319856231668,-1.0636943982368066,-2.7139010801448213
0.8211510214252602,-1.0524503385988009,-2.567685908678282
0.8143521177832926,-1.0406831931826268,-2.68324284319684
0.809572469506677,-1.0282857165689416,-2.8447466187257335
0.8046371681779935,-1.0174779032922114,-2.592839205294388
0.7952506608697925,-1.0060109650450968,-2.375790110907911
0.7878385155530688,-0.9974775528443945,-2.48323279318744
0.7811198586820768,-0.9879866151067053,-2.605976474241658
0.7713676747608054,-0.9745364955901712,-2.442111430178239
0.7590827394826998,-0.9670694780308257,-1.9103241799340556
0.747076921675542,-0.9655655456989662,-1.5640054964165861
0.7336192032459566,-0.9657715772560231,-1.5532029514155867
0.7194108377865347,-0.9626498812705698,-1.9632358943054404
0.7071922751558605,-0.9536729028033453,-2.354873381928648
0.6958538448145876,-0.9421933845104338,-2.4298083686752565
0.6902823437701714,-0.9297594968824505,-3.028165033459277
0.685642324859119,-0.9168828008710493,-2.6012087328976197
0.680412544705397,-0.9050983504147541,-2.8008633879404385
0.672373711557024,-0.892705188340923,-2.4238664208040563
0.6614060036559849,-0.8778179242160924,-2.5205835860546486
0.656984207344241,-0.8719598100027739,-2.484730136633897
0.651172398134931,-0.8604503086095046,-2.8412719776246598
0.6470552243543909,-0.8516920284584452,-2.606944546393089
0.6401563658146097,-0.8390182806556783,-2.6365271842720794
0.6337168805366115,-0.8292168046379261,-2.48547068452468
0.6261359971553683,-0.8157311618960897,-2.721533399376222
0.6199474716036262,-0.8060527383117777,-2.51573823416094
0.6136631470300492,-0.7937138408817183,-2.780592827483988
0.607499844991516,-0.7830323353963677,-2.5325324641915556
0.6007814773095466,-0.7707604565180118,-2.713985532862341
0.5964109894568856,-0.76417210967903,-2.4915823561119446
0.5901103847970347,-0.7514535279624645,-2.7837977405703604
0.5831833866266487,-0.7388611681930211,-2.494099777286057
0.5776498954518028,-0.7273567826984465,-2.7296564244007047
0.572504304688976,-0.7199614904769104,-2.4299996961807464
0.5636754916101636,-0.7071879715638966,-2.6334968119825186
0.5555519414059146,-0.697033647775303,-2.3725738529628946
0.548212460031222,-0.6861553180409159,-2.654296446516703
0.5441479623868637,-0.6785586620932248,-2.6016655649412352
0.5403762310745178,-0.6658271746722001,-2.943829509981956
0.5354709268601691,-0.6514627909063668,-2.707868173328213
0.5287945009372651,-0.637174954764493,-2.7191262008334545
0.5209861500528296,-0.6261531759838318,-2.4428085548239986
0.5148120923486843,-0.6161793726388541,-2.6712207734811955
0.509877379080472,-0.607223927108666,-2.527328056993207
0.5057621969942275,-0.5964817417299769,-2.8903266681614
0.5008764182034299,-0.5868560378853788,-2.538521208994084
0.49566165132056944,-0.5767078883085469,-2.761935307287846
0.4884320752489252,-0.5612746434228889,-2.607082269170505
0.4825351054722829,-0.5517808043359219,-2.6070163534775257
0.4751423744712314,-0.5414506352937684,-2.452009551449032
0.4684790336582039,-0.529518346886177,-2.7939910413240567
0.46263193151177784,-0.5170120756574016,-2.6616528064301908
0.4571959408563467,-0.5030856302312098,-2.8731700027542906
0.45231907378531494,-0.49274223266561573,-2.601674841560072
0.4469236012917255,-0.4802120101561413,-2.842548534141722
0.44047318277401504,-0.46817017993498544,-2.5653283514169085
0.43491219258989927,-0.4553247365223787,-2.855975989725971
0.4256249675258324,-0.4404911662004686,-2.371676417018483
0.41721759596138286,-0.4319681223520781,-2.386483530479655
0.4063617754546975,-0.4230825559537562,-2.142734599028839
0.39484102948996136,-0.4135286570309911,-2.2899071854688544
0.3855553371971734,-0.40575588259293927,-2.272945752405131
0.37362478178858477,-0.3937060210540201,-2.405703059367766
0.3642160497917703,-0.38608168942140964,-2.1268788920420763
0.3541930534929239,-0.377780699761665,-2.3793054625857777
0.34523454862319775,-0.37099361350521376,-2.060913134375165
0.33445571965238824,-0.36708190991916273,-1.8740891141353406
0.3247062809037385,-0.36370575509170094,-1.926103901643162
0.3133615383968703,-0.35795286557644596,-2.0382511172895477
0.2969973269835157,-0.3503171856889309,-2.018682813987582
0.2855157021318264,-0.34470450910161554,-2.0447361479288797
0.27699604754830304,-0.3341453519449037,-2.6404524679877137
0.27077465991867894,-0.325411616166408,-2.4933414524384894
0.2625377336857266,-0.31307573904097186,-2.6223185651535004
0.254534867026687,-0.2990806915088267,-2.6743950219847643
0.24691944994530307,-0.2847199262245601,-2.608331320899887
0.2404309849643579,-0.27367882006474314,-2.5723253965385195
0.23330477026871824,-0.2605618284597817,-2.676369532889825
0.22607674546475579,-0.24781469819529653,-2.555006248675284
0.21783763073905607,-0.23617171146232926,-2.56318921920782
0.21107786761443229,-0.22569271554863324,-2.5661136598931864
0.20339093504003328,-0.2129064513519158,-2.5762613752571695
0.1955834828831471,-0.20114169810384594,-2.532728346043058
0.18725860757521323,-0.19076775145301592,-2.471451253994996
0.17791696979346683,-0.1799603181458591,-2.4286271228376712
0.17048712815339379,-0.17060675758915744,-2.481366524163841
0.16318032192572057,-0.16363712424135493,-2.351362806765251
0.15534911415424346,-0.153053318170416,-2.598870611182792
0.15041201401956708,-0.14477743747421037,-2.647367949692641
0.14494566532484623,-0.1372020010562485,-2.4403955343979535
0.13670749105320365,-0.1270023889051042,-2.4827377793551912
0.128165133520696,-0.11610206496926441,-2.479388023806418
0.12087581623606765,-0.1043356531427211,-2.636513816636473
0.11488965785715671,-0.09199301315871286,-2.7004198912426105
0.11050957694482513,-0.08521236829312454,-2.525035823676005
0.1030691345326927,-0.07403469222912833,-2.658018111638464
0.09768232471110633,-0.06247968849235712,-2.751886451826404
0.09356732501815483,-0.049885898276397,-2.8673978079937408
0.08838472642315288,-0.03589936455960232,-2.747315891362282
0.08354632050125337,-0.025944883123039587,-2.6780122963935162
0.07613420979624834,-0.010980666288206273,-2.71424292026763
0.0697806184530581,0.003603759394817566,-2.737810781768329
0.06453757032520373,0.014901559412140162,-2.6151658005281386
0.05884203401952263,0.02416089680617661,-2.5479773510932904
0.05045531345011721,0.03538011666581013,-2.5051609731735285
0.04307947507986894,0.045879329707382864,-2.5331657540234516
0.033694108674809355,0.05829650649282366,-2.530185729534242
0.026692708501174032,0.06771537847193415,-2.461173263445642
0.017665414035053256,0.07975441420675033,-2.51182947053345
0.011305373767694592,0.09063284296292645,-2.63849925477909
0.00521908961520761,0.10191223764915401,-2.6043370854119807
-0.001904674846808727,0.11446396481107772,-2.614386914894431
-0.008784222091527391,0.12496062570626518,-2.530356137963881
-0.01465106814827081,0.13456721393426344,-2.5891737500868786
-0.022143657043651354,0.14712226330356754,-2.599188098126687
-0.02994871318534574,0.15976699849192802,-2.576174203147276
-0.0367505177134457,0.17126594098807693,-2.6266494028016667
-0.042772416623849945,0.17918353549854482,-2.3804421102468
-0.04942939354600634,0.18654456740106318,-2.4316245984042335
-0.05665505366713547,0.19498954950878344,-2.439237979976234
-0.06419307636607284,0.20451579527226102,-2.5280127994801966
-0.07308154259607966,0.21257335499958074,-2.1685221991404875
-0.08586520847688817,0.22025274897085528,-2.0893670759708525
-0.09549434719011057,0.22748478653333398,-2.3126660340643617
-0.10221357861325123,0.23633882046345248,-2.636825027836916
-0.10834432025976613,0.24763604285438368,-2.6330906078901797
-0.11465759121678343,0.2592988117708618,-2.6882603970284964
-0.11960694910474663,0.26832963721151964,-2.603980501339199
