1.1721412645426006,0.6025978767412293,1.562690024855452
1.185828176921499,0.602145108253268,1.536924262388929
1.198916799506926,0.6005126547469863,1.3881749892617936
1.212626490952487,0.5978935701703008,1.3901884122439134
1.2256475326984895,0.5950874111038265,1.377440261815811
1.2377261214997917,0.5927537454849408,1.3717950584405978
1.2513341549117258,0.5901447038449972,1.380669496133023
1.2640057993245755,0.586491923432171,1.2214915865038922
1.275321250694193,0.5808511541488118,1.0109766580702968
1.2868102654686955,0.5730694315617422,0.958247072149705
1.2992670308673426,0.5625543344670615,0.824751714635643
1.308373862731509,0.5524597699434343,0.6642373682749049
1.3151818850127928,0.5395616653755361,0.4214434209541152
1.3207520622353812,0.526294038304949,0.3622430147040728
1.325503021702997,0.5136837071098704,0.3592619942904142
1.3316289330537063,0.49957282534473735,0.42941317809943
1.3390683016605833,0.48951730173641433,0.7587328827384118
1.3486534025306856,0.4791203887957855,0.7130910214572554
1.3574365514162339,0.4699411570692155,0.8281208793363013
1.3646790875391002,0.46332589228969634,0.8709734990030731
1.3742142343226853,0.4559793732533354,0.8987253022062712
1.383791723095777,0.4482792279076772,0.8675786841159727
1.3929573204720487,0.4401299383692112,0.8728488557623987
1.4020249674595122,0.4318540457456391,0.83235667166287
1.4099815828270648,0.42677181913790246,1.0330923889316663
1.421950901059409,0.4182442766642056,0.9059958039324617
1.4317611491844167,0.4087006543861908,0.7785603013580199
1.4413135733918583,0.3996490059584404,0.8925739158225726
1.4514870119116867,0.39307083359141115,0.9753332147276885
1.458769419240634,0.3861690210736611,0.6794488780146841
1.466555223313989,0.37761013482506955,0.7789653071222715
1.4765310009306751,0.3685144748063095,0.8776623860396326
1.488870110539701,0.3606999039761048,1.1449697434503483
1.5015352145469567,0.3539759066054303,1.0166489777400485
1.5140173193382171,0.3468403290141092,0.996103084118859
1.522567849605248,0.340378862735181,0.9355498540286172
1.5351103390661567,0.3325446468608515,1.029815788940745
1.5487686760219481,0.32418755593924015,0.9564668097429901
1.5625916803853692,0.3145208865766251,0.9643919982484078
1.573981635679108,0.30766745511258137,1.0584703788762395
1.5843874293904925,0.30273837543428506,1.1493712468949278
1.5938693603550382,0.2973350232045149,1.0101307217084297
1.6069736021845393,0.2892757940473509,1.0523338636203086
1.6200085704498022,0.28212621114394326,1.0812654287354684
1.6256044626279527,0.2786243805289833,0.9509939852065381
1.6371953289858263,0.2692367561178004,0.8998026454898638
1.647567592021489,0.26100680516775016,0.8661627287100722
1.6592342401032754,0.2520027745033081,0.9286283438566869
1.6711045776139046,0.24307746244745893,0.9556594351301073
1.6827596150415531,0.23474337922955396,0.8936798115007277
1.6898965730877498,0.22757600278916995,0.727478011161882
1.6976584588882448,0.21849986081801107,0.7340404797419273
1.7061382848924873,0.21150745792823572,0.9089334390276669
1.7146821308168854,0.2043154375913071,0.8252196373460992
1.7216962384505503,0.1985588644595327,0.8893790560628474
1.7305359890735834,0.18689077922010444,0.521297909060691
1.7392683942643132,0.1717917120396224,0.49686580340474784
1.7481711354517548,0.1597725244077722,0.7442832833003488
1.7555504108118671,0.15178691175186862,0.7563270434594469
1.7631916447042877,0.1418633426203512,0.5949239788776111
1.7730478825999656,0.12976671490752587,0.7420103627315073
1.7825172017606807,0.12115695918624354,0.9014733279208712
1.7922265960964665,0.11348007460208037,0.9000250098274132
1.799342768938222,0.10862846069091836,0.9844329167464644
1.8089332345516458,0.10016918536907006,0.7232493112111483
1.8164240888569099,0.09347096852239249,0.8739816151412051
1.8278584560729234,0.08353718264514265,0.8088398540488311
1.836703505267146,0.07552732179910657,0.8063548183954339
1.8470446114758408,0.06660645172721708,0.8707598654769629
1.8579906503533254,0.05793745295271833,0.8432548561762253
1.86932042241154,0.045378266651128984,0.6512045042102217
1.8801878698714183,0.03292264289632599,0.7439030881680118
1.8907522486958852,0.02260061785642036,0.7813482721233554
1.8998184379445517,0.01386944230250215,0.8459111778414258
1.9113956564096268,0.003309113793947366,0.8097058904022603
1.9215633121143365,-0.005722915487034205,0.8662853857349627
1.9303339746245185,-0.012046589189482816,1.0025873803309682
1.9382901473454983,-0.02738822361388486,0.10269314045607911
1.9333559650566454,-0.04473370819412065,-0.5065619060017952
1.9283623170953659,-0.053069983890701604,-0.5233650209210116
1.922590698277997,-0.06496301665453487,-0.4044949800317699
1.9170770390878813,-0.07660155372289852,-0.5174187212077609
1.9065820353640879,-0.08751205911234945,-0.9582034631268518
1.8922443617281433,-0.08925185225380174,-1.736336876558536
1.8831526916781904,-0.08632574149922356,-1.9934065141011847
1.8791307271983866,-0.08396724929529206,-1.8727216501489579
1.8739874311869846,-0.08096472861657494,-1.8907148779422334
1.8661688555302325,-0.07844950310406407,-1.7263614109697705
1.8603093445097738,-0.07759276567167439,-1.6870989333112894
1.8531065577317942,-0.07704378908133193,-1.560788955026521
1.8496925659869872,-0.07777257266301008,-1.3974336348966012
1.84651847939593,-0.07821053573745317,-1.2088830580191028
1.841746072172804,-0.07910351959880718,-1.085261109697244
1.8349057430792457,-0.07974104414919685,-1.0757479496904445
1.829406614964509,-0.08043505197901236,-1.1279715006218543
1.814723205882298,-0.08247304646889479,-1.4828736673212468
1.789804448649547,-0.08469096282915527,-1.4536804248052106
1.7773084059661715,-0.08428672107091932,-1.7328729568741457
1.7622057770072996,-0.08232198859529065,-1.6846029047691573
1.7499621300144224,-0.07915422061967227,-1.9133150078768397
1.737342118955288,-0.07538557340664472,-1.8728313652243087
1.7240659408544003,-0.07174226986342831,-1.8454253157093405
1.712485042378214,-0.06835427666147029,-1.8887714961816229
1.6994719770352933,-0.06402627202050304,-1.9258731388917676
1.6900112890395742,-0.059630760216811365,-2.07081809382478
1.6757723120164723,-0.055865403799691925,-1.7328601895780091
1.6628453065560387,-0.05298154605534732,-1.9218250171551152
1.6515971928833082,-0.050411303307070644,-1.8704564260792782
1.6395833626299705,-0.04734470513821018,-1.8510723621589755
1.6256319863614954,-0.04378593589102714,-1.8540620076780057
1.6133020204486066,-0.04003116238124548,-1.861746821576207
1.59920613174863,-0.035335651329961124,-1.8797604105789147
1.5853927418830205,-0.03053695082982441,-1.9150256625454745
1.5734804336724255,-0.022639570208763365,-2.3513005458665743
1.5666553068767837,-0.014764499003573262,-2.5247585856199697
1.5553026935357117,-0.0022812049807658043,-2.386038946359483
1.5465764378342737,0.006104743022918739,-2.3034199834889204
1.538398648314282,0.013410694522639547,-2.3376166929858138
1.5301605564083494,0.021971443513800083,-2.3978633204860738
1.5190462618881975,0.031865068761199135,-2.2446108095896746
1.5080173180634533,0.040819094561876074,-2.2887725987289196
1.4971521954440237,0.04917635973921233,-2.1353709920791624
1.4853699450803397,0.05855035764937739,-2.291348705147483
1.4754420451052463,0.06695903306523086,-2.2660674322893626
1.4649897283635747,0.0763583710601916,-2.3197160864460287
1.4559573721053805,0.08524052951405275,-2.3816688843976452
1.4458252216988463,0.09726127194772739,-2.5011660868668093
1.4345127218963276,0.11073546990050609,-2.3367856773896247
1.4269677745831784,0.11938906404060705,-2.464942889802488
1.4186471360827388,0.13072203578919422,-2.516056763304092
1.4104529624633704,0.1401404368264283,-2.405611303102569
1.4002325468310495,0.15063144785018945,-2.349646121005847
1.3899404754462292,0.16053721830906384,-2.3393179393737076
1.3824860641714145,0.17115694522397418,-2.6415029964369587
1.3764182121887896,0.18446632545934333,-2.7375712043684164
1.3720775619697905,0.19429727931997323,-2.689131314828655
1.3638249146724504,0.2069182374160907,-2.5315751510736013
1.3570056170835794,0.21723330009020567,-2.6482854566436482
1.350779402667397,0.2271583697131095,-2.535684563109458
1.343144946237618,0.23775147303952485,-2.490838819113192
1.3332916484373676,0.25185816231366076,-2.581378104059105
1.3260396336415672,0.262162152415436,-2.523662235976092
1.318984910298517,0.2729419699936496,-2.6167798020587885
1.3132711559336465,0.28547530398497634,-2.7478912815114915
1.3086235814624823,0.29773304828228403,-2.783693921792699
1.3037706183466464,0.31000367058945827,-2.6946295664763706
1.2974907632975206,0.3226349336996309,-2.7443197683395963
1.2930385946377696,0.3340989028515813,-2.757030388312343
1.2861915391087653,0.34606086541568853,-2.5615836745379106
1.2797250984424644,0.3565534637590643,-2.5926532117346848
1.2731915471640753,0.3671611342748034,-2.5736623639113314
1.2673817979593578,0.3759893051863872,-2.52295888279513
1.2606582553617307,0.38988549788738147,-2.772203031023014
1.2558932613564682,0.4053818652212032,-2.8796756583799623
1.2536387605948778,0.4164284957265764,-2.9459494988367863
1.2506637008196007,0.4300516279054298,-2.8930570268730733
1.2476675486915538,0.44284012578436044,-2.8479234177762547
1.2449462039636934,0.4566180486549411,-2.974690778577831
1.2425452748311323,0.47088501956838996,-2.9835790484931914
1.2377280450302508,0.4830955465920807,-2.643185656204295
1.2341099394382973,0.4942149472356621,-2.890520407669961
1.230267338777931,0.5074640056549543,-2.854110501784772
1.2264492374803637,0.5178427866293658,-2.789743830739109
1.2220020120338637,0.532805863964177,-2.8774178889813093
1.2198345610331345,0.5448912707069751,-2.988401975287643
1.2162635855831454,0.5581500104459907,-2.8330196355154866
1.2124965756781323,0.5703604351967283,-2.8368797681201796
1.2081499853677533,0.5842312120847257,-2.828200798051172
1.2033097488356979,0.5976521835205634,-2.813930668423672
1.1974923228811158,0.6115426137883447,-2.65598130018242
1.1911849669939576,0.6205733845931574,-2.460209891919451
1.182314199163232,0.6333552378114905,-2.5936324424406267
1.175288505828495,0.6469243249428023,-2.725339286665002
1.1680575931139914,0.659440112258983,-2.556701464227702
1.162200684012239,0.6699498330202412,-2.70120119836562
1.157308712098101,0.68315202140561,-2.8194670010768874
1.1520260099406352,0.6950446041252217,-2.704251191447377
1.1466074121130694,0.7087968509192534,-2.7924771320047848
1.1420532323976773,0.7201951413261328,-2.7187957183881952
1.1363062115570648,0.733256291817777,-2.741873941418619
1.1312868685979562,0.7430572876187286,-2.6364380233833917
1.1247771300975984,0.7551761520864662,-2.6217269826027887
1.118791644214947,0.7667031269156868,-2.687265817815721
1.1117141110238766,0.7804598708537477,-2.69195391168304
1.1051200513570325,0.7923975580085854,-2.58987484854488
1.0991165374688483,0.8055339475868064,-2.8211295362306945
1.0933053036029077,0.8200252297723367,-2.6869903039607244
1.0880106004731995,0.8309942785028033,-2.708889917518284
1.0832117048463537,0.8398031586641885,-2.6125875898450683
1.0775236330583562,0.8499955819541412,-2.617082396389602
1.0712178725191595,0.8624530722540756,-2.66531709305561
1.0673232873807168,0.8719196634979278,-2.698171698949793
1.0623236601275838,0.8818781326801415,-2.6926228954597833
1.0568553434201358,0.895032749666605,-2.7445239121204765
1.0512147085865275,0.9078104140766396,-2.702791624874075
1.0453660278222026,0.9199118419479115,-2.685298450030466
1.0399309498187608,0.9325133452259547,-2.7959033151075583
1.0335671716567003,0.9473879805571853,-2.692724327289331
1.0272211056665819,0.9614327883945762,-2.711034796225968
1.021622406989132,0.9740612640990429,-2.6827197265101335
1.014979257545085,0.9867850980977816,-2.6208589551197212
