-0.40483562038823406,0.5590823530493271,1.6266700416034052
-0.39122542244248715,0.5596071690573596,1.6206857623082762
-0.37793448639130317,0.5602145725276835,1.6175471230099732
-0.36364146508947987,0.5605910644433522,1.5871726326625963
-0.3492672476902455,0.5608191275811433,1.5822449984833813
-0.33597374578902195,0.5608775614540871,1.5820423912898216
-0.3229406116945254,0.560148928276638,1.4764128734716435
-0.3113219668846852,0.5583091020472254,1.3615752097446803
-0.3001962752026946,0.5557248090498033,1.3124112675385875
-0.287453450344574,0.5520621033077104,1.3520845625595197
-0.2712695051237172,0.5473322214734823,1.2340066546427082
-0.2563894672141435,0.541811656663292,1.199664136869146
-0.2475032597267408,0.5394304653682706,1.3334414616030557
-0.23501768074248025,0.5352891350597547,1.1979903141216217
-0.2256332532622514,0.5304320366859149,1.0446029233874747
-0.2138800009494433,0.5228524568081796,0.973409830918551
-0.20395117965782564,0.5154783429818012,0.9428108418488694
-0.1925554038068498,0.5080301404605699,1.012023785351511
-0.1823047711495221,0.5013070574956643,0.9318790602356489
-0.17000352416364445,0.4918317184798793,0.8899969582200451
-0.1604604168577906,0.4841931284855232,0.9547131412833223
-0.1504200596258132,0.47677746415736977,0.8964705907251717
-0.13495084336481306,0.47174213506938595,1.4888114090511457
-0.12173982749342634,0.47003713009517367,1.395364305808664
-0.10811248725755061,0.4677622039189985,1.37853518864035
-0.09545559497963257,0.4619335783583377,0.9660538521423649
-0.08384436716540355,0.4527172536966465,0.8302866652379521
-0.07234314308739301,0.44382433006979904,0.9143477633817764
-0.06422355473926616,0.4362707948065117,0.8075622788679593
-0.05491015358152044,0.4280472910249364,0.8846121988238491
-0.04649742950790126,0.42068466825081563,0.8168680905507675
-0.03354369929083825,0.40780347223519087,0.7165707355411437
-0.02402509521166712,0.39827227621929484,0.8238663409019251
-0.015066826206175695,0.39082955468661273,0.8909894627687562
-0.007472468329832761,0.383353201961078,0.7417524759168682
0.0016255602415230336,0.3730899874885992,0.742144035616132
0.011917484447911159,0.36297132412609195,0.8313315156317421
0.020984002802108506,0.3545368937337162,0.7605772594543242
0.027624356021144842,0.34852787131987156,0.90897946744215
0.03692612994256489,0.3385807154216785,0.6671655205183729
0.04537843052406523,0.3266450339976833,0.5994055594814905
0.05348076252499509,0.31529498305958287,0.6660612500558805
0.062133541548218874,0.30456227818606657,0.7246370586621093
0.07106046796570842,0.29301767620732494,0.6817148741353468
0.08045659565688665,0.2823553588968899,0.7406725690009948
0.09010325478955779,0.27047543368923405,0.6247742008089743
0.09914409455677868,0.2602198763474956,0.6928066366856525
0.1056818970235194,0.24955058666362853,0.46633167109244217
0.11098584213321842,0.23884941546263364,0.4685703347451275
0.11910343399381933,0.2249236116256237,0.5344261691654797
0.1261585688454543,0.21524366576320353,0.7211100473873892
0.135927361420027,0.20403983905841389,0.7345559641496385
0.14690629411079842,0.19335594757721583,0.8399577497933363
0.1529025925316551,0.188832518101436,0.9777178274316745
0.1605475592741656,0.1802440531522915,0.5556447789258814
0.16604137000284702,0.16952142951218646,0.41750108354293103
0.17035870250412657,0.15886780789905025,0.41113381739719335
0.175776776352156,0.14708347772589636,0.4438213495250984
0.18288507544334778,0.13468563097531122,0.5924184975634336
0.18723384235943802,0.12582268148168113,0.40946926093070446
0.19376937208820783,0.11468289539083454,0.5508673586229142
0.2008885165700302,0.10287081489294034,0.6055541682170212
0.2087602472256204,0.09215818307301071,0.6486873801740172
0.21722981705864747,0.08594781981768386,1.1162093703070424
0.22739269532596576,0.07750252962643614,0.7129837750322547
0.23633095144167948,0.06806473831725053,0.8359083600386464
0.2461741711085376,0.05813001235274345,0.6902444158158325
0.2543569724498326,0.049034888205200036,0.7705088603203317
0.26427117196636263,0.040679896769510636,0.8660423066323972
0.2727790973889147,0.03435155070106376,1.0401411436122026
0.2839374562636572,0.027225179816875,0.9355904851768106
0.2960319342082246,0.018587269378640178,0.9013806222564039
0.30476115532717446,0.010990918501037547,0.8216663023799107
0.30831712030499553,-0.003317614640210096,-0.02759935678719872
0.30355604512048545,-0.017682705146557877,-0.4877173370200741
0.2934093018650298,-0.028522749675786236,-0.9527558816582369
0.28475073066467144,-0.03515778643341131,-0.8589663051542861
0.27478900537811973,-0.04251718555937368,-0.9841665638938837
0.26001412780948713,-0.049639582219948124,-1.1309900765820335
0.24685282660457736,-0.054898994440368394,-1.2435964157812467
0.23492373511833417,-0.055600313616986384,-1.6615573185041517
0.22259070185118754,-0.05309328913353,-1.8462225286843892
0.21011181803889228,-0.04500662306640147,-2.3183340921900757
0.1995326809592103,-0.03633379471849707,-2.1690977454178983
0.18834770348939084,-0.029212808770615033,-2.102124488047374
0.17677478507400549,-0.02159860792830302,-2.1516379893190183
0.16092809570666503,-0.01899183649246911,-1.4724264905289732
0.1484016568727562,-0.023433327621067326,-1.150116984538853
0.13970886048976214,-0.028020459331112503,-1.0542044990926975
0.12491513017628299,-0.027434624673828973,-1.9394002975377502
0.11267924576777869,-0.017084069778061834,-2.5579326525262953
0.10936510889501884,-0.008687499540263483,-2.8788032858168866
0.10570604655558119,0.0039564687335856335,-2.8613416513941377
0.09887527735646515,0.015805752088668256,-2.4317210056707936
0.08953981787882749,0.02460969386952102,-2.2289381080566466
0.07746210379179919,0.02936045370540279,-1.8080334601910302
0.06652328933225138,0.03258101147964923,-1.9439819668254985
0.055642619110190875,0.03732274102186189,-2.0689044319851235
0.044498465320674585,0.04258207351808412,-1.9782284925352323
0.03252381591169578,0.05028130441392783,-2.3304934931225367
0.022706430665155833,0.062098946984320315,-2.50797276969633
0.016149536993239066,0.07465565735579467,-2.807941917264366
0.009384040380506378,0.08640059815225212,-2.5103653570456634
0.0030912204801945057,0.09671135454431369,-2.5917787941593455
-0.005693917499234483,0.10927298382320896,-2.5387980796850895
-0.013487069843789005,0.12189761467957005,-2.611043385106727
-0.020815110539980818,0.13582581236625854,-2.6577176262438322
-0.027557481004633816,0.14959779281010757,-2.709860304883819
-0.033997565776791666,0.16357095605177,-2.684723168875448
-0.042627132296975755,0.18084792472978847,-2.686029805692482
-0.04781507983439857,0.19216485908585385,-2.713110823869785
-0.05405273655784329,0.20447599099918798,-2.6018112557423407
-0.06047660330841743,0.21400529329962822,-2.531259842498451
-0.06482415043343781,0.22396210439302802,-2.8345321754367725
-0.07013463305465772,0.23652878232276053,-2.7361546388810147
-0.07588488896932963,0.24810634128134743,-2.666921120255063
-0.08300360244841738,0.2607519220798545,-2.592019326765209
-0.09203487321942933,0.2712860916483802,-2.258255962018333
-0.10474592128375197,0.27693933204417565,-1.881466730060476
-0.11591440239942435,0.2827155088801462,-2.23895945266168
-0.12305128614388372,0.28970625724997023,-2.404286956869278
-0.13064731625964515,0.3013304730435108,-2.715601286582389
-0.13580547484301064,0.31117063527185373,-2.6029843886084443
-0.1437969758645875,0.3250583203200498,-2.6199876402593483
-0.14883157831362634,0.3353473102059003,-2.680566505826985
-0.15363280463213871,0.34598978805869474,-2.749859100566635
-0.1579865522320597,0.3569935580219884,-2.739831302985754
-0.16353084394036246,0.36871692080458673,-2.7157909816649277
-0.17000035525974422,0.38229240905261064,-2.757266212836045
-0.17502669812555982,0.3961264141068927,-2.8199410646660708
-0.1797129874306128,0.4066628921131134,-2.593882155707075
-0.18680387782310026,0.41999190993653557,-2.62376025522263
-0.19490877399801212,0.4338781876076737,-2.6052173797826166
-0.20322970680141572,0.4451784756008114,-2.462525495539757
-0.21114365161424337,0.45652202893346955,-2.5589651629038195
-0.2186430796923217,0.46606205171364795,-2.3352891719685074
-0.22756241615808395,0.4758868551728758,-2.448072481155321
-0.23692236536266564,0.4845807473935816,-2.2100938482272223
-0.2487087159542419,0.49198076912632105,-2.0822815844221867
-0.2604564864484342,0.5008422497237127,-2.293936858985345
-0.27021675345142293,0.5095042751514932,-2.2899961375769684
-0.28224355447464816,0.5183544431603186,-2.144401545180036
-0.2942334716793132,0.5248595005704243,-1.9868943045751368
-0.3062031200257536,0.5302372796186687,-2.037795011324987
-0.317327315589819,0.535603349794924,-2.0041248968042376
-0.3293074279948302,0.5431684869416757,-2.278316198619516
-0.33900541050612437,0.5525158324330707,-2.4088814342949596
-0.3475973103510896,0.5636412360051946,-2.5577263655165674
-0.3540061790022155,0.5708428632135483,-2.3697840134451327
-0.3591750582576317,0.5786003839887575,-2.6348961536682687
-0.3671520171129691,0.591083139260949,-2.517981000167414
-0.3749982032993207,0.6028092225528353,-2.5740109468523054
-0.3825763576166499,0.6135124065850461,-2.5200646428285967
-0.392041917177186,0.6246570890613162,-2.4114751753081096
-0.398603805306305,0.6366634609652566,-2.787474462368818
-0.40467206046545356,0.6496679253211276,-2.5995985590898956
-0.40848085994456274,0.6562076598386021,-2.6227746198530677
-0.4147826448199951,0.6679659837762377,-2.660981901685511
-0.41957624753501294,0.6795179160465931,-2.799003249396888
-0.42529663126953077,0.6930129842668019,-2.6620854874818294
-0.43096192474112255,0.7054513882466066,-2.756487391505027
-0.4366293808983724,0.7186482667294414,-2.7173134238471004
-0.4433262524580972,0.7299680219308604,-2.520946074000117
-0.4512814280978545,0.7433444182519573,-2.6582404714795342
-0.45577721116034536,0.7549490700321454,-2.814002423596473
-0.46144449995090014,0.7665551059995909,-2.6155575166764105
-0.468912667594167,0.7807543792048678,-2.654057831720181
-0.476501960930791,0.7950354913822633,-2.6198856237559767
-0.4833948384378851,0.8087072219502613,-2.6757261514659816
-0.48848034555686554,0.8200336722369423,-2.7487426640369113
-0.49204403090429966,0.8317695017105471,-2.8514317128508315
-0.49886910272273177,0.8434799511311981,-2.6103930250622382
-0.5054087651875122,0.8548451782054698,-2.569667307707169
-0.5104994582738355,0.8641658565523078,-2.682204425656295
-0.5148638696358426,0.8750629657894176,-2.796516795187354
-0.5200450561767993,0.8845229331674204,-2.569356712792234
-0.526493241065045,0.8963614734852644,-2.729280316505256
-0.5324676839899662,0.907913048759606,-2.6194335633518535
-0.5366382289630759,0.9182807915981626,-2.8128805516427384
-0.5418000292018275,0.9317666236540659,-2.6594418958003745
-0.5456120722745151,0.9430330171004284,-2.9606998692498654
-0.5494745273490126,0.955729879130289,-2.785958772395047
-0.5540995733120498,0.9691879511728274,-2.800859825942079
-0.5603956708859276,0.9814166196084472,-2.5468597021759805
-0.565516518686004,0.9923964004189962,-2.7556981138428145
-0.5671751433409462,1.0018981575281043,-3.009515132509759
-0.5705935262645281,1.0145063065191466,-2.7791790545661974
-0.576905638106954,1.026062483768829,-2.5791966956631667
-0.5841941121635394,1.0379079720495312,-2.631142035520717
-0.5906736090791675,1.0497295426380202,-2.6443814305206925
-0.5981306285884755,1.0619942125103192,-2.585841596935043
-0.6037652015704627,1.0728853334871813,-2.7017949532864574
-0.6086558810485628,1.0819634482791103,-2.5847434206938753
-0.6153303732055188,1.0934117452242962,-2.66111449983272
-0.6233186602402213,1.1068429081111215,-2.5181779755186713
-0.6312795931805554,1.1197195790792571,-2.5725908496133227
-0.6365801653997809,1.1340953368757647,-2.899134302689259
-0.6402536855224913,1.1464938768500226,-2.7929390390857067
-0.6448989810419083,1.1611751779892083,-2.8614641324252204
-0.6489767192174792,1.1742177583261528,-2.7994055846742203
-0.6545122479967217,1.1865235273785686,-2.7379465221825963
