0.7745590935300036,0.9328174124368477,1.6089931420213566
0.7871779703750186,0.9331046637452868,1.5938883120117107
0.8003732182825626,0.9332749267918479,1.5904834365849527
0.8147659113180461,0.9333754892644894,1.5713808051216789
0.8275266051977,0.9317382460030514,1.3325293588449647
0.8379128538780709,0.9275222777596175,1.0400383737508345
0.847955340551125,0.9222319971989621,1.0360549404019146
0.8577117733937488,0.9159670217002579,0.9503701926786261
0.8714523072802928,0.9059870338296355,0.9167342881128584
0.8808567181451006,0.8944981517124934,0.6637723800585278
0.8878865191407648,0.8832739565364903,0.4885796681431008
0.8951180131598525,0.8680588530309664,0.4365545576096098
0.8995794090564635,0.8576243634648706,0.4112588774779602
0.9052522767069278,0.8425756548467103,0.39651201994067364
0.9110292294056674,0.8294480229464181,0.4507151105203352
0.9190662532212859,0.8182506504223321,0.6913729116690615
0.928298177950545,0.8096402728254913,0.8906947689932598
0.9369329219782052,0.8023559434468562,0.8361692511460276
0.9448527066657446,0.7953184550042481,0.8183231329311295
0.9543450598236635,0.7878642400355991,0.9343524770064328
0.9658445948215677,0.7792493603987142,0.8368276136165161
0.9745450184551948,0.7715818013626959,0.8658622097010188
0.9860553402030431,0.7608764717117245,0.8236560092604976
0.9971970869010409,0.752484565302805,0.8891120503116041
1.0070251627592335,0.744102781409617,0.8675475546849238
1.0178610983707304,0.7361966164161908,0.9152623516364413
1.0270685553168286,0.7289043990539493,0.943043738389889
1.0358851343116258,0.7223869141406278,0.9114273410683612
1.045523044560315,0.7160044936038709,1.0272639939835704
1.0553320702263005,0.7099997758213973,1.0860124610327218
1.0643988267936186,0.7038685798474993,0.9060134989345019
1.0706384925375183,0.7005004692276191,1.0440455314926247
1.079372539565094,0.6962875346322627,1.1202547737641615
1.0923704717469345,0.6879338451045454,0.9164283770945153
1.0992353840991993,0.6797624303432948,0.5729877866784975
1.1067850669825776,0.6716267275202973,0.9298812631371645
1.1188261066889515,0.6623782223123003,0.9092421161538176
1.1319148527972496,0.6536898744998377,1.0443715993639457
1.1429377979989597,0.6471274431508083,1.0266422441281726
1.1532726746128088,0.6413689248641644,1.0378570480347924
1.160070212180617,0.6371430099212971,0.9090685742335303
1.1736274786904461,0.6285536389196774,1.0194527585034676
1.1853718753390647,0.6217726236985108,1.1093687559827894
1.1954997603807236,0.6159800805272331,1.02368894186008
1.2070150844707614,0.6088712623990179,0.9926856996785078
1.217793480469414,0.601213739399984,0.9512074755745961
1.2291833056427184,0.5937939200129094,1.00323993108076
1.2407003266222947,0.5856519360841984,0.9351543340991741
1.252193128337483,0.5773164899445109,0.953601666648935
1.2606175272793438,0.5706495275171882,0.8721779193487517
1.2710621946352796,0.5618104220004608,0.8600863399382565
1.2810145763273357,0.5523525159318927,0.8194135546463468
1.291112651019462,0.5423006677760084,0.836078417255175
1.2995565717747264,0.5341573625010205,0.780822849474691
1.3077189351778156,0.5267936747606148,0.8725545584101955
1.319861698914789,0.5151336108015768,0.7699152810608211
1.3273542230558206,0.5061264603442938,0.6812683150842279
1.3339186651188293,0.49638255949617455,0.5659030343177605
1.340685235082383,0.48588730339662356,0.6412854604361619
1.3486519654259537,0.4746916629604379,0.6551085511177728
1.357257937789701,0.4631186200996368,0.6417510479781444
1.3668032195167,0.45056463224719767,0.6460650381153805
1.376348278308886,0.4397463030411203,0.7426308571482942
1.3852936434067826,0.43150576714623956,0.8840849034265322
1.3959160687094132,0.4234037099815395,0.962354307054921
1.4071561103343337,0.4145012574054526,0.8649070446299353
1.4184103793634475,0.40520403881039146,0.8455807320793312
1.4290006931551245,0.3963194051266934,0.8653779247565094
1.439574509192262,0.3876470409269762,0.8626034167355006
1.4498148243756177,0.37520354007836504,0.6268774172777156
1.4560624115612142,0.3687090524132849,0.7980388556877337
1.4635361602089996,0.36263453721719363,0.8839435668326736
1.4724204746861924,0.35495029712361376,0.8224948367398449
1.4837060521405987,0.3451671962753181,0.8393100635860739
1.4938572473064509,0.33651270642145753,0.8715361502988538
1.5032474888214122,0.32837471139444563,0.8493295508799993
1.5122097557521692,0.31830623576899925,0.6697118469133919
1.5145362606417485,0.2989186231612043,-0.18888829109388128
1.5124961039796627,0.2856558516862564,-0.10618044421109585
1.5141790795800492,0.273890382224833,0.30185555270944847
1.5146437722565778,0.26035755898544827,-0.1687278261010327
1.5067208371344234,0.2469232772813876,-0.7494604777364829
1.492262396419736,0.24044970804593052,-1.4004922935935216
1.4797498478348214,0.2416224568944606,-1.9004586642318941
1.4684608242428376,0.24551123967439725,-1.965358206413247
1.4525957009168347,0.25126609512069936,-1.9424440532601883
1.4405869515163885,0.2562982311730166,-1.959781641717171
1.4259367155071665,0.2588040282598729,-1.5908014275354696
1.411954656019214,0.2576716217788099,-1.4161259785859748
1.3987796004565691,0.2556569338244956,-1.4515647821785371
1.385535350669461,0.25388488374849116,-1.4021862495170767
1.372578737597395,0.25257835775311205,-1.4858636758432273
1.3594395829683814,0.2522501323057872,-1.588993529603202
1.3475904855317034,0.25360842318414195,-1.7934651776152855
1.33643597799942,0.25739674658983364,-2.003365359258973
1.3294895459943568,0.26196150791433226,-2.183252944934917
1.3197781212775952,0.2686110519350176,-2.1579413584748273
1.3076891913366087,0.2758655253315857,-2.1276216616289756
1.2947529389561463,0.27976056322346715,-1.7437022310162285
1.281260357964736,0.28330050344386326,-1.9091565089311886
1.2702608603822354,0.2859775975215025,-1.8114870558277583
1.2594833529538716,0.29065383097599,-2.091883973727315
1.24824180402894,0.2970805395525338,-2.049358030637784
1.2370929390829952,0.30298307361772986,-2.048508029935256
1.2253218932698107,0.30964923200134864,-2.050326064951822
1.2105906374054751,0.317592261058529,-2.1338856018375916
1.1969839610681738,0.3262201160071312,-2.090698879248321
1.1825720218974782,0.3341271309731777,-2.0910778436070734
1.1723575679402798,0.34172626398524014,-2.3263412689103244
1.1604569954563297,0.35397165262590546,-2.4340749256301812
1.1495687881593368,0.36162995878007126,-2.0818867052923102
1.1403414913169991,0.3664061522868731,-2.0580851027307285
1.1278484628705343,0.37278375976929906,-2.0234574930122156
1.1144312709321382,0.37910112453616407,-2.0678299670080906
1.1038730167551944,0.3883605202407628,-2.448501276932436
1.0949698501783511,0.39797118048055874,-2.346971240452409
1.0853812253562296,0.4056841642696733,-2.1753917911638156
1.0724120785186202,0.41423503945702006,-2.16438033154423
1.0640948190666406,0.42087420918153484,-2.2965413873891034
1.0568465653246428,0.4284160598516427,-2.4030564904888387
1.0466196445446287,0.44000402683266454,-2.3946015256602577
1.0389960149734039,0.4476406108106967,-2.320058662313765
1.0289172611416078,0.45679833893439736,-2.2896734001384904
1.0204994854821594,0.4646582625044249,-2.3318304861536645
1.0080414772814552,0.4738019739576107,-2.194792011980864
0.9981248119856051,0.4842320556398263,-2.485880237332857
0.9894496850897212,0.4955998326231676,-2.4559373410929206
0.9813066549275339,0.5063675535390914,-2.4427354439797964
0.9751176502664091,0.5131037660771397,-2.3699572216041975
0.9617366331253456,0.5242466487756634,-2.342182845724854
0.9529289410765885,0.5328874869753519,-2.387572681182132
0.9432604059837499,0.5450762105710678,-2.5686202546594106
0.9367441696315462,0.5529212075020582,-2.4765364913474466
0.932276143879679,0.5626272611945977,-2.724877597005864
0.9259382440512253,0.5764062330806051,-2.716899991165892
0.919418443656014,0.5918417131507493,-2.7409782379777705
0.9141241348990446,0.6037999576515223,-2.7306551606586047
0.9074200274066272,0.6171775048019496,-2.6713730874685164
0.9005996481149857,0.6316950529522606,-2.774452784327072
0.8957351058994723,0.64342866016906,-2.6184918219868853
0.8895721574183438,0.6544655017487663,-2.614893342689589
0.8829927373077291,0.667448962092259,-2.706309174324313
0.8773972105891003,0.6789570787999104,-2.7151106303130725
0.8728818335334163,0.6894047230909212,-2.7094783056155576
0.8669616202174496,0.7029286214226554,-2.7018734298631206
0.861692582272872,0.7151964486387842,-2.7667671295663405
0.8570764275782969,0.7257808784118771,-2.71764956906545
0.8505090939275736,0.740417007374888,-2.72444458949258
0.8447037683967831,0.7511608039779205,-2.625773230259458
0.8390002671824083,0.7613157968342982,-2.6269115980786535
0.8324300162400954,0.7729838052944676,-2.617258140244656
0.8264701708469278,0.7835671233909498,-2.626632449944833
0.8231175707215111,0.7959904884140532,-3.0423643586146683
0.8203183727654242,0.8104404435695384,-2.893187559283166
0.81770664862421,0.8214051694143489,-2.9499477271162204
0.8144184976838651,0.8357974394284903,-2.9352512464635896
0.8127683216551271,0.8478666351199446,-3.046338499923889
0.8115619052672032,0.8612422491110608,-3.056800771402589
0.810520239847657,0.8757134352061,-3.0679225198140343
0.8081593276940282,0.8893795530567169,-2.8953796696949583
0.8044075428910556,0.9047671763723777,-2.888506539270831
0.8009778954933514,0.9179602451588246,-2.865946807840201
0.7959467377037218,0.9306154965258885,-2.7020000496695795
0.7926171398952376,0.9439064091232029,-2.9538713138384867
0.7890948189748952,0.955535331864327,-2.7762386777789714
0.7845006648552575,0.9691788475964489,-2.8336037942746133
0.780118056194435,0.98273955888417,-2.846322098032575
0.7742660605216333,0.9955266477645001,-2.6148593564417677
0.7676934568786229,1.006266347541813,-2.5611889396016294
0.7597833933330065,1.017755813408588,-2.485071775174867
0.7540081022625683,1.027944193143536,-2.614864719971466
0.7499014624251551,1.0370945284943562,-2.7800205896712904
0.7443691140408636,1.0468591427056952,-2.5245830733121384
0.738501186530885,1.05712338202196,-2.6698543480097383
0.7318347374418823,1.07106505810719,-2.7002784725897446
0.725852114407658,1.0843583396964072,-2.690595422491853
0.7209211152473809,1.0941458403360245,-2.622242188319522
0.714390228577395,1.1067499116084314,-2.6831463063796663
0.7085780207723831,1.1196260392875497,-2.7162510669737947
0.7015375689388528,1.130977050559738,-2.5726776359164116
0.6953917191836997,1.1446548477641345,-2.8397244702467117
0.6912010690597744,1.1572302254232565,-2.844511761664968
0.6862471451636014,1.1701979557719122,-2.685521482758625
0.6811003969767264,1.1820551278097575,-2.8455450253737897
0.6762040705801492,1.1939079433818638,-2.692037930179647
0.6698725291968406,1.2071694050378798,-2.7370941837385607
0.663687127000891,1.2195602902804534,-2.5987074513326656
0.6575096969630378,1.22980357869386,-2.606245316196773
0.6498834260696155,1.2429367397921918,-2.6201789689729167
0.6440626688246318,1.254484404991606,-2.678062161683745
0.6377232890743382,1.2642552794767534,-2.591984233167842
0.6305188735897442,1.2742727215572596,-2.478732941822346
0.6210189399130047,1.2868565351107397,-2.5034093351496813
0.6152054300473137,1.2963958292249977,-2.6064371113078826
0.6090546219396069,1.30919377798666,-2.674218259697731
0.6030713477623806,1.3220348562511233,-2.7184604043070917
0.5979777689129535,1.3355108608186441,-2.794611388945265
0.5938764122294966,1.3454799509387547,-2.731386344787215
0.5885499547922456,1.3574097451973224,-2.6648527896824254
0.5806788032144314,1.3712824048139083,-2.5988109315835826
0.5758678731182418,1.3798638374378924,-2.625720811790977
