0.11717100590207988,-0.25693230245572324,1.6146101960266064
0.13030770577618897,-0.2562972116152019,1.616504211428253
0.1437988656192621,-0.25605817773346734,1.5791038568012172
0.15657049122402564,-0.2558490062838106,1.599866374009816
0.17008610529812354,-0.25580548118117563,1.5566702059285844
0.18393959423490688,-0.2563936998035236,1.5207677698924273
0.19733767688796255,-0.25708472829920626,1.5128483839759728
0.21084713250398832,-0.2579908047883266,1.5056798995113465
0.22454310568100352,-0.2586949400651856,1.517568242795922
0.23949141944435584,-0.2595445109067432,1.4972784333144373
0.2530174237793125,-0.26078152755495426,1.468047722458254
0.2668218614798371,-0.2619981347026902,1.4710114780529233
0.2806699633871701,-0.26355600881302976,1.4648681068952885
0.29379436467462194,-0.26551250138895016,1.408143995430486
0.3083925681283591,-0.26862023085148645,1.315147253752561
0.32126554933761436,-0.27146042799506176,1.364023840338947
0.3328553424370678,-0.27274306419713923,1.4651565689440442
0.34573251326773274,-0.2756651754724072,1.2561740283196303
0.3603933201284438,-0.27663138283211536,1.721522430437106
0.37435170655357786,-0.2724004238587774,1.9316472152691802
0.38834391111741046,-0.2671228187142131,1.952834373805995
0.4039646944512204,-0.26634117288790876,1.4311211847615157
0.4179642054474963,-0.27298769674224715,0.9567329665715839
0.4314415440075345,-0.28189265826943766,0.9891758733853274
0.43828465042585474,-0.2858853245918671,1.0913882848704777
0.4503348052588426,-0.29244529963341553,1.0194048831075622
0.4621584449808046,-0.301796937032787,0.8961857107651197
0.46972397203202687,-0.3062128295782941,1.0994644192051133
0.4790718451176812,-0.31253774790326494,0.8760452524765366
0.48659795804530276,-0.31951824028559583,0.734489883859512
0.49592478528050987,-0.33088118618382323,0.6703221892971082
0.5048091599142832,-0.3400287223141964,0.911459077902823
0.5146089794661585,-0.3472312850020959,0.9553619335500211
0.5277461102524039,-0.35597730554458185,0.9806158394880621
0.5403045219868563,-0.36350596776866667,1.0280806785625458
0.5514893252679649,-0.37098556989708875,0.9705495613323463
0.5640651992173836,-0.3805210500941031,0.9636085414784769
0.5774658535199659,-0.3912550825639021,0.8812577225717694
0.5859440705453213,-0.400218479649521,0.6117791382067709
0.5952107398180153,-0.4111351860107951,0.8206793040019204
0.6037961854395641,-0.42039685306788394,0.7644683164617733
0.6120022522620111,-0.42729297019402823,0.9207707091079216
0.6228489695080905,-0.437056008900383,0.7882547521824064
0.6313028833594612,-0.44622440628683463,0.7465863651329541
0.6417740544974824,-0.4577940626257381,0.7221677270343747
0.648578374430142,-0.46940120805293184,0.44817193705864616
0.6529259393254825,-0.48229117586811243,0.2674926139100186
0.654529396094206,-0.4964136313891365,-0.05248274713988178
0.6557568904445495,-0.5109245261836054,0.21673442183354272
0.6580864839855306,-0.5212832326287095,0.24480249529565257
0.6603457112070967,-0.5333980712372297,0.17754272354184866
0.6637258581787076,-0.549147377821588,0.22316275354801252
0.6661036020816661,-0.5604981857914464,0.19333618261202115
0.6687228038939901,-0.5711407043080458,0.24770586294362967
0.6723303197458829,-0.5850236298168078,0.2914026851669377
0.6773698671978843,-0.5947370252917462,0.5641228436655318
0.6842754098396296,-0.6061688967588235,0.5075881432162485
0.6898752445317781,-0.6195614750618087,0.3257862198951109
0.6937977212723041,-0.6303839167884365,0.3472161631040836
0.6988441534331151,-0.639474536747171,0.592032894138835
0.7065020814783881,-0.6502767424849277,0.6020607008074266
0.7126291645862531,-0.6626544224237629,0.42202332533565123
0.7140176545514536,-0.6766540248452518,-0.09225596904471765
0.7066993023020463,-0.6901820915912545,-0.770930103417481
0.6989955394861601,-0.7016076763954854,-0.5165399216409914
0.6862931889732227,-0.7110664353747095,-1.1961608004128732
0.6731352465306543,-0.7187223703124127,-0.889446567547041
0.6600062804514577,-0.7228342318043183,-1.4970562003606518
0.6461947729900762,-0.7239841269622487,-1.479227700234834
0.6326252238381795,-0.7315549956833775,-0.8190828988374573
0.6261050450083204,-0.740600617577891,-0.49368013509618275
0.6186309264107396,-0.7525430884874487,-0.562147520849782
0.6139025659920793,-0.7638535756444421,-0.26472380595396267
0.60866214745775,-0.7767943269577671,-0.48250645772928913
0.6022006043920831,-0.7912749707018608,-0.4332529611749885
0.5848148462612007,-0.8025586023749552,-1.3361694203430792
0.5696031781090849,-0.7967470170831572,-2.3013907593815945
0.5570016880505934,-0.7914584454593542,-1.7557251528688247
0.5436143646835211,-0.7882336852116242,-1.84391998129833
0.5296270255242571,-0.7846820467156442,-1.7936583689850027
0.5150715041657821,-0.7816552180338167,-1.770722285692722
0.500820527257921,-0.775708321126917,-2.1296957205509868
0.4904925122551207,-0.7671058489125222,-2.3756214211812936
0.48110716581625584,-0.7570781761058628,-2.4213733309242276
0.47283333423295026,-0.7452762573784484,-2.5823174561616278
0.4675122232670783,-0.7382678082605153,-2.4600451728239485
0.46092691137574077,-0.7233958229465274,-2.8552861213122402
0.4549998669844889,-0.7120810826703007,-2.533789996908385
0.447995684909061,-0.7017481482365249,-2.537939707236054
0.4406022371397848,-0.6915889114632319,-2.5275941883693642
0.434073978338569,-0.6809771995852378,-2.5868960907702445
0.4260796563850083,-0.670843236949494,-2.4204625521891523
0.416572185418301,-0.664398232519003,-2.0668626735259643
0.4063007486163612,-0.6613215710037039,-1.7531282095470992
0.39158240005333256,-0.658956396860479,-1.7150925607779401
0.3787934514389203,-0.6541330754322955,-2.046673171982064
0.369697108163991,-0.6495117619410812,-2.0998653260169564
0.3577950383981764,-0.6448685551906036,-1.8260622948496035
0.34663824789971726,-0.641956691631688,-1.8456064186408394
0.3367041656642317,-0.6378570048254434,-2.005988041110385
0.326695967282499,-0.6309896878114973,-2.300904402533886
0.31687214611788067,-0.6208072060560007,-2.4127396190642405
0.31068757586489093,-0.6133682900564612,-2.4974431361564626
0.3016881920415108,-0.6015227329469799,-2.4822256379293077
0.29597163663857834,-0.5914220794720711,-2.732882443528079
0.2900984267679984,-0.5800810642984967,-2.5802665027618454
0.2825847831792376,-0.5677819609899655,-2.5745189711013174
0.27601257464395257,-0.5576364508500957,-2.5449434883722057
0.2688249301792649,-0.5471396150434735,-2.5512714278024697
0.2606932191062099,-0.5346257474884673,-2.55748561499114
0.2547242474772994,-0.5248667303868945,-2.6163601259433884
0.24719923035112218,-0.5124725519304708,-2.5575740966654155
0.24021658230087403,-0.5025646456021716,-2.5120142008970965
0.23191512146233487,-0.4894510652240921,-2.645893712989878
0.2242797854972037,-0.47916181697031074,-2.4523813043425378
0.21693387747332143,-0.4674889931283401,-2.708541886221218
0.21224402282110813,-0.46009257044169516,-2.5159449735889194
0.20489780365209626,-0.4456243487345008,-2.7936509402623106
0.19887625371231318,-0.43597259628866436,-2.4605568597496945
0.1910201244371719,-0.4242067044352938,-2.6353981197856697
0.1833064403631832,-0.4138382693258132,-2.4414197397302195
0.17619888430949124,-0.402592809232498,-2.6987924526299896
0.1691944186280988,-0.3931084342063794,-2.3904555576728965
0.1627288094781105,-0.38291212581535483,-2.746255378770928
0.15636724165904248,-0.3715244885163174,-2.4787131867843826
0.15034062934450812,-0.3617418152549814,-2.6599627705801128
0.1441630366344952,-0.35052287611888694,-2.6420197716003186
0.13828005445799804,-0.3370420149668055,-2.8456434666816275
0.13419353861189268,-0.3257244867383359,-2.7192794384488
0.1286685800981589,-0.3098037809236135,-2.843844010039106
0.12441825337406408,-0.2988609788292267,-2.713269765930314
0.11974424180403266,-0.2850270425296262,-2.811703645357185
0.11377090932368734,-0.2714511810470876,-2.6597470007396886
0.10821215847605788,-0.2605679244342918,-2.687357176864182
0.10129608843271254,-0.24984871730761077,-2.5036775296921525
0.09505111932460374,-0.23946904835523922,-2.6094570369024535
0.08769079068563891,-0.22855517391580174,-2.4967397868256698
0.08089726320181766,-0.21865320139022998,-2.5388393358404717
0.07429772018365402,-0.208089203233214,-2.6360308430881902
0.06713659877621399,-0.1935763951164513,-2.7364073064085415
0.06302502203667668,-0.18341247959133636,-2.6806607357883205
0.054858768298584805,-0.17161116741709215,-2.4169286693485246
0.04624234891648024,-0.16123924526993633,-2.4676159794849304
0.03751937460758449,-0.15063628577188762,-2.4469949435801763
0.02947422148108267,-0.13870334849841498,-2.604808731616345
0.0262037642330857,-0.12891323288954915,-2.910724430715519
0.022827862022943023,-0.11771760865485753,-2.7925933175914475
0.017808343211517096,-0.10401901712689908,-2.8068640486886123
0.013294325844974222,-0.08996808853531651,-2.8316516136246572
0.00822157390090483,-0.07629868414277155,-2.7416734718458544
0.0050083464678292505,-0.06888646694747515,-2.7083944858322124
0.0007873846323648204,-0.05361612213385003,-2.9215637842932396
-0.0029367772634160067,-0.043741359080189834,-2.672730888931123
-0.00825484769913903,-0.03351381606984152,-2.6818337681746005
-0.011838395776816873,-0.02105332119911405,-2.9913268036251237
-0.015729989715485615,-0.006383129241242455,-2.792878665108163
-0.020933920411866685,0.007764436711434993,-2.770316522019247
-0.02505258966820844,0.019865246398581133,-2.8340253270500555
-0.031426312872259665,0.03241474876609086,-2.578010810326816
-0.03756479677831717,0.043188389247947996,-2.624557107341908
-0.04519631721274872,0.05606591187273559,-2.5673404686670676
-0.05002100112932888,0.06686894486442099,-2.734144568726065
-0.05602878041912319,0.07936842234702998,-2.672342280378649
-0.06061756404581233,0.09086769066556805,-2.827914191237825
-0.06597900978409477,0.10423662678136808,-2.6641222449353776
-0.07136743914287949,0.11492898682935591,-2.669322236260846
-0.0762181291091804,0.12485942974741426,-2.7270153768372136
-0.08068881406462758,0.13626660621540598,-2.8096766334350094
-0.08533085232870118,0.14921104671037422,-2.7362312816138874
-0.09077411240578889,0.1597378266770671,-2.5677756830313707
-0.0984727243661022,0.17058096333351735,-2.5188443989533855
-0.10455791719197911,0.18142199430775663,-2.717178529061112
-0.1107869630324289,0.1922394612427081,-2.584388733191854
-0.11766669373322206,0.20345458662132243,-2.548943274102669
-0.12407526999608134,0.21414544652290798,-2.6043535651725014
-0.13009999155613075,0.22498202020472013,-2.6392609443676056
-0.13776135196561728,0.23851291867859334,-2.593464758936716
-0.14506439829646273,0.25176679776688893,-2.657670814986136
-0.15042054406923136,0.2649155835572909,-2.7830819111021836
-0.15461178770644785,0.2754136415364051,-2.7338009304997075
-0.15993504838071848,0.28918885246357495,-2.800904388044616
-0.16300779284242642,0.30018619699695204,-2.878424904298458
-0.16710676219824455,0.31224454958438,-2.8071113371692706
-0.1741697872109647,0.3245334385680248,-2.4406430228704297
-0.18187920953506836,0.3359275622330221,-2.680941204059099
-0.18723994273003663,0.3441908586365728,-2.5275752293282188
-0.19360159917057326,0.35418488774709944,-2.5485678333984203
-0.20317305323467652,0.369208237855993,-2.5932501873993172
-0.20931947001769313,0.38022241156759096,-2.7068022568604393
-0.21570663742550147,0.3890897434402455,-2.374760185657392
-0.2221386879339887,0.39741153677092245,-2.5052069679489453
-0.23109321533271926,0.40944464065758096,-2.4756718436297467
-0.23703367151278237,0.41858200980864346,-2.6437701547243577
-0.24837167724394935,0.42929301434196604,-2.096983344047368
-0.26037809260375067,0.4356717401280644,-2.028715681628029
-0.2707460020787734,0.4458381976097605,-2.5724850799520516
-0.27448874681598284,0.45574324552936213,-2.966096171902397
-0.27763847047480894,0.46588582864016664,-2.719601023434351
-0.28077796233315194,0.4740238126298969,-2.858637617622574
-0.2862512239135482,0.4847101135635076,-2.608140861293167
-0.2925377000633769,0.49608807008634453,-2.6314526557268594
