0.03211494876395924,0.4905853477156962,1.5661196813160965
0.04538878194098326,0.4905176228628943,1.5616527385272003
0.05983908234840512,0.49024815894084306,1.5405814161869427
0.07286214014077094,0.489944207628655,1.5618671841170604
0.08634504207316947,0.4895925691355762,1.533093288250498
0.0998883692544489,0.48821710082335384,1.4236823206301736
0.1118420059737859,0.4860575292667023,1.3630995439670948
0.12494538642902964,0.4830321859883349,1.3164478531409387
0.13753922263767412,0.4796447566903937,1.285988106296487
0.14960619719586427,0.4753928292968547,1.2177329231100362
0.16303924810553186,0.47090859625665415,1.280184370215149
0.17374083001628782,0.46683277714851407,1.1262908955372262
0.18494810867393954,0.4614791129040896,1.1071515405536188
0.19623230418976254,0.45357080060754773,0.8279614080678529
0.20483445997387018,0.44556669936264953,0.8582136845984238
0.21176405173369908,0.4415330059634964,1.0678641140447698
0.2253346504255593,0.43466337252282333,1.0832544599159917
0.23566297628415725,0.4280878490926029,0.9577381948212027
0.24752813423481676,0.41976425707170345,0.9450311680883082
0.2566727957108253,0.41152760646080705,0.7966431640809455
0.266350265307201,0.40145520409968855,0.8032384553236588
0.27595205162726244,0.39327658881574656,0.9103205570775305
0.2888332061840922,0.38663643656645613,1.2311838947197662
0.30430233172457494,0.38333192628386387,1.4176789494825381
0.3197189193938547,0.38093426032254757,1.4156516084671509
0.33151488332433,0.3757434381550402,1.014769335023837
0.3395229575385192,0.3716138928468974,1.1198730416515044
0.3503887627449956,0.36524088932955917,0.9897793918912718
0.36173994590844233,0.35727944801658795,0.935079642811447
0.37546890844935094,0.3469994141365376,0.9564599892263231
0.3850728310368521,0.3398462699144615,0.9231577701950142
0.3975984352615939,0.3308525806409265,0.9554489449973412
0.40726172767524277,0.32295950225678555,0.8461718123919952
0.414535918108851,0.31660063688538326,0.9088780537471625
0.42405726945469163,0.30783545965029946,0.7186441107532816
0.43120831875688126,0.29920615850889865,0.7061584853206687
0.4399983631197985,0.28968262199362177,0.7652726781980518
0.45029608282075995,0.27873312047380955,0.7744403658482423
0.45798636923515873,0.27067988649445557,0.7674817712299382
0.4659868681816568,0.26335241874518683,0.8411186727569612
0.4731530378446064,0.2558348292300323,0.7481221577520695
0.4861310647973204,0.2441715657613211,0.8354769214493896
0.49589132133883346,0.2358053680922184,0.8768914304997338
0.5058035003959876,0.22845904318719298,0.9635350624686287
0.5163801214558466,0.22045582983604295,0.8924622318704948
0.5268057144658593,0.2113781880451249,0.852783997527323
0.5376325845191725,0.20182606666429465,0.8331500509905154
0.5469427827711518,0.19439726915792385,0.925714513633333
0.5574215604602648,0.18577329630642495,0.805860751153296
0.5679459922531908,0.17463658563133053,0.7527409344605832
0.5754276002485215,0.15949050013294927,0.2863410248326951
0.5773577981606581,0.14481092162689846,0.03937734366843098
0.578484071171626,0.13039136505123633,0.14415613637113958
0.5825423777567007,0.11926162301569859,0.47976746429215417
0.5898124195374506,0.10523998807540073,0.4510061391315246
0.5971479018025534,0.0894735149192673,0.41152883924047906
0.6028785841476244,0.07615646409553782,0.4224624162608115
0.6083896574373643,0.06278603491481283,0.3720876132615614
0.6140996118336663,0.049540721271199566,0.4385327001378523
0.619542880072966,0.036605850270234025,0.38291191613585623
0.6244159393152939,0.025221487101260452,0.4494374211903021
0.6330003717517029,0.013697946727769921,0.7243580981077864
0.6432570118233902,0.0015644011568156184,0.7044439866460278
0.6519061965131167,-0.007379538481610972,0.780310401881642
0.6610252334357538,-0.018228418510999617,0.6392718246823393
0.6714138090493903,-0.03129331116767218,0.7529339394778062
0.6783742556976494,-0.03893751074112749,0.7303888188174212
0.6861398379089841,-0.04994418414634203,0.554626969914704
0.6935717237307346,-0.061942090077985804,0.5140633470962922
0.7003787003845089,-0.07162944825207625,0.6527306316207129
0.7077756527742115,-0.08299450644524511,0.5567134222353077
0.7083825789030628,-0.09990162176315295,-0.29482074362871646
0.6961953214230617,-0.11160532052903559,-1.1582340460316523
0.678497792247224,-0.11003249809087723,-1.9939714957403663
0.6690880844477857,-0.10169307864748992,-2.466523622464511
0.6546270215230031,-0.0962544520094957,-1.570938127999692
0.6435895747221083,-0.09888279518528428,-1.2080748731359279
0.6300619496487547,-0.10312740198555166,-1.3387623605499863
0.6179864422240225,-0.10557946135289159,-1.3794286426590106
0.6046564250526761,-0.10486626714156257,-1.8220273074743034
0.5908812792018138,-0.09505152522566429,-2.4321951950777962
0.5827088942133701,-0.08405183469561975,-2.50997990477177
0.5712743212488852,-0.07461445855577281,-2.0615210977732676
0.5592208870318837,-0.0688347505478124,-1.9613495891700183
0.5477989068583563,-0.06345034746938034,-2.0369550759753037
0.5333859795882367,-0.05982849332977742,-1.6661097297794403
0.5211486435697836,-0.061443300344132916,-1.325547682559054
0.5072662101502042,-0.0648804770173006,-1.3215534058877838
0.4952339060588271,-0.06768559488895505,-1.3558126781430115
0.4813562038985176,-0.06752446167548828,-1.7587640221988612
0.4686695597830993,-0.06141103143041443,-2.128605661516702
0.45610031509468696,-0.05380171877185652,-2.1029998789069344
0.4447299816310107,-0.045736808515688884,-2.2304847489364255
0.4327471875629203,-0.03597953593095024,-2.296988065693684
0.4208096275103861,-0.025640312688695696,-2.3162550730569786
0.41183351422310577,-0.015019381821080586,-2.5647070930627485
0.40522739129508956,-0.005279492606422186,-2.510819424234182
0.39737832104075654,0.004969586544633651,-2.4783210900715718
0.3879870503783032,0.015958271091993024,-2.410222332300713
0.3816355246050719,0.025209710134366785,-2.620683721567603
0.37180468968358765,0.036823931596659164,-2.3375733707721538
0.36217541189796265,0.044032799336179054,-2.101874168548955
0.3526855390635591,0.04969765894579356,-2.16679749357962
0.34010126601622953,0.059171714330776295,-2.2719147088289953
0.3303060854978238,0.06812012684198614,-2.3313303294724075
0.3228968934510622,0.07807533617915091,-2.647355374383194
0.3155511130236994,0.09233694124429075,-2.6228297257240794
0.3090494337704156,0.10402418773159045,-2.6397413769079536
0.3000774425145462,0.11909489532604911,-2.591995472106005
0.2947217435378514,0.12731156576362443,-2.5495685652433133
0.2857008642260341,0.13915643000416797,-2.484828767307368
0.2780199955414541,0.1496437541063879,-2.513122398678469
0.270801272949856,0.160259993463008,-2.5692174468786044
0.2637521175587438,0.16903712961821019,-2.429429647942847
0.2507343326749819,0.17766058057998385,-1.9958777838153579
0.23613167399885046,0.18318065936151207,-1.9107172686452354
0.2231867313327708,0.18850684500162276,-2.0582371854770614
0.21346611147998945,0.19777504873697008,-2.470878865196303
0.20445546164047032,0.21021436532484328,-2.5398720475343874
0.19613800581368504,0.2228907597531765,-2.606760568964411
0.18972562837756027,0.2354697271191957,-2.7238008422243256
0.18531691570486034,0.2441552079884628,-2.654967312385317
0.17683405190935517,0.2594938646298237,-2.647082281278007
0.16970894997913938,0.2722096191015438,-2.62238842925858
0.16420644393629202,0.282356055781316,-2.622619163484052
0.15708097369568763,0.2940406153386181,-2.5408115291802336
0.14754734701773495,0.3077977262069333,-2.5676679155442566
0.1401960323526249,0.3201582398051646,-2.6109029410309446
0.13348231631230673,0.33192366094805736,-2.5965648042038483
0.12759195940934198,0.34374266912388685,-2.7326790965955863
0.1221552211910125,0.35637882373823765,-2.7106943516814
0.11778793674691623,0.36889334025331666,-2.8313133559111985
0.11240351738717586,0.37918622664377666,-2.6022486738861508
0.10554686118582328,0.3919841727347627,-2.682102807957948
0.10002219813515022,0.40401263274720955,-2.7084181269791068
0.09461796457052933,0.4159740966885903,-2.7141423451248343
0.08764488417912364,0.42602166081755727,-2.4244894842563895
0.07873480908341192,0.43532175199887624,-2.3683733759408194
0.0701015489643725,0.44500315630381404,-2.4293866946991285
0.06480931236732891,0.4538698944852068,-2.651924579771062
0.05907435295334456,0.46700175792262405,-2.779876631798982
0.056639926187513935,0.47855030141840194,-3.0128734170498914
0.05390302567871094,0.49068648865638353,-2.8317253494812378
0.05012725191583328,0.5038425510551245,-2.872043241502863
0.04681980086729371,0.5165762113816433,-2.832320439764105
0.04203355851955195,0.5316101312275973,-2.848290676573246
0.037710963295670044,0.5445098154539164,-2.803651086362518
0.03223418435899641,0.5545034779920347,-2.543111562313406
0.024399418902279344,0.5664039411963875,-2.6091579321125935
0.01734337285234203,0.5788913598315872,-2.676717864502524
0.009778277751129863,0.5924047224156151,-2.679227878965647
0.0035945790615125894,0.602355237597559,-2.53746870039547
-0.0027766301816638085,0.6119021331664753,-2.593167547782116
-0.010034234594965163,0.6246542138676281,-2.627592975620293
-0.016627031292020342,0.6358362733989228,-2.6333799863420135
-0.023348856717840715,0.6451695061541586,-2.4283485418138886
-0.029546072492337018,0.6543214153108994,-2.600674935229205
-0.0372113655616609,0.6659087400269954,-2.4997002447594476
-0.045555407195032475,0.6771433474689105,-2.522560517088636
-0.05252258540477214,0.6864584114029268,-2.5357195600452576
-0.05692216169771564,0.6951442815606036,-2.720531726654633
-0.06330051412616804,0.7067674930362008,-2.6115724620232688
-0.06902535939028281,0.7198754042861322,-2.7695683225028516
-0.07463765312465187,0.7316447062284015,-2.655709071343041
-0.0795376378075367,0.7431172345549918,-2.807441122174694
-0.0855720660630153,0.7564005707887077,-2.6552998951300273
-0.09185454906777964,0.7687466654335512,-2.6659337997929544
-0.09807287028276625,0.780472466247692,-2.640603327719519
-0.10325068445126069,0.7927906974665183,-2.79421922465621
-0.10852730568572413,0.8065228387118831,-2.729146464900023
-0.11202425747868176,0.8160275273456963,-2.8832993165989156
-0.11635951493405008,0.8261874317207348,-2.6282525366490495
-0.12185179554519707,0.8403595815825635,-2.873693175212631
-0.12717338015953283,0.8545542314599828,-2.700436493534186
-0.13208953400915102,0.8678888594186136,-2.8369373952302324
-0.13738621206271634,0.8792790863618983,-2.685712765004295
-0.14281688336974224,0.8912757504783304,-2.73720677100861
-0.1482710647641989,0.9048064088728983,-2.764285012464322
-0.15472906077830623,0.9157602666121504,-2.5078518605879485
-0.16244201787567453,0.9246410835522609,-2.389539751018934
-0.16860973382224564,0.9356933609029516,-2.763888907598074
-0.17473539451014475,0.9496529132951074,-2.6923276609390125
-0.1813306136603214,0.9641540157700194,-2.7707411490150458
-0.1874382445502249,0.9759358623539236,-2.556108266256164
-0.19291278802708875,0.9883409691625188,-2.7684159731590325
-0.19954346654504435,1.0000139470555915,-2.5691715976728418
-0.20553016504682314,1.0118743223397508,-2.7580839765396514
-0.2115156272088676,1.0253031305002496,-2.659760404473201
-0.215451778853266,1.0356367128604804,-2.7962878831427016
-0.2199693235522028,1.0446248329503942,-2.4852168937669683
-0.22744837119331385,1.0549419438892094,-2.513073146086858
-0.23515367902261614,1.0676483494177669,-2.6444256505501706
-0.2403151627378109,1.0796911363081823,-2.765342553364626
-0.24584745697473948,1.0913620824847137,-2.6556919801531773
-0.2515619123678501,1.1034923842617135,-2.757972687777811
-0.25683407131525576,1.114304081732028,-2.572763208215286
-0.26154976827566023,1.1246204689188428,-2.7509095416603864
-0.2678463620921469,1.1365352771788833,-2.585849384312655
-0.2736718530429145,1.1485130135748631,-2.7520335207474966
-0.2805914563365942,1.1618619541087845,-2.5503307705383063
-0.28851186727699835,1.1754335306363035,-2.654015994046204
