-0.2633703830028397,-1.5007411056235325,1.5672013738770627
-0.24992524320891485,-1.5009271602318193,1.5551442931552795
-0.23507152382940108,-1.5013870143384822,1.533550424723981
-0.2215080674972309,-1.5020846093959348,1.5254427881326613
-0.20769428405147408,-1.502798630250197,1.5107677157833792
-0.19393177479337792,-1.5037323330010208,1.4961074939226686
-0.17927647189582613,-1.505080965303873,1.4688651092760274
-0.1642337735611046,-1.50686214316388,1.457737694272443
-0.14978878298256332,-1.5080823752179415,1.469689599303155
-0.13649520794892492,-1.5096115918171475,1.4530084111040116
-0.1231021187671998,-1.511096220681928,1.4697577265792503
-0.10953215969237612,-1.5127082568617911,1.4423778960674438
-0.09673659413279799,-1.5141990729720392,1.4626426026272006
-0.08236292061497817,-1.5163008311038844,1.4204844249239732
-0.0693244154030807,-1.5174195266759445,1.4408106274348593
-0.056139995580728345,-1.5191263189785902,1.3995563791509307
-0.043044839345275795,-1.5214006774295574,1.3875563314458128
-0.032197473538467435,-1.5240844436142544,1.26943990155987
-0.01795984889739117,-1.5294808434517422,1.130256672686556
-0.00531930195663358,-1.5356619113730126,1.1193632686642856
0.003943510966559721,-1.5415444639395777,0.9697438453797594
0.014191772386366758,-1.548063840231894,0.9414055496506273
0.02684639084419147,-1.5557496585099275,1.04929015424977
0.03828514709411342,-1.5614190042640603,1.0903742408286536
0.05019330435500109,-1.5657237739705119,1.1931153359307682
0.06156781384485232,-1.5705995643148623,1.132755108595098
0.07479354198876682,-1.5773782337323856,0.9928451309439884
0.0874005751268108,-1.5865800270516923,0.8386894483325299
0.09501093255158134,-1.5938878709178057,0.7990519733515752
0.1068814960274241,-1.6025935324486862,1.022327611426588
0.11963776904537353,-1.6112165694416494,1.0041434362987325
0.1294321997349361,-1.6177238208726745,0.959493101423304
0.13868806053473218,-1.6244816072182742,0.9366735186796195
0.14985170320092406,-1.6330690706072815,0.9071955191677468
0.15996439420813294,-1.641246342489622,0.9100490784884954
0.16872793550869877,-1.6482520175252717,0.8169063045400886
0.1778152571626673,-1.657027139549235,0.8621122412383634
0.1870282794042004,-1.6632120080153054,0.9444688111997541
0.1971778508864155,-1.671345200260502,0.8297971365505595
0.2063647267660641,-1.6801663913113618,0.8056099887219068
0.21561491331906096,-1.6889162994559301,0.8180771256229046
0.2247259924023351,-1.6953354994614778,1.0120059806864203
0.23488976100073491,-1.7020774451801521,0.9762423048206518
0.24526589312283525,-1.7089291945810676,0.9640274800652981
0.25394690099983785,-1.7158029925229457,0.8269678258372496
0.26322434385719906,-1.7242316392012325,0.8317806403134888
0.2729567616721862,-1.7337391280821197,0.7103688869727861
0.2808771411043473,-1.743477786274637,0.6983949108913615
0.2876357528279319,-1.751540141352715,0.7192476125564881
0.2974360838593909,-1.763602332310133,0.69671224743007
0.3038158877847996,-1.7754784373036951,0.39149628667610076
0.31000890965302386,-1.7875214385139688,0.5370302914805491
0.31752123548150324,-1.8003665674487284,0.5649080589774444
0.3248635651170634,-1.8122959378418315,0.5652745669774546
0.33095167514238233,-1.8228048412499467,0.5879757394243667
0.3394266725183372,-1.8347176358594945,0.6394386094322317
0.3455935993714343,-1.8475142214582245,0.3342441512733301
0.35087235005253864,-1.8624513064002108,0.3133545450857345
0.35565877118483274,-1.87670212790687,0.3740763590646079
0.3585257484852453,-1.8846689088179267,0.40925027107746653
0.36063115008158536,-1.898405501646537,-0.02826231087523795
0.361060697577279,-1.9127816612331079,0.09046387972780072
0.3623764987742812,-1.9275023218135992,0.09648726495695906
0.3595144207584759,-1.9400784749519895,-0.4018780220911835
0.3545902862776394,-1.9502605590009223,-0.4220862502644922
0.34979645618938,-1.9612325515556153,-0.44182473341859546
0.3391300737612173,-1.9708223381981884,-1.0486643433675333
0.32531327514664776,-1.9731994754775117,-1.5655565360283716
0.3120963886478271,-1.974119760681152,-1.436512443429669
0.2988825761052634,-1.9760649814361955,-1.3941142671492184
0.28528311833216063,-1.978962735886988,-1.3217516265914266
0.27378145601893455,-1.979295994709343,-1.6630167461490692
0.26053995422682996,-1.9751967843403628,-1.9801921588597615
0.24826472402259608,-1.966500976050429,-2.3652310113560193
0.23931282253566882,-1.957888772322818,-2.323417205972431
0.23331598620493338,-1.9509878124508233,-2.443200640106852
0.22467442231789173,-1.9425162816191166,-2.294505707763829
0.2130315152416733,-1.9340292926077502,-2.1381561539728358
0.19827299448576358,-1.928906405375178,-1.6899906072900401
0.1842671778717109,-1.9305416513550044,-1.2696336749646535
0.16713205904663575,-1.9298121177262009,-1.81199411521019
0.15397516265699246,-1.9267861748501254,-1.780677943174698
0.14049590380602506,-1.92440170168594,-1.759999403120482
0.1286255022498525,-1.9223560256001437,-1.741337754067394
0.11446590572666114,-1.9217740751036607,-1.470125638807892
0.10237585232264504,-1.9252641349533766,-1.1770501978248737
0.08989752692546683,-1.9286715115609265,-1.30474188166454
0.07751251990407204,-1.930637823573845,-1.4866071555901927
0.06429779269732742,-1.9316961986373764,-1.4719393807985404
0.04965285192271375,-1.9332629898002753,-1.4502840992693473
0.035627828050267644,-1.9352901067109125,-1.4039522137796956
0.019279460175773203,-1.938261382860789,-1.3753775410542037
0.005917743496568359,-1.9406366823494203,-1.3968612674075105
-0.00887986067585055,-1.9432458468828755,-1.4029227057687597
-0.022596206718396253,-1.9457546305948867,-1.376430220327742
-0.03504806007391434,-1.94801754292515,-1.378412084861348
-0.04972619067196853,-1.9509888398515924,-1.3460396896927207
-0.06430151549301158,-1.9519286744877253,-1.6255995708826128
-0.07573029140094245,-1.9493499568291122,-1.913457102986002
-0.08633270913081278,-1.9439432851999796,-2.087506806907759
-0.09477697160209908,-1.9390364363616364,-2.086081382179217
-0.10604210868546167,-1.9315215130691288,-2.2078272040070286
-0.1161033600829109,-1.9223011787411295,-2.3910261128481913
-0.12679899351437485,-1.9122768307820848,-2.3375817724397
-0.13523277557888183,-1.9064274000234105,-2.2179126795634883
-0.14216588281209075,-1.9002469259430346,-2.3260044091065373
-0.149254813114522,-1.8912843702334516,-2.505267605535229
-0.15669345279848845,-1.8792569350702713,-2.585045799388884
-0.16393038554291192,-1.8661149101693244,-2.653640284654937
-0.17200991306141733,-1.8531718368702124,-2.5351514175775276
-0.17889871052962994,-1.8434525306387566,-2.4747414569281494
-0.18711479905410813,-1.8340930566666815,-2.4113252937329865
-0.19341533571203628,-1.825661816768996,-2.500784477242155
-0.20055071934438773,-1.8159458329671632,-2.5198901535708105
-0.20966158318729297,-1.8036187339405543,-2.445148201324434
-0.21952408879955215,-1.7918500184930135,-2.399332426532218
-0.224790181948227,-1.786251799988109,-2.345495762825561
-0.23537980547543597,-1.777008173752734,-2.33302336247389
-0.24499306762561945,-1.7667563257379404,-2.4467882523648163
-0.2537791995472648,-1.7595152177424105,-2.120252218245692
-0.2649761842161263,-1.7523090591296053,-2.1993290110437735
-0.27865550835422026,-1.741652789322919,-2.2989938345342242
-0.28565027295473333,-1.7342257425903822,-2.4197330487483026
-0.29285694191706085,-1.7274188889642872,-2.238200782265675
-0.3031140684819664,-1.7167504634366448,-2.451441757402871
-0.30976842782945413,-1.7079997883711608,-2.385282798965292
-0.31785246719286997,-1.6978612243312108,-2.4862935540536824
-0.3271805572585797,-1.6857380660599468,-2.5001530245453534
-0.33352433880654747,-1.678269141271609,-2.3095632019649646
-0.3411347716979864,-1.671069120418164,-2.3579742715982985
-0.3499826512184909,-1.661532802854619,-2.4115667678696453
-0.35979563463867487,-1.6508338383093315,-2.394590264635455
-0.3704632731601502,-1.6406190759443162,-2.3067547541189466
-0.380814207102823,-1.6328472021982494,-2.203084464494696
-0.3916465169728746,-1.6243042769863532,-2.198243801144671
-0.40139391258464985,-1.6154666913582347,-2.390801686217584
-0.4117677188634681,-1.6038165742683959,-2.4042993134875545
-0.41897705214812214,-1.5943309362124103,-2.5239361338369397
-0.4274842991799807,-1.5803519181478727,-2.614082254155762
-0.43509610920123315,-1.56892706818244,-2.4919032984058767
-0.44312004961747076,-1.559045284409525,-2.4475737729136364
-0.4492462473877276,-1.5532334618833463,-2.2911485651852224
-0.4568373627767613,-1.5459044092956893,-2.3166252320437124
-0.4656748868406598,-1.5377450320973673,-2.3196852944119373
-0.47530635144351097,-1.5291333140811085,-2.321078092546528
-0.4846718229142403,-1.5196702353281153,-2.402304156900915
-0.4921979020629835,-1.5104680874180163,-2.474319558298881
-0.4995053771291027,-1.4982053188535407,-2.7125690769643582
-0.5050874390796898,-1.4848220595888195,-2.739931067491457
-0.5107734270539416,-1.4720643941848992,-2.6586847973932235
-0.5175067946420691,-1.4598489164352546,-2.5929594041257453
-0.5240335527252128,-1.449111990014306,-2.570963949777699
-0.5320732145539392,-1.4378286718601923,-2.4642401690552176
-0.5417315894405044,-1.4262598963783364,-2.4281538550428228
-0.5519063752039993,-1.413075297411806,-2.5332305825155026
-0.5607779795725605,-1.4015321617811023,-2.477663066037407
-0.567686587914588,-1.3955715646453746,-2.2385761816009144
-0.577727627698063,-1.386330758917964,-2.416909864290362
-0.5877891707118703,-1.3737036558077553,-2.4682911306943893
-0.5940538404039878,-1.3638608393095137,-2.515287516839477
-0.6020547319914566,-1.353258617306178,-2.4411822824064133
-0.609725771244822,-1.3432417568245945,-2.493999073291819
-0.6183413033233737,-1.329891745277881,-2.6109822006088392
-0.6270921487931235,-1.317310427857671,-2.5201740124655796
-0.6324087318479322,-1.308496922563703,-2.584538804923122
-0.639480203040667,-1.296849886581683,-2.637197290315956
-0.6466234058613701,-1.284943153634245,-2.5672127650956087
-0.6535760032156468,-1.2736726457604541,-2.620768969609633
-0.6584950984911976,-1.2630353558903686,-2.8211371166009376
-0.6626291973165397,-1.2496697467105524,-2.822777355034765
-0.6671351539742275,-1.2376751755457882,-2.7543794741316154
-0.6718147342521013,-1.226036449540561,-2.725970779747886
-0.6763110404299885,-1.2161788620512426,-2.734531863196874
-0.6831125400889123,-1.2061781113478676,-2.488907524408863
-0.6907463277586898,-1.1973148920514958,-2.3737313742113058
-0.6982701361368269,-1.189123854639064,-2.437753967837995
-0.7065773722440818,-1.178079389616123,-2.4589351056336897
-0.7132036225547418,-1.1663224425430059,-2.666517970053499
-0.7175882192967791,-1.1569885892568954,-2.6345821810728647
-0.7234951634278254,-1.145135324061035,-2.7468040274618053
-0.7290744843668325,-1.1312917523091355,-2.7618769860749834
-0.7347849587401889,-1.11690890563378,-2.774895935892578
-0.7392939539319251,-1.105766163733435,-2.7355652026580404
-0.7445007162911185,-1.094292747115018,-2.7378123849540814
-0.7502405665584096,-1.0844696939614418,-2.55778524190624
-0.7561865571813478,-1.0728012762119963,-2.730262478784039
-0.7618573248205919,-1.0597426337983242,-2.727535203482726
-0.7676661771926809,-1.0471327699065311,-2.6672213327210637
-0.7736517310615657,-1.0338795223195567,-2.6931166799726856
-0.7781973605999027,-1.0259181559068993,-2.587720221838211
-0.782363455394003,-1.0162004800991609,-2.7516299265001387
-0.7878236592591156,-1.006655288729605,-2.543054853374046
-0.7951244616494488,-0.9965334626264766,-2.524291773660508
-0.803496975304696,-0.9843781055484635,-2.541969841019563
-0.8113297537127676,-0.9732386129507253,-2.483527838467131
-0.8184085873759372,-0.9653746078216539,-2.3921827444189585
-0.825414261462233,-0.9567913874836393,-2.487105202506123
-0.8317895871754297,-0.947221811997094,-2.590910131983045
-0.8389537580717403,-0.9357834478944139,-2.597836834258598
-0.847687081158821,-0.9211671292130522,-2.608872374184081
-0.8536603300147833,-0.9111157036822689,-2.566861745077057
