0.8781120189698512,0.6528182678253939,1.5626183025974358
0.8916278861984535,0.6524605577715857,1.5498249972377103
0.9054228244537663,0.6518734845242267,1.522841331836562
0.9187600741709635,0.6498848322789168,1.3472584203800564
0.931817516170394,0.6467752697942829,1.3504115822906
0.9458320047310024,0.6431251748538639,1.2987262396899022
0.9593658631499241,0.6391146495042361,1.2556465918683368
0.9708421212826639,0.6351876455553226,1.2283679513049848
0.9829058054045352,0.6312098706037931,1.247528643556187
0.9940261608267695,0.626266459241862,1.100096434202258
1.004300365949271,0.6194835356453634,0.9190627147039887
1.0125334419007006,0.6126143586672963,0.8808413813294542
1.020091679794193,0.6031085016202955,0.6057858362173277
1.029410053114068,0.591809941736751,0.8066625767381382
1.037464065778312,0.5868358879068226,1.0855596075585168
1.0499488998601987,0.5797424085935895,0.9360761702595762
1.0612556996568434,0.5699897590925413,0.8143546697465822
1.0698338145859332,0.5632177202731706,0.9859616168009521
1.075657485540612,0.5582328822527529,0.8048394682864587
1.084563684344531,0.5521668931509223,1.0408526227597314
1.0973198885089512,0.5430554318143072,0.9357584016127137
1.1071264808565888,0.5349449195926584,0.8573897623642359
1.1170031900815482,0.5256287938027475,0.8093088827675571
1.1265787074087323,0.518452306238458,1.0036884512180109
1.1343170802888665,0.5127343922910722,0.8458748595125678
1.1415754230649373,0.5046176942907077,0.7009761716479509
1.1507057776232625,0.4978397650039479,1.0096153431740187
1.1619995877774687,0.4896573512894621,0.88686645635285
1.1674444672172646,0.4824390009578936,0.624956133651512
1.1761710906578664,0.4726503807521442,0.8370654493756715
1.179860252493465,0.468577586318813,0.8417885542132287
1.1819950260671273,0.46281787477400077,0.7546164297825593
1.1817931650773585,0.45773193403969237,0.5400664979966167
1.182816651586117,0.4512643432504681,0.654829236554089
1.184541079087584,0.44760790819956586,0.485465657894053
1.1889142926184235,0.44393570297781476,0.906556038939762
1.1933282225196984,0.44045086930439264,0.8419766620794911
1.196789287102386,0.438179128594198,0.9016278690032906
1.2012777787995403,0.43627494217549545,0.8952529523319758
1.2095287137187323,0.43199106810127935,0.8992862449951095
1.2212847234935424,0.42263569688222213,0.8739003363422809
1.232465314741334,0.412597151095005,0.7951621706605401
1.2405323501742966,0.40403797367258854,0.7608113760596561
1.25041916081202,0.3947261485400033,0.828692482332724
1.2626184037912096,0.3861539462689059,0.992736755699726
1.2730370030971192,0.37672228455293366,0.7195661187381931
1.2806520262481367,0.3660797622789474,0.5918190323148192
1.2886765693127675,0.35466748215726895,0.6625089345693892
1.2949067874703815,0.34712156133374467,0.7539673892099329
1.300688674112545,0.34342068144972004,1.0170597902028333
1.312340712255171,0.3327202603924435,0.7027991856288596
1.3220734512098025,0.32038894255607564,0.6185978787036828
1.3278697132854698,0.30900157583953325,0.39171212254162646
1.3335245734672803,0.29548367880235066,0.4013773980944597
1.3378377937818482,0.2855886193004837,0.3884777286186742
1.3431450755047252,0.2739265102423516,0.5115548259445064
1.3490857181741405,0.2643161038537101,0.5589310146056109
1.3556050015683474,0.2544101933031831,0.6211703428851478
1.3620751623565717,0.24701386632201752,0.7800933758252223
1.3718313815740257,0.23532405993883104,0.5926458061354095
1.3791230250116688,0.2245408028330102,0.6580328816750012
1.3864465119565808,0.2144187293214672,0.6466169618591017
1.3944649982050608,0.20423104937445127,0.6586530316809915
1.4010584022265669,0.19546152156490057,0.6564316304172765
1.4083172173222442,0.18515721473012772,0.6496759341749493
1.416082861051756,0.176065212276503,0.751886598165533
1.4243225230875525,0.16589827012150185,0.6557032203941799
1.4349750881759997,0.15264078335303707,0.6313113895985002
1.4361974414467635,0.135531774708672,-0.20115620423265615
1.4345529503638088,0.12128299105999563,-0.06398456473348312
1.4377060503795194,0.10751895362633901,0.40133533398287385
1.4436246631395229,0.09828174127611916,0.6890904867024256
1.451899223379497,0.09103335584337068,0.9357893160960298
1.4625260644050209,0.0829137131408853,0.9439543921561637
1.4688216471929643,0.07600565816335673,0.5896522440084312
1.4767540009860278,0.06530420947204622,0.662325929177403
1.4850398765314419,0.05326356008749228,0.629239715483196
1.4919590561492386,0.04293224171650019,0.6121435337035788
1.4989119523689927,0.03315249519063628,0.6093870905333977
1.5058924913137923,0.021601244785873427,0.5220393078864148
1.509435206113867,0.012614675612636683,0.3609776069929706
1.5145327089935339,0.0012530607481021669,0.5180910552433327
1.5138739079817496,-0.0128630745684248,-0.3602188816637291
1.5076473825605952,-0.026252679350378304,-0.45820219109274024
1.4995408184776386,-0.03545435082552671,-0.8342692119109979
1.4852069407689703,-0.03908504700068434,-1.611318978871035
1.4698349519968674,-0.033317596040005566,-2.128397495406993
1.4603784089290386,-0.030606979006103305,-1.7645620475146526
1.447852428730451,-0.027854936130533033,-1.8207457379406922
1.436042961235963,-0.02560287954144084,-1.7351764460303294
1.4219211618808512,-0.023675187127920955,-1.6838088114796113
1.4091296422622088,-0.020920568299385735,-1.8353216200730276
1.3979133927384855,-0.016691386087753415,-2.0506069570861154
1.3882243718983125,-0.011111379935577884,-2.0827158680487527
1.375408125536369,-0.002231767841979373,-2.216158396418557
1.363304964697929,0.005213034256300492,-2.0909427232050226
1.3511023493123129,0.011900752378570625,-2.0481334929816106
1.340487500313265,0.018541061654677293,-2.2053524302016188
1.3317231262866296,0.026478830385347405,-2.3110936141339424
1.3194181219637762,0.03336535558586524,-1.8958626611459382
1.3066911959776695,0.038913651581652296,-2.085433422978406
1.2961331178077908,0.04582798349583581,-2.246915119415805
1.2899709708039153,0.05039884660928825,-2.2135949681602827
1.2775153480492545,0.057577000500638575,-2.0576664137104057
1.266539180124837,0.06169956504953813,-1.9336080194887635
1.2561649235087893,0.06624676577001332,-2.058552322378139
1.2434732942452607,0.07147790826494971,-1.922216368004804
1.2297555093914048,0.07599939472337104,-1.877931778674975
1.2131104587246087,0.08062374022893994,-1.8481868420853291
1.1989980111490588,0.08467067360851178,-1.8515116578857358
1.1850781980141796,0.08898254503629509,-1.8659568157243804
1.1745440236552167,0.09375283210743923,-2.1448897100712134
1.165852972120292,0.102138183677848,-2.487260320922889
1.1624643526653,0.10717454865761683,-2.568795701194828
1.158218088172168,0.11903728169166276,-2.893056436069353
1.152671423994411,0.1317809560943487,-2.6024945415777996
1.1456295049802834,0.14389448709100625,-2.630059048912261
1.1403922655746614,0.15328561380310238,-2.5519508037654077
1.1335574624485358,0.1648157511753253,-2.5692799214790556
1.1261010261241855,0.17629130307349472,-2.576063163572855
1.1175808895798098,0.18893073278039854,-2.5291234354858867
1.1101288179214788,0.19804462679935922,-2.3786011732149626
1.098703790950297,0.2084486454026543,-2.2422698620240737
1.085437362079719,0.21764273751494406,-2.134734537489609
1.073956224232907,0.22851492847778243,-2.4120634528571228
1.0676209523209133,0.2366121644396869,-2.4875392482006022
1.0593977896022206,0.24831788524101148,-2.5610307037765714
1.0507642414628642,0.259212934213675,-2.4469306208713584
1.040961895197187,0.27219866871198556,-2.560067125879403
1.0331590051028956,0.28402169981849046,-2.592785028077669
1.0257209058192562,0.29423222072677835,-2.4879381834887417
1.0174048851741688,0.3032541915609128,-2.377252791491145
1.0087351012696029,0.3132105696920873,-2.4379032045569535
1.0001926792525615,0.3206199942872346,-2.2739965404582407
0.9893501648897488,0.3287565400922747,-2.2132741413585593
0.9828563665859599,0.33225520257330304,-2.089943552486283
0.9701531706936155,0.3417578327254162,-2.349005612759783
0.9594910938867366,0.35267016531502515,-2.3833136192569326
0.9523699626883159,0.366041923764251,-2.7999911367454655
0.9478453607273689,0.3754448395085877,-2.5632849775474003
0.9417723909155445,0.3845524053532454,-2.5285284628882025
0.9351521741705898,0.39458329338142717,-2.5833926601278274
0.9278637757865535,0.4068685747482612,-2.5913975891278564
0.9196517615170599,0.4202781206979951,-2.5752670981417563
0.9114085303311686,0.4312454159209108,-2.43977489205451
0.9028335335484592,0.44225985017149,-2.5444175218597676
0.8986644984404746,0.45165137852939385,-2.808888693490117
0.8923897028394145,0.4650891246024638,-2.669064086842215
0.8872253869563871,0.4779552025359873,-2.8226211137312975
0.8828390476018768,0.4886495804557386,-2.7390433363548192
0.8775135563409996,0.5009360004518338,-2.733396388303616
0.8732180312527653,0.5121371037333202,-2.7414442863868667
0.868382716876795,0.522739814483594,-2.602268413113048
0.8624353489105242,0.5352066230274095,-2.694284203475541
0.856395808763161,0.5463925943224683,-2.6199008759004307
0.8493498642440768,0.5599968780109007,-2.694196336943657
0.8446377635210174,0.5695627110505299,-2.701821457437943
0.8400014163141066,0.5840711417297156,-2.9169528578319484
0.8384157136681796,0.5982046956993262,-3.0705106127806774
0.8354870168254086,0.6128575252815858,-2.846826842045711
0.8307184105003002,0.6273751773395669,-2.8200623144188723
0.8261047959295779,0.6411191800977158,-2.8338996623501185
0.8219785737179999,0.6519549364999199,-2.6903303696178607
0.8175840691965198,0.664553371826774,-2.8391794598575246
0.814938491793644,0.677842863859538,-2.975085764685004
0.8118984991120598,0.6888344286026853,-2.7992794093409454
0.806327989491807,0.6997492867432972,-2.5787745803775284
0.7980156164717381,0.7118016403615638,-2.5212856284947986
0.7889374008232839,0.7239837864737179,-2.462330477344245
0.7826874202247209,0.7320510834745682,-2.474584158566351
0.7746985887599257,0.7422763571645058,-2.476755945837691
0.7685192199332386,0.7537143079027272,-2.692282422215478
0.762856690596625,0.7671752733878877,-2.7918572223055613
0.7567617789568511,0.779895006535637,-2.6272644892383137
0.7510405655460898,0.7895052789589008,-2.5653170193328663
0.7454751427815034,0.7944904127944143,-2.365138929988682
0.7362575190933698,0.8039522687780432,-2.3815358331872916
0.7291669863395762,0.8144236823627379,-2.6631072366148576
0.7234368693360088,0.8259049617178944,-2.664519745795375
0.7164657312591795,0.8341607089966909,-2.335108471247079
0.7084864260456273,0.8476325363519219,-2.824128626152106
0.7031365887051814,0.8592376475877015,-2.5538838604520495
0.6961588383973519,0.8712591868792823,-2.650167537572173
0.6907908047381124,0.8826343146142094,-2.7385464284573215
0.6861391160463767,0.895755492447666,-2.800963638698022
0.6827631598064235,0.9065069676692756,-2.8453478841348483
0.678604631305259,0.9203431263695278,-2.8408443997331028
0.6731988482299879,0.9347662270883387,-2.743665432785372
0.6680094961752805,0.9476675391156955,-2.763930385112926
0.6624995267821303,0.959315407745216,-2.7135809974590934
0.6556587805673587,0.973040861812474,-2.667765083551175
0.650992813114577,0.9826032125123954,-2.68406128115414
0.6459265212184542,0.9930417972921652,-2.6880247456243427
0.6401260839105829,1.0034570231540942,-2.587723521286916
0.6336131112498455,1.0129377595329616,-2.522205882992295
0.6291728501088414,1.0211160531507002,-2.6957812649182444
0.6227354363235935,1.0345523378047368,-2.646551113081221
0.6163487798515517,1.047132390996913,-2.6574148566283924
0.6108313318183554,1.055464926979631,-2.5233832420130287
0.6035375914460279,1.0678540972507689,-2.652266398383442
0.5972216748178893,1.0796023220478514,-2.6215054543177563
