0.18286622310883016,1.0240368142887162,1.5626946136650977
0.19528213982548256,1.0238069256767903,1.5516231238878428
0.20833643508736305,1.023447607508004,1.5302893683929943
0.22209900599410073,1.023313166818009,1.5753217626043226
0.23550024253702714,1.0234185596571863,1.582537738630564
0.24928332010495716,1.0237052216507647,1.6016987210431584
0.2628963499385361,1.0240384404738438,1.5851368056721389
0.2767955181430629,1.0248478073493295,1.641260499700093
0.2909746135775827,1.022592429428489,1.2761909959153088
0.30312302048265893,1.020755946724777,1.5085179498317887
0.3162890699419223,1.0194079032314831,1.4442845163705753
0.32889487081572627,1.0178496199253388,1.4554284018206525
0.34417245804662305,1.011994919867406,1.008965102219977
0.35656482900456743,1.0004595280334734,0.682252853536985
0.36513355944881803,0.9909461283242951,0.7772979549525362
0.3738115790193085,0.981522096386282,0.6748397854540347
0.37998730010260084,0.9732157566453391,0.6174951410047281
0.38669274787733315,0.9648192693096044,0.684522997428065
0.39545831891948824,0.9537243768562259,0.6429843515420253
0.4061397842671954,0.941219769390993,0.7646628915719688
0.41546990120548477,0.932838563292174,0.9226382950027499
0.4252410027414009,0.9255728475010108,0.8999807870754618
0.4332506158413107,0.9198801941731175,0.9936017768020837
0.4442564693699317,0.9117684345122872,0.8589957312047161
0.45385443128069947,0.9030793109706303,0.8442088554342081
0.46149686952743935,0.89541222435909,0.7411089521208403
0.4736574404927692,0.8864904832468569,1.0914351236987936
0.48574293770459565,0.8810522419088652,1.106865311627665
0.4987452887929319,0.873919152280754,1.0208449600558165
0.5115505167269443,0.8658540250443146,1.0130123572245178
0.5226365113205598,0.8574509897912566,0.9032300046129841
0.533340415603146,0.8489198308398638,0.9134951816946345
0.5434817969555842,0.8417097602246316,0.9629584663441879
0.5524362193654526,0.8358179298751727,1.0607247708858865
0.5643695812514762,0.8298184408056456,1.1261800677829015
0.5763958735667788,0.8219737448840575,0.9392961263398015
0.5874306426888357,0.813316941909328,0.888753710138681
0.5962288037531116,0.8064839471939735,0.8522033608410491
0.6061155605092086,0.7988967924961419,0.9811395225779216
0.615736686489096,0.793082693622822,1.0234328262529504
0.6226087273505971,0.7865813178672229,0.764824373406351
0.6324334527086051,0.7773727971547592,0.8541574569194421
0.6404568932113683,0.769329486509174,0.7232963927385907
0.6486796784271908,0.760242372925415,0.7394399358751577
0.6578990964880362,0.7510560837754287,0.8217182198824078
0.6675009227833295,0.7422988703036904,0.8304839341660151
0.6813313157965784,0.73135850810227,0.919473287247303
0.691648785103963,0.7251212083391073,1.032090707435567
0.7013949124991962,0.7194349177461753,1.0422328600291721
0.7117868104311336,0.7123187147539373,0.9520575992728217
0.7229071630318848,0.7031586009672022,0.8143821956989061
0.7334335321710607,0.693031268391753,0.7821004000844923
0.739451295909079,0.6859184072105308,0.6680719216224861
0.7471821250012188,0.6725749414719845,0.4361651270187356
0.7525964602812438,0.6604060687694435,0.38879160627619713
0.7583803098855346,0.6502709825441182,0.5912394013030848
0.7658378938920936,0.638409850641422,0.5691377603438019
0.7765867094080869,0.623952947579987,0.6350872942749515
0.7850502956237047,0.6134361557873511,0.7134601616847525
0.7923976267128898,0.6030844263539172,0.5460389673814003
0.7994156426979995,0.5918597247844875,0.6037200758007024
0.8061078067703478,0.5797319978707284,0.44804444578225
0.8125104205561403,0.5688280705695558,0.6506135203275197
0.8210240100199313,0.5590124504057212,0.7250785492263552
0.8297129499280843,0.5492426693017903,0.7698687150859457
0.8403566466079008,0.5419192651275397,1.0534833006450826
0.8521172422677183,0.5356030289487368,1.077273145636434
0.8650011747916991,0.527994060429336,1.0218398626508578
0.8737318618960247,0.5238026274107347,1.1029868088666612
0.8833027664921658,0.5183022351394444,1.0448430969165292
0.8960056377488406,0.5100406648309522,1.0141275552154227
0.9051778203471875,0.5046442107866085,1.048076738733687
0.915372216486361,0.4991347137400221,1.0939578843685847
0.9248844101054363,0.48914120903045233,0.5491303487239588
0.9249130859160692,0.475052786309986,-0.1984376607584188
0.9217929160660516,0.46244947032533057,-0.3052744909847003
0.9169158848331301,0.44910568387729344,-0.41879664825180185
0.9107214019776488,0.4376563642000632,-0.5608130605197477
0.9023301003106493,0.4286012714424244,-0.8502890795151267
0.8954682369143211,0.4191194285643915,-0.5145917808772277
0.8889099360378302,0.41135247888698573,-0.7620367927239344
0.879679014832249,0.4024969567702953,-0.7851404747932801
0.8700171472636361,0.39419159397635745,-0.9166048384424945
0.8563473009212472,0.3883657986699352,-1.3476829924088796
0.8436307680693496,0.3834443880447944,-1.07155104994528
0.8318932783110807,0.38069978706219393,-1.5158281591484597
0.818985123942769,0.3806734776400513,-1.6008228148300025
0.8042321332586647,0.3798711744862361,-1.4513686437258293
0.790349249556705,0.37744497674294325,-1.3827234047553274
0.7749095415833364,0.374549302183186,-1.3794513048442587
0.7620937413823015,0.37371162699553173,-1.5841952506679413
0.7493970161601309,0.3765771345362383,-1.9772445715855793
0.7361236866959993,0.37978252903245135,-1.6405123578244305
0.7230883120420488,0.3843953669162948,-2.098835610381693
0.7117271718980006,0.3926538101430623,-2.257867971244129
0.6997343614392089,0.40478144678696687,-2.4488931224155595
0.6900662365146901,0.415708671410005,-2.4058343053721956
0.6803661989973598,0.42560078961640974,-2.3299152149695246
0.6702791413226816,0.4351077826296772,-2.317058437350891
0.6597624392974545,0.444802659717735,-2.302704937093231
0.6497425323157905,0.4546004468395257,-2.323576144928873
0.6403233399376871,0.4614964867260997,-2.1641283015625348
0.6307974746516487,0.46771042932905377,-2.1543933112464875
0.6185631452927371,0.47810576524587295,-2.3454299190590873
0.607909952886637,0.48948520746478397,-2.389022043509363
0.5978149631136491,0.4973923198469933,-2.126936744142606
0.5871446753898808,0.5038449371776655,-2.090745165219019
0.5739726674660725,0.5099148433565597,-1.9653077680543403
0.5606267404144729,0.5146273924645609,-1.8632191326253225
0.5457592294860245,0.5192011324858673,-1.8828979432635222
0.5312373971322182,0.524600295176681,-1.9472447102877302
0.5201789406879112,0.529273144692769,-1.975491974376867
0.5076218947687656,0.533633922881576,-1.9023313341495522
0.49405788583665133,0.5426973309066158,-2.3220202728886177
0.48460710830266557,0.5523596015603837,-2.3596934995265464
0.47605808230940205,0.5649121317219747,-2.607593107874227
0.4689833022329798,0.5760851299288191,-2.5347212001090287
0.4613236622490455,0.5870469102301198,-2.4979828002744386
0.454728175102719,0.5984115176498748,-2.669774769529476
0.44746554344086076,0.6112541384601786,-2.566357423663338
0.43959846195658625,0.6234152313888367,-2.5089618182431517
0.4324304685938817,0.6319502784674689,-2.381374601138843
0.4238010122917373,0.6404803055570606,-2.329433483075633
0.41408226935646003,0.6493201104667435,-2.3108292878710306
0.4025290901134707,0.6597347290390212,-2.35766801547221
0.3922793086237554,0.669857628452864,-2.318510346719953
0.386027979595045,0.6825391451823567,-2.914092268202165
0.38060740125721076,0.6955074196986748,-2.55666491360315
0.37230504196528547,0.7103971665618573,-2.6980413112466968
0.36972924155513287,0.7252483005714819,3.1413366244555383
0.3671368366595019,0.7393321970671276,-2.840483310214829
0.36046969383614424,0.7534012116599993,-2.526456583257579
0.3565372913304963,0.7609611470187285,-2.7046824915277137
0.34893720662967054,0.7766796484737382,-2.6850623775177422
0.3446894102199155,0.7869817149291365,-2.746848495651786
0.33839491805016825,0.7986898953717746,-2.6469056524706813
0.331535284042321,0.8098396716426646,-2.5459175809173686
0.3238435815867867,0.8229195029021804,-2.627352535274236
0.3190083673451031,0.8328844379585977,-2.7758415386522084
0.31444374328673663,0.8436783441793153,-2.677155614138517
0.3083599976889107,0.8555301599713112,-2.6759789532870335
0.30366843684784806,0.8660546680258262,-2.7685759702584267
0.29911281875962287,0.8794133588953172,-2.8227519680446176
0.2941655067747154,0.8947676102485821,-2.798039418658858
0.29084832205405386,0.9101847233571387,-3.0646270283844648
0.29156088030124955,0.9233332457682126,3.0022732313606575
0.2947926857699619,0.9362255851595827,2.8471468349133318
0.2969244092803596,0.948888298131229,3.0666124181832495
0.29405170708919104,0.9632730265703509,-2.7198074700209665
0.28999081650530023,0.9721925030550941,-2.7157254602375525
0.28572305428468714,0.9847818036353129,-2.8895207479179543
0.28432502457331993,0.9971115519500908,-3.0936589244378356
0.2843526217781703,1.0112804429104394,3.1026538346245762
0.2851044461627284,1.025111725926774,3.0842089357828852
0.2860965188009244,1.03900690779,3.0789152980290613
0.28706523909238274,1.0523880631813969,3.0447428171800883
0.28836218861626595,1.0671768725613942,3.0694146751886686
0.28974208533657964,1.0802782146527325,3.0646873614784966
0.2903304735559758,1.0940488495221412,3.1289878753072813
0.2885888421403518,1.1067683393055492,-2.8670570685091996
0.28595226082833486,1.117946966667023,-2.935181950146499
0.28219924580968697,1.130672553885871,-2.805778580316144
0.27855631360026706,1.142440400313392,-2.888867605011657
0.2729649930217899,1.1537209554354815,-2.6331076077329483
0.2672860669203994,1.1656386963490446,-2.744107872544526
0.26105539655062954,1.1785151539704486,-2.6449201108432576
0.25712926770258143,1.1875621997702563,-2.7871569889068524
0.25187594079862297,1.1996961796255496,-2.6915663144826563
0.24627315878689007,1.2113019626666832,-2.6939019914750917
0.24021309734826582,1.2245729462087607,-2.6965405511724163
0.23446361482779612,1.2379698774111043,-2.749287695667908
0.23137888666616446,1.2459502501230206,-2.7281078881441836
0.22606352869453022,1.2576214948407578,-2.658053468097908
0.21969816866902073,1.266924543600072,-2.522926566532135
0.21256403087587578,1.2781402151685994,-2.642385621302732
0.20801468811154314,1.2877219554501256,-2.646463127878164
0.20172817195399542,1.2966664292481942,-2.421522180529092
0.19704194277244466,1.3035333984270592,-2.595705441941103
0.19022757489301284,1.3140253391631804,-2.5541635194582817
0.17905459583468455,1.3231125994648145,-2.0849376631424885
0.16636932886737557,1.3347166182718313,-2.514603827395154
0.16160777548525804,1.3431675726099561,-2.6646686006148443
0.15511037243783254,1.3567784349336223,-2.688304539133892
0.14883689650512646,1.3682621381546314,-2.6851132399936817
0.14248552737269574,1.384018498609786,-2.810249125516389
0.13809946641361948,1.3948405571995481,-2.6773294698573045
0.13067618088584976,1.4089130942273895,-2.6289195303468302
0.12449272578300254,1.4190584866189897,-2.517112615627517
0.1171932677268893,1.4301238367360793,-2.582316292673827
0.1089442915799111,1.4436450531594984,-2.677967483398542
0.10291805328514504,1.4543382821903674,-2.5798011044140026
0.09521209828879061,1.467600634100897,-2.6631837050592333
0.08805242847192478,1.4783661798799226,-2.4744889916293227
0.07981768117163289,1.488756147359228,-2.4578599560195813
0.0743264733904316,1.4971871804818289,-2.6225932929430655
0.06898776194476963,1.5063832045317989,-2.6042088956204896
0.0662326962446886,1.5102295132622265,-2.4573529906899503
0.06164927056929413,1.5159294840092392,-2.375660135559108
0.05391365370308551,1.5275656311191557,-2.663852336701591
0.0507637761106679,1.5396538971373381,-2.9453369566100487
0.048152207957712294,1.5509454065206107,-2.8697765589253947
