-0.8811850970917068,1.3156383577040944,1.6130952928455748
-0.8680637055737576,1.3164927190522062,1.6397058362195496
-0.8546438442853581,1.3175079058955228,1.6393335071993822
-0.8407065116134259,1.3178153029397839,1.576306691974401
-0.827793564960118,1.3173357500840657,1.500961071359756
-0.8132224373731375,1.3163331400493405,1.4881301423804343
-0.7985413360139634,1.3148586604742813,1.4587901022496303
-0.7838464530026907,1.313085868597053,1.433764382272885
-0.7697696862508263,1.3115745896606754,1.4740160031674439
-0.7552825914596926,1.3100363348932453,1.4535801734759597
-0.7412618136965075,1.3081788201530977,1.4443305888844655
-0.7270100717078055,1.3062629820486933,1.4170398657106456
-0.7117553386966002,1.3026154881314158,1.2572170083959056
-0.6984129750303839,1.2966568830757377,1.025469273611187
-0.6896104071138643,1.2898541552619782,0.7877515605232972
-0.6816601747007269,1.2805177739738258,0.6306568163663252
-0.6721922634355684,1.268929525182227,0.7674122896437329
-0.6669186140951652,1.2643916920055307,0.9230867427407632
-0.6599249980514266,1.2575562050030726,0.7419377426179771
-0.6498979513925306,1.245123737020502,0.6402773701756138
-0.6436462312562478,1.2366162834726089,0.5389049771985424
-0.6361506776961302,1.225333162411022,0.6286535143278997
-0.6272061081117823,1.2133834781920574,0.7016524169187485
-0.6154875835360523,1.1995073352796597,0.6453287767030002
-0.6095445975356628,1.190398801230496,0.5349631872640792
-0.601239506420915,1.180852195145496,0.852208363347626
-0.590689697079668,1.1722725861561567,0.8949324925079432
-0.5800089764058357,1.162819003062595,0.8524193070202338
-0.5706407494796407,1.1547826607300684,0.847570714614267
-0.560609828018479,1.1470427013783902,0.881745846426223
-0.5533508658300389,1.1396023593046898,0.7099175221244366
-0.5427428988322729,1.1294307181396965,0.8497966584984177
-0.5315860887188405,1.1204546582163117,0.9720497941683426
-0.5200312162383244,1.1113649143972266,0.8796805729439265
-0.5090833647303105,1.1027715109059624,0.9263445197307237
-0.5016293975542894,1.0965512492951497,0.856574391339843
-0.49198424721826745,1.088969717593705,0.8587526316715366
-0.48301021270682615,1.0813847185507062,0.8298847209099315
-0.47461796524219446,1.0714190851442444,0.6554003664647706
-0.467720467097183,1.0630013738598887,0.7055328609296966
-0.4595645830784531,1.0521777800299914,0.6470657232804884
-0.4508064957924177,1.0406560502252529,0.6397262592373957
-0.4425461372204883,1.0295663447622003,0.6630281496842385
-0.4355445534043983,1.0214217301593274,0.6742293984541036
-0.42469315544962294,1.0098365445908064,0.7852629673522761
-0.41402708355409124,0.9996365126649741,0.8190789351439205
-0.4063782530422143,0.9911078900249185,0.6616581978534415
-0.39891411556933165,0.979904320427269,0.554112508715818
-0.39308122851324356,0.9694151859648084,0.5383919251367765
-0.38574914412466127,0.9585945741884644,0.6620846245162285
-0.37832619575163795,0.948889718549719,0.6073372402683163
-0.37270084213117455,0.9389965015453555,0.41064438972847084
-0.3680112832205909,0.927868292936202,0.3906285368421686
-0.3628738885998814,0.9172856884935303,0.47808986943037934
-0.35639264577913454,0.9055032283191553,0.6066137715756229
-0.3488096710530417,0.893527659989646,0.5742902170316492
-0.3400377089188919,0.8794375657223407,0.5341830790744257
-0.333223062496169,0.8666396365955267,0.49723071346818765
-0.3244102652667031,0.8548948736646452,0.7526686318808279
-0.31650080345448006,0.8463930186564831,0.75766406130549
-0.309506247602532,0.8368539110272771,0.5559261230200997
-0.3017451516817767,0.8259154875029073,0.699447520926417
-0.29365358667478486,0.8152399185099304,0.5815312439658372
-0.2859018516988544,0.8038847657126144,0.6321174230717008
-0.2757921292531521,0.7943741839571964,0.9480143241657278
-0.2665355022831361,0.7869790408595034,0.8041308737569937
-0.2586516416320014,0.777148752113072,0.6221754365109
-0.2507869937319156,0.7656598522483979,0.6215860051202714
-0.24319770094588833,0.755848395846183,0.6889984943998437
-0.23481890333864258,0.7460041735294638,0.7536610683299984
-0.22704333670590487,0.7367381189745477,0.6789494777431184
-0.21934901660193354,0.7268413758735659,0.6634983838156364
-0.2120754243874136,0.7168566264384275,0.6175691824926438
-0.2049721067544027,0.7081106611807478,0.7707073649509527
-0.19732968838803577,0.6995854192743147,0.6527734046151215
-0.18972488594216153,0.6894765572402707,0.6853670451482629
-0.18143293439145228,0.679712054582092,0.6930075091349106
-0.17392932517005696,0.6684425428074952,0.5305031802364472
-0.16975550857193092,0.657320448999421,0.32673390386129664
-0.170093759576834,0.6428164560532454,-0.23392773937754283
-0.17693814581756345,0.6322842650245963,-0.8169716893938432
-0.18911491138879236,0.6236166788582456,-1.048501820411976
-0.20225124928828447,0.6195362450371574,-1.4372922239000272
-0.2155946522704836,0.6208045294478595,-1.8400054432617465
-0.2288744902868551,0.6259837217438231,-1.986653291876946
-0.24360712532066658,0.6327658709018691,-2.002073441967052
-0.2542713379163815,0.6388151622167586,-2.1194113549571365
-0.26773197561112083,0.6441646560898914,-1.8486819490725697
-0.2819345706517552,0.6456484431725378,-1.5520553399528232
-0.29564882666057696,0.6452852403986937,-1.5409528504559034
-0.30892067729327677,0.6456678434785816,-1.6231834515600432
-0.3222558103399378,0.6477805525507889,-1.8184731061927926
-0.33646431889269357,0.6497239146200424,-1.5966019567811083
-0.35084662829601043,0.6509244591760649,-1.710746053953824
-0.3633353897105077,0.6523832248879616,-1.679267247376518
-0.37723322631121126,0.6538989336427901,-1.7010832380680039
-0.39104343803898767,0.6557643635982329,-1.7149818445958558
-0.40470831456590184,0.6580096143818807,-1.7284386186780378
-0.4177986476064536,0.6600088423501239,-1.7547092148949452
-0.4318384693718866,0.662780374744808,-1.7872861812546048
-0.44171918576054947,0.6659162019363978,-1.9001087302938229
-0.45464418417708796,0.6716570835317066,-2.0297572911983703
-0.4657411817037442,0.6775021885955687,-2.0431799102166353
-0.4753952053592168,0.6836090412093607,-2.1937727286772613
-0.48526097488066566,0.6941190468402064,-2.5024701683100705
-0.4918387398239368,0.7037304990322104,-2.480919852884021
-0.5014280110856436,0.71559642365924,-2.4316742656838763
-0.513393171974117,0.7267799849276134,-2.247038132371758
-0.5232276694251036,0.7353493872516023,-2.32897999892468
-0.5339513395010813,0.7454770977543693,-2.3730899807869625
-0.5439981906751641,0.7567057966500789,-2.429297557850736
-0.5535030665193695,0.7669657432901636,-2.3622331353896926
-0.5652597215959095,0.7756073348863152,-2.1056784580876657
-0.571388754155496,0.7782984923071369,-1.9594439914076207
-0.583531123212836,0.786990424604225,-2.378545109361392
-0.5932789778462774,0.796357349400542,-2.2872961539026515
-0.6010146238246363,0.804014983961096,-2.440673194469791
-0.6082425088752501,0.8161701100281061,-2.6785160687787264
-0.6146138528162064,0.8305277024071964,-2.747090909279853
-0.6217962226403208,0.8412309173420518,-2.4725790295634953
-0.6273741925287998,0.8501933987526779,-2.6261616141641344
-0.63188887655139,0.8589986595112286,-2.692070511447388
-0.6379634162716971,0.8697584194664243,-2.601682099276159
-0.6454342987743146,0.8811680299592249,-2.531810195919853
-0.649227205731365,0.8898484297832935,-2.805369259910884
-0.6533970484437637,0.9001164520555766,-2.6484518225367695
-0.6588387346740477,0.9112597325997686,-2.73322683895926
-0.663276088323985,0.9216441069684088,-2.7134274603743447
-0.668711833582606,0.934055684302259,-2.7193090141222935
-0.6747951718655555,0.9452077729897693,-2.5569443006981305
-0.6845676887712885,0.9596299864782297,-2.5569189874726033
-0.6923255090444087,0.9719965906319477,-2.539752802329331
-0.6995404219113787,0.982942294624164,-2.5495663137641524
-0.7070334263169171,0.9949758300558242,-2.604507262679386
-0.7136412025742895,1.0060386855693535,-2.582427336448345
-0.7216434447144088,1.0192174959543854,-2.6097621011833714
-0.7289380008621636,1.0310855995448067,-2.6020071760689594
-0.7346416108303848,1.0412665017850415,-2.650222453342083
-0.7400092972099146,1.0521674231115683,-2.663083082862892
-0.7449419423301161,1.0628223096083678,-2.681516688830675
-0.7497370024060415,1.073799247839517,-2.727922330196011
-0.7564754226712611,1.0869076429080693,-2.6395202536745317
-0.7622111162000947,1.0990693298469458,-2.7515544817135065
-0.767932073045267,1.1069406300115734,-2.2864986800659794
-0.7795833100366706,1.114588007034301,-2.0440997791099154
-0.7903451637550837,1.119231188607036,-1.9795975755431467
-0.8009178542827069,1.1285064033777494,-2.4914291391073626
-0.8061385464377671,1.1378575418477497,-2.69340735867303
-0.8139114029984035,1.1473270618869522,-2.3329666284672808
-0.8215587072528348,1.1551296007167602,-2.41818335766761
-0.8323291535337127,1.1646532236805278,-2.2100723122495167
-0.8446578734126742,1.1747024636377628,-2.311153763608119
-0.8548861360467391,1.1840743446119129,-2.277489328111702
-0.8644053557169709,1.193374624369168,-2.3779821229371336
-0.8743123148676497,1.2040288557371108,-2.3614752985356935
-0.8808035726350203,1.2114215017049685,-2.4523219131207266
-0.8890160665230744,1.2228198754665485,-2.5744996700786382
-0.8952486405015243,1.2347461161306963,-2.6755839863741757
-0.9005424986754131,1.245937241090964,-2.721126318015917
-0.9077412622367745,1.2590749374890677,-2.5115187000454364
-0.9153732632479251,1.2704552386796206,-2.5539896004853286
-0.9226057697915018,1.2798609675607835,-2.444937176222212
-0.9287511966645692,1.2889791288242836,-2.624256272433882
-0.9339291958796719,1.2986501847951404,-2.6438569529415976
-0.9398315518833233,1.3091630790203481,-2.569912208996586
-0.9472466387133485,1.3194645563829108,-2.4966933846416244
-0.954531776475187,1.3302595670363715,-2.5786900903459915
-0.9627873383733917,1.346185101032212,-2.6661435007030696
-0.9674900075878968,1.357192185838611,-2.827768845233687
-0.9719261320654111,1.3709650829029132,-2.801477805406822
-0.9767543669211503,1.384142599104031,-2.7676444497169967
-0.9809080933163594,1.3952686097827998,-2.7987654349488533
-0.9856469551781905,1.4087365373128864,-2.7688786827721996
-0.992404103611182,1.4236303431245085,-2.702154178335395
-1.0000967991085097,1.4362290019108364,-2.582178187009151
-1.0043965504197088,1.444724183359889,-2.677877313439324
-1.0115980580714345,1.4564977091560047,-2.469713531289448
-1.0183664087757696,1.4658612690842743,-2.5491643422809833
-1.025846824212648,1.476563783348145,-2.5091338141556068
-1.0353979545471605,1.4888774283405568,-2.474866161334026
-1.0434670685064016,1.4986111311974062,-2.42203116934749
-1.0509394296487993,1.509657267317174,-2.708874198182987
-1.0590742944141056,1.521973856797209,-2.419027750418781
-1.0670930389635147,1.5302538813638746,-2.3493100862675664
-1.0734234809569463,1.5408458412645571,-2.722317414951222
-1.0781962415846122,1.5535767732101238,-2.7970091112628186
-1.083114379321076,1.56485052964978,-2.6795307200623757
-1.0885569093678027,1.5750177116929505,-2.6473845666522124
-1.0942963969540935,1.5884031315596367,-2.779342133534251
-1.0988151828042483,1.5986788380536672,-2.683775503057548
-1.1055258709009843,1.6120833900613185,-2.6648301925997284
-1.1123752870223125,1.6242676621925358,-2.5848014559687473
-1.1193420043650197,1.6349668641906472,-2.5235101096519585
-1.1268206730656818,1.6458598336488406,-2.5410931892574427
-1.1334710706916058,1.656490720198592,-2.5739507000947217
-1.141335965344112,1.6692126984839513,-2.5798826030735147
-1.1520434213921251,1.6800328265520943,-2.201669310697142
-1.1613188405123698,1.687980133582181,-2.339740995896918
-1.1672224930217125,1.696022019302022,-2.5923306651648206
-1.1732094100734547,1.707813149278586,-2.676756019726205
-1.1775092574214236,1.7170875431194803,-2.5953991659915236
