-0.9658764704691049,-0.811424916301035,1.6174415442737848
-0.9537250062306661,-0.8111200532357109,1.585411568587559
-0.9397874772183821,-0.8108023132783311,1.6014584196055799
-0.926120422529708,-0.810805147988839,1.5530698846508968
-0.9120504892776057,-0.8110918885732923,1.551573984703932
-0.8980076771303004,-0.8115330174069357,1.5338562430188418
-0.8834990936912906,-0.8121118127533671,1.534225490747845
-0.8692247436196339,-0.8126867280151826,1.5390279198415522
-0.8547090639761986,-0.8132591696720789,1.5208227631796778
-0.8414947591447358,-0.8138920207806541,1.5256385557345478
-0.8279902916588852,-0.8146636913950469,1.5355047431684037
-0.8146257259724106,-0.8156071502300644,1.4826535618716428
-0.8001187660161331,-0.8170446168930147,1.4575334176560166
-0.7869044798701893,-0.8190484036500842,1.4385285535539247
-0.7726211734632602,-0.8216542730358269,1.3820388298607258
-0.7573773647475365,-0.8245482431982587,1.3665414248140197
-0.7442438252165594,-0.8262606792969158,1.421031488727961
-0.7299392681335427,-0.8284075160532506,1.427308269350166
-0.7162840450147574,-0.8310269718580686,1.382733478555459
-0.7023760089140607,-0.8333772021388847,1.391813360934116
-0.6891367619436239,-0.8373614121434153,1.1785842004226708
-0.6809110017971737,-0.8419841135642282,1.0052554424785214
-0.6695533339915302,-0.852185642513685,0.730849812947114
-0.6630822172140595,-0.8580202466989977,0.8811765767612498
-0.6508967095136974,-0.8651833239075734,1.1852142260335632
-0.6372031286788794,-0.8726560571586492,0.9826393482064837
-0.6281971416896424,-0.8772637422477564,1.172613365634002
-0.6166843003831932,-0.8817967829110148,1.171780124638975
-0.6055338737359492,-0.8877297527576048,0.9998811346435622
-0.5986296409179255,-0.8918741521619827,1.0116067586238546
-0.5847993264037568,-0.8995599523217435,1.1199174725705534
-0.5750477545200388,-0.9049026295707188,1.0272129509228751
-0.5631348773823177,-0.9131422587548252,0.9433204046323995
-0.5513312046112514,-0.9212325462578838,1.027295991411589
-0.5418352410424899,-0.9278946518024691,0.913646577985408
-0.5326449684088863,-0.9341200546818885,0.9609238176965453
-0.5204245527793555,-0.9427641599939557,0.9823129298093777
-0.5080578063654072,-0.9513309285898448,0.9171879735856374
-0.49651700778139934,-0.9599958487394891,0.8890446830137229
-0.48560308993426193,-0.969388057730086,0.8495672888534133
-0.4758931695048865,-0.9774780303017415,0.9712016988619727
-0.46409302986005574,-0.9855675786594152,0.9988252756713174
-0.45123004459747235,-0.9950776149823879,0.9187785788494354
-0.44384782014435453,-1.0017845848537812,0.7651881648825184
-0.43235764680759176,-1.0152132050477565,0.6747065420756833
-0.42639023108035823,-1.0239934175410765,0.5514212728116613
-0.4175493082795869,-1.0352065511162412,0.7057331448652632
-0.40944192815186503,-1.0438493050116293,0.8252716784449516
-0.3994374036428955,-1.054055997831006,0.732221238354995
-0.3925288081151066,-1.0625270574501604,0.6755124480049475
-0.38252367606718013,-1.0724681375696354,0.8356719702405341
-0.37248431565529805,-1.0824355362420288,0.7652668603961783
-0.3609349083098905,-1.0932572974340589,0.8721935616763352
-0.35085723103489347,-1.103976259884041,0.677509077707741
-0.3431970916682232,-1.1123042980530096,0.7934047698808306
-0.3309944127166306,-1.1253396151162134,0.6672945564285696
-0.32347713269394246,-1.1364112749756083,0.6059563627931683
-0.3160571391095751,-1.145711930725585,0.7551425722858056
-0.30723995120264347,-1.1551119613251672,0.7389300118258519
-0.3010259281872937,-1.1619470189999999,0.7022675992763708
-0.2919013023012319,-1.172489804843727,0.6978563709432913
-0.28421287523312916,-1.1830293189797703,0.5799409341936883
-0.27755558639864764,-1.1939692739202925,0.5339363469035167
-0.27089519201339796,-1.2041018782338815,0.648877205508436
-0.26700134882223164,-1.2121277184844317,0.3899995614713966
-0.2602778053649559,-1.225639460305253,0.5302995248354883
-0.254502437526105,-1.2363091935475385,0.46897544003686
-0.2491335523715313,-1.2452558698978347,0.6216515759907586
-0.2402148204100766,-1.2596922099701626,0.5297972133644671
-0.24068929589337362,-1.2757195431264077,-0.33841453094095963
-0.25200000585516447,-1.2885718031937816,-1.0012574898448134
-0.26595302146147026,-1.2951835333227117,-1.211530523541253
-0.2795114743809751,-1.2976031915674895,-1.5531544858919157
-0.29405453309232377,-1.3007139410567239,-1.18186458609839
-0.30538383945969,-1.3088473486953751,-0.741880227316026
-0.3185346923663597,-1.3184340296030002,-1.1004236890688786
-0.33004818015256054,-1.3257988157149607,-0.8825591558897009
-0.33793341303423224,-1.3331668262675496,-0.778668603243563
-0.3490499552317016,-1.3401120223100156,-1.1533219826706929
-0.35944698501049366,-1.3470149387387542,-0.8320648902003877
-0.3697947692474423,-1.3508894683632102,-1.378171617202989
-0.3830724017173499,-1.3523009136918602,-1.5204048407758448
-0.39759186249647993,-1.3523973959937692,-1.5851296384305749
-0.4109623796774523,-1.3530528266047088,-1.4870252452478898
-0.4245561736570628,-1.3542614457235345,-1.4743340804808815
-0.4376306145321531,-1.3560758545510694,-1.3929997380301158
-0.45115413425235695,-1.356116711979713,-1.7232294747992842
-0.46493592894853064,-1.3532254123156848,-1.7929456166912257
-0.47592137740620727,-1.350011052343372,-1.9019289531001666
-0.4874775892675572,-1.3457286208576527,-1.956871515333746
-0.5006905522094903,-1.3404085434702762,-1.9174789932338514
-0.5145881104010845,-1.33471910104149,-1.9730400710861669
-0.5253283758464924,-1.329639064073177,-1.9911041338957935
-0.5374768877321331,-1.3226514361281356,-2.1918494175515857
-0.5476373243968533,-1.314145389911924,-2.335310822133307
-0.557906485694787,-1.3065093700751682,-2.1574178945708278
-0.5684670803750286,-1.2998606020421095,-2.1362874946706194
-0.5784474075465394,-1.2927843503499534,-2.227663975206747
-0.5900908549050701,-1.2840241309054323,-2.1969405305741656
-0.5984715328665302,-1.276945785161522,-2.31133138540636
-0.6071307916109397,-1.2694609563789712,-2.2651626110796297
-0.6151112179264158,-1.260714095845947,-2.4809746710554026
-0.6200226335882149,-1.2526914727125678,-2.597204734772301
-0.6266135349920795,-1.2424924428422757,-2.5176018834912
-0.6355504470701884,-1.232784372387439,-2.260314852543197
-0.6482596262802185,-1.2252534114371263,-2.0447219018298464
-0.6588088372633274,-1.2169107520365448,-2.4183928351208333
-0.668711072303778,-1.2062539940079255,-2.348071484221414
-0.6778443509923016,-1.1960766586110916,-2.3968973963354516
-0.6840116582417298,-1.1877406655644356,-2.529954111444239
-0.6921563847154408,-1.177530595129024,-2.4295020224249058
-0.7007780092649839,-1.1676573038113232,-2.4251197308479187
-0.7104823237869738,-1.1559790491578066,-2.505186882730788
-0.7173324538312206,-1.1459923671160253,-2.5396755420523234
-0.7251963325482117,-1.1345680280045347,-2.536229074311459
-0.7340659094070777,-1.1229342505351705,-2.4850269047305376
-0.7412941412801629,-1.1117324282735608,-2.570464870578455
-0.749819747333283,-1.1002261748887832,-2.466494548315544
-0.759532780425578,-1.0885122654579298,-2.480465358566059
-0.7670417744965781,-1.076664874037902,-2.5883190589673135
-0.7748027496940593,-1.0670700247380682,-2.338342888423652
-0.7823133765756127,-1.0604778357631006,-2.30657666923497
-0.7931997065735347,-1.0507465112371654,-2.319113260824922
-0.8030340966968376,-1.0411537241904738,-2.3371294354009713
-0.8119345119449579,-1.033262117352386,-2.259995605333548
-0.8196819780451617,-1.02499071437574,-2.4502324529501167
-0.8293796398654061,-1.0138638819977654,-2.3790508397626042
-0.8390170244025992,-1.0032517119803512,-2.4213430332095487
-0.8476882722356985,-0.9905482590425244,-2.5898747316355224
-0.8537560528176824,-0.9803277787687434,-2.6047410399899893
-0.8618024159720525,-0.9673625871011977,-2.568074379656168
-0.8715812166827513,-0.9557010642819392,-2.4087517943124
-0.8819639740384152,-0.9434912822132931,-2.4858824750712594
-0.8890397069451434,-0.9333775556887236,-2.5283752789474754
-0.898788952061651,-0.9224688172560221,-2.3657385826751285
-0.9059427132424227,-0.9121178877176994,-2.6606889548539585
-0.9137892675587216,-0.8998776455572943,-2.4495606975294355
-0.9214416122838409,-0.8927181021755479,-2.303001444761414
-0.9295314917083484,-0.8836110075859527,-2.5190668301051193
-0.9403154223747985,-0.8713301231213804,-2.3685207128524453
-0.9510012165571181,-0.860088473242903,-2.3536989791472687
-0.9583839884577343,-0.8513635507270086,-2.4749883003999464
-0.9673390976226767,-0.8399237389687796,-2.500059247057953
-0.9767306994301499,-0.8283060586735582,-2.415992211872585
-0.9855545640809504,-0.816137015679415,-2.616234165173008
-0.9902999567137835,-0.8016245838080787,-2.960912892284088
-0.994621675957827,-0.7884837600667086,-2.7179681822599653
-1.0016875297955845,-0.7762441759923469,-2.495248407887519
-1.0098106814499386,-0.764753505326876,-2.5647623846056713
-1.0156257501400632,-0.7535811374786522,-2.6459309114350873
-1.0225412510588359,-0.7425009826006721,-2.564116298292315
-1.0268944301884342,-0.7364630852254891,-2.40288687989075
-1.0330861157861182,-0.7299679090048944,-2.411049446456727
-1.0432911433472103,-0.7162632397553879,-2.5358225246239474
-1.051793416746926,-0.7034450469777432,-2.567349943546367
-1.0581998520040872,-0.6936262390658412,-2.542701364306575
-1.0658593476974967,-0.6834149817972084,-2.480225760135811
-1.073869033366821,-0.6727175750405457,-2.486363440082015
-1.0826895223297615,-0.6613222734121404,-2.4548811353761657
-1.090786263659508,-0.6521605950635658,-2.4031727208012503
-1.0966154172192528,-0.6397535101573443,-2.8750826380378287
-1.101617613160451,-0.6287166424940696,-2.5905616808375878
-1.1081267836248494,-0.6167568297835653,-2.695867514031426
-1.1129897058815628,-0.604491659105762,-2.7703063882797636
-1.1193690346549463,-0.5879679684582423,-2.7503110883601725
-1.1267270325147731,-0.5728482234528464,-2.64570711025443
-1.1306945636812968,-0.5608574928626633,-2.8600546591506784
-1.1352015723354278,-0.5486678018487278,-2.674612239977803
-1.1398833994702848,-0.5379731655476905,-2.7633199276132787
-1.1440504094145023,-0.52729197097794,-2.744514198137232
-1.1500445257393554,-0.5137080973752904,-2.7105049005982713
-1.1561667935342286,-0.4989031380732916,-2.734505562215901
-1.1619871894438993,-0.486006399079142,-2.7122171264434405
-1.1686995854241122,-0.4706381700590709,-2.7351324815328293
-1.1743418206364997,-0.45549130250226183,-2.7459332222196955
-1.180161301282455,-0.4436853095057923,-2.6299518510085123
-1.1864000656546354,-0.43360271841973713,-2.57598586635713
-1.1960502215381983,-0.42008165493992516,-2.466423702575572
-1.2036333058343947,-0.410268371280979,-2.4310020300623756
-1.211216985700827,-0.39993141201974547,-2.4813748030309677
-1.2211179576387772,-0.38588314374965216,-2.571256386534143
-1.2285193270628068,-0.37144674143975487,-2.7112875687793543
-1.2329183357981022,-0.3600375668925063,-2.775633604156049
-1.2382980263327414,-0.34608111524537727,-2.7454472236773437
-1.2426847170452395,-0.3385026123544564,-2.5075139400694275
-1.2458830785597412,-0.332820518126469,-2.6477793548785398
-1.2495042399430567,-0.32363017528494886,-2.8053847764218784
-1.2529589147299902,-0.312026244629231,-2.8690918467389355
-1.2579305948783501,-0.29853895575415634,-2.7177773566838037
-1.26352871941096,-0.28905486847316164,-2.4940321961678364
-1.270022047221055,-0.27966868878771595,-2.5631609440200664
-1.2772786919408843,-0.2687374156939106,-2.538594254790914
-1.2850432618165926,-0.2579675084146137,-2.555145244103039
-1.292607026959614,-0.2476956582975547,-2.4831962444504616
-1.3004013177136478,-0.23457338127651226,-2.7203893125457923
-1.3076585241689098,-0.2230149913312788,-2.520898638402175
-1.3152711430737016,-0.2093075492932137,-2.7126048987019433
-1.3231365561868755,-0.19517295897142226,-2.614593724256423
-1.3312936051109072,-0.1867190082667404,-2.1470636133997636
-1.3397479701134445,-0.1778528767911057,-2.4560369105690736
-1.3480920400263483,-0.1681139435816394,-2.41826475073756
