1.188899502248168,-0.18827847372741904,1.5673397044438453
1.2017725146378342,-0.19250599064160984,1.0886709391858396
1.2146443671101173,-0.1964304374470349,1.4031668459633673
1.2279842967147876,-0.19812631904814842,1.4790766378177078
1.2404205404535966,-0.2005664513124815,1.2730830316690782
1.2524161215990819,-0.20460003723593437,1.2317760955255412
1.2648523903121338,-0.20880546900053332,1.2354213431231258
1.2756827107197708,-0.2123793310823374,1.24023335712935
1.2893897452214447,-0.2158987750545655,1.3034184647191718
1.304461199066018,-0.22061056805397677,1.245533905322273
1.3165593939929237,-0.22455826881682928,1.2197838909243577
1.3298460280682303,-0.22835007583779668,1.2750778128362819
1.3450974074860105,-0.2325931288850833,1.2835428579173334
1.35606197110294,-0.23824697769126094,0.9259141393409539
1.368243750299445,-0.24822319722476485,0.8343878575974509
1.379302899833809,-0.2588881817991831,0.8247939986309087
1.3866726483138234,-0.26813041124890363,0.5902047634608063
1.3959696684410374,-0.2814054405114465,0.6574870992541424
1.4054325744269143,-0.2911763323523355,0.8004734747350633
1.4141029792217321,-0.3012036383519787,0.6666364069280033
1.4231348004671378,-0.31322023310484076,0.6086236449505888
1.4329484402411037,-0.32466326373690174,0.7413393283367491
1.4418596602495921,-0.3347023401788641,0.6168187305226126
1.4482541798669346,-0.3468982489218441,0.4171623664836312
1.4537932710392998,-0.36001061007155016,0.3625689313094737
1.458262695298048,-0.37293283452124876,0.3494337717085589
1.46399616262675,-0.38488219187217576,0.5169294683366027
1.4695899650066628,-0.3955457476921358,0.47634141663292495
1.4754585458114193,-0.4075038530466779,0.430728497255652
1.481632159069767,-0.420682199050683,0.4093595935936526
1.4876024045726546,-0.433907219620367,0.4400162323785043
1.4930945635885684,-0.4449688892911552,0.44796551709900595
1.4998108704842756,-0.4555940642284511,0.6745710055638447
1.5098474287389956,-0.4674956263921822,0.7126476735469307
1.519571776747709,-0.4766049418405959,0.8966335385658156
1.5325690436066914,-0.4849572657246976,1.027949315932117
1.5431835919141215,-0.49032340588043355,0.9873294641948201
1.5555233437686236,-0.4967963326879435,0.9459624722574353
1.5647865261172775,-0.5017197878838011,0.8725697402636731
1.5740807039173257,-0.5056718685620489,0.8813430044974268
1.5858672108108178,-0.5125873231351503,0.8578032644007627
1.5949149195197647,-0.5228902671263764,0.22026748860019896
1.5951307506255734,-0.5336936707413695,-0.12591311018062704
1.592559053865436,-0.544140136992782,-0.35402624856637605
1.588844360784403,-0.5561583737460839,-0.42305361153352067
1.5827398127177497,-0.5738100927942245,-0.32649945647018236
1.577731995819848,-0.5876593908484318,-0.3654479759915514
1.5802721901509726,-0.603708320218341,0.5094719614894998
1.5855285548117874,-0.6113743053425719,0.7067107889015591
1.5858494026606427,-0.6122742307486255,0.9266702590851232
1.583684247098119,-0.613949043433474,0.240519498220524
1.5835254190933807,-0.6194162292066995,-0.1028664665928191
1.584311558411913,-0.6296997709274484,0.18023082841717378
1.5835622691765239,-0.6425242435887558,-0.17317298049565003
1.582024528897574,-0.654864795171813,-0.06323493904147451
1.582173262503441,-0.6677066175941867,0.07178174312945299
1.5835802480153174,-0.6822310131182091,0.06008244355653382
1.5847839392905265,-0.6952944393270857,0.12944809754121608
1.5874937948903751,-0.7064729544190981,0.26676653674481393
1.5915960134089295,-0.71709248838993,0.19191827356625568
1.595092454239931,-0.7311630250563245,0.17409643347473783
1.5973912877083793,-0.7445072439283904,0.12881104528639356
1.6004967895892257,-0.7581074190833144,0.2484102056182883
1.6047703685128818,-0.7737549664553701,0.1361269844648568
1.607198326045861,-0.7861673225299044,0.04328714991592734
1.6069758340795166,-0.7917561512240483,-0.11577102722907233
1.6040544123733302,-0.796941857768197,-0.5958683616201109
1.6023452392168978,-0.7989364857676905,-1.2004641653044685
1.5956025983709183,-0.7988499048699944,-1.7561282135956504
1.5901206326524011,-0.7929987890719725,-2.3496690938827283
1.5799316003800008,-0.7808625113545475,-2.5041840670492466
1.567036597440901,-0.7759427305439255,-1.6209865606821614
1.5523291003101591,-0.7806025112614849,-1.0197779877821498
1.5443289056325658,-0.7886862920682968,-0.6612306544747385
1.5313431448663044,-0.7951762765893493,-1.357930484838301
1.517619809113186,-0.7908781292314238,-2.207143996295577
1.509859774014436,-0.7826103584017203,-2.4577632318572267
1.5031850008466865,-0.7709388713225791,-2.713872958845105
1.4989847537821708,-0.7573806878024331,-2.8676389808219622
1.492387491258117,-0.7449242147601519,-2.5242114573567256
1.4830931600527668,-0.7304850306818019,-2.616091387944911
1.4727489093305919,-0.7199295731212817,-2.1735917192268968
1.4634943546894432,-0.7116273241747462,-2.332424558479737
1.4513174968347333,-0.7015555944480636,-2.231864590837566
1.4404894736572713,-0.6938948559428816,-2.1728151736074723
1.4299413166138146,-0.684459326392606,-2.368193856642015
1.421793535393944,-0.6732069581518648,-2.6799079877264016
1.417187212945392,-0.6600213426976225,-2.9129658898322495
1.4076525066820993,-0.6504919106067756,-2.027253098654205
1.3969280483905102,-0.6424611706710963,-2.376382586804839
1.3855412223917627,-0.6319551631824065,-2.2696260102613173
1.3760581732337414,-0.6217969253272967,-2.5377659428890165
1.3698622842543513,-0.6104016143172527,-2.7223664317853657
1.3622655789773392,-0.5951518411208989,-2.6315319127652232
1.3559627828918457,-0.5860312753499928,-2.5127295623650356
1.346136981247617,-0.5749108095697789,-2.4032212838552587
1.337535927079223,-0.56671957318938,-2.3008664957242306
1.3286204650360762,-0.5575513380271883,-2.3986136306441734
1.3173204260763656,-0.5468052093873685,-2.2826616459686013
1.3083970755458842,-0.5394007217869476,-2.196721937323364
1.2972313734425844,-0.5308922939811616,-2.2802502771067887
1.2861404402850807,-0.5217309496567536,-2.2989567765551597
1.2769278296390194,-0.5124951375232559,-2.3644045296893323
1.2696735952370954,-0.5047108513477809,-2.4069532876061013
1.2585141045426922,-0.49525875438065603,-2.1840659503939683
1.250994236674142,-0.49118877303610614,-1.9512536699715821
1.2386833907618815,-0.48573630362380144,-2.0065138839701664
1.227609376646258,-0.47721945452612713,-2.3872611582355665
1.219491654586737,-0.4676093583928603,-2.496526254131357
1.2138458666502385,-0.46058794170600553,-2.462983762353979
1.206741000227304,-0.4486322479299921,-2.6620845477372934
1.1993829651124932,-0.43499434740068565,-2.6325867648126313
1.192155042023242,-0.42231858209746403,-2.6287036182513766
1.1854600401935076,-0.4103482882042834,-2.62489292069533
1.1789894815925521,-0.3983908043784384,-2.6277895762250982
1.1725418279631559,-0.3863361258080888,-2.654766249796611
1.1658364350566557,-0.37364112135150146,-2.6664949089526475
1.1620072983783558,-0.3651415133608862,-2.7456712336090185
1.1566591356360305,-0.3523473425316237,-2.723687251519944
1.1497488875044124,-0.3408563628576705,-2.502852394462528
1.1408348108120947,-0.3280610616517361,-2.516708053735557
1.1381565313764253,-0.31853091180265375,-2.655841409344199
1.132121183334309,-0.3039160855958398,-2.7028775220090924
1.1273353759012645,-0.29078571948435744,-2.695301753082286
1.12292550914247,-0.2789447867847922,-2.6352364956251355
1.1153524924000249,-0.263668827020263,-2.5675348427942914
1.107196905104232,-0.24976156350854703,-2.589740195887484
1.0996861383516963,-0.23749244493764674,-2.52782417523983
1.0948907253863858,-0.2292837024466104,-2.616851763139712
1.0882144382914036,-0.21676517306730497,-2.6141388243872865
1.0817373474423007,-0.20606791087175955,-2.600245879860821
1.0740154946195313,-0.1923527546003201,-2.5730628590153013
1.0668551410183325,-0.1809203943700948,-2.537250406854661
1.0601056409106633,-0.16833866899129346,-2.7275850316666834
1.0546979750409438,-0.15657845920688523,-2.6808494022021123
1.0501197848570183,-0.1452003986117487,-2.698841056436239
1.0429540975689746,-0.1337029995016077,-2.511366592443177
1.0364926075942944,-0.12415680948404915,-2.408375226929731
1.0229944945208005,-0.11096648898235453,-2.2495507452354375
1.0127553601248793,-0.10105398148479237,-2.2826330672602384
1.0027514262809718,-0.09147740271211738,-2.3541852938909438
0.9922208753852095,-0.07985339112285227,-2.486606933293638
0.9856945141035955,-0.06931162192376358,-2.590116985134226
0.9783575111909681,-0.05762890276003561,-2.5398374338880214
0.971150598938834,-0.04825306478832406,-2.442781848538932
0.966188358613379,-0.03607660525835678,-2.936010231091373
0.9638764086234801,-0.022575371742585,-2.9947883798201245
0.9589990542865835,-0.010462986871138866,-2.6902774792695507
0.9561105307360288,0.002123698602501612,-3.076830794089833
0.9576095198109775,0.015169535379313754,2.8909145812724084
0.9583279038141056,0.026221009363365605,-3.140455305720749
0.957767448404816,0.04009988199569556,-3.061894936819768
0.9545291653195918,0.05212995362566027,-2.7435728825960997
0.950554973797341,0.064832455097951,-2.8993846439430087
0.9478451032465803,0.07683709213092159,-2.9143795577937306
0.9442854080343298,0.08942087676508113,-2.8651094790650666
0.9400703826621077,0.10416804009919763,-2.890529830840662
0.9372906771435788,0.1162544802235073,-2.8914466351439527
0.9340942953673442,0.13027381089914786,-2.964842734340551
0.9322071048532443,0.14411614055998379,-3.0277788922186124
0.9304025505321473,0.1594140264392617,-3.039264958315493
0.928782632578569,0.1732139960923126,-3.012307326916191
0.9262760768884218,0.1877579786625126,-2.959941030488941
0.9239392519974773,0.2003755610287704,-2.9507038878278253
0.9199593057659413,0.2100647293882936,-2.581955349841187
0.9134830531440454,0.22114394886536382,-2.6864520994076124
0.9066680583278832,0.23301133636736204,-2.5882343954277007
0.8982781488211193,0.2470138700862378,-2.573630401013091
0.8913779937713742,0.2588694099982837,-2.6309507182545278
0.8845845357425396,0.2697140762070466,-2.5221423361929696
0.8761639311274393,0.28129814548810983,-2.442501454224766
0.8678562934457285,0.29154792718035133,-2.4685645060888386
0.8612974758462447,0.3020438620688296,-2.6094198561806863
0.8584685658272797,0.30867369204227085,-2.7401937207707143
0.8519650301833978,0.3201576760166094,-2.5708731952509543
0.8461566698915536,0.3297529874256457,-2.602768964072383
0.8384983599323914,0.34246454852060515,-2.6433398555067864
0.8318665994571525,0.3534528092924488,-2.618584983500204
0.8258993012358995,0.36569189694806814,-2.7359421230781904
0.8213839736376863,0.3756075628510726,-2.6229557763587112
0.813359553158041,0.38752955887799,-2.503723492142599
0.804566744283412,0.3959644368339452,-2.2348926507964806
0.7987154538088946,0.4004851200184342,-2.301872252245128
0.7886372594214858,0.4097404087199125,-2.2990228400684836
0.7796015028009112,0.4178907067558517,-2.3106049240655726
0.7731261662459883,0.4265920614149971,-2.5816141327685402
0.7663385168648393,0.43712800144379427,-2.53850196363931
0.7606780182193851,0.4472590918787792,-2.652367407212669
0.7534022769945146,0.46174953405720054,-2.6924570852018883
0.7474670662512839,0.47151429197092665,-2.503537187649845
0.739916093479113,0.48089658878293823,-2.428013576747284
0.7314410090487539,0.49028854775962355,-2.4215878319290427
0.724736230815008,0.497820802187918,-2.42359064595649
0.7152090241602985,0.510244206645442,-2.5404006064300084
0.7081547324653299,0.5186950369153802,-2.385120730166823
0.6992301560505425,0.5296191376195413,-2.5421829258644317
0.6953887317082935,0.5358476409093095,-2.5769045905140784
0.6877814469517696,0.5463192800861615,-2.4675236656136814
0.6784296975222701,0.5583061618891488,-2.4860823308313598
0.6691671075219174,0.568747668282081,-2.4739186594704576
0.661950664892036,0.5769685561265288,-2.4853549119169167
