0.5157295592366189,-1.3777340822270001,1.61167972714135
0.5282702335764188,-1.3772442244679626,1.6050480362523034
0.5414093960243417,-1.3773024746548448,1.5454551261757519
0.5551017907311863,-1.3772494731573166,1.5885681585838014
0.568568974885366,-1.376911440522009,1.59326313777822
0.5826412272925006,-1.37643090740953,1.6142019507466137
0.5963899513078957,-1.3761061639757024,1.5810468422917983
0.61058781743812,-1.3760158975611458,1.58634187398238
0.6244818335954181,-1.3757227993511354,1.59619597558057
0.639062412570821,-1.3756379381511963,1.5742466034822757
0.6530314045643346,-1.3760817329491117,1.5212042920688778
0.6671225871286522,-1.376821013892666,1.5069518038803966
0.6811374708927862,-1.377775342272557,1.49978240029748
0.6940489679929062,-1.3788392660793238,1.503956264660262
0.7080692365941841,-1.379975902513136,1.4882895725432381
0.7227164195423914,-1.3814607806145007,1.4705252138386982
0.7365255993888989,-1.3833626752954213,1.447426313513169
0.7478986521280183,-1.3846259113436317,1.4741193186548294
0.762711292593039,-1.3864651371654781,1.4297938533922525
0.774331737411494,-1.3906833026874106,1.1242974220973954
0.7839190786670266,-1.3975246674041288,0.8255243618889089
0.792255227333225,-1.4054615241574122,0.8158531064175698
0.8000266726849968,-1.4151168566425696,0.6653975843144831
0.8088996769090452,-1.4239356603885311,0.8958304671323083
0.8200125358234208,-1.4328847613469693,0.8891546386618159
0.830440355161555,-1.4432163737849157,0.7261260823832989
0.8403477627327665,-1.452623134346134,0.8687012693480168
0.8518182732195079,-1.462644339584491,0.8511361891850863
0.8615767405995021,-1.4700818665528146,1.0372543016418063
0.8739251707151205,-1.475554825372689,1.1540377531412447
0.8846745421081318,-1.480445462556193,1.0322139833598651
0.8953988470211245,-1.4864286938468199,1.0558840503778384
0.9096600456343783,-1.4949927790611157,1.0079089861037924
0.9209271923325819,-1.5020903361199234,1.0259649147343268
0.9311979856892152,-1.5076387412178043,1.0702496175147482
0.9436919165293814,-1.5136450237311088,1.0831868813484276
0.9498225649039334,-1.5182431191136347,0.8360190515165831
0.9599951323356151,-1.52676888676722,0.8725039940163571
0.970811055669314,-1.536968368568984,0.7911304029338381
0.981987950300318,-1.545478702501164,0.9580390600638619
0.9910193389101271,-1.5562523011242657,0.5428556212925654
0.9985737908877584,-1.5651240970117322,0.8279120340730307
1.0086832855550016,-1.574441986138727,0.800805051837714
1.0162571439876313,-1.582413577966066,0.7220107027216601
1.0246749729175024,-1.591120893790937,0.8079312245272053
1.0343610812926896,-1.5997482138085293,0.8510964390183839
1.0407892406736707,-1.6063755994019664,0.6564331339925094
1.048151495808555,-1.6162303465107,0.6648177906631102
1.0581313887657497,-1.626499543932474,0.8135036784905993
1.0671732649407022,-1.6363818693577665,0.6819358227815396
1.0758712389299327,-1.6478290073403845,0.6517742662279578
1.0838545672960471,-1.6594200586948467,0.5745535618095259
1.0897639443720724,-1.671729305187914,0.35150847923078626
1.0927768843111008,-1.6830567448103702,0.16432370691965256
1.0938276609378605,-1.6947371479910465,0.0742615730806468
1.09258376218109,-1.7073368663024107,-0.23796450234775676
1.0875902972055413,-1.7227045037541378,-0.3646598965017418
1.0828639190124179,-1.736589566532743,-0.3105890277289684
1.07203190924227,-1.7462211134569636,-1.1000602508821211
1.0566043356323662,-1.7503306753384105,-1.4699096761293997
1.0417944944210065,-1.7466548930167334,-2.0261441830518048
1.0291442171272567,-1.7428754610764388,-1.7885289162014861
1.0169761730864224,-1.738958851282461,-1.9487797284752313
1.0078909424979103,-1.732684777713315,-2.278351520331071
0.9971442856230797,-1.7255664106070685,-2.091618412583281
0.9864722361248879,-1.7188787744933072,-2.141345876552347
0.9738919196448756,-1.7110104151919698,-2.09193326313396
0.9636016716455233,-1.7049684562771734,-2.0836247758905477
0.9498224613288971,-1.6981590210988509,-1.9724165268855118
0.9346920650794946,-1.695357539546232,-1.6328151148586352
0.9219243527292171,-1.6951602757394413,-1.5346966395740202
0.910433927396355,-1.6930490786207324,-1.845464435036641
0.8961116429807721,-1.692344985328491,-1.4662681010375969
0.8818033955457745,-1.6927762220987568,-1.5980591726920925
0.8684732408826312,-1.6881979405481533,-2.0940713840999363
0.8573470095894009,-1.6796048719468724,-2.3115194512358728
0.8464762846068027,-1.670201536978407,-2.2549426891515085
0.8370244086405937,-1.6594704078919795,-2.5366306909659975
0.8294722417469346,-1.6485845092123332,-2.4931634202901076
0.8196280987504573,-1.6367014253679026,-2.406562337183779
0.8110315525980967,-1.6265409482175197,-2.435925179302224
0.8021687349879719,-1.614606583454205,-2.5521483674482845
0.7962089578123677,-1.6057366454957882,-2.5447979017192095
0.7885431307948546,-1.59322197787554,-2.6248480029015635
0.7826958157900537,-1.581434313054871,-2.7466985104100172
0.7726534867347958,-1.5714031476934385,-2.1821457640603277
0.7584092915132884,-1.5648874628433442,-1.8963024371593367
0.7458507560165147,-1.5624728029689863,-1.6994937179632992
0.7340255273074304,-1.563987561256159,-1.3214386510331888
0.7210080344818203,-1.567165168803968,-1.3722071151838962
0.7068093623390628,-1.569825702134416,-1.3936677227018224
0.6920837340026669,-1.572306635178555,-1.385310161390159
0.6777759094601419,-1.5725033142579208,-1.70321852071412
0.6644446114429734,-1.5684359307532698,-1.939621966167804
0.6545859587890908,-1.5654191379967797,-1.8595895426101845
0.6419466035633306,-1.5639099456469616,-1.557008372694319
0.6283769247463463,-1.5631784209157846,-1.6746430355950583
0.6125932555499016,-1.558273124073756,-2.0209713784783006
0.6032427248511286,-1.5516316454137076,-2.366225309870169
0.5977743955899376,-1.5443221455468281,-2.575962723755735
0.5918087409019398,-1.5367297666578899,-2.4449720937807857
0.5797839815448652,-1.5275032681623184,-2.0330137099919052
0.5688038674720073,-1.5219189551304946,-1.9994519762504923
0.5582513630563269,-1.5153577573310084,-2.2398177432025346
0.5494496605586379,-1.5081007600558287,-2.269990791797251
0.5380267977771784,-1.4947175127966867,-2.511578860444724
0.5309145039381498,-1.4855189495143455,-2.4535652649301607
0.521859455815728,-1.4755067838746252,-2.3448172097000923
0.5124977917112337,-1.4660503789186994,-2.324082362574968
0.504381235613657,-1.4576832096241408,-2.3727570521649817
0.49664229522974324,-1.4491824562452296,-2.4477354889481187
0.4878100767282657,-1.440096602294317,-2.312514181646769
0.4775815297559179,-1.4293220696681757,-2.405235874797277
0.4668080684214009,-1.4166883543472504,-2.4538471054567985
0.45869195956226827,-1.4068413746606767,-2.447840201674763
0.4483932311905095,-1.3955271206188475,-2.369292275410318
0.4396538715290448,-1.3856622013633328,-2.420607655118877
0.4315568109907985,-1.3767093087120266,-2.395391786682652
0.4249724640951909,-1.367291145568,-2.5784092613811134
0.4173318263766968,-1.356669606328753,-2.5064975054600236
0.40779441394947397,-1.3433419427853062,-2.564805063423205
0.4003187534195253,-1.3317765866738827,-2.5185687218730592
0.39356947350272525,-1.3224848652993484,-2.559883796530542
0.3884210442457353,-1.3130287381399761,-2.678040453051217
0.38228229779158784,-1.3014743946227276,-2.629611926986882
0.3752162364637155,-1.2880432815805904,-2.6909612187808403
0.36772817634912947,-1.2730365817721938,-2.66932371499773
0.36096737718051847,-1.259185665829049,-2.715496109992087
0.3561805004223743,-1.2476161349590116,-2.693660211391197
0.34920196970653544,-1.2355391620003473,-2.591033061301429
0.34279489396182883,-1.2246758483546454,-2.6042972339223316
0.3351606383653664,-1.211169783423704,-2.6262294316660486
0.32934659281044537,-1.2007470344080255,-2.6383226720129387
0.3226946397445177,-1.1889764896640496,-2.6351521429973377
0.3155813717404126,-1.1760763184032654,-2.609245467469817
0.3091909207072249,-1.1656896683706293,-2.5496507394418457
0.30175745982571617,-1.1562239763584548,-2.4377725571873987
0.2937196450260695,-1.1474051903272358,-2.3744649915473466
0.28639466481602477,-1.1395028187451677,-2.405258712900133
0.2765176098118808,-1.128496344394122,-2.3964845663448195
0.26659424583118707,-1.117169355883241,-2.4617521558598194
0.25949156170492266,-1.1079062192361062,-2.5166122339822286
0.2540658699394535,-1.1004779556088493,-2.5390590561318485
0.24551577667742033,-1.0878752404723004,-2.511567346621256
0.23683322573592014,-1.0762781978848042,-2.477501455025045
0.2308868052969138,-1.067750969226427,-2.558018568790119
0.22543951756023303,-1.0587872176162205,-2.631112175340629
0.21964040450335956,-1.0462609315825926,-2.7552824351044167
0.21323821343146523,-1.0310697677198384,-2.71765177042616
0.2078890581647207,-1.0182957017280911,-2.7577779802206255
0.20312569963438748,-1.0076610117620455,-2.6655153243470244
0.19778144426585012,-0.9951890320395502,-2.82778803874821
0.1933302193219733,-0.9829443749852046,-2.7580467351649127
0.18856376412324807,-0.9704558309654598,-2.755456169811593
0.18337757585827075,-0.9577958186425408,-2.741474332534801
0.17786244388224517,-0.9464121031842669,-2.6609784303923156
0.17280211442148438,-0.935149358467834,-2.745023096928713
0.16619676788293694,-0.9225340992279644,-2.6048784308096975
0.1585969365779364,-0.9103197790396914,-2.6124033068643833
0.15368631722779014,-0.8998735150623183,-2.7388946719587492
0.14837049468397287,-0.8876403522250609,-2.6892635370501035
0.14311862269202985,-0.8754891537047823,-2.785247219454097
0.13761497982213947,-0.8624458494944842,-2.6873268395356216
0.13149075490624432,-0.8504789110449299,-2.696379863343134
0.12631478881956326,-0.8392039272231623,-2.6753532721134823
0.11976086205774457,-0.8262565391217954,-2.691639080941589
0.11389760486763423,-0.8137582528370737,-2.690483141835618
0.10818509138159438,-0.8022217079321654,-2.6699897438704085
0.10292796920643624,-0.7921393253513035,-2.6918620783413783
0.09670546377693302,-0.7800795363174852,-2.652308153048357
0.09113098870185284,-0.7704457245483259,-2.607107509017622
0.08466228372836475,-0.7596353533662628,-2.525720173408761
0.07670185755218899,-0.748046940455258,-2.5317025140743383
0.0669859329198669,-0.7340673840494913,-2.5382629549180473
0.058650230371899856,-0.7219869917308158,-2.5127960066946504
0.05030875351591585,-0.7100900436268002,-2.5298627570609264
0.042523093203873506,-0.6979878245954847,-2.5866706335657486
0.03612995917411261,-0.6860058433331269,-2.6579856190479862
0.028364961044558726,-0.6712941766208479,-2.695214764066116
0.021494519891825638,-0.658394769062769,-2.6603867547814546
0.014881629738368913,-0.6452433364248915,-2.691482211629709
0.009520207367268944,-0.6339240605251153,-2.6979309762087484
0.0029922451533851715,-0.6181009172490172,-2.796301167023813
-0.0027382925978571694,-0.6062290896623688,-2.6620183938413806
-0.009043546213962068,-0.5925219259172797,-2.705374434291265
-0.015016290489936648,-0.5797027877749302,-2.6661910209689914
-0.02124313627669218,-0.5686737737272012,-2.600817853739396
-0.0279335307969486,-0.5574829105115757,-2.5795959954494694
-0.03695000811599832,-0.5446481755618658,-2.464778067740651
-0.04457509727500503,-0.5337414902132005,-2.57102283565849
-0.052614056957261256,-0.5218461966429302,-2.512452060449978
-0.06057186734807104,-0.5094412697480146,-2.624858764665683
-0.06841081270616799,-0.4979707027431079,-2.5050494306518587
-0.07479726066423525,-0.48898941795408085,-2.5470887642592137
-0.08429519742710054,-0.476167424328255,-2.4526094889686654
-0.09247846079398137,-0.4675825536652052,-2.376669472127502
-0.10259067770016683,-0.45662824859116424,-2.441888115857971
-0.11199662396251846,-0.4477395681820976,-2.277975670263562
-0.12206525573810009,-0.43706277754991807,-2.456489793085309
-0.12703821199274712,-0.4313945845283276,-2.3439465109673963
-0.13557602509439642,-0.42083203999521657,-2.5178044847952403
