-0.4600534583523181,-0.2169195026373367,1.5652913726483042
-0.44754914664449885,-0.2173278063888939,1.5268234503708262
-0.4331194504911993,-0.21803464650027837,1.5288948522119499
-0.41854722607205536,-0.21876514306545522,1.5182741329933633
-0.40390872617903356,-0.219365643685204,1.5464680022273336
-0.3892898481587856,-0.2200013738565434,1.5252525109149486
-0.3751050796106891,-0.22090582963874417,1.4915432345255517
-0.36057317022678337,-0.22191916310349039,1.5133768703740176
-0.34651375936849055,-0.22294608750118367,1.483491611978708
-0.331631667697094,-0.2245068392455239,1.446440458445034
-0.31814650354022744,-0.22600103302208335,1.460234222659772
-0.3037834980316845,-0.2272772094072457,1.463703225467302
-0.288892665584085,-0.2293061422204328,1.4367674809003663
-0.27529499554053477,-0.23160756234695382,1.386702447575873
-0.26714241379869863,-0.23377674155441674,1.2157566869226963
-0.2518566874485597,-0.2357818586753073,1.561260645261894
-0.24078457553452198,-0.2340941207818551,2.0291417122525677
-0.22866696918005888,-0.22814896306368807,1.996576327298927
-0.21601565193410108,-0.22173696672307433,2.0384626567417614
-0.20348861532368032,-0.21557359237808732,2.0097023256106232
-0.19401513705064985,-0.2100838094066127,2.0208098524828197
-0.1823803904917591,-0.20345531577615086,2.152594692019753
-0.16947581410031923,-0.19851065122193975,1.747652771730407
-0.1543642343578858,-0.20096927377370058,1.22342168689229
-0.14368617942953024,-0.20503058008475222,1.1045000470499655
-0.13473675734592855,-0.21128349076797687,0.9267745477686243
-0.12569679770934328,-0.21789395549522814,0.9719615526003188
-0.11589714526412773,-0.22438918872644853,0.9721733833370295
-0.10456047613475866,-0.23176935686920425,1.010866564878617
-0.09300491957479728,-0.23926438750849455,0.9562490811697444
-0.08221965644087081,-0.24652392938869364,0.9707413939796263
-0.0715151611838,-0.25306485577368487,1.0612009422035822
-0.05897154723794514,-0.2618218558544394,0.9401308829521736
-0.04715676924847882,-0.26939983322462785,1.04757675743085
-0.03496533423672358,-0.2771645562126666,1.019154881582376
-0.025565175430560305,-0.2837956156182442,0.9121573081136471
-0.013208920984867926,-0.29365002870928986,0.9196118621873728
-0.0011255362125712624,-0.3017385644673819,1.0105352718407126
0.008542721050055409,-0.3064593635446656,1.1402046883425414
0.022591016785576696,-0.31222499189142255,1.1056573019090639
0.02796215106136399,-0.3149079672191681,1.070056420040952
0.03930346959314604,-0.3216172420612475,0.9875125228647914
0.049065826618861795,-0.3292930070325633,0.8824484867280977
0.059538470237310084,-0.3362116577431879,0.9695025961251296
0.07237182288240103,-0.3456731213431276,0.9094783499618422
0.07937101324592497,-0.35219989495336324,0.7655807317643146
0.0834198524847735,-0.35822135956253276,0.6186499116447771
0.09063669028830061,-0.3680149542982979,0.6389406252553564
0.09968736541873277,-0.38051298930282235,0.6250911106696172
0.10812739924275984,-0.39228250041321194,0.5429694968581373
0.11365586994179172,-0.4025988800464945,0.48589374972999
0.1198447594620456,-0.41428015640103094,0.5217305697085433
0.12667430175355013,-0.4261953537585324,0.5957386282573539
0.13190724075613303,-0.4362591523321985,0.3694455582713422
0.13652267254999434,-0.4466075642296675,0.47624024996689274
0.1415489226046393,-0.45518314596318166,0.6084209563484603
0.1482257539973475,-0.46476251475080016,0.6182771260167796
0.15219159179430025,-0.4726410989457721,0.3842916348028929
0.1577065503497423,-0.4844896817366352,0.48551255251299713
0.16448172560864044,-0.4962087970879963,0.48291531972163637
0.17206605410006565,-0.5091612975204243,0.5594400967595636
0.17794320060324548,-0.5199113745406189,0.47327748062853614
0.18338719625216895,-0.5300524011752284,0.5013866496314924
0.19147552786749383,-0.5441179769246878,0.5576500186200112
0.2000996950795729,-0.5553630646106704,0.7079512486832725
0.20978029059872738,-0.5680586117890616,0.6184916335481232
0.21716806543550893,-0.5782215895542773,0.6197859963021783
0.22582275327388127,-0.5904194844785036,0.6045644241348958
0.23232968663347137,-0.6000553059455459,0.5658023914433279
0.23941632815468278,-0.6110744767673048,0.6430728464752077
0.24570771272754535,-0.6190034405667908,0.6601609998185621
0.25271762237276346,-0.6285521490018803,0.6136586555266984
0.2661184304714482,-0.635203407609758,1.4478127228049236
0.2796439663549192,-0.6288473425540031,2.322809345079746
0.2867771071107709,-0.6131400507600444,2.9928715716521275
0.286173231092,-0.6006221131814172,-2.9568770700267097
0.27773235163649246,-0.5888700750334502,-2.206989465124998
0.2610717274305778,-0.5859075904109198,-1.4692487433122938
0.24908428843633437,-0.5933523216492662,-0.7211128380502904
0.24145986526606342,-0.6064740562550515,-0.43097361168683607
0.23559126779766895,-0.6172363536190302,-0.5831450489293009
0.22634072312943365,-0.6266944326050071,-0.9124147989996978
0.2150812149000813,-0.6319720845222085,-1.2991116689681041
0.19781516661545695,-0.6307449515393351,-1.8646217391539883
0.1857543512131929,-0.6243563982654474,-2.1619185453317837
0.17525928754240547,-0.6151447671872524,-2.3772995915768864
0.16744806664139317,-0.6080209845743842,-2.321107694259627
0.1595924643003833,-0.597908113776163,-2.6090897252521574
0.14708440446319396,-0.5887079711276031,-1.918572404443148
0.13163448469312755,-0.5873918064559626,-1.5195219338703791
0.1174169700270633,-0.5870832256319842,-1.6322517185784862
0.1048301152937321,-0.5845875018694657,-1.906803671738168
0.09381044406849703,-0.5800288274956601,-1.9961024537534229
0.08214498576589974,-0.5743243804623599,-2.056733867058658
0.07080020687588857,-0.5691915511151874,-1.9425487519640123
0.05983560100730485,-0.5638116903577376,-2.099161917101308
0.04642262126233172,-0.5588278909940307,-1.8639322138412842
0.03240012176613313,-0.5537779357345505,-1.9624754928653718
0.020184942446103332,-0.5492049766224975,-1.9609387420411613
0.009568953897858033,-0.5462097113436957,-1.8319493327020715
-0.0026862731591803823,-0.5411265693235704,-2.065587917637287
-0.012605672021602914,-0.536457216335151,-2.0730081058615273
-0.022617364148033833,-0.5285043650485719,-2.4538984477478047
-0.028719544741790327,-0.5190021018095733,-2.632669601604206
-0.03480498677129728,-0.5085520733940482,-2.596573504871574
-0.04091993698840425,-0.49854939319386427,-2.5603185964655526
-0.04800008815386345,-0.4876060488231802,-2.576248574120512
-0.05573480356894295,-0.47385992400194377,-2.6723341368151563
-0.06247603633328547,-0.46305091427913286,-2.5058455514299225
-0.0707740764416929,-0.4525743255876429,-2.449897521682553
-0.07947587088927459,-0.44033175072279135,-2.5649896322809687
-0.08673880268705297,-0.4274923661178233,-2.6479476923536054
-0.09266622802433201,-0.4150323195556366,-2.707682049724865
-0.10053002662811251,-0.4025108380952121,-2.4884583667691658
-0.1080447814300064,-0.39262605495025593,-2.4674362634387523
-0.1140905679274935,-0.3818279609679256,-2.741417431454507
-0.11692380805487516,-0.37075634983014166,-2.8933542454952734
-0.1203874279929873,-0.3585800653234584,-2.822379242743146
-0.12644497751704523,-0.3472475751729354,-2.552928468183239
-0.13436346322006498,-0.3349378947268664,-2.576161323947132
-0.13908818470490036,-0.3270156519123634,-2.6267202997921513
-0.14559153852589943,-0.3159941715012843,-2.6133403917325255
-0.1509882931333775,-0.3055051171470283,-2.662967802287306
-0.15744639486750703,-0.2936794620799889,-2.6682341829436984
-0.16330510346609867,-0.2813928163255771,-2.738491585774136
-0.16712431669621353,-0.2699529480430756,-2.8210407689272143
-0.172958161075808,-0.2577939207742538,-2.53060259775896
-0.18084024113802993,-0.24875182619873715,-2.3599957266443554
-0.1881121018401713,-0.23908850764677458,-2.585063190967972
-0.19325906381785493,-0.22833079704826162,-2.705421128271136
-0.19894071107626307,-0.21533710005693263,-2.719610295782236
-0.2038340694024362,-0.20294996839025656,-2.7494756692256543
-0.2090036467017864,-0.19079239056323585,-2.730140036897511
-0.2144473543768907,-0.17679440085625112,-2.7787670784767733
-0.21966079200177865,-0.1662571377933134,-2.5635649703275987
-0.22903669491916873,-0.15309791949321264,-2.539631302404178
-0.23756902489692405,-0.14050368321757062,-2.549373135543947
-0.24398735398666133,-0.13072218722226972,-2.5546029967652895
-0.24871107087840733,-0.12057416212055505,-2.7673502336950504
-0.252841117247662,-0.11195740338585997,-2.6255711304545555
-0.25857977618792927,-0.10371633161666018,-2.5336734674741863
-0.2659960138963769,-0.0919169054932613,-2.602184210171877
-0.2731160412043479,-0.08054813204670386,-2.606748386419341
-0.28204541042028947,-0.06949161564473212,-2.3715070311455744
-0.29244321589748773,-0.06119896015457814,-2.19066330405361
-0.3041368311075085,-0.053772976042532485,-2.1270449846419197
-0.3159176208789058,-0.048672675277145035,-1.8795874895431712
-0.32745625985883897,-0.04242642096183424,-2.223486848696945
-0.337296356935047,-0.0321479325098463,-2.415030166821486
-0.3462456669590362,-0.02187298038232639,-2.422217656389113
-0.3552337025718664,-0.011977864207429127,-2.4009905570593695
-0.36188320162566384,-0.005412338384085363,-2.29799575879952
-0.3717573551318451,0.004809970666575377,-2.461657772322774
-0.3801579780975881,0.01872728085259981,-2.6698036558558793
-0.3860902066146716,0.030388698826461683,-2.6786636210430768
-0.39388534431544414,0.04303563946492964,-2.528622843604749
-0.4008472342936717,0.05210398104697313,-2.3538269907739253
-0.40834345826442314,0.06008744149694898,-2.424325681788335
-0.4182810160520878,0.07273276622517348,-2.4840176500212996
-0.4245645823714942,0.08456446014287357,-2.736959267588035
-0.4298186151564827,0.09785252069233952,-2.780577742179165
-0.43561088657040065,0.11142420397850859,-2.6957819633921725
-0.44237421999961524,0.12583166850951125,-2.719212732359898
-0.44889930145951096,0.14119605354581904,-2.7685604770660324
-0.45501190678822845,0.1552307735582542,-2.735059989298891
-0.4613632204852903,0.16938860283808552,-2.643801260248992
-0.46888641098437295,0.18207850687030094,-2.5640691639373228
-0.4740799696252679,0.19144836645557375,-2.638967297445481
-0.47950763582490974,0.20298969627862481,-2.708653743155955
-0.48625690762088236,0.21649074452869863,-2.678766698739231
-0.4931494481604545,0.23027358178370835,-2.6821052996783763
-0.4979506369270293,0.24144205060342236,-2.743768018665597
-0.5069637873595584,0.2524083531126371,-2.2563392564329083
-0.5157842367768378,0.26032442034631387,-2.3271132969298054
-0.5258293068187387,0.27088652931477725,-2.4347210228125005
-0.5318231024873075,0.2790511847710561,-2.5656193924848565
-0.5367981135017154,0.2894656208185472,-2.7217717237350736
-0.5421807159800329,0.2980307896204178,-2.471575779933185
-0.5491188649410338,0.31086400079833854,-2.6938249570730983
-0.5561137365911369,0.3238843244584447,-2.6023853743906717
-0.5611525971144598,0.3336829273331142,-2.700699585239687
-0.5684361574760033,0.3483290724227743,-2.700811263439159
-0.5744219990970395,0.36170047750271583,-2.7369999015393143
-0.5799824924033328,0.37515996363510135,-2.7616337129244157
-0.5851482109178552,0.38755139821685225,-2.734747171828432
-0.5903116610138279,0.3958212894120074,-2.520534809263115
-0.6035445452317331,0.40324142420333947,-1.8140720934755548
-0.6155737410049521,0.4108342341964351,-2.332037160071399
-0.6232597201575274,0.4221995829922305,-2.6822502399798522
-0.6277661037242682,0.4327968041624253,-2.6789237369666816
-0.6331984434945903,0.4437704966964586,-2.711181540698354
-0.6379193280714256,0.45670530243923035,-2.860015768856551
-0.6438117030116359,0.46941300588582097,-2.5808183036089334
-0.6524467003991249,0.48280839091671024,-2.5384472557120477
-0.6595583695760954,0.4942150832375757,-2.6143101657416925
-0.6689512396599373,0.5047658619789239,-2.243632043047011
-0.6778017419718918,0.5137094946497569,-2.462627494254983
-0.6844525138098455,0.5264349592478631,-2.709568746441893
-0.688100776404621,0.5375804987204194,-2.7899139184432005
-0.6934473022198062,0.5517512891302796,-2.8024384425732958
-0.6982932123958813,0.5629630493736104,-2.6346315575458545
