1.3007226353962404,0.30749681990512373,0.7740711687619873
1.3140391931099802,0.30041919170246867,1.3140583161632928
1.3272346367205552,0.29702896274919954,1.3360745664153268
1.3405360484878461,0.29446234001496285,1.4055017094405793
1.3533335080097744,0.2914520708411551,1.275866382298143
1.3654404143091259,0.2876371824229262,1.286299303576238
1.3776453833141988,0.2843090359392981,1.2907859586345838
1.3924685924427154,0.28032822478372926,1.3227478601780156
1.4062906918328901,0.2763442185971464,1.2801585154459514
1.419699171834081,0.2722398562504644,1.2575565784007197
1.432378531847033,0.26867479514962245,1.3035430905622916
1.445665485334578,0.2651944777555391,1.3158720931353924
1.4604022840734971,0.26093732491333926,1.2866453755142322
1.4690996717586293,0.2550837976810523,0.819124311800478
1.4800741029769062,0.2447238045406981,0.806954880670858
1.4888125270203556,0.2384024157725435,1.0617321700440285
1.5002156133482007,0.231810537243934,1.0146962749966018
1.5107339000519113,0.22456966641214024,0.9078717358520002
1.5193737604407684,0.2180190984912676,0.9026936927620816
1.5269984238845313,0.21132003231430474,0.8313486393347214
1.5375694413482364,0.20314962585216165,0.9395646510926975
1.5472188514228213,0.19669158919773705,0.9961505843924594
1.560472812308708,0.18851435100777456,0.9997103973024182
1.5708565669391266,0.1817935882535502,0.9781706824112637
1.580844955168005,0.173984845967113,0.8419092598430717
1.5893479167070237,0.16614172600429106,0.8743785144482601
1.5990641819755824,0.15843625855699509,0.8923736478580719
1.6081070789438991,0.15117584635418813,0.8655268940664695
1.6166773799665533,0.1435651049117138,0.7986618062007259
1.6227473873219436,0.13689170752215804,0.9101756312758892
1.6253446223910544,0.1295546580763204,0.7637250170295313
1.6291983909341172,0.11946700359757283,0.6577697226744665
1.6336598237656896,0.10901849137486168,0.6078961887756873
1.6388619276096674,0.0997503523006576,0.7046865938097602
1.6453126093438728,0.08963399855720444,0.7492523978733062
1.6511039822511542,0.08049172835026781,0.7725935688067039
1.6584203766014136,0.0705727022854881,0.8273603604058075
1.66648920192032,0.06013984946233099,0.8614401610384821
1.6752456877113482,0.050147062427438126,0.8756061308514657
1.6846603101950977,0.03997967912832441,0.8657104118942374
1.6958434607046977,0.029186162868586406,0.8575504829480314
1.7054965059356526,0.02011111088504639,0.8420192663750324
1.7102502456037125,0.014783905851702922,0.9433607281691325
1.7216993438689716,0.005562798697670895,1.0127140646260147
1.7321235800845045,-0.0026484785644635767,0.9417614029428236
1.7446960878311624,-0.011610773759669419,0.7912097466446779
1.7550579706271143,-0.01982512281003077,0.7753916614683838
1.7656813035563987,-0.028422333176689022,0.733317149394067
1.776250533400722,-0.03737995224825142,0.7969213292576219
1.7865244836454552,-0.04580097700870632,0.6978951607491813
1.797222324663474,-0.05537259524973591,0.7513398168979464
1.806265142421054,-0.06403736746943542,0.6951797778776925
1.8189612528063732,-0.0756444246045181,0.5275677521704332
1.8265569034853228,-0.08567293325523555,0.5456970068297984
1.8348596426700756,-0.09619271902371561,0.5586894511373227
1.8426965594189422,-0.10632464079470488,0.5573546675627412
1.8508628164763659,-0.11724857268640088,0.5763558709703821
1.8600051401707363,-0.1299213098479666,0.5869387926547952
1.8692491969007168,-0.14248885545554718,0.6746406864388826
1.8774930376458498,-0.1537099729637218,0.6861320620340824
1.8870482480684927,-0.16701367505426906,0.5623428614207034
1.8949885925074244,-0.1776915368518414,0.7433740242518854
1.9035021767532783,-0.18769450628455817,0.8252332320390934
1.913085954959507,-0.1967493485984073,0.8998379901914254
1.9261115697620461,-0.20731291539462116,0.9246509272103773
1.9397590715917852,-0.21801505225151052,0.9021256503315256
1.9498321207885791,-0.22642821074720806,0.883071438266346
1.9582816627247248,-0.2342079963608453,0.8658164295377588
1.9693300556963236,-0.24373434505637467,0.8481190310240146
1.9763828560668668,-0.2511077378962478,0.7515995776360872
1.9809920900507267,-0.26035741149096253,0.6242660400281919
1.9880059238416952,-0.2727558503711492,0.6357746013108956
1.995046125740987,-0.28333149765182286,0.798124919128685
2.0039907332684397,-0.29087416345451034,0.9137465071486425
2.010689679303461,-0.3028333952218616,0.2551872301392275
2.009349467219708,-0.31152962355483693,-0.24425377110604607
2.007824905202976,-0.31482906002610694,-0.8891854477448801
2.0074479289895226,-0.3172903895907854,-0.8922373634103925
2.0038436665240273,-0.3188850730405688,-0.4988955579056598
2.000527478997745,-0.32455252581246735,-0.32984673203080905
1.994666211598176,-0.3355332631983992,-0.669007913902318
1.9827992460708053,-0.34551626495053134,-1.0950426742159636
1.9758374335083488,-0.3520384457160573,-0.9936571717981534
1.9642172634632065,-0.3579637912677957,-1.2405450488905567
1.953672096284934,-0.36265578341450555,-1.2992999640902505
1.939939940679899,-0.3665784498518335,-1.3457764005014714
1.9274973629088743,-0.36953913963589285,-1.4140005673825138
1.91498592805232,-0.3712552806424617,-1.5157202720706964
1.9003265249489996,-0.36865519447808665,-2.034342459845244
1.8934063833007393,-0.3666424739081489,-2.167336023918945
1.881641597836539,-0.3652654815060043,-2.432370165344749
1.876024904829081,-0.3604782232781355,-2.9157626905298044
1.8758008225181297,-0.35391353382640045,3.072271122190678
1.8779002914750007,-0.3479986975703654,2.9132313416636397
1.8834630252746942,-0.3247546146125338,2.985141349754162
1.883398181473961,-0.32363727018590416,-3.125630554113147
1.8796977419355148,-0.3177038575027789,-2.6380696436276088
1.8713156615860802,-0.31206606250406943,-2.1873894917453933
1.8588279349772796,-0.3075674334167028,-2.039700401688077
1.8464252032882214,-0.30117971363997414,-2.236651257608025
1.8367919118563731,-0.29579862248960886,-2.255720798000551
1.825110223919643,-0.2880660928484463,-2.094964656835033
1.8117281983079407,-0.28120840506979494,-1.994956553257064
1.7979066887474868,-0.2769214780154546,-1.8193326530219849
1.784467108507894,-0.271873488452841,-2.0221760271479003
1.772960656790891,-0.2668110053539592,-1.999759151165717
1.7594818911062668,-0.2608426968166597,-1.9317998593887464
1.747189276618213,-0.25589406527884423,-2.0182094317801496
1.7351913110634698,-0.24938690631826868,-2.1010524243823756
1.7222704933594246,-0.2392372389579744,-2.2960179841962267
1.714081972087918,-0.22978163192863438,-2.4978084176734776
1.7057015557202628,-0.2206801870275655,-2.3369715339467687
1.6947956155545878,-0.2099053338402798,-2.3712903547329844
1.6861536533781172,-0.19764581447304824,-2.5860579216158364
1.6796418003742983,-0.18747203228644102,-2.552831968482462
1.6726222195824056,-0.18140808368942452,-2.1108541945392894
1.6639133822448977,-0.17429705851580746,-2.3640871610125926
1.6537401399216871,-0.16522233197915737,-2.2422203083004897
1.6441597468893174,-0.1582193959475387,-2.1670462017919907
1.6325230103754766,-0.150361194179389,-2.14773992855479
1.6190878194972786,-0.14249897660049113,-2.144570699426395
1.6098281541438384,-0.1353567754169669,-2.351205293417572
1.5971077405276854,-0.12379156640705853,-2.2530483139104516
1.5868649211733974,-0.1142076958887316,-2.3954049246959928
1.576661275678088,-0.10472506564739767,-2.2820879273795653
1.5672649846052265,-0.0961739396658886,-2.3236523174776065
1.5571270047609875,-0.08655626691543204,-2.341822929275021
1.5489690217872703,-0.07633437257037685,-2.510750668462858
1.5401476756906165,-0.06473676085113415,-2.4719196450761087
1.532247414604512,-0.055434332688500405,-2.4135905389430126
1.5225532440499912,-0.04453416050331633,-2.3836399156878048
1.5141517808248983,-0.035296645548479486,-2.4077282772435864
1.504547378634954,-0.02589382340730878,-2.331673214378889
1.496208747634483,-0.015164690457784222,-2.5732997852225066
1.487590826483008,-0.005976162400143196,-2.300291964481443
1.478467135815116,0.005970911395010005,-2.6711523550364427
1.469047507147712,0.01646046601938364,-2.265315454450707
1.4605709075999835,0.025785509113407337,-2.4390928907535883
1.452380157793075,0.03411231033976375,-2.3289543293232944
1.4426327131215548,0.04526856780748486,-2.4578010368631205
1.435980686066063,0.05423400821380549,-2.5261671840454127
1.4278811117231278,0.06602974883692993,-2.501653670099743
1.4202075088862327,0.07621135119719558,-2.4944841837087277
1.4128806992814864,0.08572219710388056,-2.512695085044561
1.4051719747549511,0.09787061783866226,-2.5910920776699315
1.4010566912856117,0.10582499393756568,-2.6712208833102173
1.394697066637374,0.11757090719131878,-2.626881670685991
1.3898269023782412,0.12780090910292494,-2.7522378813900947
1.3841683055208862,0.1419842206374579,-2.782518105202958
1.3790543229376329,0.1547170776800365,-2.738947921799666
1.3735545504285354,0.16703306418797972,-2.6900527993046213
1.3674860171526066,0.17857021987126687,-2.645048217444726
1.3605638540423062,0.19243031397364221,-2.674414805419917
1.3542825918990726,0.20298119538652196,-2.5489461753326736
1.347853157723717,0.21344643371235533,-2.605064523205432
1.3427117671301214,0.2218858926053958,-2.610916863546461
1.3363929589922408,0.2338375803171939,-2.7168338549822693
1.331255394585401,0.24670334983811765,-2.750259022434336
1.329134234292293,0.2555336973802032,-2.9662716690709314
1.327301132011568,0.26888199307112637,-3.053670644316829
1.3260086358471928,0.2819931147762838,-3.0488769394564277
1.3239710345438387,0.2963395121322428,-2.964952387227614
1.3211500186656864,0.3104626213061582,-2.8976628897784997
1.3180986713207121,0.3239283454424115,-2.9404332190542477
1.314911628566915,0.3369403299137719,-2.907516759667472
1.3124728081167962,0.34970177226285193,-2.9698836424278072
1.309208900270759,0.36173220722681215,-2.8469144550562286
1.305055083227639,0.37411265554603085,-2.82217963000908
1.3003939586161777,0.3889829985620716,-2.8222572995357442
1.2970959665534474,0.40031077796919157,-2.8216307809873564
1.2918998453696473,0.41253246859316606,-2.7341561371108543
1.286305686057451,0.42204032037911715,-2.5079913300031187
1.2786676738409506,0.4322532107077567,-2.477767339428474
1.2715453851033258,0.4436948584103254,-2.647224696050531
1.2636567191105388,0.45614165061970213,-2.517085487461335
1.2577189103560726,0.4672527857299095,-2.7542575334606174
1.2543999919886424,0.47898727162459004,-2.8598152286811436
1.2497215317490142,0.49209745866527027,-2.70932119565927
1.2429831495573558,0.5061101565376008,-2.6612994155437044
1.238341449806509,0.5175567482168772,-2.8101321322134294
1.2333941676241194,0.5301108349203085,-2.7005578993623773
1.2279927456268251,0.541472893321929,-2.6974679623605904
1.222339748668941,0.5526965200719104,-2.6523399775324337
1.216667412890514,0.5640441858550875,-2.7397247596601977
1.21126126439805,0.578138896124789,-2.740190479814541
1.205756803216327,0.5909238949871799,-2.694229778778378
1.199860043120482,0.6030624732062528,-2.6556964890925454
1.194288992984709,0.6160129679291877,-2.7593829770638587
1.1878602026315832,0.6295686806347762,-2.6221988367690066
1.180317080679244,0.6417370729483098,-2.562971415768124
1.173801628446056,0.6539290975172487,-2.666122380179865
1.1674686936897385,0.6650075393718203,-2.6255102602003877
1.1602018937155087,0.6793238941748728,-2.695110662552949
1.1540388028802038,0.6909505764399299,-2.6871217147093454
1.1489975346423495,0.7038345383308207,-2.761620236634358
1.1416703027616413,0.7208111693781198,-2.7289374739939776
1.1350150622933788,0.7357607462887189,-2.693687335546467
1.1279916368072689,0.7497807058839548,-2.6426900310201895
1.1215684754677813,0.7628658659603164,-2.6552479688340096
1.1161621046665577,0.7721917783785461,-2.629129875903161
1.107638755654249,0.7856838888354296,-2.5552086120965867
