0.31485636759404845,-0.8153384855946956,1.621856772940205
0.3284518563358251,-0.8145749567585808,1.6373940443971422
0.34196150024468125,-0.8139380655953834,1.5956460249984459
0.35567905099817,-0.8137130386713161,1.574484168871322
0.37006580365593955,-0.8138455002781104,1.5701282261150982
0.38426602584155517,-0.8141467373136705,1.5474595808768346
0.3990168301409922,-0.8145242804669814,1.553641276691265
0.4134640369923482,-0.8149139047516105,1.5387110524385463
0.42682338609363707,-0.8157751666252733,1.471418941404174
0.43969122787598847,-0.8170781967742897,1.4707124366177677
0.45390430804836196,-0.8185796097058815,1.4758312517844876
0.46855352623998064,-0.8202566579780644,1.4381422094466487
0.48296961312710024,-0.8224519439245397,1.429219231717026
0.4957971114644253,-0.8250505313384083,1.337011360950068
0.50803316573462,-0.827507068168325,1.4281403988884709
0.5194174187395526,-0.8294098094134238,1.3829831590359298
0.5338756192453948,-0.8321125333002678,1.380672667577274
0.5473320364141389,-0.8347410141854136,1.386742206692071
0.5578242685583472,-0.8383102528848715,1.1607767587642634
0.5693243429143607,-0.8465896406889614,0.8339529606287762
0.5819315720041816,-0.8572234425682422,0.8746274895715944
0.5934969023115473,-0.868588890798316,0.7289736491535331
0.6029876870538138,-0.8780030382648417,0.8347431649788164
0.6145921604017179,-0.8880391375126894,0.880729444169313
0.6238827594234949,-0.8963436389410577,0.828594488131745
0.6337150519877669,-0.9038357032695773,0.9112366056622582
0.6424959911081518,-0.9119209510111372,0.8565358019744139
0.6514233225773824,-0.920334109846228,0.8537174031359648
0.6636086279678707,-0.9284592383650487,1.0421621541483737
0.6749239264429068,-0.9350968951844228,0.9820107125686269
0.6865761251853116,-0.9421662301730405,1.0842205028083387
0.6945304923142853,-0.9471278650503601,0.9545865804543364
0.7064350792490842,-0.9559341761664167,0.931038791197324
0.7164097399938191,-0.9630379642547607,0.935093621066484
0.7277642317505534,-0.9706577591323664,0.981882561521504
0.7392301763950292,-0.9781720578188777,1.0284499394697613
0.7505168028740972,-0.9850978114036436,0.9972608520087761
0.7620255530607687,-0.9924294469311694,0.9805372114532129
0.7750283405745293,-1.0003374692062268,1.0735844031431985
0.7861358533018643,-1.0137023460929497,0.426985047216156
0.7905128022791162,-1.0184306524790043,0.9795957312409989
0.8000434199588699,-1.0296800103867643,0.5712394590741018
0.810423729105249,-1.0424601250218917,0.754429785355547
0.8197111974916551,-1.0514022338784403,0.8388599025451979
0.8292231145251665,-1.0610522304427359,0.7002365968663932
0.8373596201983476,-1.0704119094103774,0.7314717260951309
0.8447554670699079,-1.0807112885818286,0.5526392016922199
0.8526559552479954,-1.0893150078899163,0.8449798419666101
0.8611932434340537,-1.098757021444916,0.6454393645409745
0.8709615218761722,-1.1124824965616078,0.5782828631050168
0.8771866722160004,-1.1224635141375137,0.5614617500937245
0.8813437266860767,-1.13023307420316,0.4717444513272619
0.8894683284842994,-1.1424906320968469,0.6409492409877693
0.8962589644225165,-1.153205607678217,0.6287355287155671
0.9020916828583782,-1.1654386474005887,0.26682351749000244
0.9064056005596522,-1.1784353725475825,0.3408368649462034
0.9102129630344519,-1.19261218800397,0.26960613247055953
0.9134001793116308,-1.2057121887498918,0.2434584648627158
0.917220706136719,-1.2203044888504992,0.255501528397159
0.9212805631391643,-1.2346951442003367,0.2959441493414878
0.9222404329688103,-1.248953919131618,-0.09528883374018136
0.9129255932731507,-1.2617169524574534,-0.9934281921922796
0.8984683042348605,-1.2632567545158009,-1.6837999098596426
0.8844134465758592,-1.2569870442385982,-2.2457112120492213
0.8734645253869148,-1.250831119056232,-1.968156482978934
0.8602730552770081,-1.2460924394282107,-1.8470386688980274
0.8452607839997529,-1.246752452886777,-1.3309771988730699
0.8346083707217787,-1.2513898666765937,-1.0803022378646365
0.8244782822007424,-1.2597261324850593,-0.742171486438595
0.8083585536627022,-1.2669843861828778,-1.39041504706734
0.7913004997990056,-1.2640101517348852,-1.9803448397675878
0.7791538019710378,-1.2514817267257667,-2.674096877047218
0.7702904598377679,-1.2389284857669114,-2.49989138734956
0.7652137180593176,-1.226599721999977,-2.905207662202509
0.7591188301658818,-1.2128378283008387,-2.6156100479207445
0.75418328007506,-1.2025497667849119,-2.733993041741197
0.7468281556198948,-1.1905140596714572,-2.5124133929449872
0.7407958065742145,-1.18034327728092,-2.6914581934334247
0.7335489234634693,-1.1695039999129309,-2.4887157093778867
0.7252509317579896,-1.1536226845947415,-2.7729635743548657
0.7161824409496914,-1.1380301347320476,-2.400792906178049
0.709140522492766,-1.1249519992347767,-2.784263034501257
0.7027128290653492,-1.115242041561115,-2.510512622046527
0.6968830003175279,-1.1026938460358653,-2.783208243591878
0.6862196991357331,-1.0920740941934646,-1.9979371765642269
0.6735572553702488,-1.087499424434187,-1.8880624061477052
0.6608634145157224,-1.0867459039955942,-1.5363545073921592
0.6469981546031115,-1.08976577952527,-1.2336746300271006
0.6331565742219051,-1.0917614666632043,-1.4832755918987583
0.618805280936571,-1.0938462064881331,-1.3781066322175017
0.6035177358556381,-1.096683449054541,-1.4008324541505972
0.588370737960663,-1.0947752118319038,-1.8845171320363037
0.5798949946469378,-1.0913870860579038,-2.0359083222997922
0.5649807540248841,-1.0864068499897446,-1.826177066933638
0.5549226471282228,-1.085170271004274,-1.653934875806798
0.5403923234000153,-1.0838447126711954,-1.6530585547844003
0.5252025585069278,-1.0765967308153659,-2.2690877918627974
0.5132990240064067,-1.0673359845252046,-2.195141250471759
0.5069239294749386,-1.0598562555251334,-2.5611360313950065
0.5000496036355617,-1.05102116079805,-2.438451323466501
0.49286747483752685,-1.0395561259918118,-2.6443168882744517
0.48581424355097086,-1.0256910399280168,-2.704779066193028
0.4807588530777731,-1.0143456326149785,-2.7138981764545944
0.4746678838880311,-1.001510757648779,-2.730159450480787
0.4681128029049847,-0.9896484625026906,-2.6032948484842033
0.46221487502699343,-0.9794726948811456,-2.6331238105088657
0.456114146749419,-0.9695885586329338,-2.53677727891721
0.44785115485697347,-0.9576093876959011,-2.542268449235781
0.44016209111481697,-0.9453385994368075,-2.6078514520173215
0.4318930168572893,-0.9342545074978819,-2.41624458399182
0.42363345396984287,-0.9256418475283429,-2.3663599955037125
0.4140062031219502,-0.91477201839734,-2.394778879237018
0.4034615448369445,-0.9018014844036932,-2.4342135483740126
0.3943207427822067,-0.8908852945983551,-2.446912941071857
0.3845550602136547,-0.880246116435589,-2.3512382004213044
0.3754326842679658,-0.871613633984338,-2.2501009163375616
0.36363874532103246,-0.8632174976079093,-2.1857086554577805
0.35377280223410806,-0.8506048359958394,-2.6623219533969413
0.34538040607807674,-0.8402315027248323,-2.336350353201087
0.33646684922836634,-0.8315803158206618,-2.3597140421555816
0.32843113996289597,-0.8212555868781369,-2.568108861613726
0.32072177585326717,-0.8109883521449436,-2.46371070481105
0.3126340295136449,-0.7999231377968339,-2.5334632188977917
0.3028612026789856,-0.7867791435112025,-2.449060723308265
0.2958602035848333,-0.7757294180221528,-2.6065491870348945
0.2872962692497981,-0.7628028244504095,-2.5162082700262003
0.28320911558523487,-0.7550093880871651,-2.7662878364546883
0.2777285021748104,-0.7411266975306898,-2.6960530859707195
0.27288365607937093,-0.7295669126325168,-2.7917013521696483
0.2679796711305243,-0.7184645144945959,-2.7141349646144417
0.26343646355551403,-0.7065299505308902,-2.7821218180039615
0.25795625049573434,-0.6938096237049344,-2.7187595014073853
0.25282364981183225,-0.6799328090481991,-2.8060960473116285
0.24685730640026707,-0.6671794200179123,-2.560728699844061
0.24077317407374624,-0.6558316402698143,-2.6616024583926343
0.2333043639105686,-0.6426874193775599,-2.5628565854044765
0.22760589826635994,-0.6325287761571305,-2.6711156403252234
0.2213595326322019,-0.621776542371462,-2.5552969385736892
0.2156121512426257,-0.6084857203907917,-2.802598547512611
0.2099434764553951,-0.59533249140116,-2.669214918159701
0.20304007529460347,-0.5818375172330668,-2.6588983032253344
0.19508378776516472,-0.5670731822533912,-2.624884981456541
0.19092128703914307,-0.5551001991349099,-2.869878645739815
0.18596459866318474,-0.541739532805534,-2.715872873865396
0.1811974477051554,-0.5296087421811211,-2.8079127084058104
0.1752048439247283,-0.5175336364304032,-2.628686097503049
0.1709159205786142,-0.5076924789374144,-2.8646492455708565
0.16456935774861592,-0.492793703250634,-2.6978957344451233
0.16011472978727526,-0.4821832544698046,-2.791183829448402
0.15554329390537028,-0.47258818807856207,-2.6462398511763436
0.15020246790655783,-0.46118044832265437,-2.7636948573031748
0.14472598146732285,-0.4474098682474971,-2.724800285799981
0.13915699948218818,-0.4350736584429479,-2.656291878152696
0.13320829262256884,-0.4238162003779059,-2.67539622763381
0.12725874252138347,-0.41172687787833295,-2.699709029124646
0.12255182220428036,-0.39905458390134424,-2.866452272566363
0.11872858846892227,-0.385383500553631,-2.887654620047684
0.1156539103100556,-0.37225458118078647,-2.9172110978139276
0.1123211267684971,-0.35844256615763237,-2.8594562782031794
0.10709098110936463,-0.34379938086912065,-2.7625711216019604
0.10121362668069177,-0.3320975175847434,-2.574370854370174
0.09336187865970992,-0.32071499319890695,-2.518416601010013
0.08470719660321102,-0.3089670550484472,-2.5179125296629854
0.07966565418036847,-0.2997507378687037,-2.6719923391264446
0.07463249598583105,-0.28822904011185385,-2.7467893689660543
0.06827482524131578,-0.2771165580926504,-2.521247255168664
0.061217772039349506,-0.26480198991679516,-2.663363300082043
0.054282043111420146,-0.2517108017835082,-2.5600655264150554
0.04433498200013035,-0.23850109966302674,-2.4476665647709392
0.034858313259325015,-0.22722457463272944,-2.4493544777225487
0.025785629664938487,-0.21602148196885868,-2.530510885299207
0.018738669183901626,-0.20431753423169777,-2.6260202851067245
0.010476440501044073,-0.1905380542079326,-2.5771214039931976
0.0054038508417906675,-0.17746218018084595,-2.9021811074825625
0.0018433408464981354,-0.1662942054639925,-2.7598476579726627
-0.004519505922118195,-0.15415460875911705,-2.58237414930769
-0.0138067321574382,-0.1408134544999144,-2.569805128312774
-0.02102732086447623,-0.12918617705283636,-2.5506053978804464
-0.02863775655842483,-0.12006070089033145,-2.3953441879373414
-0.0384399813021267,-0.10876201870874667,-2.4805220853193255
-0.047080131892963,-0.09603511996798746,-2.5949807959280258
-0.054651028328027006,-0.08465769315905282,-2.525938176092913
-0.062438036840492574,-0.07394754534965493,-2.453108732152334
-0.07167541542032954,-0.06189655472433498,-2.531609874580673
-0.078062603323953,-0.05179941803679435,-2.5738684848958613
-0.08544457234893105,-0.04043906931096007,-2.5699776152609397
-0.09316790383635112,-0.028737857171314683,-2.4960068765821544
-0.09927915436379041,-0.020640599975474672,-2.5086784395690054
-0.10592926193852331,-0.010218400110849662,-2.5941217236057685
-0.11180029650316625,0.001122781636737636,-2.6767804879946198
-0.1193571351304548,0.013244769969994425,-2.4618637383891278
-0.1268702782311941,0.022191296172318836,-2.4194344826048377
-0.13531025568514574,0.032099211119223967,-2.4322377904691503
-0.14329761229332602,0.04362280491573092,-2.621109214225915
-0.14958261635587722,0.054029875570260705,-2.563489172646406
-0.1566806939896355,0.06338609201329101,-2.469106755210961
-0.16469296952452725,0.07403291532918065,-2.4906392176507004
-0.17046386409410602,0.0833188449855203,-2.6308055145045866
-0.1762900285727398,0.09586692230506148,-2.6946239624544313
-0.18092429751504713,0.10481840576238755,-2.7173863901042554
-0.18804173451881045,0.11939074724468758,-2.7068309404256534
