-0.28679107699929723,0.8270465884065503,1.6128407041693527
-0.273304007666561,0.827368876174411,1.6088721238362513
-0.2593878121374109,0.827355978140946,1.5577653192709982
-0.24530412239539467,0.826950924951866,1.5364327571692442
-0.23120683953005072,0.826424839455064,1.5305388898598835
-0.21684294586189526,0.8256701058251359,1.504881377714331
-0.20241249222642474,0.825152166275682,1.5468725177812026
-0.18827304658141286,0.8246819181626907,1.5355985676488964
-0.17385903949796125,0.8243279391716323,1.5505353633471104
-0.15997362175550794,0.8238593781411617,1.5378471669937708
-0.1466371853317885,0.8214267889308251,1.267523591243116
-0.13344114786633735,0.8169855597782022,1.2329133387194366
-0.1173582557710009,0.8100119277804047,1.1270277310377432
-0.10492553069583886,0.8044991176174842,1.1490143762095975
-0.09342668784564608,0.7999035345902297,1.1934691535401214
-0.0797420109531356,0.7950658571895389,1.2273778636462653
-0.06850622896265494,0.788697966275455,0.9217081489217522
-0.062353898855294715,0.7827735684001659,0.7279474156091892
-0.051369495021166785,0.7688504249074557,0.6204116950726202
-0.04382394369957377,0.7600593003198036,0.7368550951431795
-0.033675235193575084,0.7501251249986192,0.827778667886652
-0.024744072236259823,0.7398706042648296,0.6276850861545181
-0.017461865753857088,0.7287711147195307,0.5950109853259846
-0.006924356907278809,0.7212883012749656,1.1214818689261232
0.002972022728082901,0.71431988394356,0.8662515050666728
0.01185017645835471,0.7081194961917049,0.9902861583017275
0.022278855425714686,0.6996641353571321,0.810740342487095
0.03204269787930197,0.6914314941961087,0.8942638919759605
0.043141682978229706,0.6830383739930225,0.963261696011036
0.054249592875061634,0.6747839126790005,0.9129491701956037
0.06425028954805165,0.6671496057842671,0.9418580469094658
0.07347800662814105,0.6599735782896222,0.8409024875614719
0.08564831982327667,0.6511988924338353,0.9650003640345757
0.09512731980220486,0.6431931215062412,0.8481568674440769
0.10646769295987467,0.6318097212181631,0.711178952290344
0.11532202734647631,0.6222025549834304,0.761433955589577
0.1241051614695873,0.6134668078986427,0.8223091700138101
0.13430314143353134,0.6033318404100533,0.7663996497415847
0.1442169054124838,0.5939200889811003,0.8231281161119215
0.15183807899833912,0.5866766753924165,0.8209796862615888
0.16264866084102617,0.5749916404645887,0.7113219776406937
0.17279155684072753,0.5639791315539945,0.7190074030551931
0.17832053653910965,0.5569951503699073,0.6896894387969837
0.18887301854778618,0.5458365813095443,0.8268314646185512
0.1985754094468815,0.5369165569811601,0.8374281094915861
0.2094032486119912,0.526909522161985,0.7869911204126778
0.21906183397733955,0.5156629127591967,0.6837668494777045
0.22923909957662128,0.5054701612992748,0.8589185959507257
0.238362001706282,0.49582549318575864,0.6758500870062077
0.246324196152945,0.4856252639678363,0.6380443256820414
0.2539860180855502,0.4762662407622126,0.7829260091263593
0.2647695338858224,0.46516255478386,0.7590499644140161
0.27396909692792465,0.45453660438869414,0.692481113573512
0.2831427397431346,0.4440538443017692,0.717970679092684
0.2914085353655494,0.4345278741119497,0.730357807612475
0.29788054190147983,0.42459409747152743,0.5014701787149558
0.304024639774051,0.41157696069436883,0.3784041773304942
0.30921179943776267,0.39918121815263335,0.41972712449243593
0.31445220894496556,0.3881132295937218,0.450186148516799
0.32193777824936126,0.3754707648916916,0.5981757718433949
0.32920580019675755,0.3631609642956853,0.5199320346865278
0.33605685305232136,0.35365703808545074,0.6665688141681203
0.34127281968318457,0.3439360886721842,0.4191084197912855
0.3474096154586751,0.3338369570859595,0.6136611696335889
0.35698471189101016,0.323915163733974,0.8593424494803653
0.36547735342508353,0.31671549284189865,0.8383227505794589
0.3732149266301429,0.30649653727619597,0.5422710228182211
0.38103315777724783,0.29629134063376994,0.7060447776735777
0.3887577477967846,0.2856467493044816,0.6170642582477545
0.39812563224331926,0.2733633429236862,0.6698248418888985
0.40703398451318124,0.26239057034166474,0.7043512122069211
0.4147098988537199,0.2523239696392527,0.5927911289097081
0.4223278957006369,0.2416667235588569,0.6806174441293744
0.4323338321299619,0.2337009335953973,1.048047085763653
0.4443922804837472,0.22799788811143468,1.182302358264209
0.45435042401022147,0.21958685786949558,0.6544147733516164
0.45533261751412574,0.2038147702310206,-0.24770485290366107
0.445812251835547,0.18882233482224692,-0.8755398098901668
0.4343113517904731,0.18314345655458092,-1.2132253484215525
0.422474917743295,0.18064470350512368,-1.3984368574179866
0.4097600119547516,0.17580043684097468,-1.125231587122817
0.3976262491396073,0.17084317383714023,-1.197104314076463
0.38521451619496083,0.16847339505530173,-1.4918078034909208
0.3714305935295837,0.17047545684582346,-1.8923648260834527
0.35986352128336935,0.17448705161024972,-1.9142471601305524
0.3477232282121112,0.17553876635504082,-1.495037063104308
0.3334927906459027,0.17562948671487666,-1.6429674529823992
0.32001392899577674,0.1769978804042127,-1.6775274110647624
0.30631654885480436,0.17864836641854967,-1.69501833555408
0.29237320253408416,0.1800614284550262,-1.670718372388356
0.2786910550196304,0.18613060049427224,-2.222287727155297
0.26933519081113005,0.19452938324351,-2.3511215820278006
0.2582218321294171,0.20254254587618517,-2.1287326526237127
0.2462476024664335,0.20968411185869648,-2.1339721270087253
0.23484100708834876,0.2169370025938505,-2.1740488838427603
0.2239262545290803,0.2259188499466659,-2.3155185749583667
0.20995843526105645,0.2372505894992036,-2.2084001213189377
0.19672606035893273,0.24487488722107387,-2.0433094149948845
0.1877600355473881,0.24950859510108006,-2.03586872713734
0.17395299561727956,0.256276171479786,-1.9910032258344474
0.16175263139614235,0.26404479027585165,-2.2051934526260575
0.14787671916506231,0.27312669806172934,-2.0887858037691593
0.13935834723968993,0.27796148710514845,-2.073268635628665
0.12878860546894522,0.2847206820399271,-2.1661762532129587
0.11997486243176674,0.2889759338539198,-1.9984567328783691
0.11012158327934192,0.2941217408494864,-2.1360214922431933
0.09972087609494877,0.3045300123440963,-2.490725083172907
0.09230457893239138,0.3168075277781572,-2.6447074622328732
0.08415030975529462,0.3314182864976011,-2.640614919663803
0.0803010042001038,0.3389299061977332,-2.716892095609302
0.07422941564242412,0.3507825908633768,-2.668311456041771
0.06861516608041254,0.3594039426754066,-2.429172917031578
0.057517709760026105,0.3672850747079222,-2.070123783831734
0.04387247270035074,0.3751896352111637,-2.122049675230117
0.03277333764289523,0.38287697517576,-2.345042127702808
0.022481591996684164,0.3909366548110287,-2.1886392862886086
0.010301968250325266,0.40162878733967916,-2.3270460151064496
0.001491727484556867,0.4139237575890164,-2.6775618675541373
-0.002755433991319769,0.42357825491234713,-2.725731480275397
-0.008650700203137962,0.43668034374849735,-2.705182847390648
-0.015007868369205304,0.44978213098805847,-2.6953434441287336
-0.020857913415336472,0.4606695746806754,-2.565464840496199
-0.026680193932191936,0.47123591137053344,-2.6368296555960207
-0.03271445634500065,0.4806899912534913,-2.498577779246456
-0.03935855675620225,0.49058899424981317,-2.5725113780232176
-0.04668969979855502,0.5028883569065036,-2.583073173623345
-0.054016619494990946,0.5143702275628768,-2.5498957246799017
-0.06130347389482442,0.5259443000391404,-2.5123348830137786
-0.06736396134494893,0.5353716750533014,-2.542814848751208
-0.07376924733311742,0.5466482442140728,-2.6278292384994573
-0.07808582214591837,0.5563528314633842,-2.770561410610117
-0.08382160891479112,0.5706990953301944,-2.7436256043852367
-0.08957765887912768,0.582128714981637,-2.628518200119585
-0.09582196773845628,0.5937062320376989,-2.6434492404427163
-0.10327642896891234,0.6074781478565623,-2.6360560012897527
-0.10941111233525054,0.6180812883621845,-2.60325730463792
-0.11862135466559268,0.6302721550482445,-2.4253230256830696
-0.12711913021030613,0.6414924053952706,-2.5280576317348857
-0.13464739383952665,0.6507597165885488,-2.440453271834824
-0.14309553103618533,0.6617505430242205,-2.5317027037587514
-0.14877371829177277,0.6725459455323228,-2.7300910141967014
-0.15365831215692283,0.685085526702349,-2.7579072566137413
-0.1576229567191418,0.6983215196953036,-2.8885541797813628
-0.16184913632081507,0.7127472062818717,-2.8091953918284647
-0.16858410521517536,0.726933625111404,-2.673218535812284
-0.17328863955202709,0.7386828711200871,-2.8117673702346617
-0.17760070972717776,0.750464380969417,-2.7736230358704512
-0.18198292341571978,0.762318894696016,-2.8221569566049496
-0.18622253627732588,0.7729110373693175,-2.6756145527310586
-0.1908181107186357,0.7822001215391333,-2.7252840639872575
-0.19808136617797048,0.7945424270252551,-2.525889290117426
-0.20311406211328084,0.8011851319247564,-2.503961041321701
-0.2105717198028948,0.8149356896214246,-2.6628445138742007
-0.21781373561338266,0.8292407648739288,-2.6321411517431716
-0.22427187364560175,0.8406595050794173,-2.600361978262874
-0.22848543290896742,0.8502238478185451,-2.8236183162805255
-0.2339303810216172,0.8629785246102524,-2.668551205012335
-0.23928726386670487,0.8743194195299944,-2.7483657533840655
-0.2446848611098208,0.8889599743357547,-2.8093561898107864
-0.25044997866647406,0.9036224781809314,-2.7163971942525027
-0.25730577224983836,0.9171826757194946,-2.6367672239099966
-0.2638006711503538,0.9271124297794547,-2.5468758149274167
-0.27240516941714443,0.9392163848015247,-2.4874322377542084
-0.27963190239480235,0.9486170707860975,-2.5002063858228842
-0.2859170556674171,0.9590321195056556,-2.5728816110535044
-0.29192336761028964,0.9703089831999092,-2.7119721196130078
-0.2974899083746973,0.9812564022388955,-2.6432934236092893
-0.3034495349935877,0.9908707480012985,-2.5070800070015102
-0.30774186805989945,0.9991895033497533,-2.7387913251715195
-0.3144846035116883,1.0137378195719164,-2.6885641401974283
-0.3202948006690614,1.0243017673395953,-2.5694930989831573
-0.3285026955597163,1.0373143338392214,-2.619696982304518
-0.33289662683128834,1.047397683559373,-2.7342156562449977
-0.3384761415603188,1.0581586546968205,-2.575950697175905
-0.34471697140348795,1.068299456905998,-2.54960189089239
-0.3516370069327728,1.0786208886713697,-2.559030861839533
-0.35987181405070234,1.0912677118151677,-2.5852500796090707
-0.3658585070727368,1.104878025245993,-2.81744407424074
-0.36885780808278035,1.1156916473426206,-2.8457176595617337
-0.37274062567987104,1.1286144021809998,-2.8450558838994215
-0.3776291552423077,1.1399467431684271,-2.65127444847366
-0.3824027622399075,1.1512068705680532,-2.7978175421635396
-0.38697369779309515,1.1606609620435369,-2.655491744701989
-0.39134149670363966,1.170441401278012,-2.769005409081206
-0.39902815736318137,1.1834237981018352,-2.553958112663101
-0.40533231347698173,1.1941808380570398,-2.5839445396229803
-0.4140500080049472,1.2083870178476475,-2.6342350223157047
-0.42079851789991324,1.2197881670669442,-2.5776885044911872
-0.4271925557861627,1.2288404471632637,-2.5084871989400193
-0.43517133050367934,1.240697858952275,-2.5640551727728917
-0.44302244511108757,1.2494174263633022,-2.3240888538100464
-0.45266808959079946,1.260085444632049,-2.480454600331756
-0.45915522860124736,1.2702153553000737,-2.6257711290550185
-0.464589466640186,1.2826036819326911,-2.7303306918331525
-0.46909967564115057,1.2978451426411781,-2.8545726554464896
-0.4744702774126699,1.3076105129786322,-2.4872247811360664
-0.47904488017021124,1.316662294603603,-2.726554811905632
-0.4866109864228202,1.3289065148085963,-2.522073614861917
-0.49396699727251514,1.3411640151386357,-2.6576064091109943
-0.5019386934875497,1.3534100463170577,-2.4267755405502767
-0.5104074889509542,1.3657099705384945,-2.5531513573981655
