-0.16745320695497032,-0.18618326025454401,1.566792359663825
-0.15431944139400844,-0.18631904120930287,1.5559882597589716
-0.13953141402502003,-0.18656082315413589,1.547095307405663
-0.1259960236539453,-0.1870308120931134,1.5316100656222957
-0.11259551309137653,-0.1876300476967344,1.5149412034061647
-0.09848196214606329,-0.1885162194283367,1.508142199006892
-0.08437899418047963,-0.1894803935898764,1.493734640589868
-0.07114274856744358,-0.19076695747063815,1.4855737231605426
-0.05785558799300414,-0.1920184430408243,1.4982866890828141
-0.04446025317363941,-0.19323868364369712,1.4875509692757032
-0.030941529076160504,-0.19455312920497658,1.45942496503832
-0.01835754693914696,-0.19619340563094223,1.4338537546228238
-0.004909071117390288,-0.19810180379100067,1.4188279622761526
0.008682731159658503,-0.20021279747569803,1.4095752547590117
0.021213965663680986,-0.20205080798034897,1.4303385084208096
0.03537450002081977,-0.20548566493671394,1.2880657341186545
0.05021104570199821,-0.20864010314771225,1.4369372116289139
0.06508878231291047,-0.2077635421171333,1.7851058546064942
0.07902937329859247,-0.20397870689597833,1.8989140588870452
0.0919685101505272,-0.19926183831418653,1.9914410827601288
0.10591661257832033,-0.19283151808328058,2.0397580974237157
0.11709827455878338,-0.18709040332897411,2.0456263787127145
0.1285994637383191,-0.1800684041037084,2.112268413657445
0.14284554395812446,-0.1798978393136455,1.327333611551608
0.1563141432685561,-0.18281341878042348,1.3092850375353744
0.16891195628659134,-0.18736813777326536,1.21092465796121
0.18083288561469807,-0.19404899257632305,0.9834828079879336
0.1917123764120548,-0.19988133278492554,1.1210218313852995
0.20384170747726055,-0.2066971714318029,0.9767779588278281
0.2126656917508796,-0.21226505419928984,1.0374347980867793
0.22457555896493955,-0.22045766859000732,0.921852312880125
0.23478316026478496,-0.22847482330933874,0.8909605678041479
0.246987787287311,-0.2372416518057912,0.9908527213574835
0.2571244167392281,-0.24312528438440517,1.0302005673671453
0.2671652809151673,-0.24992341814836247,0.9678613938593523
0.27816835857742434,-0.25732132371543887,0.9951904153264985
0.2910315296378057,-0.26533347235727744,1.027125571983165
0.30305602052286057,-0.2726249865486212,1.0280327250975638
0.3155278222591081,-0.28578177567160473,0.5095058680686472
0.32099373900115996,-0.29932266321789736,0.32686778978791925
0.32696418058260823,-0.3129313820035158,0.45803493333329565
0.3335103593505459,-0.32726923883020786,0.43388807593210926
0.3400983461635946,-0.33630536377219483,0.7167421720861308
0.34954102819448213,-0.3446157794947905,0.8824224311505036
0.3587644349917568,-0.35172704371348024,0.9223818243871
0.37146728929118944,-0.3613916024313392,0.9509250312018629
0.38247468372819227,-0.3694502655789262,0.935800850481535
0.39327313849958184,-0.38033800660824624,0.6477345098297483
0.4008046416332899,-0.39111081515994073,0.5913776836335942
0.40895185552929136,-0.4031327697621607,0.5847385448822868
0.4178606326249308,-0.412684110530725,0.8420683677756597
0.4283708012511217,-0.42180608443157086,0.8380549134562736
0.43808913654374715,-0.42998794238230376,0.8873595882896516
0.4499539759748016,-0.43887377560545404,0.9764595673593514
0.46277193349453605,-0.4473079542357432,1.0112213387144173
0.47332283806962594,-0.4596283857797067,0.4612351528400389
0.47805070032256175,-0.4718208985457123,0.31069760488227816
0.4817117659224276,-0.48530312629721445,0.3173374837914556
0.4861111154546187,-0.49855521042353484,0.3553520392067219
0.49195410801102113,-0.5099439949121661,0.5687289021796474
0.4982228252930411,-0.5222791097560561,0.4087394434174608
0.5037604926743054,-0.5326057676239118,0.515515095299204
0.510132172099358,-0.5466120163248234,0.4971987863905627
0.5173265210712588,-0.5591870613867843,0.5130439923726241
0.5249165836909667,-0.5729019684578089,0.4756930387408353
0.5330956717495715,-0.5827850104824848,0.8557100895122073
0.5432431002330692,-0.5927253595552151,0.7756412690614976
0.5528305424960318,-0.6025477981765341,0.7578761437316675
0.5635117097384001,-0.6137095376338104,0.7410630617163977
0.5656662531267386,-0.6274646380745154,-0.1141679070106948
0.5564529182167604,-0.6398322319137747,-0.9400931878472419
0.54198511932668,-0.6418374558259665,-1.6636863117609744
0.527365196253649,-0.6394416771965237,-1.7939290950341231
0.5152302282643095,-0.6380997769305786,-1.5448090244322543
0.5026410032286858,-0.6373032774065763,-1.7174448478557995
0.48967004175642814,-0.6326773027452158,-2.043795749481238
0.4769249565264012,-0.6289125835062045,-1.7457415647484267
0.46576946336324937,-0.6249300219400241,-2.049233001073033
0.4514190130303431,-0.6222289822579649,-1.6612616900937887
0.4376374289087324,-0.6206696782692062,-1.6983123840332297
0.42456915422685687,-0.6173123233339605,-1.9445766475209851
0.4114667093058279,-0.6127618960376757,-1.8903788335503329
0.3988470218429223,-0.6061971707385269,-2.265191876450387
0.3885131498198097,-0.5974058172167519,-2.2634076274879855
0.37991926155908645,-0.5873444348887374,-2.5116901126825524
0.3705940297620935,-0.5748740510697107,-2.4794041316399285
0.36141665810050705,-0.5683449276634703,-2.0465782124093512
0.34970922317137165,-0.5648122291142399,-1.7472702083344134
0.3338575094654137,-0.5676507293531347,-1.1989557904542585
0.32099362815071014,-0.5736125654243072,-1.0758864093652514
0.30457096356872937,-0.5720935006673069,-1.9976546978496095
0.2901302015765375,-0.5689789747269709,-1.6501581360499573
0.27674602844183227,-0.5630291136945796,-2.198602263056571
0.2700716074336994,-0.5563272589924615,-2.4227060782615033
0.2577821024043828,-0.5484337235784771,-1.9728510466460933
0.24510263794571904,-0.5451368882639482,-1.7421772123381483
0.23277547173913402,-0.541138231073784,-2.0463249014244567
0.22269438751684503,-0.5344631590097421,-2.289806171324735
0.214388018993737,-0.5238713748848483,-2.557930310774577
0.20663526620980058,-0.5120928284399493,-2.5766915176518213
0.201666323348886,-0.5013572864054515,-2.7732566184735705
0.19822552916024153,-0.49517515239947746,-2.447871791146119
0.19087247415422529,-0.4831517755298644,-2.6690594567445056
0.18538824513374982,-0.47348483676585196,-2.618068679802992
0.1775835788659546,-0.46089198834340994,-2.5514326469509094
0.16887106421472878,-0.4478602073601093,-2.5562926225679914
0.16035065888169558,-0.43456625275755206,-2.5706301774802016
0.15328536201780302,-0.42270825265577217,-2.605484155477448
0.14789222891014,-0.4113131945775788,-2.711405051415223
0.14215223037972916,-0.4031601036651393,-2.391612412665813
0.13318082081960048,-0.39360249644852213,-2.450834799865338
0.12654743289769765,-0.38396183531114086,-2.521659685406649
0.1200477664082104,-0.3720376782744882,-2.7429607843274852
0.11562691003651644,-0.3609869212404625,-2.7262288351562107
0.10600223004102238,-0.35184103271248557,-2.1727268741303516
0.09697529034740944,-0.34484379254124614,-2.2577345694956685
0.08623231322479315,-0.3335849152909526,-2.4461843352894586
0.07899713015575933,-0.3230217195869534,-2.5979972678257277
0.07229658978021537,-0.3111772272596194,-2.5830821292027735
0.06635793852015294,-0.3005730391774595,-2.6871421444133894
0.06086653742252942,-0.2907042310158914,-2.6156050120107364
0.05272621206223004,-0.27942700955357486,-2.459028531323132
0.04516974299017504,-0.2683187577389306,-2.617561392880571
0.03771465445574986,-0.25994920888852746,-2.3295951141666
0.029385757960501795,-0.24947944160191754,-2.566163578842507
0.020650823955370524,-0.2364228767034799,-2.569527373726863
0.013651455532443771,-0.2253022141674223,-2.5777006416312673
0.006732044657663557,-0.21299668808891986,-2.6618823440133776
0.003150815721779749,-0.2010753908765563,-2.904247867888237
-0.0009313573959703773,-0.18718688502765005,-2.7957880029966478
-0.0060485496596265195,-0.1743973519712283,-2.7809225939500055
-0.010977117084651789,-0.16114944859364283,-2.7614053925293365
-0.014788750930708357,-0.1531840660472872,-2.644191734495055
-0.02143035354822836,-0.14004662794041267,-2.6744117193263
-0.0274614927117248,-0.128069936364414,-2.7200174720553854
-0.03382590772222879,-0.1153080006552382,-2.649400250153199
-0.04176712022802326,-0.10325926906236978,-2.499295095564726
-0.05143196417273641,-0.09414995077833697,-2.227643637216922
-0.06369023090794461,-0.0830877344337295,-2.321384752042835
-0.07317583192187849,-0.07678973108806741,-2.1206748199696492
-0.08156138737720504,-0.06952436812054381,-2.4400619493501963
-0.09385443090347712,-0.059986905189715625,-2.104538162584203
-0.10479094824908,-0.05194710651177876,-2.3035540311991625
-0.1158066515990948,-0.04386277662705296,-2.1632254302013574
-0.13078370916589813,-0.04028500238423966,-1.6093986110849072
-0.14534215637391895,-0.034582131259753505,-2.1404059674224243
-0.15535840765659933,-0.025943818220016807,-2.3904766198324485
-0.16548348103878452,-0.01474767314327139,-2.406475716846357
-0.17462744226953525,-0.001421244431299393,-2.557243219927414
-0.181740213926656,0.01040251088782908,-2.625688745011791
-0.18861021966376923,0.022729041750200026,-2.6153179907369064
-0.1958171070424551,0.03426816553342586,-2.6020173773681448
-0.2045491185737479,0.04017380054938589,-2.020903516577085
-0.2158028811059366,0.048788183885765044,-2.347160272475888
-0.22500984578919855,0.05787692062863054,-2.389998591447081
-0.23556103145100443,0.06978517280696028,-2.4049799027894974
-0.24450694719128607,0.07948764571932392,-2.312648843821351
-0.2520630710234585,0.0901812198874014,-2.6816385813234316
-0.2579930973542207,0.10126588610558472,-2.5924237985923115
-0.26422527708405985,0.11393971597199572,-2.788390778318511
-0.26955431325908846,0.12485514759831494,-2.6126197643382283
-0.2741927798208714,0.13658752001704833,-2.8778596857094216
-0.280280455045371,0.14876986132803946,-2.561445423582098
-0.286951730840228,0.16167379544410934,-2.7530966384921847
-0.29400636927333834,0.17328417712668365,-2.460946047733305
-0.30111211378896713,0.18577376108084326,-2.6971834458073825
-0.3079686748528257,0.19683504804934052,-2.50562640198783
-0.3171019117509472,0.20907102861794366,-2.5355481560984017
-0.3240090390793931,0.2185333849663558,-2.4994667001001343
-0.3332521026041802,0.23022644549634233,-2.48480353315114
-0.34157100635498416,0.24093087889899875,-2.4585341838143013
-0.350087296350713,0.2517826436633356,-2.4735915166154014
-0.35357388713843135,0.26654287343554883,3.1350398911687587
-0.3561597351452864,0.2790378128322898,-2.7686141370224644
-0.3618912115188046,0.2879249794229964,-2.4791855935808425
-0.3692313128515961,0.2975585150361652,-2.4823872899149526
-0.3757292956323339,0.3069325082556396,-2.6203216598494015
-0.38333553477951954,0.31892284581782404,-2.564067171816931
-0.3911302378056351,0.33135466109575396,-2.528600541596752
-0.39754032052180704,0.3425167607714315,-2.6301688787796382
-0.40436735744504204,0.35390318296596635,-2.6426030495365915
-0.410677174658239,0.3647044040242723,-2.600423831765301
-0.41807672477643115,0.37417933382458435,-2.4768606629338796
-0.4256348498655713,0.3829661252339486,-2.453023788609416
-0.4347978971933835,0.39492391291766354,-2.531708097501139
-0.44156834243342735,0.4049034185024927,-2.567681835935458
-0.4445391316027769,0.41917223062968856,3.13682163172665
-0.4471556708929361,0.4309166462317136,-2.7593504849605948
-0.45175664631857027,0.44364659982639204,-2.7771419914843394
-0.45485895706755125,0.44930722572001763,-2.6115730209030854
-0.4617965827829334,0.461322450864317,-2.5989687622048363
-0.46703232353098034,0.47054409217137716,-2.6428986017566634
-0.47344248699465885,0.4831263300042628,-2.685411094748054
-0.47909636387724125,0.4961064012079964,-2.764247783371658
-0.48516781259707387,0.5103800081941648,-2.7249141340664953
-0.4905007250829519,0.5222910984448443,-2.7398435692334586
-0.4957068322936818,0.5357743588221169,-2.7421425041473513
-0.49965804609710657,0.5466096745172512,-2.8343331556914158
-0.5032847994296537,0.5601375434361561,-2.8559960650984064
-0.5078513472714559,0.5740281347631813,-2.7893896305721797
-0.5118537627440728,0.5864743328311292,-2.842161490132242
