-1.0613772869339932,-0.2893027648433487,1.6166207149896326
-1.047926529268377,-0.2889506955828449,1.604673285414746
-1.0333973826973277,-0.28826977027973455,1.621976340226641
-1.0194657393005562,-0.2875045568666357,1.6381591519349308
-1.0056991906116117,-0.28667177266248084,1.6388521980526958
-0.9912870956908311,-0.2859091090720877,1.6065266898880968
-0.9777171082262444,-0.2851766242285193,1.631845486559726
-0.9633749604582204,-0.2842605331107034,1.6486927061278076
-0.9502849190782746,-0.2825890555996782,1.7256575118207726
-0.9367654650250435,-0.28101388134585636,1.6838269415921154
-0.922810068890211,-0.2794443540715161,1.688955791599381
-0.9085269021994049,-0.27718201929859376,1.7941307274018836
-0.8951682048810012,-0.27457236076209074,1.7627765018625683
-0.8831701803831049,-0.27142274200532446,1.8473302873822257
-0.8713178410218202,-0.2677489608601717,1.9105362632056055
-0.859198359327097,-0.2635148544503664,1.9314451321440853
-0.8498608955885489,-0.2580936770346593,2.2291764162025762
-0.8398357021341529,-0.25315120970937877,1.918680829402054
-0.8262798344515305,-0.2476664002552287,1.9733739000291097
-0.8137983545024404,-0.2421429850378261,1.9872758175395757
-0.8025213767662529,-0.2367707366286206,2.0298699647602727
-0.7912656743350523,-0.23180752025328,1.9445722254675049
-0.775478451991743,-0.22783580811646995,1.7497198498523268
-0.7627714906331928,-0.22835586346362108,1.388133151126066
-0.7510541960486778,-0.23074644602048663,1.3386030074912834
-0.7386047857496361,-0.23340616264556083,1.3379376973759578
-0.7230680367974331,-0.23654071783804922,1.390217415574869
-0.7093180565037802,-0.24024604091454277,1.2588113141493644
-0.6984910874716961,-0.24446323176575133,1.137702472043903
-0.6863602571901248,-0.2505361176422856,1.159484350065046
-0.677623440676305,-0.2546032391981694,1.0730940685453392
-0.6694136669416257,-0.2599838660302846,1.0075588944719458
-0.6603449085539865,-0.26453640352041907,1.1175164604999461
-0.6490604812904442,-0.2709401489453571,1.0274177883223654
-0.6380357657065867,-0.27650826801334205,1.1017094362469542
-0.628060220130124,-0.28246808150946784,0.9825247233271384
-0.6166276503729865,-0.29009449317352726,0.9648925973369277
-0.6071444357800633,-0.29887727902072536,0.7638068925714452
-0.5986745455037852,-0.30913435032385833,0.689148386819139
-0.5913236157781285,-0.3176108175400868,0.7358065649145745
-0.5830990348983226,-0.3258296369044585,0.8033617600832503
-0.5758873436926685,-0.33371942443603225,0.7340554925242274
-0.5669037477828299,-0.3438626358575858,0.721281375496891
-0.5569716596283671,-0.3527235043197468,0.9114324904151067
-0.545474901790137,-0.3606457320140307,0.9626856027572063
-0.5376202230789026,-0.3672305225868475,0.805713152347575
-0.5306029130590446,-0.37382287570619704,0.7802031757820088
-0.5201951542075303,-0.3828963506558413,0.8607142668206481
-0.5131425506562419,-0.3904830339574657,0.6517351438426499
-0.505195931297381,-0.40180294883445206,0.5387950494090695
-0.4977224563206699,-0.4138886199671423,0.5576360681010124
-0.4912945019808175,-0.4244399957576708,0.5851898243673369
-0.4837078444622815,-0.4365670635934062,0.5593958703984157
-0.4774336901899681,-0.44594569588627403,0.6734828046616422
-0.47071212893101066,-0.4568474806273165,0.5196714409515167
-0.4630239770155018,-0.4674124272616596,0.7240228599757509
-0.45284179260397306,-0.48004601769653943,0.6210205990184349
-0.44599366073146357,-0.4887331043542135,0.7245986641239497
-0.43758659826637475,-0.4990708266065222,0.6984261567205924
-0.42895079168329897,-0.5077187214483426,0.8926023036432476
-0.41878493849621384,-0.5167368026625193,0.8087458700846024
-0.412707670311077,-0.5249997814232351,0.6002539874106717
-0.4067218189439502,-0.5321043542379396,0.7128704032661919
-0.3980479133444992,-0.5410840602482144,0.7291384108731349
-0.3899405927736173,-0.551156712739811,0.7356933266867139
-0.3815884478571004,-0.5613013666817421,0.6341877839580511
-0.37177606876641284,-0.5748323122874825,0.6576606970318197
-0.3645869745150211,-0.5817502297976546,0.8152728175487617
-0.3562700804519672,-0.5906503449887623,0.7352533457501925
-0.34929567630709724,-0.5994191481662986,0.629679188065563
-0.34295686640276507,-0.6116762144128046,0.3313598896517067
-0.3378677735407372,-0.6248411359274477,0.40683478855015676
-0.3398901473604997,-0.6419106981133779,-0.44972193067452126
-0.3503700819302857,-0.6535277155458118,-0.9237512585548376
-0.36486386162977197,-0.6596826378698597,-1.3652772984141779
-0.3787403948851433,-0.6653141821933839,-1.030226507357153
-0.3868790745773752,-0.6746018137285545,-0.582636943237559
-0.3965292535236665,-0.6870903473253855,-0.7175419163737727
-0.40746579499946856,-0.6987120001737803,-0.7883018041383285
-0.4193244702684018,-0.7065164524280059,-1.0985683518644045
-0.4293743534666655,-0.7144306937132993,-0.7936363197293645
-0.4399107178917232,-0.723620048469324,-0.9141797291818519
-0.4470943912943465,-0.7306666342114716,-0.740426409189091
-0.4596415158237726,-0.7403851338531655,-1.0146001812923529
-0.4715826800348142,-0.7477960847855408,-0.9876543409074694
-0.4851303653716902,-0.7565487010326883,-0.9568136713408125
-0.49620955504686043,-0.7638538084439087,-0.9785464491904525
-0.5114912168423006,-0.7638983754629952,-1.878935474255464
-0.5232338643342608,-0.7583165098392924,-2.076813527434695
-0.5326352382657197,-0.752290580680691,-2.2196703633899513
-0.5414484683008551,-0.7452336506950272,-2.187618747910319
-0.5506347519717851,-0.7375027437683302,-2.3728412496541234
-0.5593140524807441,-0.7259914942125291,-2.5754840612899925
-0.5684121426603699,-0.7149169032572898,-2.2884666622782994
-0.5785865806239119,-0.7076046481190644,-2.1118202186904327
-0.5898717412827258,-0.7006598943716577,-2.120233194206152
-0.6032208718004315,-0.6933540073633071,-2.026823930081187
-0.6154944301852072,-0.6872239148194028,-2.006267161378143
-0.6264121739485558,-0.6813201620494159,-2.096477720505764
-0.6398128907602193,-0.6736222766020105,-2.0680769775493704
-0.6490319677121207,-0.6681236009662413,-2.2090932295660015
-0.6584847139815064,-0.6588443571098752,-2.4267602084860944
-0.6676658668275522,-0.6474201454863665,-2.490619173983149
-0.6766551167472585,-0.6349162204539323,-2.48620516014573
-0.6841042798241577,-0.6260030887137561,-2.4613356250561242
-0.6930981997026439,-0.615562170408759,-2.4203860005286524
-0.702715081071947,-0.6039923905386766,-2.469991519712181
-0.7114982233427279,-0.5923681758617737,-2.523997578400144
-0.721611632817437,-0.5791444408305315,-2.5631811468385033
-0.726381418866243,-0.5712561695324154,-2.5458317453062085
-0.7328924256473107,-0.561743351476101,-2.484547832328871
-0.7414208131147694,-0.5522784629663171,-2.3874370158091374
-0.7515325955346941,-0.5425228304764064,-2.294455971152656
-0.7576574734136842,-0.5363367038448983,-2.4188808742400285
-0.7666817612706995,-0.5267583733433208,-2.348876070020999
-0.7775505034998127,-0.5167747814968205,-2.2926483704541982
-0.7887803485984678,-0.5065777318654597,-2.339499443253607
-0.7970277675142734,-0.5000058022691375,-2.2510904705397157
-0.8056003870899179,-0.4906861887969828,-2.449144582157084
-0.8148753461688192,-0.4803082880887245,-2.4098520207099177
-0.8221224800480645,-0.47165365632366535,-2.5155783631752304
-0.831122027244378,-0.46038570480636104,-2.421812511193578
-0.8370033044191841,-0.45210078287663047,-2.6319106811487125
-0.8441097688529668,-0.44084430934701546,-2.504641635558987
-0.8525674400959359,-0.4281915983005475,-2.5875291495924126
-0.858824723328693,-0.41849537665105957,-2.4915441956186575
-0.867923194936417,-0.40798768207683156,-2.3956268649590085
-0.8753665773102856,-0.39787716979244764,-2.5469030040811793
-0.884123283118193,-0.38657664112746637,-2.432720651566139
-0.8932138128878717,-0.3762242722242489,-2.433716321095751
-0.9036590886427394,-0.36368684540768415,-2.466966421469263
-0.913535208753904,-0.35249401261398766,-2.392598963944219
-0.9236712112054168,-0.342014796412636,-2.346854592429822
-0.9336239788239603,-0.33290366738975186,-2.3562907978413206
-0.9423034097669877,-0.32521442806289763,-2.242974560413461
-0.9508536486041994,-0.3172641566156336,-2.3756890111285625
-0.9611025403299943,-0.3081328616377329,-2.304541402697159
-0.9687162609186296,-0.30146218129003516,-2.3543598688265295
-0.9779724116021209,-0.2925054018031927,-2.335661370802383
-0.9891593601538915,-0.28036139394670656,-2.4364682478434796
-0.9981018918920703,-0.26933504391724167,-2.4345919882197498
-1.0087357417884615,-0.2572217195928856,-2.4319509207879473
-1.016963055412027,-0.24804246682987427,-2.416659954553467
-1.0258609920216577,-0.23583061464757504,-2.589065072723121
-1.032660513978557,-0.22346528555964779,-2.6630925537597565
-1.0380761431917729,-0.2111729883492303,-2.7642176982077453
-1.043717210806561,-0.19664499553590034,-2.7732588753441867
-1.0477578300167814,-0.18556660265745104,-2.8377925228147576
-1.053543357039449,-0.17305624146144435,-2.5768393598451
-1.0612939109142772,-0.16390133675650412,-2.4030958350900464
-1.0693448986482372,-0.15370926133447665,-2.474301369992611
-1.0790922717198812,-0.14241821978897867,-2.3560131195664296
-1.0886794416367986,-0.13190351026254596,-2.4146179516213446
-1.0959649816825703,-0.12163423918383792,-2.572283693937467
-1.1031611166651383,-0.10999032803556617,-2.567223900880826
-1.1108567434194274,-0.099075693756545,-2.4794558082087863
-1.1207126418049478,-0.08672717961359992,-2.477502700566965
-1.1300965043092748,-0.07567350975740052,-2.403376380878491
-1.1386992956252138,-0.06506143905649941,-2.5035176181337073
-1.1461363481968072,-0.05466904362050491,-2.5263534717240193
-1.1525161779500634,-0.04574835945202573,-2.495845924453087
-1.1593915962308663,-0.032511054011153354,-2.7977765751370023
-1.1640594513281146,-0.020455528427752973,-2.7578823250598057
-1.1708102689060977,-0.005591092140918849,-2.7321824238363193
-1.1763061632025567,0.005069680260468956,-2.6235033958474148
-1.1808026901136683,0.015348169293655603,-2.7610386736444887
-1.1864534824904085,0.028551903778966586,-2.6915301001507865
-1.1917516856009793,0.04118089574783332,-2.8046480179114357
-1.1968600322287473,0.053938836468279974,-2.7041376670414303
-1.2017941642044419,0.06559092189839777,-2.7684503345788007
-1.207065869544447,0.07812585385606965,-2.723097002128086
-1.21066926473173,0.0871729581033883,-2.7705087332905127
-1.2151661601113248,0.10017802891949457,-2.7862395426369395
-1.2199479614537905,0.11384739143326279,-2.7900515311529337
-1.225299079525061,0.12770473570214536,-2.750636669476067
-1.2299305852096425,0.1375671948341097,-2.649632946471013
-1.238091223252611,0.14919874686549775,-2.4896633537920514
-1.245253442138166,0.16077623019123377,-2.6274901311768257
-1.2521457036384178,0.17182818471529032,-2.543455521008823
-1.2574977164482803,0.18062280683686135,-2.6646985139861985
-1.2631217094642124,0.19147388362359602,-2.655645366159294
-1.2686650431453974,0.2019097114573314,-2.708518056024226
-1.2740915304954574,0.211764495808674,-2.5969278134958262
-1.2809717731941734,0.22415980180722023,-2.6558044656671256
-1.2878029909556923,0.24024744019594924,-2.7940683246266342
-1.2939296126795152,0.2522044385233774,-2.629161512537214
-1.3012470748564873,0.26226028804321994,-2.470799344054103
-1.3094926977961838,0.27268927349632543,-2.446485873511811
-1.3193247965010073,0.28465381043533117,-2.4576888616411545
-1.3264379233262145,0.29610949414684523,-2.653780764636106
-1.3326210354923775,0.3080889874272443,-2.647646478437497
-1.3384959479436418,0.3206941912150062,-2.669337620350825
-1.344917038312116,0.3338636952910395,-2.657321470910968
-1.350033896377517,0.34387876655055505,-2.643375492283365
-1.356277547169364,0.3561027269791711,-2.6907481216622973
-1.3632734193708826,0.3672025019328013,-2.554331172640699
-1.3706192162969253,0.37614778505420676,-2.3993896080710106
-1.3786641446416434,0.384906906199698,-2.365423093891902
-1.3870866085545808,0.39532090293214495,-2.523940330940321
-1.3933685677014083,0.4082950117913238,-2.8138115816160263
-1.3983691687140163,0.41877100806251155,-2.5881176135813497
