0.5559709800002223,1.4908052053914955,1.5661059444385264
0.5689571999212789,1.4907425446875402,1.574518995347524
0.5822638442967063,1.4908577153135647,1.589825872557698
0.5961959092924071,1.4908236098541099,1.552800949062795
0.6099605518744226,1.4905149747612512,1.5557682307637741
0.6223337712749517,1.4882846822403772,1.2514739679121738
0.6325985133687153,1.4844290237841622,1.1140943424068828
0.6433798706262982,1.4774411151773135,0.9575853594783647
0.6535739130289735,1.470536553712677,0.9433672712750738
0.6625634892471921,1.4610106903347022,0.6742688547957509
0.6687044415674409,1.4527256210731796,0.6801904942542875
0.6740063432514133,1.441603265575476,0.32773494916297463
0.6784808813188856,1.429770816714625,0.39990238851953
0.6838541309075783,1.4157479365763077,0.36221260822544304
0.688481090580898,1.405477860209616,0.4471434744744169
0.6939479609356157,1.3942732961888786,0.4554063421042258
0.6980804834551276,1.381875551888846,0.29392024588299126
0.705211271562275,1.3707686581743133,0.7438951400895999
0.7138379453786516,1.3629946300265878,0.8577076310596836
0.724485939920049,1.3554085064538188,0.9896919147156176
0.7351831835508971,1.347479879291173,0.8693827853422307
0.7482889217441399,1.337804116397534,0.9752861539034554
0.7575071587953806,1.3312509891336464,0.9326247846486233
0.7682140006869403,1.3244244372529528,1.0335636304941482
0.7786173436468519,1.3177283136637785,0.9525272790232938
0.7892982580641981,1.3110790759178697,1.0235188833422948
0.7988814499635131,1.3038105071864734,0.9278676636297958
0.810159172129449,1.296143303111997,1.0047277971120612
0.8208603078964177,1.2894310363993415,1.0338023595392727
0.8306157512511189,1.2844933180804836,1.1061762810524185
0.8437130076958675,1.278542422113572,1.0973904479966807
0.8556599225539231,1.271330228646711,0.991407231618315
0.8698041476636598,1.262755724626669,0.9568269008477922
0.8786676532788247,1.2558369917441559,0.9259240757778572
0.8915080907719471,1.2473855574529786,1.011138367238926
0.9017283324546626,1.2414007712379789,1.0288608128688113
0.9114449820907767,1.2362111256103332,1.100098047286225
0.9236451330879871,1.2310377388321232,1.162849374008814
0.9356401791000696,1.2243874887502664,1.0036400660530949
0.9461786210204539,1.217919104289402,1.0342691913166238
0.9593694147584451,1.211393737957579,1.039821291544944
0.9687310982569176,1.2050817576311559,0.9013180236921341
0.982711174054188,1.1947428163433,0.9091230864002988
0.9936504007313475,1.1867255384446183,0.9547421532930043
1.006273439031696,1.1800914187943223,1.1160768153079157
1.0182453076861373,1.1734856838216288,0.9966885220524011
1.0289339336650059,1.1662112642555436,0.9516791302762496
1.0366892396525795,1.1603684162142471,0.9003792694995556
1.0458391286710509,1.1533786721661214,0.9385354250760276
1.0572360984985905,1.1453758225099322,0.8960372744078274
1.0685986768413451,1.1344925156528851,0.7312034687597622
1.0771093440919486,1.1249395623691196,0.7204789823958195
1.084928913109642,1.1129999474764858,0.5143715233587938
1.0910401135318555,1.1001908924026709,0.42607529706143676
1.097126766068861,1.086251247298205,0.4283609207152276
1.1021717393819115,1.0745719028881842,0.4149786076150507
1.1078796108847455,1.067024490883279,0.6924694742658103
1.1148945357468372,1.0582217601943567,0.6892485923593833
1.121711189264058,1.0489024185122493,0.6559703042235568
1.1296446367212647,1.0382935759232252,0.6080110277832647
1.1380236875902323,1.0274444669895098,0.6869081016981926
1.1479001605976797,1.0152232480419385,0.6770252949981563
1.1545906339832372,1.0067788133647348,0.7129697648504626
1.1620717381170387,0.9984387405588333,0.7584435961366155
1.1710864842036504,0.9890304594909087,0.7442265935862792
1.1806600788649468,0.979211635935772,0.8148759618538152
1.1875385921429875,0.9733088069388839,0.8904951948487585
1.198154486881311,0.9643997027225439,0.8095242031706579
1.2073554682365364,0.9561234752179215,0.8024289654074501
1.219139041801556,0.9425243093851436,0.6734441008727226
1.2282688678857152,0.9327893974695809,0.8184591295171515
1.2381958707359026,0.9230386239570388,0.757195397164027
1.2486783047277294,0.912474660464271,0.761760992737401
1.2575194621041277,0.9024150085160327,0.6968839817832905
1.2653163850279645,0.8934060283998905,0.73423314081025
1.2752959834857387,0.8849989854560305,0.8832339516373149
1.2853718334757356,0.8742565223949833,0.6802057460960894
1.2934596656386455,0.8631834673435324,0.5749081242327542
1.2980831939220354,0.8544422479602896,0.4696688111516768
1.302326862813413,0.8464567120748209,0.47248409585779155
1.3050346395766048,0.8338910203688513,0.06786463645546041
1.3066796633873767,0.8204318961338158,0.1402315377092839
1.3077970574959434,0.8075310302972776,0.06569993377354427
1.2984400970733307,0.7916631512400677,-0.8969624301650546
1.2821588616787343,0.788801893959651,-1.6514764744259909
1.2696492801915318,0.7869780751979825,-1.2323814499273171
1.2562839273336488,0.7839705281344638,-1.4000679798215585
1.242914264863083,0.7822429901385639,-1.4670201607773707
1.230231001726005,0.7804927405515758,-1.434184121128832
1.2151705503429242,0.7779721855268876,-1.3903908483153506
1.200707815970414,0.7751179501865051,-1.3673771894702895
1.1868435206528063,0.7723232970887205,-1.3758026409534434
1.1730591460982736,0.7727937434878982,-1.7816670486356505
1.1587352862639513,0.7748488999854038,-1.6843765733678848
1.1468845254968958,0.7770753909249771,-1.8460823235975787
1.1368607636485524,0.7837566027991796,-2.2269227694177336
1.1284087199102801,0.7917981968057414,-2.3986380018694353
1.1206306995088764,0.801327660337651,-2.3887489015231154
1.1114003055406576,0.8104387518061623,-2.3562035514852195
1.1015486437515392,0.8212949385068502,-2.387753297337571
1.0938419467554692,0.8294561522199767,-2.403418427488303
1.0849380479704487,0.8371867408222213,-2.266420248652083
1.075662034892116,0.8440277060011853,-2.2118557580755662
1.06678976149884,0.849073712367471,-1.9549217927752385
1.0568239101546733,0.8523429260391605,-1.8912490566318538
1.0421603586000179,0.8584018440234125,-1.9675844515605867
1.0292385926339238,0.863287852671333,-1.9457744676916138
1.018401149618521,0.8675868527792312,-2.0013323430828653
1.0092166132248348,0.8711002493956185,-2.061487296640058
0.9955672298403948,0.8773489312742034,-1.9194628949066233
0.978306994502612,0.8842164681136019,-1.9354156268792098
0.965916383651556,0.8884763867384332,-1.906093458500092
0.9547740536633836,0.8924587841839546,-1.9962081085737953
0.94186266257249,0.8977072787768633,-1.877948282739122
0.9290263507029853,0.90301163818543,-2.0514116377863676
0.9164364276815233,0.9089392819869179,-1.9583867928419654
0.9044581169210525,0.9142048390179824,-1.9843978985096347
0.8921096278181179,0.9189739071925744,-1.9177831557421037
0.8808407100862355,0.9231103347418527,-1.9254469626483632
0.8693298135949581,0.9272265242740331,-1.9254525531432098
0.8567411233019998,0.9323562538681042,-1.9720313495789275
0.845621930763683,0.9398328379724394,-2.253098219827524
0.8351416895782376,0.9491690982550224,-2.3369252432474683
0.82787177996256,0.9560971534673598,-2.337475146139709
0.8194053095457533,0.9662984349710287,-2.5507404956602793
0.8119099730938847,0.9777941412124969,-2.559069042401194
0.8037394783133065,0.9909932452555422,-2.549090087001042
0.7941829662356644,1.0056028432984534,-2.529820360850281
0.7866204910412732,1.0145856615035282,-2.428481858153142
0.7779675933870045,1.0253559137910584,-2.4987985472472865
0.7689466563748862,1.0378412297253652,-2.4993070314689603
0.7611580719464854,1.046933846746221,-2.3395989986666987
0.7530380171694931,1.0555511581882158,-2.40578099216322
0.7438749581991868,1.0654822774143768,-2.3697758771096455
0.7359272731700996,1.0732825567599262,-2.346054211076893
0.7277300627269195,1.082489789240718,-2.4393625593798043
0.718439128543572,1.0938639682989464,-2.4406059005886434
0.7117876008321273,1.1048781609469778,-2.64312015699031
0.705660430016923,1.116396581746201,-2.6561758913176496
0.6997362597504712,1.1286613705882147,-2.668660663042392
0.691149993751844,1.1419431478919975,-2.5576910433431626
0.6839574500108817,1.1542512435018828,-2.568885171975108
0.6770532399424497,1.165616563217469,-2.577185970173473
0.6671491749153386,1.1794092970082313,-2.5005834305832053
0.6583991353552691,1.1916593021493085,-2.5560074616712725
0.6522117376574501,1.2016923485989863,-2.604822208057919
0.645662708929466,1.2127798992939218,-2.5847338489154628
0.6373513307982208,1.2254502673032412,-2.5130539553990476
0.6323070245346791,1.2343834332709687,-2.7449405233801465
0.6260241931973839,1.2481841579299935,-2.689702647941708
0.6211336005632919,1.2583718257870076,-2.7087653157508265
0.6179583283406873,1.268412202316684,-2.9022089330528758
0.6129315038498816,1.281875976976686,-2.7270995667551494
0.6083893991026442,1.2908800578583768,-2.6249759343143446
0.6020638359627734,1.3026724133401943,-2.6442851682374022
0.5961166210449134,1.312317352153951,-2.5868785309988267
0.5888400155106768,1.324240855576471,-2.6005485807981
0.5801251763944276,1.337827081135838,-2.5442329386401084
0.5730393433269249,1.3529212243002722,-2.7851024610262165
0.568726204860789,1.3654906995459244,-2.816630294250257
0.5646395886264456,1.3779975555452857,-2.8471043791768698
0.5601183661802093,1.3921336357610412,-2.8283351013904814
0.5557631957790868,1.4040939481353172,-2.770241883976472
0.5502647718518926,1.420561208451695,-2.860237663694144
0.5452861230373464,1.4334149891243033,-2.697824163717024
0.5391277192915578,1.4459769164903227,-2.6119056466436783
0.5335561187764896,1.4558556309030217,-2.6655052872309923
0.5273574167258261,1.4684512432076884,-2.6872593557999407
0.5223994091217938,1.4765042796417989,-2.4886586616867703
0.5156208504919788,1.488494496201384,-2.6149336331369106
0.5080863804597229,1.4979742949629409,-2.4330531914812523
0.500440825275643,1.5076997501736993,-2.496318862715083
0.49023363141615617,1.522286791864196,-2.608434303610978
0.4841908800597175,1.532511500912027,-2.6020194326432873
0.4779115329482772,1.5443294881258458,-2.666719785181954
0.47382286536805146,1.555564260394157,-2.8216959687428957
0.4687422489954853,1.5668686756418015,-2.6796468672660554
0.46148645102863567,1.5782278228343554,-2.5519279935764807
0.45389171876427215,1.5908564067323951,-2.6170066913810737
0.4478283523819348,1.604271736550011,-2.7249531793573545
0.4425187167475799,1.6171876287766542,-2.807958465086103
0.4366179249540774,1.6282445396319134,-2.5502027419068214
0.43109165251611775,1.6376706266453593,-2.6586580340317543
0.4244325566306943,1.6514292240900403,-2.699478447542516
0.41809833927422335,1.6649778133995312,-2.6607596570011647
0.41181900435560714,1.676964796896589,-2.6776204652013704
0.4066664987579477,1.688426034227101,-2.7408252223525333
0.4015087593043385,1.6988536861731904,-2.6399937471704007
0.396601713540311,1.7076663332384405,-2.638480882534265
0.3900877670636642,1.718588459761055,-2.5585415358267194
0.38351133361156536,1.7307663072887294,-2.6365970455746357
0.37813982248722044,1.7410912322058878,-2.6044469976873756
0.3697325026486382,1.7539243290823738,-2.551082402649689
0.3613907253373515,1.7655530855240484,-2.5013891154994314
0.35356535161106056,1.7768531416131028,-2.542503204125771
0.34592009640038623,1.7879819818285694,-2.5597220135381846
0.33831264710004627,1.7993729225132975,-2.5545827094338978
0.33211849174072094,1.809191120282763,-2.522477971234541
0.32606586345690397,1.8198771903953013,-2.73371713871349
0.3214364421217377,1.8310681855397277,-2.72204943038254
0.31480495236740624,1.8437046911957569,-2.6275045914603217
