0.6090657873222676,-0.8688044570982111,1.62710503583955
0.6215685676960239,-0.8679411531119406,1.6439002265609874
0.6352991631694794,-0.8671935225978069,1.6185818498668716
0.6492863769795421,-0.867136140758607,1.568290494641087
0.6633024361976225,-0.8673424779780473,1.549424328356779
0.6770804493713383,-0.8677097522267566,1.5500036444668854
0.6915928955312707,-0.8681219762633462,1.5286941922946484
0.7058612316878993,-0.8686772573675277,1.5363958979978554
0.7200239996776124,-0.8693208953368335,1.5196815723301076
0.7341544686316515,-0.869956509304537,1.5252755158182265
0.7480207599217962,-0.8706675511695674,1.5166046388453684
0.7593972626288911,-0.8727323342783939,1.2921360620205944
0.7695025010969981,-0.8757776686386364,1.2341684381339408
0.7807010106172547,-0.8794148823750011,1.2495859112096876
0.7917911032818912,-0.8831342276829763,1.2498462565047905
0.8075379515034797,-0.8898951551043502,1.0684139541895814
0.818773540647917,-0.8950250214747844,1.176992286721422
0.8304923690606649,-0.901549786085792,1.0150782575090838
0.8378901230325063,-0.908084820967471,0.741328154975635
0.8474503842249427,-0.917517741555308,0.8324608582351049
0.8584920408552512,-0.9282270570103287,0.7943864096166772
0.8687881243081461,-0.9382234254549859,0.8269924793393467
0.8797218677716433,-0.9493168508542615,0.8162899459319317
0.888485643466576,-0.9586510828895093,0.7726407532431679
0.8980114823950812,-0.9689261453812485,0.7132095488134597
0.9075567373054755,-0.9807543854125315,0.6779610548273898
0.9172627598478252,-0.9930422947675303,0.7158396804736783
0.9271227281489981,-1.0018125731234877,0.8718043116015296
0.9403248292391503,-1.013282144689511,0.9302897932039803
0.952475532037439,-1.0197888602895728,1.1852131384844575
0.9635251641264596,-1.0266906289022857,0.8575139416917172
0.9730444602571677,-1.0375587196140121,0.6646695284144808
0.9819415019711417,-1.0506423032049204,0.5474629267700435
0.9886978038483624,-1.061963275883168,0.49150767509424115
0.9951471324611341,-1.075867999519539,0.3861252702415356
0.998930176696604,-1.0895563537272044,0.16402448430986297
1.0004230630283066,-1.1009160712680874,0.10021523847895115
1.0024516020974525,-1.1129502875167658,0.21640619981797712
1.0059432636412529,-1.1267228694791849,0.25222246950899896
1.0086054181227255,-1.1389038698939464,0.22197833904142725
1.0115917072918534,-1.1521866079214502,0.2689587344824082
1.0155596444431032,-1.1667533022581416,0.2527018749897035
1.0212375785892145,-1.1792748705460239,0.48596908190754934
1.0278344178944108,-1.1908648836325202,0.6060664547707477
1.0358180968772224,-1.200605434626019,0.7354887172242659
1.0427394623007429,-1.2088758015174355,0.6979717779263178
1.0489347236346354,-1.217735437325173,0.5833346329224212
1.0549715127743788,-1.2282223836047925,0.5261356512420844
1.0609918285988267,-1.2360664388347045,0.7543966474627274
1.0719836201874409,-1.2482017735435094,0.672171711992945
1.083173439756111,-1.264611899349906,0.5108501021948219
1.0904229921653872,-1.2782719533956155,0.4995858888374754
1.09393852075355,-1.2945992292453206,0.008404446085586601
1.0963651688233567,-1.3066589423992248,0.38437623675992055
1.1006062733634225,-1.3176834129166157,0.3304530274769321
1.1053520030045534,-1.3316203365392636,0.31498269517177263
1.1016878746387848,-1.3484607746348043,-0.5198889292224125
1.088844459682954,-1.3548545967768073,-1.433103834494343
1.0714429822353524,-1.3515225447034611,-1.9754579937610468
1.056179884142921,-1.3540050748017392,-1.0489936651871672
1.0412974833812876,-1.357867609226411,-1.5513444487964863
1.0272916280280244,-1.3659021615611666,-0.7834609832642653
1.012754037087162,-1.369450986017596,-1.6868911427445203
0.9991794756082405,-1.3725824238345772,-1.164198935979847
0.9841280192291206,-1.374479449985269,-1.6395010401065329
0.9731932736917039,-1.371946012927753,-1.9333056211399924
0.9627489648021121,-1.3659915529843842,-2.148769925942108
0.9523780078103977,-1.3561624869930076,-2.4570645285412627
0.9465773441013166,-1.341732762051357,-2.9678889976306664
0.9471479361722882,-1.3282694182299615,2.897415068975674
0.944815762942742,-1.3127615748856991,-2.77027800145499
0.9405099596825787,-1.2994857976132679,-2.8571547247121982
0.9345598728077544,-1.2870737275673974,-2.5498615406742555
0.9285674764264287,-1.2744627895389005,-2.789403806915037
0.9233506002294313,-1.2634742124724794,-2.6206115207234273
0.9174199075212877,-1.2520597862385183,-2.7987290722138707
0.9136088514245118,-1.2427636182189536,-2.5993000110054965
0.9075067507658455,-1.2308088394117218,-2.7486834975012915
0.901502830082834,-1.2190604062694093,-2.5289851205752716
0.896107893176264,-1.207474369259356,-2.7988375895364026
0.8891968594806798,-1.1967395862643957,-2.43432595502098
0.8809344973349728,-1.1835375986138699,-2.72915744330882
0.874393130829359,-1.1738465911964324,-2.4861226791498585
0.8671207736671435,-1.1597507813628527,-2.838403128415047
0.862408229934256,-1.1480985849875556,-2.6151497832738224
0.8570062786197034,-1.136169411016642,-2.787822087744659
0.8501765330768639,-1.124803529246536,-2.499407728178846
0.8451710672393399,-1.1139796769246921,-2.766501232853532
0.8389546591213362,-1.102741490345928,-2.5059540356856487
0.8299436509874346,-1.089817074404208,-2.5523446931751947
0.821941214572613,-1.0809866471103706,-2.3013455316525926
0.8155641446421195,-1.0727531844342955,-2.5740297251378284
0.8081266051294921,-1.062458183303281,-2.4168382897763765
0.800117651669849,-1.0508272988483482,-2.628603089507805
0.7929070787553975,-1.0412221489558013,-2.3831548180148
0.7819546894203437,-1.028945081449782,-2.3600058498765852
0.7698832553308091,-1.018151843828012,-2.284745468390479
0.7613412664490707,-1.007828996319591,-2.5722191875570575
0.7529507519893952,-0.9966819174098213,-2.4194318155820254
0.7465869076722292,-0.9894438797818773,-2.4011193901899897
0.7376389942682235,-0.9801477804438464,-2.3265435722720507
0.7283090247120133,-0.9710865789782651,-2.370953498899588
0.7156296815064027,-0.9619480383740054,-2.1174006022553415
0.7029303020944743,-0.9541610393710594,-2.189768148206836
0.6925396586777695,-0.9472070532471394,-2.1807582836199404
0.6790455034380964,-0.9392332623188163,-2.0786463703774887
0.6674947353274078,-0.9328679189054988,-2.0614614977172487
0.6572067742349119,-0.927443419776375,-2.0673891781700613
0.6454140759701591,-0.9205868162706792,-2.0668622288513503
0.6348648589421256,-0.915727589429164,-2.0066742083254003
0.6225580479860251,-0.9100038383512181,-1.9973678398987647
0.612156432697932,-0.905000827752331,-1.9961070708460826
0.6041353369775543,-0.9014424311872945,-2.0221715789715105
0.5906316851816631,-0.8943010562659348,-2.064180034168483
0.5785311471242721,-0.8873667453027378,-2.0607874248827955
0.567555671980739,-0.8784915086704845,-2.361670349091864
0.5588681387808542,-0.8683524235413724,-2.515329940459017
0.5497649395366527,-0.8557688039593127,-2.498465263248932
0.5439973294946573,-0.8441857988444944,-2.744419638465938
0.5393718430082994,-0.8347325736811689,-2.5953663806066447
0.5315340004900491,-0.8224581868285883,-2.5114543151649644
0.5257513642513569,-0.8158324983308884,-2.275159970949093
0.5169984280178692,-0.8067281559121249,-2.4706645393374274
0.5089161031124549,-0.7978397086222822,-2.3551517592331237
0.500421641577812,-0.7874512843310089,-2.5061178570538405
0.49242873073192184,-0.7769994060761438,-2.4316719165196887
0.48511650193880584,-0.7658974111040194,-2.6730853057884745
0.4791140106645099,-0.7544191364475206,-2.6669901114678316
0.4738056585386388,-0.7427225859646729,-2.7388329283246065
0.46798829100152717,-0.7289937642497668,-2.7434429702099346
0.463054270147192,-0.7163755064164514,-2.7432265110976037
0.45722398983889634,-0.7027675445376899,-2.6880714969298465
0.45303191053576036,-0.6927819783120415,-2.7764384038842236
0.44566451330365897,-0.6833743710672318,-2.3051589286185328
0.43586001707178684,-0.6720093333803,-2.5178448106650593
0.4253903362243624,-0.6599154286706087,-2.3367951781600866
0.4148426464771581,-0.6495725469561424,-2.3452499848808004
0.4048142519671564,-0.6386064365097337,-2.4688728958630164
0.3977526403467189,-0.6279492448576092,-2.5614903050492024
0.38923838680972783,-0.6154934065423738,-2.554545931290219
0.38266665475265677,-0.6029982550145389,-2.707916555923796
0.37591868751143553,-0.5910030038526867,-2.626651485762647
0.3703616450536259,-0.578603095793721,-2.817548413445666
0.3643501477146504,-0.5660642005633506,-2.5922250204974353
0.3582812367364555,-0.5530270181507422,-2.7794816900708335
0.35263429762216636,-0.5406911183953262,-2.615839929217538
0.34736471765064203,-0.5280354755883653,-2.8072517964711827
0.343202758697055,-0.5180562418686631,-2.7014685992365144
0.3388022630242373,-0.5083995139333986,-2.768584515589405
0.3337105064418047,-0.49980635545996427,-2.537155718981588
0.3285473921724291,-0.4896540562800607,-2.760207935286433
0.32157421425814686,-0.4757838273423837,-2.631098481872101
0.31521744695511894,-0.4645114409416235,-2.631049279429331
0.31162055519480986,-0.4502245781303433,-3.0730844402176953
0.3084469179469772,-0.4387326800522014,-2.7479319355530274
0.30424060993469604,-0.425738470919887,-2.8543464287587064
0.3007829736790777,-0.41554019228957106,-2.879427528321438
0.2966851774366503,-0.4035407053106147,-2.786695561796281
0.29353888705845493,-0.393779905146055,-2.822961651231612
0.28924305050069377,-0.3838659086468523,-2.6500008739500434
0.2823274420375492,-0.3711424350309839,-2.6442565437722925
0.2742203988849614,-0.3612520829991838,-2.366507498935423
0.267880877529529,-0.3532880108040542,-2.528120432646077
0.25858514262529503,-0.3390528418008365,-2.5676049655831568
0.25166827681026904,-0.32819473395210697,-2.603357193900363
0.24456222460420401,-0.3159467687582519,-2.657177264601502
0.24082322591484392,-0.30636503049394276,-2.7891101412733943
0.23515109876188922,-0.29231798126957076,-2.731023539016312
0.2302846832640267,-0.2834932151618496,-2.6011188963345506
0.22414464886743535,-0.2710668461689797,-2.6942303780158636
0.21919677670516693,-0.25968696158585275,-2.7597417182219908
0.21311164422845585,-0.2502535045929817,-2.4597624335031663
0.20483497236288423,-0.24031188294873626,-2.4597912439181453
0.1952245723430704,-0.22856589540540528,-2.4482378593841276
0.19070579618097613,-0.21999177539933176,-2.7588342219574153
0.18705367492251704,-0.20952543112690428,-2.756333544186934
0.18025907615478395,-0.19552573291063527,-2.6292672631620126
0.1735654562048908,-0.18771749486989195,-2.2495449863759105
0.16290718414876826,-0.17828848753705714,-2.300921286764087
0.15555974662448055,-0.16644732734975695,-2.718403236436835
0.14909925398561058,-0.1533458131436786,-2.6250756782144586
0.14206701730470475,-0.14044824430225164,-2.6794676580913492
0.1378405444916771,-0.13361361033992278,-2.576587262130187
0.1320513733892891,-0.12147413122085246,-2.645850628998273
0.12453654427937201,-0.10848297678072723,-2.5131444593361936
0.11930544561672554,-0.09881700465961928,-2.702058667984355
0.11238123842692405,-0.08610180417455861,-2.582366971052621
0.10555227943316559,-0.0732899213558264,-2.6534720461563897
0.09745801839484934,-0.060390526877216744,-2.5429252799207425
0.09121172089187483,-0.04841529856922254,-2.7287102638183867
0.08406627930512656,-0.035517430626395605,-2.5909979939636756
0.07866971332634784,-0.022378381480627593,-2.805150302182144
0.07268946774214342,-0.008616918751835357,-2.709999824676378
0.06933252815439918,-0.0009249620812501001,-2.6861486880363885
0.06157786494690727,0.010279047371521409,-2.446333219305514
0.055006691459968914,0.021921284142236933,-2.697124660517547
0.05008382335590837,0.03197737130652724,-2.6188562569415046
0.04271601579391761,0.0433917067775351,-2.5608300691861197
0.037747397135599076,0.050964583984157506,-2.5925644465706834
0.03183071336568793,0.06205010740012827,-2.6546042822699185
0.025622430100399496,0.07009128788821112,-2.072094476194162
