-0.04350802275002718,0.08435739016729582,1.5765039845732658
-0.03213609745805739,0.08403241577888378,1.5282239639733195
-0.018107008530497643,0.08364716212944481,1.5568474744830312
-0.003383160132939619,0.08339645442004796,1.5551007795649763
0.009533262634115055,0.08294366842679761,1.5285741587140886
0.022801596735633395,0.08233432875586255,1.5240393328124728
0.0367162689066186,0.08154934215349646,1.5082628856006122
0.050520994260538805,0.08074174369221111,1.499349626371608
0.06489722412570251,0.07971312016600546,1.5063036306661322
0.0794457005004249,0.07880175912704648,1.4976552002153363
0.09357584530626754,0.07773334426634983,1.4727725023415383
0.10567186703794505,0.07617638446460025,1.4318900512248933
0.11880324540751064,0.07440972230814027,1.434983022517276
0.13201384894570714,0.07172606339638331,1.3066509339455077
0.14511704413452403,0.06755705860531111,1.2121053745540067
0.1588268952672253,0.06433541282867611,1.3914346313839214
0.17015495293593386,0.059380018228492495,1.023594238404119
0.18103351842126178,0.05234821684268588,1.0373626100966422
0.1940444212349711,0.044005251825475766,0.9796757155603697
0.20682139529648957,0.03519356914679531,0.9467488585713255
0.21746582535669695,0.027504160965844505,0.9317811006138699
0.228246925816591,0.018924335586681273,0.8652659728159374
0.2370537291897817,0.012067621606257314,0.9397454965014002
0.24665150490295504,0.004231843920854614,0.8190482400024455
0.25793483880949275,-0.004830609857630676,0.9894071579670493
0.26938204468571736,-0.009816700150462456,1.2347319718857617
0.2821137423585534,-0.012329847965043002,1.4393465887895946
0.29661100354684955,-0.013706877966794175,1.4749034712996414
0.31056402041215553,-0.01563552569019273,1.3921930341983486
0.3238762288777652,-0.018656391768690085,1.2976351717534607
0.33590576348749546,-0.022637436752776012,1.2476171299865955
0.3502109525799266,-0.02666486353097408,1.3392517273197275
0.3635981842517988,-0.032276462548728777,1.093311528506809
0.3733258743136973,-0.03879349060620961,0.9772561092466449
0.38210073364302904,-0.045895115878679046,0.8534948441843023
0.3941952191777052,-0.056471976340858765,0.8961240998963769
0.4039661361729086,-0.0651432590865671,0.7933395585294344
0.4136182199497147,-0.07458748439677965,0.8670262137318336
0.42487430511478713,-0.08358605877080154,0.9155464724384798
0.4339612904713009,-0.09107249391126303,0.8624371511913578
0.4423257870816268,-0.09991581752276285,0.6790715693561623
0.4526045306645982,-0.11550709504491029,0.5539509463050584
0.46119333429008263,-0.12754807043417454,0.693443378220079
0.47098443716108657,-0.1389108701649273,0.7424487711227553
0.47937735946395915,-0.15105608806265952,0.4915014653777129
0.484232931125591,-0.16446997383446807,0.280910072277256
0.4890650134040746,-0.1767697844564902,0.4640138833780568
0.4957988174374593,-0.19077598744853522,0.38868445815000924
0.4990616407310635,-0.2046149860830111,0.12601533743932256
0.5014909418242369,-0.21740290029993944,0.20225469175192712
0.5045490239271782,-0.23290038281113423,0.2034411934278399
0.5070711698795055,-0.248009334228267,0.2114664209105116
0.5091630410868943,-0.26027858940720816,0.21315122504313014
0.5126344898946587,-0.2719643064991695,0.2547858660796069
0.5155234762143073,-0.2827535402360102,0.3067523616327941
0.5207386070434338,-0.29453015495542945,0.46967466125255547
0.5262935519867973,-0.30601120491564476,0.4647091802752114
0.5313230830636877,-0.31775062943336996,0.40880541599349796
0.5375951443214149,-0.333667603729798,0.44799757558609066
0.5404114133712179,-0.34447420314609284,0.4778426682294821
0.5451170692106699,-0.3562722709049076,0.5195787597524846
0.5518773131449203,-0.3702237823085914,0.6141911525455066
0.5577677548567308,-0.3805973447088664,0.6832038127953014
0.5656634960528821,-0.3923112160912408,0.7409299404943329
0.5730796765001774,-0.4009240688647004,0.8674538281999535
0.5839447728765961,-0.41190093830703095,0.8840078178524741
0.5966383310672673,-0.4217134112802054,0.9263331969222183
0.6047926076488757,-0.43060662692900176,0.6991145728163825
0.6139461680074366,-0.4404986947102611,0.7962130160239437
0.6227694428862594,-0.449496326918851,0.7615430497875622
0.6257679618876105,-0.4646789100016852,-0.14873502793691576
0.6164462680124188,-0.4758686867679169,-1.0316043700873918
0.6030081862382826,-0.48037837286671464,-1.381198169880815
0.5890319364255945,-0.48170246205753653,-1.5138650600305075
0.5742543973564042,-0.4865065816804369,-1.0547087667178836
0.5635009319709178,-0.49223245865814164,-1.0951258461885298
0.5526365941334819,-0.4959613832094073,-1.33215570010243
0.5381411595715162,-0.499496904628253,-1.3231626480086187
0.5240632837796527,-0.4958350339676577,-2.0830832329060964
0.5169723164132866,-0.4853380672952396,-2.759532043631139
0.507196167308596,-0.4740537675470194,-2.2361531908108763
0.4950531032933403,-0.4649739357861773,-2.1934931654951795
0.4838310415276454,-0.4605622097347233,-1.7635524769031268
0.4694214547634022,-0.45906641665705794,-1.6354693702908376
0.45739688704989545,-0.4557422569749305,-1.9265696240593315
0.44196971553021946,-0.45343773480225935,-1.5118419184593697
0.4274418471489815,-0.44878095992476424,-2.1016778610458466
0.4148465850365523,-0.4361587964990101,-2.5074514774441106
0.4104878862035206,-0.42449257771300936,-2.9660384383002607
0.4047359417759687,-0.410736005757733,-2.5993989908855863
0.39881309128158343,-0.39789106237706284,-2.7830006896740747
0.3940501821328134,-0.3861796231117815,-2.6928691754348746
0.38459479837495636,-0.3761344103501345,-2.219346378048007
0.36693698448532597,-0.37212983106292624,-1.4982110557618498
0.35285605823359345,-0.37226051157798473,-1.6015814993147832
0.3396644676865898,-0.36845711808201637,-2.0442441782305627
0.3312145491448955,-0.3636778879884564,-2.0608103569365825
0.3182174466909768,-0.3584997727786094,-1.8679294282158034
0.3062626516112713,-0.35170666823897495,-2.2965803925901436
0.2978698673479997,-0.3447430882347414,-2.261485082017808
0.28690103481136875,-0.33701483546087424,-2.120286179113633
0.2789569731577559,-0.3317718792886406,-2.1481952437561045
0.26680711343460056,-0.32475480962080916,-2.102063176894723
0.25890651313677066,-0.3170190045308729,-2.4187075822929693
0.2520256399792791,-0.30580488906938436,-2.698383441556053
0.24479053412901494,-0.2928752510008235,-2.569303955826656
0.2384389757297938,-0.2822977830809493,-2.6074955166159084
0.22982720870843876,-0.2698252079578531,-2.4888918958366775
0.2198605574603027,-0.2556541216282959,-2.578015510859293
0.21196154381646792,-0.24633185722968262,-2.3736066229652475
0.20386017624377628,-0.23508493667798477,-2.5764289379063747
0.19726540022612363,-0.22434396749114388,-2.575059165774266
0.1913742026601458,-0.2112873214619518,-2.8072524411090813
0.18736370175428224,-0.20167829079721403,-2.612606943657853
0.18035852364002247,-0.1882688110867437,-2.658964766012215
0.17282852219376707,-0.17536562495458502,-2.577035054971039
0.1639158314329135,-0.1677684627038929,-2.1007353785747727
0.15108242383396606,-0.16245686662142989,-1.8107645712893976
0.13819048565212547,-0.15211941541470086,-2.485973644836991
0.13065191238305748,-0.14120139139527224,-2.5486830594862804
0.12616466580189833,-0.13110103663033654,-2.774707987973559
0.12071765542149013,-0.12109025556109815,-2.535964392108194
0.1149155496529402,-0.11140466784679702,-2.6104775378907092
0.1073382621619737,-0.09743428307970328,-2.5940176059082636
0.09958287698140231,-0.08394079635878392,-2.637799859481703
0.09222988435851426,-0.07113417726933997,-2.658674787918444
0.08764029232733321,-0.060784845912943454,-2.7631041014948243
0.08208829777429992,-0.047211411527899934,-2.7063633132767433
0.07533843007888337,-0.03589221965815291,-2.6346019957594815
0.06829979586792922,-0.023217933752760184,-2.6318464985972354
0.06309444866943757,-0.010458189926574836,-2.8045558354992135
0.05630349822719022,0.0018203688579690603,-2.532074345341427
0.04808477506466691,0.012421170425307491,-2.49133740238136
0.04150098531431876,0.019710470863417054,-2.3507829711050094
0.029996284912103665,0.02999265288574136,-2.291140684361256
0.021528825185407767,0.03762551253714946,-2.3356362461093974
0.013990062189319221,0.04622925819774121,-2.528745458392379
0.0019486336676654626,0.0565941565359848,-2.142648761434812
-0.008111382197829604,0.06507703554347301,-2.3830302787916735
-0.01802057729317774,0.07342782762265143,-2.1758993181271657
-0.02734894385110825,0.07884675938286821,-2.064445464072175
-0.04022446236235894,0.08486343261625673,-1.9965149674167246
-0.05331223485388628,0.09014952467834676,-1.9826874948871334
-0.06543841974705873,0.09543854916569611,-2.004644912621149
-0.07776074060290021,0.10525682174105924,-2.4273399137199982
-0.08543967046593254,0.11552104148126162,-2.5230916128616165
-0.09389462100255488,0.12779518342573823,-2.5623771169945764
-0.1040978348337157,0.1381836296406953,-2.235749651326955
-0.11404958983689714,0.14595836476741486,-2.226613917002659
-0.1257123207560588,0.15511941143857788,-2.230569968209263
-0.1356576387756948,0.16447887168517208,-2.409158535846407
-0.14293589218232525,0.17453100111540118,-2.6117738254587164
-0.14906505816194904,0.18888900286900695,-2.8140446220745217
-0.15384251836871385,0.20188898070842298,-2.745481899052282
-0.1599908008351248,0.21343753693818898,-2.621151371346442
-0.16673685389585088,0.22439290416343616,-2.4882860082221265
-0.17328701860575893,0.2337670298681624,-2.5388156253415333
-0.18130155502795817,0.24583870205461114,-2.5591560995097393
-0.1871132940128966,0.25680930930223195,-2.6678671067256268
-0.19245446446496187,0.2694126896854544,-2.7561270114204306
-0.1991937402038651,0.28326098963243446,-2.670798773769544
-0.2055233570909962,0.29451308508020607,-2.5981755692705617
-0.21345124446893746,0.3067453022053853,-2.526200312160836
-0.22015204188509258,0.31769386667786953,-2.671871465608466
-0.22769314509159366,0.32879943921130306,-2.450483793073693
-0.23583318272011855,0.3414336438774219,-2.6964507487462424
-0.24194095831793266,0.3519823705985689,-2.527225081442193
-0.24904614503045394,0.36332899565612653,-2.6533764892864777
-0.25364906447870067,0.37476778251331117,-2.745025213352776
-0.25818158750571546,0.38831918685874606,-2.866245568900194
-0.2638625500840193,0.3991552829176116,-2.5504006110659807
-0.26972420218911847,0.40846874653244447,-2.5985209175039894
-0.2755508042473716,0.42136167221800197,-2.758806901216239
-0.28015443559851794,0.4343378203058524,-2.810308800347498
-0.2859784541515941,0.44735641446017677,-2.6200118182473586
-0.29324460052453366,0.46079009815100963,-2.607408977274259
-0.3021759938382478,0.47364611942233836,-2.438130544867929
-0.31013619008066684,0.4849424705074782,-2.5699405696223114
-0.317582263015637,0.4962984632208852,-2.5649548600481635
-0.323135922769082,0.5038306922490621,-2.4572461191890786
-0.3308599159441431,0.5124018856336903,-2.3935301972011147
-0.34009411524053,0.5227825128090047,-2.3918753115164004
-0.3492770981674749,0.5334998573434259,-2.487647645852303
-0.35597145455622264,0.5447903328998702,-2.681134148246702
-0.36265096240589006,0.5555180093358449,-2.5246537718726683
-0.36787264082923216,0.5663393226846001,-2.8628641188140818
-0.3738326755354532,0.5785611795970805,-2.5558849534347785
-0.3805226694526977,0.5916732703567843,-2.7585994586855715
-0.3861154077681695,0.6040784055083585,-2.6404197501912154
-0.39232811483003954,0.6149079845414611,-2.591300844071384
-0.39997901110361067,0.6279047579164572,-2.549383661406036
-0.40668426354720216,0.6411109461436366,-2.6904311897914766
-0.41474251725896455,0.6536586428924348,-2.529579508196565
-0.41970225505253855,0.663159951740558,-2.712902821417708
-0.4249123969315215,0.6772817900678287,-2.8023126360734754
-0.4277720513778965,0.6925742682639023,-3.0769513436274463
-0.431113243098241,0.7059235943477138,-2.7359825696706355
-0.4351912797200202,0.7196358246250851,-2.9320367586368463
-0.4382920360071292,0.7319712147569757,-2.9048214464126367
-0.44195459377881374,0.7411058603433767,-2.7520752136640803
-0.4476145068728202,0.754893282679029,-2.692104197329914
