0.8941394424233096,-0.1353074345203017,1.5681830111736597
0.907797532194393,-0.13535100818277218,1.5644145558156939
0.9210214855640754,-0.1377905074377122,1.2390274400371952
0.9343944634208705,-0.1424787235425113,1.230822941645212
0.9497156624707832,-0.14757452337354443,1.2828909254334186
0.9643295879348546,-0.15104352618822342,1.3353160026859796
0.9780035250853228,-0.15420102018971266,1.3476980716155718
0.9931617828525648,-0.15736421314771387,1.2954811011512823
1.0053556696079513,-0.1609101890649836,1.2211823089452312
1.0197049539074745,-0.1656086190507532,1.2570080624601951
1.033170175395457,-0.1693486418125144,1.303255330251896
1.0457238089261243,-0.17226249658705411,1.3169406416160576
1.0585031146876012,-0.1759323257462801,1.2684003656592093
1.0701632081963455,-0.1793399816426166,1.329692329861927
1.0825502584714197,-0.18262170743596148,1.3062518493932347
1.097061632879942,-0.1910356893024859,0.9014177274638844
1.1076182136496804,-0.20162407993660525,0.7426419197044745
1.1171703821842418,-0.21241875480013725,0.782198801116226
1.1247225479443472,-0.22244481964878463,0.5668532856756415
1.1345859425928515,-0.23580965241087626,0.6380039899129216
1.1427194026530052,-0.2469792214111705,0.6628671828759946
1.1487655338570808,-0.25597325085914385,0.5092136294570679
1.1552848188503297,-0.26796310058099915,0.4488159939260929
1.15965915895101,-0.28314331480734023,0.17286711828237725
1.162802724792924,-0.2953104047028824,0.36082324222658874
1.1674178849102017,-0.3052406157115181,0.4881114972098436
1.1730205332559478,-0.31460019996161886,0.5691447356471452
1.1826065762172548,-0.3229925891267402,0.9607406757613064
1.1930826463760424,-0.33209386240520133,0.8017366260897465
1.2031527160795865,-0.34007205699952,0.9795088230469527
1.2123463679603363,-0.34428023888025294,1.2177344959254766
1.2256208735614733,-0.3507902290492873,1.0676941836875513
1.2329782689807804,-0.3559707005824559,0.8696530099655296
1.2436787628717183,-0.3644097389315356,0.9437325110653437
1.2560608717568174,-0.37360569709626046,0.9257812443835473
1.263595658488315,-0.37905270519006223,0.9342158526671099
1.2746717279987676,-0.3871123275022153,0.8943188211396578
1.2828968857344434,-0.394893027665709,0.850836493867897
1.2908393723914267,-0.4023081751126787,0.7864149563265364
1.2996441615690528,-0.41137193867338345,0.7664996760516672
1.3041923539882174,-0.41724778174040145,0.6310888920401576
1.312376705335201,-0.42682567722018055,0.7514282151504738
1.3206534308743794,-0.43419486691729897,0.8673978036823118
1.323825482151089,-0.43902426187608823,0.8170042719491711
1.324635430760998,-0.4443110183019367,0.6961453692915601
1.325197801648367,-0.44950556610384423,0.7371633959492535
1.3282071775346915,-0.4565772474422647,0.3935707348976406
1.3297882876184677,-0.46611080730835364,0.05003375469348287
1.3286534796335225,-0.47795993062657793,-0.17104056550593316
1.3261846840209024,-0.49138290538047685,-0.1265341877983059
1.3238184540757232,-0.50366479297207,-0.16601332220470696
1.321287796629447,-0.5164380833759697,-0.15870928187320307
1.318678698244722,-0.5282448009931969,-0.16374395054569071
1.315960765978343,-0.5407513031203015,-0.19643218561763834
1.313518194140198,-0.5517967505277455,-0.21708528949595343
1.3095493838059338,-0.5646032803223131,-0.26156255891197244
1.3052357530877385,-0.5779428056958053,-0.23335084636352507
1.3012684711237446,-0.589087172378607,-0.20694797938056972
1.297949415495549,-0.5997732650286406,-0.22080677998273845
1.2931397320734086,-0.6133663030565059,-0.20244176854148163
1.2887673718907318,-0.6253903231628676,-0.3133931987847584
1.2827140207510936,-0.639562315921488,-0.4042435969106747
1.2768591113319487,-0.6532551743957443,-0.43123220111692184
1.2715541486440451,-0.6656799625525479,-0.24383185008355193
1.2666699497476686,-0.6764882826700527,-0.4897886090628524
1.2588528876225014,-0.6832425794682307,-1.0997762412943255
1.2499134096052744,-0.6851997681352675,-1.2854388954977063
1.2298548573851533,-0.6854510851268697,-1.6207418405779213
1.2159121608076042,-0.681112305280056,-2.1055131312878816
1.204042593555637,-0.6774470990962548,-1.7057210244138932
1.1927040706053598,-0.6741553668176737,-1.9536151728875824
1.1815103364323996,-0.6644318974958862,-2.491907469539909
1.1744029005060808,-0.653046386400045,-2.6249958303735883
1.1690551246498952,-0.6420588609719649,-2.7123443487619077
1.163123659629764,-0.62894216836884,-2.6671233937385797
1.159381277400337,-0.6179469133105118,-2.8267490407691476
1.1566913013357676,-0.603617926939474,-3.055043742535879
1.1583809257652211,-0.5909431091190711,2.8806065464986474
1.1596989375221527,-0.5790799565630935,-3.131289385379089
1.1541305717168284,-0.5658645501028697,-2.480653487782552
1.1397564233161188,-0.5571324292059859,-1.835810246881882
1.1274279501531974,-0.5523250986032382,-1.9548935014742501
1.1174378537082905,-0.546821209888341,-2.149078104523295
1.1076488130966948,-0.5403270952095305,-2.1874150991231582
1.0982567602375577,-0.5323738875008024,-2.293279996036629
1.089635959936634,-0.5234499752114363,-2.420405567042149
1.0812751670788314,-0.5145901510188347,-2.3689317605045765
1.0740827479108905,-0.5054230489581205,-2.536149320562399
1.0624826173582471,-0.4959131519587702,-2.077597236922006
1.0508227796734861,-0.48823297012081796,-2.193368996607472
1.0392295104817832,-0.48249224872194596,-1.952224523013714
1.025818237523442,-0.4769197442908768,-2.0037344266618953
1.0141143980797827,-0.47041567899485964,-2.1261996866194846
1.002223289965964,-0.4618656292119608,-2.2717431203346905
0.9927601372965399,-0.45343377324334094,-2.298426429837664
0.9838802698646566,-0.445801792431475,-2.287393172506461
0.9752040086930954,-0.4379722783007597,-2.2985068273968894
0.9636474227934236,-0.4279606151334076,-2.286563196223049
0.9546046941137126,-0.4200561824099907,-2.2825737799025347
0.9467552965142385,-0.4115433464816508,-2.439602335945463
0.9384399502915706,-0.40219175235045673,-2.364686493044324
0.9329782206405196,-0.3886252156111345,-3.051002255361143
0.9327841166829134,-0.3749396727743631,3.1042106376555902
0.9325337407818154,-0.36156969249564797,-3.096206901708236
0.931501680972415,-0.3481729046752379,-3.048442989552186
0.9286684611926689,-0.3354471534867184,-2.785943000841023
0.9201887272384813,-0.3236836972136629,-2.3134155723745593
0.911142503960807,-0.3175371665934926,-2.122039089423775
0.9023549354504177,-0.31002896473687247,-2.3569595286323093
0.8925796551153474,-0.2993558274655639,-2.4467459090045587
0.885905963238981,-0.29171515089277034,-2.3898014771314062
0.8772049515194615,-0.2799667890505864,-2.523028785442421
0.8695539064488298,-0.27008616313076916,-2.5230022230456033
0.8613406120695696,-0.254797269266573,-2.7342423041990003
0.8543008274695926,-0.24406345387130515,-2.4243360476300153
0.8469590011448639,-0.2318640432018436,-2.6961633059371657
0.8407590838784229,-0.22010187142373183,-2.583029996934099
0.8343106752379015,-0.20755012984030297,-2.672131208106728
0.8287980015307287,-0.20062365875797614,-2.3565522441174607
0.8202500430646799,-0.18856600536694845,-2.728422216637483
0.8143313520423554,-0.17785039163082458,-2.5309147363690156
0.8079077080353683,-0.16595406661481538,-2.6789950113774315
0.8021399127533541,-0.15779962697678215,-2.4182950261094454
0.7936201017137765,-0.14749085135114054,-2.4980948211767102
0.7842151126108503,-0.13347214672909427,-2.5876336125451003
0.7763622751051072,-0.12162930529775771,-2.51131382933554
0.7687781940937481,-0.11189315158132233,-2.504268015592505
0.7598498203877538,-0.10030234582605997,-2.474715072801752
0.7534861996257012,-0.09150950132209928,-2.5743468564285394
0.746132037831746,-0.08088594057897663,-2.5251978942968263
0.740556449636786,-0.07038512993077761,-2.768780347313934
0.7385572986492722,-0.057148387893806364,-3.1216486687815457
0.7358327901924251,-0.043984365553305094,-2.810898266712362
0.7310902408501198,-0.03603305651799449,-2.569065275763572
0.7252283523707914,-0.026872146123150895,-2.577105659024109
0.7168612324233062,-0.014897795996432615,-2.5691410903446954
0.710483607833909,-0.004917303196266907,-2.547159818627906
0.7031664968632523,0.006605624152192627,-2.6091749947341776
0.6958646190709684,0.016813037601070703,-2.4170083806297704
0.6893316368651807,0.03215356097717392,-2.9580243986868604
0.6836415484930588,0.045598398096282244,-2.568292264664419
0.6797736753731075,0.05487592697781338,-2.8242566286590702
0.6753167340326156,0.06857056992501873,-2.8485086102073955
0.6711463435864796,0.0820577308275233,-2.8243790489357363
0.6683840334514421,0.09577285634422883,-2.968001201670833
0.6686313956692002,0.10894575552951816,3.008208768959055
0.671938065624806,0.12205869611115681,2.827457867146229
0.6765656866744494,0.13698591630596127,2.82077566691017
0.6791086388016239,0.14926630809161312,2.9980738887001226
0.6805307769770546,0.16197251690754222,3.0820026712502466
0.6791224583139996,0.17521656622595563,-2.922699293881188
0.6719902839674852,0.1868233884347185,-2.395553251595827
0.6643032938006612,0.19814280895652622,-2.7340864689877735
0.6600546020369211,0.21120465671597285,-2.877668288537459
0.6600140363099518,0.22413845488753112,2.957793978584681
0.6633494445493051,0.23778836449793883,2.887155408621176
0.6595504555911851,0.25192772298878024,-2.4942781978838426
0.6550785811206802,0.26461530514727954,-2.956647627058567
0.6512401350950681,0.2760025367252273,-2.7292086705677767
0.6465332276579787,0.29002355193477,-2.8059943601302497
0.6426711848443281,0.2999999835052353,-2.7454623719251625
0.6374566026744554,0.31111181228075396,-2.6759006171485527
0.6333080829664209,0.3250373335539457,-2.995452254508204
0.6309466867774344,0.33692786932687696,-2.9323132887468475
0.6259293101251197,0.3501465338030021,-2.713499638716591
0.6188905237043538,0.3623648890502682,-2.500029607236878
0.6112989432060534,0.374858385522479,-2.665561375860982
0.6045211307804643,0.3862294616022027,-2.520358549315892
0.5988930134166608,0.3956676681970389,-2.6420246562129654
0.5916749764106761,0.4060113860566978,-2.490937230686007
0.5843578094032034,0.41200957785916004,-2.2827587649581456
0.5743430776315871,0.42177165563641983,-2.3416208889224275
0.5659900722882603,0.4283892441301533,-2.175850269894791
0.5545327246486734,0.4384801659979239,-2.3854187652945176
0.5486384002095814,0.4491657226327604,-2.7496904605251906
0.541672867394204,0.46057414363938415,-2.488620589919354
0.5340121074882602,0.4707407486759139,-2.467528458077537
0.5271887351197393,0.4787459558932888,-2.4220249926623505
0.5188916202514543,0.4879622326148997,-2.392014366437895
0.5104245609521258,0.49779470151724897,-2.4513667903246015
0.504127282025431,0.5109320051280603,-2.857670766307697
0.5002886342767668,0.5228868220253794,-2.7153680729832916
0.4939543437005672,0.5358414647070604,-2.6566931144975765
0.4875691547381809,0.5507267266260072,-2.74873073865075
0.48182399539682175,0.5623833583591049,-2.5338171526395334
0.47362389597831056,0.5735247503390131,-2.4757724165953454
0.46769271872419305,0.5809172870629998,-2.430420416268407
0.46219176144930946,0.5873336950865824,-2.3755504666588614
0.4555697457913746,0.5966960168483868,-2.5493603419196926
0.4481754958421093,0.6078236645586312,-2.5794374834676503
0.43977340894004563,0.6202227782226809,-2.5191122426787773
0.43044013494875044,0.6326630251467836,-2.473738142761934
0.4213639857990968,0.64267106701348,-2.384884009613808
0.41255214647963995,0.6505949844652477,-2.229934869424945
0.4054591494575209,0.6584328171445266,-2.4899131309197173
0.39844044766160663,0.6711734745431385,-2.683053489996899
0.39120487475484966,0.6840653366386019,-2.5881284128421402
0.3858041498728267,0.6926722003400441,-2.590488554655289
0.37879072171288913,0.7037239342779577,-2.5902768869256407
0.3743347426139832,0.718635327232431,-3.0161069908962235
0.3705111464137558,0.7319379708591938,-2.788153472896698
