0.8097333982013549,-1.4315229285340931,1.6203015652813375
0.8230606420952024,-1.430835783648964,1.6150324552345496
0.8363547781720384,-1.4300994501524498,1.6325897527247717
0.8498700038569307,-1.429270906605475,1.635113916896856
0.8637879357448709,-1.4281950644454742,1.649516158032754
0.8770131692961889,-1.4275290504322047,1.5995447402988427
0.8910620076742203,-1.427023785167822,1.6087917920932733
0.9054255976384572,-1.4260308676854885,1.6594717502698209
0.9202634389726904,-1.4249541379072757,1.6413790660203815
0.9345356499454709,-1.4235605932441617,1.7004628507642874
0.9478982553126036,-1.4229964820924559,1.58606609888808
0.9619022468283646,-1.4231302868692601,1.5491832187081984
0.9758618653238877,-1.4236618629266102,1.5211534310932995
0.9903206448963138,-1.4243546754220813,1.5187529420467079
1.0047827018675672,-1.425200671777877,1.5018940118040938
1.0186290254020358,-1.4260689597157632,1.5162896303885858
1.0322464503269433,-1.4270259884301946,1.4975847639471473
1.04441015869391,-1.4318055627774513,1.0622866856729207
1.058253517329066,-1.4400851749199994,0.9674823561556231
1.068733212200618,-1.4477235335374017,0.9060904685372768
1.0800232551127835,-1.4550300470234034,1.0826667611547582
1.092057743052747,-1.4611390898990266,1.126676453844107
1.10139776299965,-1.4671714448969464,0.9635640834928989
1.1133135291565264,-1.474578404393146,1.0556208098473627
1.1260120944633887,-1.48164749303564,1.054598994557623
1.1359784761288756,-1.4882854205833296,0.9236231598376428
1.1474077236625426,-1.495767549106682,1.0390809641953864
1.1563041169696529,-1.5019502622945842,0.8688747662137332
1.1681797415451771,-1.5107611324770942,0.9479244906919061
1.1790092866279656,-1.5170321094621473,1.1270660538950033
1.190473152529692,-1.5234947435652766,0.9515269100015646
1.2037803494925512,-1.5346145520280954,0.8161611158724822
1.2122582401408006,-1.542138285840708,0.860999968899376
1.224002423057058,-1.5528636000516396,0.797127163952733
1.2322469820950153,-1.5616257302051428,0.755204434838116
1.240431768248084,-1.5702632440355975,0.7665838391668741
1.2476380420984596,-1.580312307072177,0.5321054557713792
1.252613263225305,-1.5927727600334167,0.27749248891356404
1.2545510817071768,-1.603549453283583,0.1560416736616423
1.256999323047297,-1.616701493814389,0.20147078110160568
1.2596258245189427,-1.6281205932228864,0.2470651131816251
1.263702966720522,-1.643444442875661,0.2805386849149225
1.2670516092286983,-1.6562142084655358,0.252769839911706
1.27237465591914,-1.6720392299688362,0.3808663901040975
1.2781292559309472,-1.6840945833368075,0.487577096149749
1.2839765718703153,-1.6941966034830085,0.6335986237405612
1.2911569900432087,-1.7069852852998633,0.45894623363242437
1.298061155574228,-1.720899716569672,0.4383765278568217
1.3018795278945132,-1.734447747255643,0.16539543247751468
1.3025831225600275,-1.74770446400857,-0.013767719401895728
1.300134476166718,-1.761006719736709,-0.32887314530680556
1.2956069267906178,-1.7714048698377083,-0.4146775290923828
1.2753465492128897,-1.7839631443519994,-1.4484565207430267
1.2520529683059474,-1.7744343791715969,-2.359885565394319
1.2448220140162993,-1.7606180490488057,-2.874148438782453
1.2355867433565237,-1.7450491857383408,-2.395310066593475
1.2272953854582447,-1.7274713601178027,-2.8669779160419067
1.2167177339853301,-1.7085017738761112,-2.3587137353211616
1.2083020144977477,-1.6941708807802276,-2.8202088173558777
1.2015732275714688,-1.685276032549857,-2.298420012247052
1.1954656007115831,-1.6703949747898228,-2.8663876625834295
1.186197116585569,-1.6532414913477094,-2.4761879637630337
1.1782668948051223,-1.6367262758806398,-2.8612430073094735
1.170655466370419,-1.622403565240073,-2.442319142407723
1.1624613261259993,-1.6044392656397757,-2.9049231783493816
1.1534366843008466,-1.5880070901030587,-2.38932844154085
1.1451534951781157,-1.5708480318548472,-2.894675551750624
1.1357886901411356,-1.5524229779008722,-2.468978329749007
1.127509188464231,-1.5354915857614388,-2.886111384072062
1.1183081659933847,-1.520080497040523,-2.3461612109335226
1.1098052646700942,-1.5032801983425743,-2.9938807932768428
1.101521816854178,-1.4861997933655924,-2.432357130196274
1.094536008934037,-1.4685005084735545,-3.0057461586652425
1.0863282473932034,-1.4512644654444873,-2.467117625748387
1.0778974366741882,-1.4338328850672797,-2.858664337137929
1.0677251946301276,-1.4173141845643467,-2.35532597786287
1.05811882840201,-1.3997816225249868,-2.8390690284471622
1.0486677034223062,-1.3831040752547308,-2.4658123344188763
1.0391519842821957,-1.3647628957058988,-2.822339576952135
1.0294181386554346,-1.349974854113339,-2.338969813824839
1.0188725373487553,-1.3316290883524384,-2.8107856454574542
1.0086050514148381,-1.316060848772978,-2.3553761130813515
1.00047940553299,-1.3008274626545733,-2.9085126288866907
0.990909648595571,-1.2847855327245126,-2.401358109482595
0.9827174277524218,-1.2682303942810305,-2.8912238828784123
0.9723567338077137,-1.2524042801325947,-2.3743190791908875
0.9634468797599072,-1.2365735959931465,-2.844880074069042
0.9534788541333606,-1.2197321366946448,-2.3937320717707755
0.9471156002421225,-1.2054666581989275,-2.8948714592279683
0.9380026427013011,-1.1891958577435084,-2.391374160772336
0.9284982600081444,-1.1699830381909262,-2.882546590859035
0.9192197053162336,-1.154604995096741,-2.400419280713094
0.9087031558074007,-1.1350044619550177,-2.9196923008383955
0.8997017712364125,-1.1188072106752545,-2.434058728646853
0.8908324616028598,-1.1057428030936804,-2.7328309108751005
0.8807485436946506,-1.0913836256421519,-2.3963759648192187
0.8718846161336132,-1.0740777717304542,-2.9603284788509976
0.8619783633904364,-1.0548541101804998,-2.4667107282571896
0.8542193398964079,-1.037746567303712,-2.920100499571716
0.8446579551695537,-1.0207315991424952,-2.4358441438496232
0.8370590872700061,-1.0045056793626255,-2.8898714050677583
0.8270929108184945,-0.9872895694400793,-2.397379601446415
0.8198056183691138,-0.9708196233164109,-2.884180073171245
0.8113603574894701,-0.9553542210992707,-2.3589934103022876
0.8008228141689302,-0.9379900248844504,-2.827952119652173
0.7889304003816024,-0.9228869917574447,-2.2358461935466662
0.7795249812580559,-0.90863321090246,-2.7713595457352267
0.7708387939407662,-0.8963896920385458,-2.3849605291595846
0.7618193563809861,-0.8806126054168398,-2.8722604652838912
0.751414850344777,-0.8650301608975983,-2.322258879079156
0.7419027600866839,-0.8464118594894694,-2.9433603767975614
0.7316839483781279,-0.8277322639341013,-2.4979977839004426
0.7211679359489755,-0.8152362534773605,-2.7098693882166374
0.708345124703974,-0.8031647821130545,-2.3198750195349915
0.6984556917335432,-0.7896033742265587,-2.782191907784344
0.6871046584138021,-0.7745429975255022,-2.5267381490617633
0.6806767879493958,-0.7574683630546921,-2.971355067827417
0.6713099214301763,-0.7395714315524539,-2.4080822114190266
0.6613894812722042,-0.7206485271548335,-2.833095292410551
0.6512635292476954,-0.7035332768366436,-2.3877252122867647
0.6404004551110165,-0.6855404744807061,-2.7820888252013622
0.6304101330187387,-0.6688654117223038,-2.4116360393941108
0.6234194721259115,-0.6514788696818634,-2.997812906425014
0.6143750293591062,-0.6317012520472925,-2.4990504807631804
0.6071087222942753,-0.6120152710037893,-2.9904146672541447
0.5998013875397028,-0.5970186685963933,-2.501121525058388
0.592419649863097,-0.5774469364760536,-3.0003799924283236
0.5835965361060788,-0.5609457418119452,-2.412772146499821
0.5748229858972569,-0.5403360007780315,-2.9593921155572027
0.5667377110265185,-0.5241299128478348,-2.4085647610488943
0.5558193721253952,-0.5018822725364301,-2.908381874002081
0.5467771566799122,-0.4865068863159487,-2.3929547629546666
0.538160656823401,-0.4702916894985376,-2.849762134296119
0.5301765132660468,-0.45677519565119085,-2.4096436795402623
0.5219393512316018,-0.44143694556392843,-2.8530228916086595
0.511881897318653,-0.42351062876423473,-2.4398857065709287
0.5041392979854767,-0.40390876246885826,-3.0228448692490693
0.49702918711282673,-0.38840609955154914,-2.4673022575136163
0.4895220622436867,-0.3707900588349181,-2.995445416097025
0.4815304334142028,-0.3526802445244784,-2.504097339030062
0.4748523056595045,-0.3345697606147096,-3.0233820994698997
0.46604508652909815,-0.31503869337731305,-2.5056511513834687
0.4595433765798105,-0.2977181494298145,-2.997745356132305
0.4513860713000366,-0.28270135727162465,-2.411674573667407
0.4447647599145549,-0.2660878749371053,-2.9588379789317205
0.435741652988155,-0.2480183201505575,-2.461477396963796
0.4277828053692858,-0.23128449104441762,-2.9151360758378373
0.41781248852817443,-0.2131448600577697,-2.412234488767135
0.4089723648613878,-0.19592900074671601,-2.900916899697116
0.39884677599985535,-0.17826136566177336,-2.407110143021445
0.39050093401879105,-0.16040745910626233,-2.903215127714007
0.38066518867141946,-0.14237066907741222,-2.46454599566623
0.3730394640590923,-0.1243981449804408,-2.943866148491239
0.36473802592582855,-0.10891733061615262,-2.3990124481336914
0.3550147011591711,-0.09208816907506526,-2.8392723685664394
0.3462437860380787,-0.07714279050518051,-2.4163409018449293
0.33673303575405,-0.056254847364000236,-2.9496668975599962
0.32834470401984267,-0.03902856952389925,-2.5318671802286663
0.3205124773544701,-0.019950285882217676,-2.896205341082517
0.3135479748656932,-0.005967161233768317,-2.5312984248430443
0.3059911301875414,0.015683048962612852,-2.993317794676871
0.2975804112226979,0.03283741735127777,-2.384920504861636
0.2891038039549701,0.04917090844068623,-2.844825402421783
0.2787068431256219,0.06689315052498786,-2.377675579978229
0.27072773193689603,0.08197832079323755,-2.8935935080866564
0.26168654079536574,0.09918807275034465,-2.4844262420315673
0.25336122004317324,0.11916650033310361,-2.923464091702574
0.24503262104986437,0.13530482551608525,-2.436868456714616
0.23611041973470542,0.15321075029130352,-2.87647957919074
0.2276811875598001,0.16836177590577753,-2.437487328747917
0.22000532660969732,0.1865245369418504,-2.9555721659407945
0.2113152989042605,0.20406600654315415,-2.466196035300763
0.20326135543333723,0.22085560978462299,-2.893573031651701
0.19416830011377795,0.23615493451894057,-2.4077139540288663
0.18505843456031365,0.2543108123482849,-2.9001693334033685
0.17476263091015004,0.2738231358938927,-2.459147336345777
0.166516686224014,0.2902937320584311,-2.8760190075107652
0.1564712360259937,0.30709545827498713,-2.4284053679994253
0.14821686708665738,0.3263569961668932,-2.9747079386725757
0.13996771280841927,0.34384630323093107,-2.5186759761244977
0.13211246118606096,0.3604656978879887,-2.862942634612457
0.12354261484301035,0.37726036546379016,-2.4372136950485346
0.11564669537664031,0.393786275585428,-2.9414961569377285
0.10752928725999691,0.4107028306328678,-2.4395277624949694
0.09928637051603195,0.4288571980176261,-2.9597414366224006
0.09003933509382206,0.446943405582493,-2.3966637148261722
0.07980141251112458,0.46469577008161395,-2.8080833969615733
0.0700427124188478,0.47827544542492556,-2.328561722535765
0.05951806365662839,0.4960411285200935,-2.850531914280373
0.05151332010113785,0.5108661524623691,-2.456537111720734
0.044232582557354294,0.5270324749694323,-2.929728694428062
0.03694102557696596,0.5442721336153651,-2.529888630941921
0.0297459345463272,0.5610662484000264,-2.9174346601679932
0.019350829758821932,0.5798152852119952,-2.4043737697173766
0.011170061645415324,0.59662383267704,-2.9174619999553837
0.0025930804581084797,0.6132562799169664,-2.442543830271487
-0.004033636073844832,0.6297431365179866,-2.9121234827399802
-0.015630602301194816,0.6468935285391694,-2.2307309414761898
-0.026071312376002385,0.6606688869642651,-2.742466841090062
-0.03765702179994865,0.6734517426526566,-2.2068961274892875
-0.04792934438761229,0.6865053228184856,-2.706313988949533
