0.3193111868935057,-1.6050884343670808,1.5661256477681404
0.3322203051031456,-1.605198415819368,1.5575783336333655
0.3465259325700508,-1.6057022946888455,1.5179249370074903
0.3606083187009491,-1.6063422945618269,1.5418508555764345
0.374704307623256,-1.6070092658364272,1.5149931352340265
0.38835245615253494,-1.60766335214545,1.5171044243465204
0.40300836547733165,-1.6083633898518115,1.5189931608225007
0.4174354010591042,-1.6089523049512278,1.5276175871134665
0.43207540614907286,-1.6098507825169102,1.485510662355447
0.4455142634051031,-1.6111769875428856,1.4499629218174128
0.4605928815990743,-1.6132779670099227,1.4358127344013638
0.47333482466778715,-1.6143418081421719,1.4351784820644085
0.48654998103796854,-1.6154324404946585,1.5131107686001406
0.49908677763052234,-1.6161055822019548,1.5061604439798613
0.5129896381078934,-1.6169556460295438,1.5069539625272521
0.5255748453068271,-1.617792613712294,1.5033214299792144
0.5398388378874444,-1.6208086159907813,1.2499665292250566
0.5520544566724014,-1.6259404805803073,1.1241765084442963
0.566148753082312,-1.6316306709526798,1.2039822524667416
0.5786768331971739,-1.6362580150547257,1.2295020547982272
0.5931712921333134,-1.6411744636435197,1.2106899527006318
0.6058686131010845,-1.6450021051641803,1.3245863454723852
0.617846477288928,-1.6492873488782982,1.1208912680217844
0.6289205744829264,-1.6540122119119367,1.1686427078574861
0.6380563698011684,-1.6592796296566925,1.0174329445043464
0.6516179423281624,-1.668613631648878,0.9419485774581111
0.6620129351932282,-1.676626499834837,0.8998102125304484
0.673656433963718,-1.6849919863140335,0.9764520334842883
0.6824558461838536,-1.69150893292676,0.9198536853813645
0.6935408358097738,-1.6990225998736845,0.988617553276426
0.705579751128192,-1.7060252816148498,1.0487733535281663
0.7143736427720352,-1.711115500480876,0.9685540018960218
0.7265126025337943,-1.720470191729221,0.8808093871391777
0.7379257818832313,-1.7276413810534066,1.0298155592675726
0.7494492742058155,-1.7354802570517474,0.9742557402268022
0.7590152514678845,-1.7436878595055472,0.8420296123509237
0.7690794937578176,-1.75295316196897,0.7853729281862727
0.7764577132700964,-1.7610573764977895,0.7318025043431718
0.7840299067093125,-1.7688452850268377,0.7921129759054639
0.7924719341740623,-1.778293607171001,0.7164929226559777
0.8023079156998504,-1.7890937082518168,0.7691762162131761
0.8111941737416261,-1.7997732166243046,0.6324082653985112
0.8191750836413432,-1.8102299825230876,0.6981661395856888
0.8267003899821442,-1.8191814034819447,0.7176985988053654
0.8354951534966196,-1.8290384114713687,0.728409244438659
0.8429901010921373,-1.839247697529165,0.5640629338715138
0.8493095677400988,-1.8479586280448905,0.6776565252594678
0.8584885803137217,-1.8598375647014471,0.6782770468987414
0.8661124821918125,-1.8665126415494373,0.903038589587249
0.8754091261420942,-1.8746884794188823,0.8501109078996563
0.8832395329119159,-1.8843247843747806,0.6198282569008944
0.8887821607725227,-1.893968324565394,0.4784091061143667
0.8951059486407541,-1.906424304170672,0.46863431349350965
0.9004868579917459,-1.9156376240525492,0.5174476756825689
0.9066022494225832,-1.9261605595112699,0.5542270974025003
0.9131097184174437,-1.93702303137037,0.5505917688413902
0.9185103361782617,-1.950245828661817,0.31048326559290707
0.9236434693077301,-1.9645707665375978,0.38184719833486486
0.930083888233019,-1.974639417573059,0.7008710134558277
0.9314179042049126,-1.9888158173640154,-0.24620846318529668
0.9281629039438914,-2.0022029754319473,-0.2119109308739125
0.9223794402214316,-2.012039521865881,-0.7044890355436112
0.9097202862568149,-2.0192581766683353,-1.3095822220868465
0.8962811966810934,-2.0204635527380153,-1.607799624679097
0.8859016831667547,-2.0185236353181044,-1.8946539478363562
0.8729820095976584,-2.011903773613039,-2.1144532550271538
0.8619846904593389,-2.0061470787276856,-2.0944977832196785
0.8501506313305156,-1.9992953620023983,-2.087560878534414
0.8386959519818334,-1.9944436542137371,-1.9492795618678038
0.8245147334901297,-1.9923661580532628,-1.5628616792899162
0.8106435289447966,-1.9907689152835293,-1.8117310097787305
0.7986774004470487,-1.9846760121587883,-2.215980035245069
0.7899140261434944,-1.9736944448378004,-2.685770748903517
0.7839442684063406,-1.9635491825398406,-2.527256435570603
0.776928300163285,-1.954284306913296,-2.471218428735496
0.769754470885368,-1.945410824669877,-2.4355670874406203
0.7589701173646696,-1.9331390258745356,-2.417086478739824
0.7490253909665787,-1.921775275603649,-2.441168164576878
0.7439782682470193,-1.9117643558608401,-2.791563688616756
0.7383645183080215,-1.8997522839899346,-2.655269737728638
0.7298966284585789,-1.8900331257526946,-2.302578083731653
0.720442638105554,-1.8809009360025901,-2.3587585570203506
0.7120631527555217,-1.8728424922056066,-2.3001768112562337
0.7031946097262233,-1.864009294646266,-2.411921374211196
0.6905111644595762,-1.857875489473618,-1.8035717943103062
0.6778524476545913,-1.8569608017641863,-1.5468550115751794
0.6647397314808654,-1.8555879700222788,-1.747797165848323
0.6511687922416781,-1.8552751863636963,-1.4792991315154875
0.6373304856343059,-1.8567133227521595,-1.4652340375685917
0.623464302581298,-1.8585770121122855,-1.4121470318351195
0.6091069462950855,-1.860859936184065,-1.375822690176548
0.5957590481143159,-1.8636535096691975,-1.3631353659790644
0.5823532731597537,-1.8667312612272864,-1.315869222146603
0.5675423459768859,-1.8702586841273712,-1.3907659904516538
0.5545814131141834,-1.8731027728141536,-1.369673286682188
0.5421332499639553,-1.87574236594901,-1.3281115249743711
0.5273165844415613,-1.8748819480633179,-1.8211362532370123
0.514684949880049,-1.8707656350286292,-1.9271571290730987
0.5029610417403783,-1.8637733355005335,-2.182908072013779
0.49280342830149565,-1.8565555590688743,-2.1894648192381188
0.47946779324055855,-1.845180206946496,-2.3630678346685716
0.46916381476599284,-1.8340135791438472,-2.4197393521707005
0.4599745700477284,-1.8239768728607262,-2.401864009198808
0.45035762299223125,-1.81337218060308,-2.345970700139177
0.43929719695104696,-1.8052614260498374,-2.120853808428131
0.4267345407159508,-1.7974124326557634,-2.163088001920018
0.4166487911918951,-1.7898148892168344,-2.250356302119153
0.40351901191200273,-1.7785643427986082,-2.2914094329624692
0.39739829455438375,-1.7707095230246084,-2.463557349115042
0.38949040029677906,-1.7618244453460856,-2.354652058446705
0.38210651995409867,-1.7533612165399282,-2.4244029975590733
0.3735775985440466,-1.7443419299599603,-2.3854223910732246
0.36479236152359185,-1.7339478205961265,-2.460836952563779
0.3564345354873137,-1.722298200832406,-2.569344286229106
0.3502368882382009,-1.7123275678986856,-2.5548859702671756
0.3425760300405995,-1.699584849629296,-2.6166832449314783
0.3350044470574013,-1.684680868357316,-2.692633322894829
0.32888247938865434,-1.6732888265761114,-2.6257017101086513
0.3220534883444274,-1.6621064464085542,-2.565331584611855
0.3149388468578016,-1.651434783489725,-2.5302944717891322
0.30762627727173886,-1.6403449402059433,-2.5648049198291107
0.29948350188817296,-1.6288270645122398,-2.5103162422176806
0.29119302778810374,-1.61753277702465,-2.5118535982074675
0.28443465725554756,-1.6102267079711752,-2.3507550882330386
0.2736552973851273,-1.5990420619746921,-2.380644410322375
0.26451029570894763,-1.5877679835724186,-2.495619664258487
0.25591238186406756,-1.5762226321833797,-2.518660592429129
0.24827691246394273,-1.566486726307385,-2.4592883701445696
0.23716511495543002,-1.554282383873359,-2.367308711501484
0.22824817035409062,-1.5456142588815796,-2.2945849458282224
0.21838648180280731,-1.5372921146867442,-2.2691204520404864
0.2085415370938638,-1.5278974761822786,-2.3779427626342478
0.1964854286757148,-1.51506155888192,-2.374082777964531
0.18600162116149357,-1.5043257028806551,-2.374212059140962
0.17617107794187595,-1.4931663810535916,-2.433918987600009
0.16926035973086653,-1.4847197601469355,-2.508831759579721
0.16145480365150783,-1.4735224050943807,-2.558597648248657
0.15315520836432764,-1.46060360847899,-2.5686695765656857
0.1471987804290756,-1.4520792202031676,-2.5308856535244724
0.14100836040512754,-1.4429114898201698,-2.583248168164219
0.13258450902777924,-1.4328145591867305,-2.3711179096792403
0.1225885114028962,-1.4229206733248212,-2.353603564058305
0.11667961194361579,-1.4151257777060426,-2.530028937985593
0.1071511548781991,-1.4035650967868114,-2.4428258682616177
0.09869003344222137,-1.3922801200701502,-2.575794608920371
0.09105964076249158,-1.3801040725256226,-2.595518309752197
0.08360442310032644,-1.3685228692282263,-2.547660579373106
0.07558914565530066,-1.3564541035178674,-2.533650182951899
0.06898235027798864,-1.3461185216727956,-2.642288288435031
0.06219735092215562,-1.3328490823676367,-2.6988076443761626
0.0565007056446027,-1.3218373201476463,-2.692966302941655
0.05180776679021199,-1.3113244000333415,-2.752150524325436
0.047039336388238394,-1.300187813290495,-2.69673206055704
0.04007877399701898,-1.2864313473159867,-2.6857671752915744
0.03335501537292916,-1.2741700442533657,-2.584467240563379
0.026514233085035192,-1.263223398050395,-2.511278296257246
0.020628090043178195,-1.2548171692889254,-2.574143955305895
0.014277211500400963,-1.2419913031503034,-2.685554885321452
0.009722640607113081,-1.2291502078100027,-2.809479186729348
0.00538609061349382,-1.2205585686870712,-2.664625627981433
-0.0013124194560144593,-1.2081071116985755,-2.5941952045848073
-0.0055950185660282245,-1.2022399476270613,-2.482507974628025
-0.01640589301352343,-1.190109096989577,-2.4525297148390686
-0.02487425729669653,-1.1796281884024298,-2.4578881527114134
-0.03439452808868495,-1.1672886111741163,-2.5247641944801114
-0.04307145892754338,-1.1552439502825445,-2.5290789845743866
-0.051231382905578646,-1.1429315362782655,-2.572187630704307
-0.05868775313999761,-1.1307586932898832,-2.610157002100226
-0.06641921224473413,-1.1186878784003893,-2.5514348209284186
-0.07304722776764033,-1.1084885050988822,-2.5589776663150485
-0.08095233868130848,-1.0969599576642488,-2.5710460268063593
-0.0898474736161055,-1.084954260950571,-2.4730950378612726
-0.09652196828645156,-1.0759352719955266,-2.5305917992237537
-0.10506947993105278,-1.0633171347228723,-2.519660982325685
-0.11488213401251475,-1.0492553005846357,-2.5552796717688286
-0.1221608916754238,-1.0370286548219858,-2.6041666032530233
-0.1298869029230079,-1.0248848008663078,-2.567451436864116
-0.13498839489065034,-1.0151447056976874,-2.6776229088091457
-0.14039525828721894,-1.001316464557843,-2.786373488729883
-0.14465038184497897,-0.991931878951361,-2.7068893482662886
-0.1499271364586704,-0.9808186514087869,-2.7052251534376706
-0.15564618818823672,-0.9670373210143524,-2.740162809194283
-0.1621159002624028,-0.9543337246835096,-2.621560303820724
-0.1691389559193488,-0.9419024697271375,-2.678877607998752
-0.17576897875249908,-0.9289817277828876,-2.6269643219107945
-0.18356401829607166,-0.915861828567805,-2.6149023432442653
-0.18971255809902232,-0.9040520075949432,-2.725094555264046
-0.1962015403034996,-0.8926091727111598,-2.6380817853645855
-0.20317436632911937,-0.8800698935588278,-2.649202921753346
-0.2111678797810927,-0.8672496597181868,-2.550753845255609
-0.21930540037198554,-0.8544806922196226,-2.5840413414764694
-0.22510325574480936,-0.8427269452581992,-2.751344521965749
-0.23199139893107792,-0.8297213354386967,-2.583780092990711
-0.24002569857158754,-0.8183972407828153,-2.4939326384162377
-0.2477797132851829,-0.8068418177224291,-2.5255139654222516
-0.2549066416870971,-0.7972100553270769,-2.468406135122223
-0.26192035234189925,-0.7864216940364603,-2.554499340383265
-0.26897756512698506,-0.7745027016537667,-2.644346764445659
-0.27596549191970926,-0.7616490658175369,-2.625351590502359
-0.28300149578645034,-0.747718297017336,-2.6474581392053684
-0.29139755603482564,-0.7338556352113376,-2.5831780082330447
