0.40785494129013894,-0.30982221123063586,1.5656185586413744
0.4209698051616015,-0.30991415055439414,1.5605376820210317
0.43488804506486545,-0.3101384428390834,1.5307096141416119
0.44868801540576425,-0.310394268508783,1.5636190778584667
0.4619896927276143,-0.31072631805873896,1.5489124889110757
0.47472853293014544,-0.311133200682039,1.5517781986226402
0.4892881004925633,-0.3116156491977582,1.538819809108805
0.502994505410156,-0.31209696021285155,1.549298869618133
0.5174728633256098,-0.31267493554063264,1.523061765465415
0.5311297053895986,-0.31353177139140775,1.488062368412412
0.5452601169225996,-0.3149042679782409,1.4778870613757351
0.5589017795331906,-0.316511057035976,1.4412267919555892
0.5732973258992382,-0.3180634339640548,1.4640707428618849
0.5849613196307769,-0.3210132075265598,1.2241450696846599
0.5981398681594535,-0.3259815845377874,1.2152986381412678
0.6055864129687261,-0.3308059871834683,0.9002167922108218
0.6151245849079394,-0.33673444865897767,1.0975080270684086
0.6278745338626341,-0.343242459373888,1.0679874399849985
0.6361346082731357,-0.34907637839851835,0.9047130153270355
0.6476888220640585,-0.35752118519662945,0.9542245404357875
0.6598174178376309,-0.36563745085386556,0.9676922967352988
0.6694654145181498,-0.3724649077526421,0.9543836991403232
0.680855958000402,-0.3802129956792015,0.9687724042287739
0.6925214686227997,-0.3880415344156634,0.9667671239625233
0.7038115191164666,-0.39665531517522234,0.8992910161395656
0.7175622385212987,-0.4048234944653897,1.095793580100203
0.7307139165101723,-0.41151449398235235,1.060571004772265
0.7437545663643006,-0.41774523772988614,1.1521375924437682
0.7561966828292442,-0.42298862534639253,1.2052645900585772
0.7708537006705655,-0.4276354943526311,1.2985760306962078
0.783163933079775,-0.43413321903048735,0.8898215082756659
0.793460045652686,-0.4442586092644796,0.6982098229407733
0.8025552373114103,-0.45442452166704983,0.775706449367921
0.8131509068466881,-0.463905432358899,0.8703143951901386
0.8240585958808405,-0.4727107833978858,0.8584261101871804
0.8329661586580054,-0.4788894110968628,1.007807295675679
0.8430577149766482,-0.48472549309174895,1.0523728648356434
0.8554345697281315,-0.4915206366454188,1.0291418663685183
0.8687746179847907,-0.501304337060314,0.8244045690178989
0.8768064373653314,-0.5099590824349172,0.7582506737294593
0.8878092388081407,-0.5214325664160097,0.814684874814835
0.8980534494903468,-0.5316815995714703,0.7402866425586347
0.907953237954877,-0.5425431610544647,0.7113044645072345
0.9132250833145534,-0.5526970496835565,0.34066700365450403
0.9187384612858528,-0.5652127343394595,0.48811378077260564
0.9246086322945885,-0.5763513608712088,0.47442680764932205
0.9270857979719059,-0.5869914953489833,0.1793125743978768
0.9280541826237182,-0.6010590314950163,0.0037318924284427905
0.9272393134867836,-0.6150534704874409,-0.10375593702948038
0.9253346120473911,-0.6292277024448631,-0.16088474933275201
0.9231674155805721,-0.6424826159261121,-0.18470808375308806
0.9191267504907912,-0.6561914272035739,-0.3973817882527448
0.9154684451095488,-0.6661515552533098,-0.3789209026378729
0.9152130027562096,-0.6794714445756634,0.15670424683617498
0.9191928286556352,-0.6891127661156795,0.530544805803957
0.9234768091450265,-0.6992141104193187,0.3221916871951345
0.9263370872910142,-0.7101972801832416,0.20933466439276582
0.9291194016645787,-0.7245657901418523,0.200067757945743
0.9320063176188276,-0.7373617874319655,0.25164270048859405
0.9365752727276537,-0.7513956102979634,0.29559109602788497
0.9378848807584355,-0.765110157426646,-0.11550731225557885
0.9327754535827318,-0.7783027719795259,-0.5734201959502254
0.9248606139295189,-0.7906372308036715,-0.5519535934626885
0.910650987920337,-0.7989897057204344,-1.2994316653306388
0.8933412780122714,-0.7980400090373428,-1.86101318922921
0.8807777810886969,-0.7950574212931866,-1.7589284047078577
0.8682923875704254,-0.7901638088109132,-2.024622334796989
0.8562224237146113,-0.787553939867001,-1.6043182247505667
0.8438829143025949,-0.7894551767869623,-1.2875413028175569
0.8277854155012976,-0.7864236914046546,-2.024854874711204
0.8173055100922488,-0.7714781924275539,-2.880450124412699
0.8129200515701166,-0.7575487479834964,-2.7851123737674843
0.8082627347537342,-0.7443557438394425,-2.8013785488922314
0.8028907821976091,-0.7336828451189705,-2.535294048232331
0.7962261230628023,-0.721850815214903,-2.711400150439954
0.7906820241447192,-0.7105086972307468,-2.6762076919208924
0.7855874204651611,-0.6997837646191923,-2.735543915133216
0.7793640638306029,-0.6871438673766144,-2.5771349451387016
0.7746362565906155,-0.6789690867741633,-2.6123023311351012
0.7607599781888423,-0.671189077814926,-1.790628689745531
0.7456351374288722,-0.6761524223671068,-0.9320269658806463
0.730514355963242,-0.6798210057921208,-1.5668787923439125
0.7155649074194712,-0.6734916466384133,-2.2821526173178466
0.7061562641493676,-0.6640000303397722,-2.415493073149743
0.6993499282418034,-0.6551499768086523,-2.5722892471001333
0.6924979976886636,-0.6462399714739518,-2.4276370716987667
0.6849020504351708,-0.6332814788589168,-2.7513598349676758
0.6796407161184165,-0.624317874285039,-2.4812974734026736
0.6706033177339437,-0.6115009835364438,-2.5586594410774133
0.6620904521475013,-0.6022191381765731,-2.343649702531965
0.6530049849994094,-0.5928199200487666,-2.375737754769011
0.6432751372690471,-0.5840305430883695,-2.300347600951648
0.6307491738828345,-0.5780150159397885,-1.866504341062497
0.6190931334742267,-0.575556432447483,-1.7518160872837796
0.6050111335724844,-0.5685961269582978,-2.2409586753975175
0.5950023782760837,-0.556221361123753,-2.577677562630941
0.5864953647860711,-0.5455010972890675,-2.43294500745496
0.5770859035514847,-0.5343611605597944,-2.4036823888591883
0.5654630841034259,-0.5232500614839808,-2.332895248218987
0.5576794048037653,-0.51364958317284,-2.54258340726942
0.5500676512022366,-0.501049639029567,-2.6023246451524162
0.5422364867601962,-0.49049469675520735,-2.44162751486382
0.5330184996747553,-0.48168211634543884,-2.272439356234728
0.5217822766408892,-0.47237769422004816,-2.2565868791590034
0.5138687723334483,-0.46194133274591265,-2.6826898698146096
0.5077603238813634,-0.4508791234451947,-2.589397792722544
0.49954785667274276,-0.4369224280517733,-2.620358160151245
0.49253345804011617,-0.42684408463345463,-2.4944946554021996
0.4875303240697001,-0.42009318922730104,-2.5458557351514
0.47786866075447015,-0.40811812916175666,-2.393206990405249
0.4709163304645041,-0.39887615844086927,-2.537408272644024
0.4641197378704307,-0.38858827689638714,-2.516806353730361
0.4584135893507669,-0.37529050206936343,-2.8648889471599643
0.45356413426775716,-0.360488394529158,-2.832165286931437
0.44800121613241967,-0.34682752769914504,-2.666637190048346
0.4414554014438939,-0.33701944996754535,-2.489463678260722
0.43231150301167776,-0.3232069695318266,-2.5789687066035585
0.42521201894621286,-0.31273239091700733,-2.534372833296152
0.4190417809666882,-0.29883190384746017,-2.8627186937111793
0.4157188727302374,-0.2875788698161078,-2.8063366511558625
0.41108557053540634,-0.27431367871739515,-2.7464246481139707
0.40639256019355313,-0.2644227367301898,-2.5742541327427717
0.3989385511461009,-0.25300870812587084,-2.5240276091749476
0.390401187015043,-0.24250281632663168,-2.4505477218863154
0.38480387130922905,-0.2323783590674711,-2.688167571600935
0.3788912862668228,-0.2204961049671478,-2.672204024545924
0.3729254589780286,-0.20722766753698865,-2.7366058198416816
0.36815563453206857,-0.1972898826544981,-2.6873330633432624
0.3641346291095183,-0.18499073930580354,-2.863650602489448
0.3597869009889996,-0.1730018805912445,-2.6803191151511614
0.35412132885128283,-0.1592825959359246,-2.747927192622877
0.34623759140726684,-0.14803357345784157,-2.373681569595681
0.3357857830171908,-0.13782310326146147,-2.350877414246712
0.32658487779703194,-0.13115449217630215,-2.1288001448837264
0.3145005544761889,-0.12184010817709141,-2.261770135562543
0.3043047812639301,-0.11296871334057161,-2.281036456500605
0.29403446615053513,-0.10262294316390842,-2.419321640338513
0.2855650165000225,-0.09075059781980985,-2.531565128074367
0.28042211535217615,-0.07996252116556654,-2.780863016791324
0.2773293264860227,-0.06716114243885037,-2.9377736425735925
0.2724435499860815,-0.05487958686826245,-2.639186376874657
0.2681029154393452,-0.04231530394824292,-2.8887152111718324
0.26201543972669766,-0.028063199310559773,-2.6355074493547157
0.2585520666074591,-0.018321988441878167,-2.874753862545397
0.25200454776416314,-0.00320759627763568,-2.661721181881533
0.2472675985598812,0.010011043467699116,-2.8924006794354318
0.24221422318720845,0.025142937934260475,-2.7471420855503643
0.23882328356559993,0.03736737003393213,-2.929638641991656
0.23358216306070093,0.048852216873331064,-2.62086403505992
0.22861776191356886,0.05970136632161154,-2.7815157524974494
0.22180262566241074,0.07220488005948798,-2.49513546292814
0.21443886036295004,0.0862151876329281,-2.719402839269398
0.20619794028175437,0.09857228094504998,-2.477307587370951
0.19959147620655182,0.11128540506210581,-2.757711059021393
0.19233524627975673,0.12364825685395328,-2.5191383259346734
0.18578605123919073,0.13339671377789583,-2.6105959332730113
0.1772134267944795,0.14282167682690233,-2.352077049719723
0.16880007066322678,0.15481945841229924,-2.6569227402374165
0.16154935124412567,0.16450167334332985,-2.4311328637619956
0.15579207683206364,0.17418341102589482,-2.699747105889654
0.15023249987071804,0.18419325335919107,-2.535796843874994
0.14473361884397387,0.19551672963479325,-2.867992371281728
0.1391764250543434,0.20650678790227642,-2.5376922522298546
0.13308257374319896,0.21851621657601722,-2.7917045358962893
0.12694571214536263,0.23103011829874898,-2.5742455271149063
0.1217864515356995,0.24274181537198225,-2.810868363021861
0.11614105426600263,0.25404108074113263,-2.597074545544617
0.11081015451771536,0.26682972399003113,-2.874395847336809
0.10425664066962091,0.28203048450421836,-2.61547925401586
0.09874258790278134,0.29640332734484287,-2.851333024042718
0.0900108268156322,0.30686819025338946,-2.2530603447671917
0.08051401912004438,0.31830603317901524,-2.5891059426851126
0.07431879417413527,0.32865944848070416,-2.566524929598029
0.06876301088001684,0.34037233621295887,-2.7938380237141573
0.06274077274680737,0.35349222168215133,-2.653416640375918
0.05753678794393527,0.3640919309482762,-2.709385800703171
0.04865588668102366,0.3761467088043146,-2.2818669419123556
0.0399524403334228,0.3837513576741834,-2.3489869501971983
0.03131763759748084,0.39286046241719375,-2.3986841395419964
0.024117293705406967,0.402501532940548,-2.549989286143696
0.016645340802544067,0.4120480103879792,-2.4025046643132852
0.007526814214241359,0.42060524079366557,-2.2593669742021727
-0.002621849688913237,0.4293216740849877,-2.271915408700095
-0.011796083613002559,0.43673161603518,-2.1131837671034197
-0.021035374351335335,0.44420283249989273,-2.34144297422384
-0.03415032588692634,0.4527570771371777,-2.0550465956015045
-0.04563009142853346,0.4605887235035658,-2.230312697465137
-0.05705750481378507,0.46847127032599195,-2.0975114058479982
-0.06889244755731318,0.4751758948272063,-2.1458690985400275
-0.08053580018872541,0.4824933749334353,-2.113039910274728
-0.09085437371450397,0.4872036002325909,-1.9844103526982613
-0.10201522456592274,0.4919052300000694,-1.965772367255252
-0.11506367227088417,0.4971142122318777,-1.9982157924696218
-0.12479758861457693,0.5105651410518389,-2.9088400112061366
-0.12632343893416334,0.5243733001597141,-3.1379661032472375
-0.12917371422086307,0.5366708558381212,-2.778653796745999
-0.13378560947122276,0.5487128277365066,-2.782308768573183
-0.1389739637215785,0.5601910344953074,-2.599055944894547
-0.14511247503019742,0.5713476969155921,-2.661311202552206
-0.1570571821613143,0.5814032252473371,-2.0316651423757777
-0.16806869035633396,0.5899448432377149,-2.378917190797255
