1.3696795449984769,0.8337015645904232,1.6129487424555655
1.392856088064945,0.8313561083136601,1.3538210763681489
1.4067808837054383,0.8266947712701874,1.1952263684567315
1.4155506203928439,0.8213424815044902,1.1324691574640184
1.4252393319815417,0.8139392542129117,1.0020290353183323
1.4344806778744275,0.8034247054443,0.8583152399633004
1.4395011807004665,0.7929474098720043,0.7270662145489893
1.4449783084848644,0.7793702252155048,0.5767957360839574
1.4493264020332843,0.764407634246734,0.45908692741562446
1.4535977483993892,0.750192658642223,0.3807941440761328
1.458320490907275,0.7396014795068432,0.40951657889294346
1.4639916665641937,0.7271616735441504,0.4138228686336841
1.470150292958674,0.7145235385134933,0.4535656024796636
1.4768765382735527,0.7012628205207226,0.5015022110384184
1.481656693787547,0.6918344761768938,0.4429547474915281
1.4885921341921535,0.6792227135342775,0.53342463651299
1.499059167470439,0.6634652117949762,0.585586488339603
1.5077099324678844,0.6512705171882477,0.7166868056770828
1.517285577345201,0.6420202907022291,0.8726945511350217
1.5268305131614635,0.6332358568116824,0.8292642559867196
1.534715847538518,0.625351468716491,0.7579339503129573
1.5429835472946616,0.6177471210802925,0.8369789632200035
1.5515259485640702,0.6095646969243045,0.7710590407059301
1.560858167276271,0.6002826164188035,0.8637495070885952
1.5713743053983162,0.5913178983977873,0.9121973056467867
1.5817102983742262,0.58378464489827,0.9763045790515028
1.593680162081855,0.5745211765410225,0.9026333064608563
1.6037492228369086,0.5672185658201003,0.9686709729011108
1.6155944318429538,0.5607588365264531,1.1102343313197363
1.6285731514364667,0.5547376283627282,1.0879607930144937
1.6403553372822817,0.5487033243633308,1.0856185787118613
1.6523849740723155,0.5418157583960813,1.0276318910487523
1.6632592153981527,0.5355971907651377,1.0384321194596966
1.6708479825080425,0.5292435983804085,0.7634029597461934
1.6816926475571337,0.5215881018176284,1.0649628798131905
1.693769291425631,0.5152199930100904,1.0746310421454282
1.7046411127700252,0.5093020894763743,1.076668898059338
1.7158392249417487,0.5026985190220624,1.032972996498951
1.7253382756254683,0.4964056170148132,0.9620032286865319
1.7354313927969574,0.4890799909110368,0.9576079725712929
1.7451381284741894,0.48295970227912133,0.9924945134175437
1.7528541869213023,0.47772199360774215,0.947562475406492
1.7618053015644657,0.4711924624521254,1.0078393684288443
1.7742539218080016,0.4634445546475434,0.9977463541295606
1.7860043100371283,0.4570997978240325,1.0848888546715467
1.7988943882191097,0.4498236803046382,1.0083816559054146
1.8086432815894362,0.4430759631017951,0.9784558449175035
1.8180763012979444,0.43594681371142946,0.8564392997909557
1.8258861751073963,0.42970188011022753,0.9419741615514001
1.8370549141446038,0.42233042409257,0.966077447930753
1.8467035409050796,0.41471482612488697,0.8723217030240703
1.8546826782445418,0.4066328869791789,0.7572441466904667
1.8642531945547876,0.39694772055491445,0.8130532896067562
1.8722644079413617,0.38888928998953315,0.7692569547780398
1.8822960908095454,0.37620455316808527,0.6947817923870419
1.8914542085604893,0.36759050223638423,0.9217535919409736
1.9007734791127104,0.3598409907894432,0.8177127058122214
1.9081651214972586,0.3505711476896246,0.5634486943095579
1.9153244430333922,0.34003601600751193,0.6185617096490628
1.9218356150464742,0.33030070213462387,0.594010854262234
1.9287889960577607,0.3226221276804248,0.7919780433350007
1.937301616119592,0.3124255562457482,0.7280333049856348
1.9447229171480278,0.3038725862686636,0.7045366933958797
1.9532555616484124,0.2936748460516607,0.6896258928368659
1.9633684808140557,0.28023492281873225,0.641673551657334
1.9711317934690695,0.271790227913636,0.8023908951986812
1.9774279612805479,0.2644669785415003,0.7796586404597825
1.9852391233018207,0.2567484800666707,0.7981736575745921
1.9975919471088381,0.24629662224263452,0.9080474466156129
2.010472976836161,0.23725244109615998,0.9729071937423132
2.0228270913274424,0.22887993664009335,0.9772542133338186
2.0328515768766153,0.22141281554774836,0.8874610338217066
2.0431337321827567,0.21254236795958575,0.813872608822525
2.04934088360623,0.19614751749231654,-0.00505815482936146
2.053673023082095,0.18376481359001928,0.5478269187716048
2.0612524084625643,0.16966305738039028,0.49729072062135304
2.0671643165097753,0.15980026127894845,0.5819276370861792
2.0756688391398,0.14820770888429416,0.6664098268110545
2.0835385872631833,0.13691701444678217,0.6110746079890114
2.089115958511066,0.12606276697950078,0.45106685862280665
2.0953900406484327,0.11446551504867392,0.5707275253105928
2.103936194522132,0.10040081818553544,0.5403542165441194
2.103294888991373,0.08618359224516595,-0.3493114187983607
2.097254883080078,0.07652022366974398,-0.8032670947299471
2.0844133895966657,0.06757523872604461,-1.087210313304412
2.074535185312718,0.06361492094412641,-1.2132916150803348
2.06297317382714,0.060217653729826424,-1.2908523888155568
2.04958830642418,0.05943894701457568,-1.669335745297175
2.035341789636312,0.061111664222903726,-1.7013592181530546
2.0214181740190913,0.06348780428528517,-1.8161530931266228
2.0081976417997227,0.0663253406392266,-1.7736234880473267
1.9953981133362533,0.06873174072598814,-1.723686103047292
1.983629614258797,0.0712584574645648,-1.8082049721666138
1.9697873864560589,0.07560714052098812,-1.9334796791391748
1.9576033045302503,0.08080117610212222,-2.0608475993586826
1.9460560056036516,0.08689711180363081,-2.0817190779547405
1.9354886431845633,0.09130701678911794,-1.9900515735287594
1.923988805603717,0.10083402525851755,-2.458163188629177
1.9160334374749044,0.11394474675368801,-2.631751881728605
1.9093849960323381,0.12341265698882595,-2.4382118458435666
1.8997239218558104,0.13054693070061202,-2.017436388136309
1.8861655687991998,0.13582172597878972,-1.8464072771428603
1.8727190687959938,0.14052634020713897,-1.99558950400779
1.8616123098292992,0.14647932245850218,-2.079648916849685
1.8462585527413788,0.15435503570011497,-2.0510147441154767
1.8335171216502109,0.15922107020512963,-1.9075034411326957
1.8201826982121574,0.16411174024607203,-1.9135144027748303
1.8058672011840857,0.16852836978469868,-1.883144151380749
1.7920845712135132,0.17268508196157067,-1.8354480610261645
1.778423479714264,0.17685778930722487,-1.8592074890448407
1.7656289114268604,0.18087469751983026,-1.8703754635424399
1.7520861963876053,0.1853198727947222,-1.888903512276392
1.7383672806731658,0.1896692414815874,-1.8743677668197565
1.7261998787220274,0.1933172680898044,-1.9039693548030021
1.715285774817856,0.1969857018465298,-1.944220766501175
1.702625788185688,0.2011014419979409,-1.8512755868662198
1.6926374751448658,0.20588263540196267,-2.1836595711093145
1.6820116836306158,0.21470034701286198,-2.2890145548092558
1.6724382929699517,0.22045631954981298,-2.0662106130341464
1.6619925597908602,0.22842148715991517,-2.331195266496681
1.6543184032795866,0.23596199762703096,-2.422920286803986
1.6446824351509672,0.2482139811294674,-2.4736003787122502
1.6367120395403536,0.25780887096549254,-2.4419098870977547
1.625807415809863,0.2692073896319178,-2.3735054656656227
1.6182838084856448,0.27831050985037,-2.5213648687789005
1.6109760781915532,0.2883693198453956,-2.412614795486672
1.603945582050921,0.2948966861423734,-2.361374864826287
1.5972687555212162,0.30446283170697236,-2.5475518934707666
1.5881241584214465,0.31493055813807735,-2.3503085124864174
1.5805690453197263,0.32471988437291244,-2.4994501365086315
1.5718128411778471,0.3348016416714613,-2.3470466631154236
1.5626399229129186,0.34542220345493274,-2.4524820911105394
1.5523724939666923,0.35653185366524776,-2.3997707726829245
1.5449898260402517,0.3648664626346959,-2.4839638465059255
1.5364569740688374,0.37574418178634506,-2.459963677309613
1.5261341525785586,0.3881535665735109,-2.3836609191669735
1.5149206952746288,0.40070159859220195,-2.43436647040067
1.5073827444347583,0.4106290273171096,-2.5234947580922285
1.4986214745121857,0.42154862746711463,-2.4128811129939423
1.490452175999364,0.4311149982255996,-2.485985577391202
1.4809568983731678,0.4397132175961193,-2.185039458333898
1.4696807075141958,0.4494640809505772,-2.345363253591208
1.4611295756168086,0.45845583410171314,-2.4001323781668056
1.4536351586378615,0.4671383604068866,-2.4655967583720693
1.4448558563593985,0.4790336423070966,-2.500857792552589
1.437732931280293,0.48965826215458536,-2.591727568188597
1.429757310730437,0.5032814060874309,-2.56946445248674
1.4241276298491177,0.5132855213416733,-2.598436873702192
1.4169851333787722,0.5249130798800226,-2.5951094458507042
1.410811510429354,0.5336840081120352,-2.497678629405795
1.4028156125332634,0.5456781038130429,-2.5846210250110495
1.397358473568131,0.5528351814957837,-2.4159625110504415
1.3903835206460111,0.5616242450104955,-2.5236054530024226
1.3825507126526233,0.5729030537593905,-2.5445379881718297
1.3744974438643294,0.5850438516972828,-2.5411488297821063
1.3654527230037656,0.5983917967556284,-2.55606173323506
1.3590389853619933,0.6070307092292194,-2.4789094440642683
1.3526774682607514,0.6182883683930164,-2.704450534874239
1.3490298396100067,0.6325491569607667,-2.9782149351384346
1.3472606002360874,0.6454219584331804,-3.0189906444061667
1.3453835387096358,0.6591479126235535,-3.01997825829348
1.3426444448607833,0.6718754693027852,-2.9014931981123007
1.338099863121201,0.6852693358399222,-2.763655972265316
1.334869714078934,0.6986679861250413,-2.9253026693357627
1.332071356919884,0.7127481889795326,-2.9358900516161484
1.3290000070705026,0.7260074375642703,-2.8582197673006813
1.3250965360751932,0.7389148986100705,-2.813699424999819
1.320453732768051,0.7526213808510411,-2.8059720433947475
1.3162933268773997,0.7647294159046949,-2.785748745436484
1.3119162648128002,0.7762006470894993,-2.6570523800137567
1.3052854548129382,0.788569858150243,-2.6798829932605615
1.2984530051133483,0.802136320393707,-2.7308853601504794
1.2928547675085236,0.8144325598147857,-2.7355067888356435
1.2866817694313368,0.8264279069320736,-2.579370505141131
1.281016919268606,0.8384275026700022,-2.7114564046713667
1.2743525830388764,0.8520801265787087,-2.675801514703359
1.268212901282435,0.8620927892666472,-2.570256312458093
1.261026603944529,0.8755429906981346,-2.6662339512148368
1.2551740250768757,0.8863757187080513,-2.6260577881681346
1.2486413072562677,0.8972551488188115,-2.6491060239378643
1.2426386283861672,0.9077045054994315,-2.606928334363474
1.2369654957889862,0.918956259902728,-2.7275925573876805
1.2303201620905806,0.930789834682849,-2.596938112582726
1.2226172515201126,0.9448681930493539,-2.669243795843853
1.2169715032300683,0.9543196652391936,-2.5815514264109005
1.210310555718128,0.964955186854206,-2.637119268341823
1.2042593140085027,0.976135577570353,-2.6214094059941493
1.1982704706569542,0.9868250727892423,-2.581273742128211
1.1901398121471292,1.001700392666988,-2.7411924393862193
1.184104070294568,1.0156410536751102,-2.7299061090239864
1.17870182705451,1.0283974839333991,-2.7542729586281927
1.173384823183936,1.04132842598027,-2.712738512520319
1.1682260314597792,1.0536788253082,-2.707285627743512
1.1632507807528474,1.0657422899463207,-2.7105765556052974
1.158133160635473,1.0789025037651414,-2.8122987113622115
1.154475133535221,1.0912637378950725,-2.884109549343363
1.1494338905766106,1.1039381964617467,-2.614894880215208
1.1439793378054253,1.1137992598755828,-2.587510467731114
1.1362626647201652,1.126151459628977,-2.5598103706124453
1.130688358983552,1.1373391269202102,-2.67375793910427
1.1229178073640904,1.1497857200017554,-2.5270838396009943
