0.4314189617231931,-1.3948157423640568,1.6146102244667258
0.4451727859253004,-1.3942209006672563,1.6191466365944003
0.4594615435957556,-1.3932786177515077,1.664494418996178
0.47372640509838265,-1.392150639656917,1.6395656935726513
0.4882670506733493,-1.3909859217197156,1.6770450787441038
0.5025899694956011,-1.3892364071853953,1.711707732996328
0.5173254844777744,-1.3875062338278503,1.7528910272822469
0.5319979209275432,-1.3841365262042065,1.8372642881968888
0.5461655290875116,-1.3810707087753713,1.8080216038787056
0.5585168390834121,-1.3778558890564987,1.850625452280981
0.5730275263257746,-1.3743825322835959,1.8485656094954852
0.5888134562310505,-1.3706539425397295,1.8253364116633357
0.6031373329553849,-1.3665965902856616,1.8477018334659259
0.6188857635872901,-1.3624285850192663,1.8353952578207482
0.6323345723786804,-1.3579667827920874,1.8887028656484675
0.6458269976412511,-1.3529429762613565,1.9394684779820706
0.6610225512306944,-1.3477860057770437,1.9403371785477341
0.6745171969395588,-1.3435535819021451,1.908127877217564
0.6878136151985502,-1.338463104041974,1.941558220925809
0.7010378943973593,-1.3338597561365624,1.8664664121042114
0.7151421715163432,-1.328444734879244,1.9701559339242918
0.7287157811004096,-1.323120160215484,1.9863979326751509
0.7435596390543591,-1.3169150953655637,1.9651623044390372
0.7559503802862159,-1.3114196163945153,1.9942270861397073
0.7696710334640228,-1.3065776840807362,1.95771347862745
0.7819582320062937,-1.3012976548876691,1.9878173426159629
0.7948911862084388,-1.295505449035539,1.9884432026699044
0.809281775196479,-1.2891707239346608,2.012899791681766
0.8241499332255947,-1.2825575144839314,1.961436137170721
0.8388936501275337,-1.277043850016618,1.982894431829638
0.8533680633856026,-1.2718385255378861,1.939741974131233
0.8675037117425173,-1.2665258309690797,1.944922701598036
0.8808058232339194,-1.2606419441114394,2.025903056745836
0.8934847528072072,-1.2547845717226382,2.0473981635400493
0.9067476088601866,-1.2476046707110937,2.095569307827279
0.9184552075366107,-1.2404016864516174,2.171019123156863
0.9300344443284603,-1.2320930726358204,2.2429654072736747
0.9415676297128505,-1.2223127616605178,2.3112334511344796
0.9527105895019357,-1.21132896244809,2.3796376393933314
0.9631348267349393,-1.2005896574670998,2.3734226931519906
0.9734233664050406,-1.1897336630005237,2.4024615125964286
0.9829089998927548,-1.1789950154274016,2.431401674603539
0.9921524271124791,-1.168646771700633,2.401844264577766
1.002089594584194,-1.156766327397125,2.465433102590259
1.0107527272536956,-1.146116936842645,2.4312247291259297
1.0209231314640863,-1.1349993253488417,2.396331038604314
1.0298939053243548,-1.1236389336572152,2.4984034952897543
1.0391419089052552,-1.112368291017691,2.4466417172427652
1.048062721887543,-1.101513651411067,2.4593061778786773
1.0580990152174976,-1.0909123425585594,2.367659970885041
1.068252798287987,-1.0796400617304578,2.401473184534295
1.0786191141797326,-1.0682286678103203,2.426728465748501
1.088544536918812,-1.0579667599443885,2.364387722612233
1.0984546829038282,-1.046009483146504,2.5008923048467495
1.1072703767825836,-1.0339133555558344,2.5050595194176704
1.1165662945347985,-1.0213044780059273,2.500312261400848
1.1258808247013814,-1.0089410137131982,2.4848999141909527
1.1358819149356196,-0.9971682985664205,2.4276112525300233
1.1441411459781894,-0.9868291916983336,2.456336917607685
1.1530533919578667,-0.975049517761888,2.471625803667371
1.1628631631871715,-0.9624931246763498,2.4903146761526935
1.1712529473771083,-0.9514166047129963,2.4911856814652737
1.1794262538891649,-0.940988424208427,2.477960369038313
1.1873758464683903,-0.9300057617181043,2.566534389045964
1.1949830292235666,-0.9184153194662361,2.516037460948659
1.203315366181079,-0.9071216657972997,2.481969949523515
1.2115773567619272,-0.8959927776058327,2.4970227490969488
1.2196865576116946,-0.8843641596340548,2.568900968761975
1.2274307413754677,-0.8734174465490088,2.5097613729943
1.2364753802005783,-0.8640054896001712,2.280089639104589
1.246907752969515,-0.8559489814414355,2.20191539192939
1.2582523414811664,-0.8479731837804885,2.197723433525568
1.2697922604966485,-0.839545887331711,2.2002503299339913
1.281269798206227,-0.8326409816731618,2.0978705377707274
1.294742390602941,-0.8243038712614376,2.145462781542799
1.3064203511278583,-0.8165276539635666,2.178640397315617
1.316732215675205,-0.809496169227003,2.1890453982806246
1.3293863522304572,-0.8006651105289182,2.180640170383671
1.3420336204360372,-0.7919158275403105,2.162010694299178
1.3565822461928443,-0.7836232283537993,2.0460713796366017
1.369321315723376,-0.7772340428454365,2.009765226394901
1.384908101376059,-0.7752386494715388,1.4978442587581609
1.3990458019530423,-0.7760948322718199,1.5169210273151088
1.4131690578131098,-0.7786453107464085,1.3148785894903046
1.428704694816098,-0.7823090631187283,1.3123449530671567
1.4424810884665584,-0.7856377366669437,1.2890235813407533
1.4568422183085166,-0.789767921932146,1.25082758154595
1.4701165426202143,-0.7938799156442436,1.2112879304555464
1.483516201995949,-0.7990392187898272,1.2070642101674691
1.497042835153346,-0.8036681230299169,1.2015583722926708
1.511514968663218,-0.8079447963764147,1.245911965761564
1.5245164508309201,-0.8123207605553416,1.2181722849347556
1.5383177654811389,-0.817705738137646,1.1791359931943364
1.5529929516399257,-0.8233546231725914,1.1863935131882415
1.5674797506705407,-0.829379947540464,1.1896114039797758
1.5811923377059196,-0.833723228381767,1.2679273254042638
1.595236846735659,-0.8376592244258652,1.27638299186702
1.6092963637781434,-0.8419339943573066,1.2520941445074227
1.6230965916104454,-0.8461219737439114,1.245173910080946
1.6371316234435882,-0.8496564266438772,1.2318770476970522
1.6518243438567617,-0.8540686263026673,1.29813613693603
1.6669015792871174,-0.8591998685559864,1.2095596212462807
1.6808823498585215,-0.8644791025377624,1.207021538573633
1.6952371291396844,-0.8692370441739803,1.1905199254435956
1.708246658333781,-0.8752407821239984,1.1516965100868577
1.721417130216067,-0.8804765600147302,1.1881706294978485
1.735608176794184,-0.885603721956829,1.1956203280353457
1.7488329559845512,-0.8914980444997732,1.179859196614532
1.7625929618890968,-0.8970329327067764,1.1756553139434125
1.7768168728397462,-0.902386119226639,1.171240699734983
1.7908629545906103,-0.908911357067703,1.1095580599133128
1.8038295067646588,-0.9161866512096235,1.022366472922094
1.8154785613994275,-0.9234872923710274,1.007309426775554
1.8278991196749772,-0.9311255183062545,1.0070373465192128
1.839789674309862,-0.9373307690771303,1.0883291629514154
1.8530544030453824,-0.9440668394731169,1.0365637079109469
1.8651463761311309,-0.9503537656859806,1.1150041186489956
1.8786994782889963,-0.9563168588836061,1.1324847253547248
1.8925366905639043,-0.9627950108714608,1.0914353226133284
1.9060611391314417,-0.9697451507189264,1.1001657839946
1.9201017853975249,-0.9760130079393248,1.1466159555297728
1.92885736887981,-0.9821236962880944,0.829574115267152
1.939973354317434,-0.9934740807379869,0.7012256501422368
1.9502930394753002,-1.004730109311089,0.7436656312851739
1.9603192671100627,-1.0156227480423345,0.7608918031329116
1.9718537853758247,-1.0274329611943753,0.7876830267933548
1.9841864286898432,-1.037501103676008,0.8976356234522902
1.9931212213548861,-1.0448900813517297,0.8691299403336352
2.0028188923970114,-1.0506126286470017,1.1047552624551624
2.0118253628111775,-1.0558496626298046,0.9870227310584604
2.024128185679528,-1.064123208770122,0.9795897736433491
2.036666128608343,-1.0725986721106517,0.9500976586682671
2.0490789412459764,-1.081298090354242,0.9467893885515538
2.060853530789985,-1.0898390886166496,0.9272833645144998
2.0721153006332904,-1.098248477973716,0.913510302951344
2.083065598998672,-1.1066089488591477,0.9167921873480046
2.093617019993159,-1.116000631933176,0.8045687719700694
2.102418515558282,-1.12473631646245,0.7712924932469235
2.112603049950744,-1.1352228002009015,0.7740108776979412
2.1232960227193303,-1.1455996982245575,0.809757862435715
2.1334484785685612,-1.1544975012472896,0.860598002146517
2.139952872308143,-1.1630390854003694,0.581723736899195
2.1488304719932696,-1.172164671897099,0.9064519037951521
2.1584543626973414,-1.181867964324955,0.6882208533559971
2.1665282762095273,-1.1938378682942534,0.6008473834564004
2.174380422506146,-1.2066377756876134,0.5133269681693338
2.1807162069540658,-1.2189708157358128,0.4749442235923894
2.1878470464443365,-1.233112684656885,0.4658360546707788
2.194237240547892,-1.2460830801236042,0.45407580042859286
2.2001233683039834,-1.256228733314016,0.5501816699183819
2.2075297458362964,-1.2691001736526784,0.5225239869124573
2.214226870122348,-1.2803590151548074,0.5465168922253217
2.2207876681107748,-1.2913353992933199,0.5823201468144729
2.2268412369120973,-1.3016460219505748,0.48855793104722745
2.2334242051713904,-1.313655931613357,0.45629508011964476
2.2397448194517953,-1.3249012114041512,0.5600675863014768
2.247885769892079,-1.335036356740656,0.7471145918858182
2.2565760376509885,-1.3438062936540438,0.835518806159494
2.2663936974951744,-1.3526957471621168,0.8151079423952236
2.2761577965691817,-1.3624598839376385,0.7750303209937085
2.285728295859756,-1.3720844336228075,0.7970017781819051
2.2963475742221964,-1.382263460508516,0.8215790562921222
2.3073130889768567,-1.3920092510207727,0.8609809633721369
2.318503957617221,-1.4023095215003056,0.7669156478482588
2.328066976941976,-1.4129025937395387,0.7323565800383047
2.337747802682166,-1.4236637902524263,0.7373556435710962
2.3475202850640122,-1.4341742421453945,0.7430649096260625
2.355989418530926,-1.443177371988121,0.7627374530846521
2.364452931507038,-1.4526800846700552,0.7242868277540793
2.37326474996127,-1.4626696199984979,0.7098608367225404
2.3807610953428613,-1.470428441308664,0.7934893847337104
2.3905495982390583,-1.4805259922101144,0.7715704144122204
2.3988303869109453,-1.4891435635610215,0.7894231042180118
2.407289206272719,-1.4974307330604928,0.8057745298460737
2.415752843851433,-1.506438077987905,0.7157882313184902
2.4248195625646947,-1.5173459309424642,0.6945209028084747
2.432614197291581,-1.5273257411522638,0.6615465135753694
2.4404290457401943,-1.536314169731316,0.8013401355724973
2.451209622855382,-1.5464839071312468,0.8301126787328282
2.4618659161525573,-1.55700199725711,0.804452816350739
2.4722008181788295,-1.5672421370350684,0.7798842945752321
2.480240256104129,-1.5754089820964527,0.7539351809992912
2.4876138255416462,-1.5875984120141629,0.4140284840290262
2.493929581642593,-1.59822441066711,0.5942964238837336
2.501736617333518,-1.608080510684681,0.7710861230880466
2.510904309609945,-1.615650862395494,0.9223347232176982
2.5205707078220456,-1.6236179588794777,0.8601446470329331
2.5317362464423394,-1.6337458079503713,0.8469267707106034
2.5419133355992045,-1.6428001612842977,0.8249727827435854
2.551705726721854,-1.6514992172800806,0.8767316863027627
2.5610812226400848,-1.6630459074526383,0.551341116356056
2.5689644133300007,-1.6747673967367604,0.6049459338960086
2.576030868483406,-1.6836600824730674,0.7051632331328626
2.585602605715878,-1.6944068826074543,0.7068697700240985
2.594230839528225,-1.7050277570870493,0.6825423472316039
2.6029227041493543,-1.7152124510435904,0.7302667714901523
2.6106467308105326,-1.7239398035593179,0.7236261840838244
2.618964826939024,-1.7335756319747913,0.7305367324368378
2.6295025304883626,-1.7439713905544587,0.7821190983980154
2.641389141023112,-1.754801323385026,0.8449463264776126
2.653490245660491,-1.7652784424436125,0.8715505565287255
