0.024520607420993917,0.21494515784109966,1.6131638989032058
0.03816410528572883,0.21542673397457168,1.621800205527253
0.05229992878899789,0.21591062598134916,1.6208792417006959
0.06643751685605259,0.2165910609617717,1.6106665099311979
0.0805170081628786,0.21719331707510536,1.6158828406435528
0.09463909476631449,0.2176714094731397,1.6250807284234576
0.10938552688203887,0.21853663408564705,1.6466599686513792
0.12401529478243815,0.21963972164360746,1.6599498243022621
0.137680669825116,0.22107602028756762,1.7068384157010115
0.15231476388046658,0.22318207614350466,1.7559001394973417
0.16621769469860348,0.22608935806341976,1.798132718558228
0.18091345316054191,0.2298868352000787,1.8032248629618202
0.1931871267817341,0.2328227719145741,1.8094566953983644
0.2079861231492378,0.2361560246752101,1.7680057410085002
0.22309550288993574,0.2387917776170556,1.8084390696236232
0.2365659504311197,0.24164439197160859,1.8217339429030168
0.2514751201282509,0.24548895528320858,1.8588468876285438
0.2667832896729239,0.24947063436561048,1.8495102537682702
0.28162505099076307,0.25404314212711915,1.8622748107044402
0.296619127610016,0.25638694693967273,1.668468675987281
0.3101316450844232,0.2579280066251284,1.6891463033307865
0.32493674925617194,0.2604291972960336,1.821285750382649
0.3411035015170697,0.26471927831034786,1.851287956619688
0.35545415600714686,0.26909078315525137,1.8993029579329388
0.369755377220306,0.2731019461212448,1.8618455365126103
0.38395620242512246,0.2771355352037928,1.9245716208374204
0.39630489947314756,0.2813341522917356,1.9396761646791625
0.41017904362467345,0.2863202970543004,1.9783336549721302
0.42552666536630057,0.2919108656530464,1.9291560882574166
0.43785896151124415,0.2958200568900887,1.9200167816919516
0.4537022742543147,0.3008080592831369,1.8820992181030547
0.4680518566384737,0.3052733154837776,1.9123040557008473
0.48121859815062074,0.3102922956633991,1.927669245917841
0.49531811303999823,0.31424798506140855,1.8161628457524748
0.5095916632893023,0.3191245661821589,1.9363995044280067
0.5233426666710919,0.32485883326066284,1.9831043403631206
0.5378276131287413,0.3323648071456776,2.0898726332990893
0.5512277498806757,0.33943094140214203,2.078556754390032
0.5644114663879103,0.3460957737738561,2.0442571240535505
0.5784326581184148,0.353231202704682,2.0291834448810904
0.5929492016220319,0.3604227289761656,2.0449843952866784
0.6057603921031661,0.3670961274603895,2.069237457767527
0.6205625132664561,0.3742347541575933,2.000474534578181
0.635226851319962,0.3810495442985575,2.0356953550655335
0.6485386533295178,0.3872339500303358,2.0077077369304877
0.6617268169505377,0.3936837231258153,2.0240922129057477
0.671683509522119,0.39902335369557784,2.100831857547802
0.6846562625970432,0.40715402009041135,2.139254782477425
0.6965692002400948,0.413939740879195,2.1086415835403476
0.7093502973514708,0.42188415197109314,2.1372010564401416
0.7211386574829163,0.42892420773791545,2.115686136427155
0.7329991046007718,0.4369691282969252,2.158309505998684
0.7446921651359739,0.44525075772398875,2.218994333762735
0.7561833649538384,0.4538345545469593,2.2352708133577783
0.7689020934210447,0.46496310453806455,2.336975115128315
0.7792825815034785,0.47557451901327485,2.3689678555191778
0.7886889327644631,0.48551342085615107,2.4041188638172244
0.797727252407216,0.4954355530337186,2.3993866258837073
0.8079096540667112,0.5064947958563485,2.421094279462656
0.8164252332985216,0.5158538486691485,2.3907801755848106
0.8243640998416356,0.5260531532869274,2.519040239242592
0.8367329628349102,0.5354832792389354,1.95973743132203
0.8495122424914215,0.539763317626454,1.8613882078519914
0.8640918619904282,0.5390034579331712,1.3142876777207164
0.8767159722258365,0.5326406455065835,0.9571038174262888
0.8866297706675031,0.5236768019971701,0.7583214650533443
0.8958216525199147,0.5125047439999543,0.6142336146701745
0.9031790634683069,0.5032427839602234,0.7311341833143221
0.9129019609247959,0.49264736716135654,0.7340724868556375
0.9217639607177952,0.4832448130246968,0.773553283055509
0.9302710566498447,0.4771918963226627,1.0471215593443082
0.9424251916849679,0.4705754088650354,1.0660018684691963
0.9551318464255678,0.4721003374164723,1.9868916133347052
0.9683093745783168,0.47786659900436335,2.020630590220643
0.9821283623583031,0.48139648312093547,1.7046577637056304
0.9962101722851262,0.48016599256466164,1.334899069804644
1.0078527194252922,0.476148834848017,1.2071268034369147
1.018607074955747,0.47117586443226506,1.0765000348024891
1.0310750993224083,0.464159079077097,1.0447192113849266
1.0433600594751946,0.45888376689058585,1.2430380971908501
1.0557259844227471,0.45511245401290024,1.2621462351941342
1.0685770005854396,0.45127932274660304,1.2466954316196965
1.082341277478261,0.4462443173215593,1.2015814731330865
1.0968810838838894,0.44019329615393016,1.1503639144465965
1.109784018097993,0.43476550081205223,1.1677435793542912
1.1242686363826326,0.428940158718519,1.1580641748013132
1.1365445204982763,0.42351979136660883,1.154541745569732
1.1502058909800803,0.4177620806190416,1.1266178141020702
1.1638919578631846,0.41115116434011356,1.1274572719834117
1.1760526240231532,0.4059228960850976,1.1507170457437759
1.1897744556404795,0.39988710099349767,1.150881606717845
1.203159288052696,0.39419456391480134,1.1653656225675701
1.2162852466123133,0.3884507312564182,1.1378060619762889
1.2284033637394207,0.3819361882079833,1.028506381550403
1.2411042591939883,0.3751103798312574,1.1317184350663316
1.2545116533286895,0.36932315079633166,1.1589162834440783
1.2674773319780557,0.3634530991943387,1.120275723170875
1.2801006031598918,0.35755586280041496,1.1313592381291355
1.2923765012167039,0.35223104169278285,1.0934417120620457
1.3060770337544982,0.3455346847400935,1.122266112368929
1.3188685496032657,0.3395069629968594,1.1310363703486461
1.3331560616586668,0.33307535056016047,1.1118049756140396
1.3465084168036796,0.32634023864203726,1.0978711461281518
1.3612613414213182,0.3192529682745358,1.139991438949028
1.37399156021779,0.3135001560618803,1.1490322587720483
1.3869668811740175,0.30787914225465846,1.1442682909369872
1.399468838106825,0.30157667728975524,1.0836363284465391
1.4137018862466275,0.2941109649306541,1.142765411969682
1.427050064568169,0.2875117066994674,1.0874650152147394
1.4379267731360563,0.28039523740998895,0.9715799699877637
1.449765898651444,0.27210975301295126,0.9680192438735836
1.4608055849983612,0.26417954228182994,0.9156593214345309
1.4720508561306878,0.25457324432377376,0.865411764757443
1.4839668876487992,0.2440963681495253,0.8381322679801608
1.4932358721629735,0.23405586551273108,0.6548846178474226
1.5029206928783547,0.22448443586178402,0.8774533332318809
1.512540100505436,0.21878195120378993,1.0599580739083165
1.5221762600250137,0.21078872018422898,0.712155290203766
1.5305177505456813,0.20340885236777037,0.9316178531561509
1.542976225144758,0.19692080528124267,1.1287491969307488
1.5535414286802145,0.19028246636167997,0.9075374742693377
1.5658064410735055,0.18092949349856977,0.9411677664330134
1.5776081529144412,0.17149260967051294,0.871816296734578
1.5898148429091412,0.1608855418382425,0.8448189322708729
1.6011871933513484,0.14877276180925353,0.7034334283214775
1.6100929339439138,0.13822102883055368,0.7024683797603203
1.618907012773275,0.12763422646262898,0.687410184190566
1.6283409320764826,0.1211677446310457,1.1916632871800423
1.6399132648418984,0.11549726583469944,1.0886841323547527
1.6538703323978527,0.10862609035760958,1.0715519313380364
1.669376403309246,0.10658074294245595,1.6639636846437686
1.6830751559874026,0.10436081680225173,1.2195491860346166
1.6948726224200463,0.09805762769491189,0.9571592415692698
1.7067160889506447,0.08943102785940452,0.9245279554160222
1.7163066235318811,0.07981033275676953,0.6391690283714895
1.7222344155028766,0.06771528174950897,0.31655908779779945
1.726744741093532,0.05686298418921764,0.43567872594762613
1.731758948866878,0.04453496744916531,0.4388865546554025
1.7366590529884618,0.03396896260104766,0.3499454567653123
1.7408049462888555,0.022223336868880485,0.36738871765192027
1.746051408784688,0.009162784435117009,0.43990010498973764
1.7521844918141967,-0.0002325696873343438,0.6343265161078058
1.7612263960515864,-0.011468280304955546,0.6940026674219244
1.7660520798447668,-0.019254734132688675,0.459260703698912
1.7712556895961096,-0.029930021841534805,0.45761731494584457
1.7762441347864644,-0.041208791675236306,0.4277710202279978
1.7822320168918344,-0.05393537239269512,0.5139014935547883
1.7877796759540245,-0.06407091669713039,0.5070093223276716
1.7948984066887956,-0.07713591684214045,0.49379215332185533
1.80199144236346,-0.08955199080417202,0.5147797468148941
1.810657974484946,-0.10330782259114733,0.5738435626596047
1.8183248381033759,-0.11541544709255445,0.5540211458822668
1.8265093528767757,-0.1274803577074915,0.5779027349465146
1.834947134167581,-0.13960826710474072,0.6258515782184115
1.8427801199981706,-0.15133092626397104,0.5820244980496697
1.8502836070941273,-0.163247342276482,0.5807936268977948
1.8561441803946137,-0.17182705980589957,0.6144948958368273
1.8630047910474017,-0.1827020915629235,0.5529708688968874
1.8706743435974509,-0.19392654571537538,0.6238575220380473
1.8795760490542621,-0.20534543900617233,0.688406697066939
1.8885135533062032,-0.2158471179011998,0.7399715828156157
1.8980052998062202,-0.22532870381369768,0.7862512438518384
1.906788182680876,-0.23374621492417197,0.8486204542507687
1.9173456241206437,-0.24254373692221903,0.861055652592146
1.9262681584091041,-0.25190029719327134,0.7123071730244631
1.9341849153676707,-0.2616607133283408,0.6677113564025251
1.9433801510726234,-0.27268876663332814,0.6888944922794865
1.9526072164579014,-0.28355557269496173,0.7045152448515977
1.9628289725132622,-0.29538994150194625,0.7159389724268533
1.9708770946296725,-0.30435072739731545,0.7404118470204836
1.9813885679799594,-0.31559787275577483,0.780696865059215
1.9913320120793252,-0.3248092373463266,0.8494761018717789
2.002718602924083,-0.3327548987774738,1.1116128512073833
2.0146587930872606,-0.3398299412928002,1.015173207829376
2.027206982492597,-0.3476936898974219,1.0257341386943406
2.0401343323950387,-0.3548878628556157,1.0532931675655213
2.051682860531537,-0.3610793089407008,1.040552011045942
2.0632156833660393,-0.36905136816747575,0.938845491882403
2.0738293667320122,-0.3782915392096277,0.8050367453365276
2.0856855624780777,-0.38820223381101093,0.8961338002812811
2.0937936760160136,-0.39318064762089455,1.0781903124984822
2.1069013245026813,-0.3996644211913398,1.1148660090993892
2.121246189529673,-0.4063329552511772,1.1141005674776392
2.1336370362826296,-0.4130235682203206,1.0411399880281944
2.145354701092728,-0.41948874535630637,1.0706354893648484
2.1586465302490327,-0.4262083203846585,1.1312060008772922
2.1710102856686553,-0.43364677529699186,0.9478612844810003
2.1821029862554417,-0.44187840722177024,0.9053010064131489
2.193040954534941,-0.4502123891541376,0.9016148160740199
2.2048978372013823,-0.46116931599668176,0.7753963072284492
2.2149460060115493,-0.4709415260055763,0.7676853340786371
2.226496778551945,-0.48136803767313285,0.8523802099123664
2.237122181802095,-0.4907863719011474,0.8190639171703762
2.2473240302094357,-0.49983483833899406,0.8548463905616308
2.257440597897147,-0.5087836469189623,0.8412064811844033
2.2683719461621075,-0.5183196661977687,0.8563623982255819
2.2778784331255335,-0.5269357194364904,0.799858982024249
2.2867792221220835,-0.5358141297763074,0.7927243826975541
2.2966406243570905,-0.5445890287100784,0.8681074644496387
2.3066436826572483,-0.5530178945601794,0.8483243533365975
2.3171109955015057,-0.5624311339559993,0.834373717461113
