-0.0618412342950017,1.1044354848596714,1.5834426907757264
-0.05062068711008802,1.1042337709676244,1.5444335149336204
-0.03576990027685125,1.1036357833605968,1.524628429850017
-0.021379829648363678,1.1028492910117367,1.5241758428322698
-0.007317686021684714,1.1021709986402022,1.5195763224932775
0.0067765159260711645,1.1012649295870114,1.5106265245958832
0.021507499394382408,1.100783042772717,1.5404024782672312
0.03640593615773945,1.1001943122107132,1.5409713908477556
0.050896261360582715,1.0999331741245946,1.5675949664660915
0.06561202633831707,1.1003370801756867,1.6268035254577793
0.07965675396749973,1.1010193517630493,1.615311489964244
0.0930944829522551,1.1023038765167916,1.6980084369798434
0.10785683204137551,1.1034196145405017,1.6698323055472404
0.12172297709931705,1.104802255770124,1.7275992637931203
0.13670228792145364,1.1073155964613581,1.7441625371867964
0.15174356575199743,1.1101724653958103,1.7848234295468033
0.1665912064058824,1.1136326561145071,1.8443672770852737
0.18027362403215394,1.117116460938867,1.8300542454052522
0.1949403753458173,1.1205592256968087,1.8366677274277352
0.20833734830898715,1.1241173035469516,1.873732407238023
0.22272262396626274,1.1280441223805282,1.8584689368413723
0.23676357763961872,1.1329788326975478,1.959756930491506
0.2499229682525971,1.1377440852778775,1.9291935671576408
0.26266284137971524,1.1428175201186417,1.9821979173956417
0.27698778970740073,1.1487972320881084,1.9746397058876386
0.29273697141492183,1.1552808651355926,2.01181448400098
0.3061413967093693,1.161255233383786,2.053085739323109
0.31836688412717035,1.1682230671655218,2.0904317442403104
0.3313182784208817,1.1748430342181087,2.080347742482619
0.34294855016446474,1.1812113547155512,2.107298117452231
0.35621931070344565,1.1882437957700234,2.097992943893948
0.3699176395970676,1.1970234517811906,2.1454619029691155
0.38165527699339985,1.2036395269650693,2.0631308701799105
0.3939843213140198,1.210782386431791,2.104871754574036
0.40708937826070024,1.2183125611980794,2.123631657218731
0.41981497900511766,1.225065179356934,2.0808148580994335
0.4339895218670602,1.2329320400131625,2.0861979806989326
0.44640196077470234,1.2405159266164496,2.138861070025649
0.4583616351712789,1.2487817584923206,2.1996920620371196
0.4712658768023312,1.2569477230731094,2.1458130336243686
0.48345402168197293,1.2644971039211998,2.1607201916813725
0.4942611568755233,1.271798237658008,2.1568423031096273
0.5059510480187758,1.2804498090179788,2.2379163444001335
0.5174805549285326,1.290131343184786,2.2755315994287546
0.5274759578191454,1.2986415506666975,2.2930971115927825
0.5387337472547004,1.3081674216314028,2.285081891837852
0.5496487560070593,1.3171937030933227,2.2742182374834674
0.560643556506041,1.325667687390994,2.247656029802934
0.5703820655637295,1.3336124048806877,2.2774538812118097
0.580768368902511,1.3429329507769983,2.3103673447157242
0.5911493118339793,1.353379419364163,2.3799316548636376
0.6015364469208951,1.3626645211981723,2.3288622534421672
0.6115667235810042,1.3730855138289404,2.399937893629674
0.6218661088700604,1.383910451896242,2.365468578840667
0.6322794858213543,1.3945242021505844,2.386960904394936
0.6408692488256618,1.4044459205952053,2.436462890085933
0.6491957109127825,1.4144998057735634,2.4619809554623138
0.660284411617419,1.4222248799009518,2.045626491654239
0.6733118963906835,1.4294553152631762,2.1185221269390726
0.6846999576530373,1.4378172933397515,2.279955892736216
0.6962730647859029,1.4451226088998503,2.0679432558796456
0.707882540479031,1.447939404991525,1.6020632181431775
0.7227494329806429,1.4483930054173908,1.6045651064098148
0.7372276251022393,1.4479657863455488,1.5001146767868412
0.7515857672545637,1.4470344816090168,1.5031155599986177
0.765525395679409,1.4434891907280738,1.2117364064744767
0.7749603457449864,1.4374142011448339,0.8610187870117465
0.7864812036127768,1.427977309331858,0.9056414258579407
0.7981874855970682,1.420831202532865,1.122844563757151
0.8102154009848418,1.415543934485299,1.1818013401246157
0.8234525613885684,1.4100986867653038,1.1726246389911852
0.8374778919806183,1.4037944474920028,1.1367602158042158
0.8520296111004898,1.3979656079664795,1.1713127942093704
0.8650558348111042,1.3925652357251563,1.157188522173402
0.8782034054323568,1.386597566912642,1.112928527901415
0.8918631522308574,1.380729568966771,1.2207621852818484
0.9072722387292029,1.3752125073450432,1.1977810573321663
0.9205543570627891,1.3698550634085371,1.1518872639261872
0.9330992673813209,1.3641665344551446,1.1638702461484833
0.9456758719100022,1.3593754962397535,1.2328937277589058
0.959031512292407,1.3506298733837863,0.8555139090355375
0.9670231520779,1.3417979813319747,0.7426418562041958
0.9753642543671861,1.332220285632402,0.7370911731610754
0.9857861402861413,1.3204519201389697,0.7295421773004852
0.9963689785762123,1.3104302257321152,0.8829435871764733
1.0089876185793056,1.30165438938986,1.0127483794326142
1.0223157211793639,1.2932381009371878,1.0157619206447421
1.0361221438300516,1.2853703387883861,1.0593853526989443
1.0481302395855483,1.2790283035070482,1.0844847304774756
1.0606913012085484,1.2723107953772554,1.0782920849379685
1.0733168506174682,1.2653994180426087,1.047790467132883
1.0860747997806688,1.2584501589773867,1.0549469685162645
1.0992400244214011,1.2512015420331046,1.0168150832548677
1.1118697223156357,1.2429879862957454,0.9665563956954251
1.1249743333731066,1.2346112169582302,1.0275917938777823
1.1364727762638869,1.228022288823076,1.079321869196767
1.1500884634806514,1.2206220398508218,1.0698511190640543
1.1608614261616508,1.2140402533270698,0.969928682403082
1.1729514219931012,1.2068061231969722,1.0486181862371744
1.1854458774225864,1.2000057263921458,1.0157773590393615
1.1989982635228307,1.1912596513188485,1.0094613059668878
1.2107171699730728,1.1841935335478075,1.0128924923812956
1.2226055722734723,1.1776866767610947,1.055334832586511
1.234455830418803,1.1707923985255788,1.0385234749128975
1.2483223597879751,1.1620716990271762,1.020437130588838
1.2607195814414363,1.1537273334722464,0.979431146877835
1.2728104289038524,1.1457378884962335,0.9957795892693174
1.2847586080231561,1.1396666151193524,1.1421224951725717
1.2978299950726762,1.1330370524804305,1.0850240896546741
1.31205744769881,1.1259321998579872,1.0922245355126448
1.3230032533723044,1.120178036249756,1.0840913825820264
1.3355004871323508,1.112600101608078,0.9452134257104303
1.345736486951349,1.1046385728403323,0.8496826226336031
1.3566899313813618,1.0953029338368332,0.8638916784975994
1.3668145893055679,1.0861441018868079,0.8026910984044566
1.3766474203706822,1.0759692702892667,0.7732884604426615
1.386592457503019,1.0660389038452163,0.8057993748484508
1.3955978728476275,1.0584980849027088,0.8887966552456589
1.4069009788687339,1.0482984145561385,0.8244194368590031
1.4157822749283082,1.039651818043837,0.7439791640608366
1.4240377270339182,1.029392136785041,0.669614990771288
1.4354812984204899,1.0167913655053777,0.7605221287621955
1.4451482303591043,1.005291401857277,0.6434587279701692
1.4524981864559936,0.9945650864138009,0.5985295742053475
1.4603744978682267,0.9828438363367195,0.605641920543829
1.4685440958293627,0.9718790087537306,0.668215151561698
1.4770762071609371,0.9607446207352164,0.649345364040441
1.4842109680351205,0.9510254180938783,0.6605168286534722
1.4937972198245852,0.9389151226860096,0.6547332143209674
1.5044664200488134,0.9274379422780921,0.8035952166533192
1.5144069668480977,0.9183388271248067,0.8443568850960219
1.5249986338729238,0.9084417042446405,0.8009664439352293
1.5361884973887532,0.8973093529960535,0.778866337669923
1.5457010702725513,0.8879978113839191,0.8002820392779952
1.557642607298057,0.8801701465785119,1.1323600854167977
1.5701675062240072,0.8747140760791301,1.1666010094035872
1.583193833573895,0.8682499247037333,0.992183376215392
1.5942573682184933,0.860366899611464,0.9393017758512072
1.6043439037293863,0.8520262161005109,0.8645517028525217
1.6151138854109197,0.8429169986018574,0.8687996871560517
1.6273039411555765,0.8324637075116994,0.8626067133153976
1.6347028811278768,0.8235337894308878,0.5858842939289782
1.6421449756414388,0.8128753334350617,0.6312793547173018
1.6511892312611787,0.8004184557771588,0.6282685296633429
1.658998269050462,0.7892892770798767,0.6079971642229055
1.6683294964358146,0.7772471621337762,0.6545757638928054
1.6773798797612363,0.7656763623124422,0.6687841154557576
1.6862702038912103,0.7543606804229218,0.6822786890533243
1.6957520490190425,0.7427793683164966,0.6857580819397813
1.7025752555185012,0.732634522763017,0.5700357788293762
1.7101160107596876,0.7206633338473472,0.5850011495357021
1.7176637627094322,0.7090092489694302,0.581016473995186
1.725637040480275,0.6970747230528421,0.606972311507598
1.734384876286899,0.6856865402017694,0.6797406294463918
1.7417219223900606,0.6756275831785301,0.6211124317921245
1.7500882358305838,0.6641235886997635,0.6688872980187199
1.7581891350229162,0.6540913287372476,0.6789053979425566
1.7662590134079577,0.6435035445864166,0.6553350297509054
1.7738388663057516,0.6327824602832774,0.5890401085625342
1.7805860162761102,0.6204479111192978,0.45596090522536004
1.7869691275851538,0.6059303269499249,0.4063691555443988
1.7921131904853111,0.594251256246067,0.43884634673519435
1.7985694185712957,0.5832405170132198,0.5860221231911571
1.808200426733853,0.5711617662403918,0.7205830556377932
1.8172027775908286,0.5602532325517512,0.6638343650212009
1.827713206630271,0.5487059859531196,0.76765313289305
1.837647272405109,0.5378886707178406,0.7399566004150446
1.8479046398506727,0.5277991943721753,0.7996903901461394
1.8580067436533136,0.5173195672000568,0.7585790326565925
1.867027665089096,0.5072002949108869,0.7315488176894541
1.8784912825206859,0.49474768655521584,0.7275452852747302
1.8881323219345787,0.48373571283468103,0.72712848844733
1.89927650009185,0.4765193801089678,1.1106759261711006
1.9107932437350799,0.46808724853425365,0.8530491586098592
1.9236630788756042,0.45747361623648514,0.8669994866504691
1.9344992003470733,0.4486421923226799,0.9012306155202479
1.9469277676010497,0.4385332239293429,0.8796703796112817
1.9574265773786341,0.43022558339399347,0.8830291343062933
1.969437956272055,0.42049044384439727,0.8961621891185264
1.9815625311340694,0.4103887551827061,0.8625156163514002
1.9924288563456045,0.40107532403530377,0.871643376594973
2.003256929511038,0.3914264140586068,0.8480834077286717
2.0141077309245263,0.381552338840381,0.8273072565254804
2.0232391859421814,0.3748542180302514,0.9562970041235654
2.033882433830584,0.3661481258585421,0.8491513881515657
2.043713439474479,0.35720761739461354,0.8166257084194636
2.0531713732039876,0.3488932766526354,0.8865557441601832
2.0640766874164562,0.3397429746425538,0.8673734066248298
2.0745310475201966,0.33120062349809054,0.8887663240053215
2.0843634824481407,0.32280962380147127,0.8686228159442045
2.0947528008338905,0.31362634962657715,0.8584420193766102
2.103704990359082,0.30602187159145877,0.882523359423752
2.113541951009286,0.29825306905295346,0.898370198841538
2.1241160392866587,0.28991065162265167,0.9065086957835127
2.1353601435094847,0.28128643078683696,0.9004074998546812
2.145277727063259,0.2728577777296311,0.8408397284298805
2.1541923869655517,0.26556020473169367,0.9150952586866904
2.164094997102837,0.257920565420445,0.9066649841005222
2.173881317108267,0.25040685505190374,0.9134854335507001
2.183453235157139,0.24217358005967968,0.8401639110272867
2.193019896975599,0.23383925116775797,0.8688371213088968
