-1.0865965582900428,0.572862296029986,1.6218259911901836
-1.0730481861374286,0.5737413627607079,1.6331230415741407
-1.0586724577810351,0.5744944821961425,1.6155589088897315
-1.0448389961221718,0.5751873775915372,1.6263129129134821
-1.030256953834452,0.5758477833161447,1.6343535938664928
-1.0152881105506735,0.5770670860202614,1.664772456345718
-1.0006782361275741,0.5781524039382113,1.6351956199814925
-0.9862567287340938,0.5790988630922306,1.6485479605380722
-0.9718383083341748,0.5791523689393351,1.5201017832276043
-0.9583631740473445,0.5775333849275249,1.415624230115947
-0.9442230721605598,0.5774145686114239,1.7009342983233842
-0.9297396819796397,0.5800257247247544,1.7656440852956496
-0.9152175898088496,0.5818786160806203,1.6956295908865315
-0.9015803887928919,0.5839861615201246,1.712387424616335
-0.8872649620073756,0.586300969043832,1.7362389410146817
-0.8728286683297762,0.5893573810446059,1.8338771291144984
-0.8574757230657571,0.5940096594195718,1.8810342531336948
-0.843936377719107,0.5985274370058324,1.8838425659836835
-0.8290414447784932,0.6025862299560385,1.8622432583563187
-0.8156136522585101,0.6072488318602918,1.930174659093754
-0.8028647900899925,0.6123583328386328,1.9364362120381797
-0.7888019230982384,0.6178451593161983,1.9747230737555663
-0.775239948442601,0.6233605899622496,1.930017304748297
-0.7602044057429801,0.6282564102257664,1.8925273637335567
-0.7460376310942436,0.6332516456646883,1.927528487291795
-0.7328640751846608,0.6374815236254896,1.8633964657612767
-0.7179871333186201,0.6411807004729244,1.8862377054547659
-0.70593986359433,0.6465173466473481,2.0373856224334386
-0.6929842997864001,0.653750004897973,2.0880205741066615
-0.6805037369581306,0.6605566740693094,2.122272883509415
-0.6676560258598631,0.6683650275711088,2.1302199225067944
-0.655588479961687,0.6757550261894674,2.1395827782015866
-0.642367492407451,0.6830194683451658,2.037651952847852
-0.6262577572380698,0.6912902297807569,2.0753272638237945
-0.6132778519596158,0.6987877765343519,2.1404087442569075
-0.5998079766297169,0.7074072255067606,2.133786645015041
-0.5871650525736212,0.7149924282243809,2.141020012301595
-0.5759402659932172,0.7231111378122891,2.198314113044103
-0.5622665077870054,0.7323487855013593,2.162185362606734
-0.5490990536827174,0.7406954165592344,2.1278995532940113
-0.5378037302691656,0.7476056792329183,2.1200601745704115
-0.5257782638258252,0.7558002353406738,2.2077001060498365
-0.5131132272490718,0.7651121829991315,2.2075327861314236
-0.5008468694680266,0.7750161908650822,2.2584454404462826
-0.4896552483903935,0.7840044678233286,2.2478413723249493
-0.4790203403129542,0.7928698217275172,2.273974467535637
-0.4666823102592261,0.8036322946274228,2.2982871632498973
-0.45389026938849286,0.8149136998682379,2.2811394122725774
-0.4435571175142945,0.8235250495170653,2.250993352328521
-0.4326036909309754,0.8341284473225243,2.3943472777865082
-0.4230845567555749,0.8440321331196795,2.359007365647283
-0.41497655495580366,0.8524893046281419,2.3674460811815474
-0.406048367467313,0.8621978985098756,2.4107178495201564
-0.39739354142891387,0.8734811398844623,2.502506441482132
-0.3891785353486025,0.8845437669811204,2.497353843249888
-0.38101086170055265,0.8956679100588041,2.499506810669943
-0.37346675982607097,0.9068391417000884,2.56229002599512
-0.36491362620265816,0.919812164117765,2.558708941282453
-0.35638529367644933,0.9329000706141509,2.559311804277431
-0.34858338214719514,0.9441891073728399,2.5415701298908897
-0.34176153100197443,0.9549710973221975,2.585344154076371
-0.33498129433074175,0.9673880245805824,2.613288541267369
-0.325999509887227,0.9773071385138477,2.302270177329376
-0.31287075666848735,0.983158393617938,1.7692535268345226
-0.2987750797545005,0.9815801897972043,1.3171716440806143
-0.2844067600768255,0.9784681244885427,1.3949772270895082
-0.26961494643049505,0.9764559526507565,1.4745840516156854
-0.2552904750811047,0.9748329043506061,1.4495387811401168
-0.24080306001774482,0.972556320380798,1.3939549923662458
-0.2281618294800888,0.9683385214698085,1.1303955933535648
-0.21377985353680592,0.9626840116421941,1.1543251480866117
-0.20051770275284783,0.9569896878604813,1.1539238818315456
-0.18755298450172297,0.951165295391478,1.164995592580077
-0.17349530167515245,0.9457067301795612,1.1600502811739686
-0.16084811244107505,0.9403364385053407,1.2039983907967788
-0.14773339588353332,0.935167339133798,1.2328776010395635
-0.13458524549232206,0.9296651965964858,1.1364211188756392
-0.12256137522854182,0.9235258709839402,1.0766278690868465
-0.10888761169394429,0.915852292647199,1.0540309501389753
-0.09537818800369653,0.9084504044804006,1.05977358528537
-0.08137957084834078,0.9023864373727536,1.2070905951266253
-0.06856563960218108,0.8978635383243623,1.230252156471714
-0.056349348826103596,0.892928027115143,1.2267983009889585
-0.04092632190231046,0.888589428028049,1.2215819631442837
-0.027814159943246857,0.883986996660961,1.215773950694573
-0.014138248901073174,0.8791940792268228,1.2065728602747792
-0.0007817239089824494,0.8735249635593336,1.1567751314775525
0.013724820459660489,0.8674011754616612,1.1713654977148351
0.027826848209338822,0.8624150703699195,1.2528476224337268
0.04165794448774072,0.8585928812581933,1.2776950888223277
0.05584669446455715,0.8543178905451474,1.2255517324077054
0.07084906339502688,0.8490864912138241,1.2032162640268356
0.08450096812325619,0.8444011511161564,1.24301480359259
0.09666313613014395,0.8395011561688278,1.1634250865452243
0.10969200030246576,0.83418708896908,1.1283306256518006
0.12292517433174271,0.8283225555889722,1.1453348049630774
0.13638929558432794,0.822906097995846,1.1915757764507584
0.14979879283396172,0.81820371014339,1.2127261630983697
0.16490652145961876,0.813910522681015,1.2246919983459148
0.17744938069170862,0.8093557642237973,1.2543897971090683
0.19167751385865017,0.8045155809527766,1.2664817591260045
0.20557457376111685,0.7998424109143094,1.1999611481571655
0.21699452869315553,0.7953364617828612,1.1676156878644601
0.2285099413466316,0.7894722729796833,1.0729826374771014
0.24091993087566335,0.7831696872332913,1.139970405677673
0.25511642288761804,0.776605531098658,1.1522948700733833
0.2686868658386968,0.7704763962269682,1.1407709151036542
0.2824449810141792,0.7646307765050312,1.1507425755090357
0.2962692614279565,0.7589195723283982,1.129333059146145
0.3076569036405014,0.7539770267639784,1.1646877735751247
0.31917272433385635,0.7486909818624987,1.1188647990041625
0.33116991690655806,0.7430342967608017,1.1000690935780182
0.34231347005487356,0.737591957719087,1.1466391990205118
0.35511699076683656,0.7312927546642827,1.0865261504146693
0.36618605684350525,0.72503718035217,0.9918958272075652
0.3792624909846427,0.7174019659350751,1.0435229288630974
0.3907566067183242,0.7106989307216365,1.0162864779897218
0.40070973467184434,0.7047937944014331,1.0097939364867081
0.4119611737252971,0.6975917529319086,1.009996064575889
0.4269857024095878,0.6881991021181074,1.0273740465703953
0.438880652373212,0.6809109409993092,0.996135461224455
0.4509569253420226,0.6737868106087249,1.0636686130879862
0.4633335511552121,0.6669879149878291,1.064572135556825
0.47556564131580475,0.6600669525065044,1.0506801922025388
0.4891400903027343,0.6527897879752733,1.0841279260524879
0.5035679537860431,0.6448626810915171,1.0739057951891817
0.5160825363396069,0.6367153437417014,0.9157720777711272
0.5265949429886608,0.6286102416711611,0.9022845168504386
0.5373059111099756,0.6200208889920779,0.9068200394575334
0.5483381105574734,0.6112009466499423,0.8829064018706508
0.558005154659917,0.6034574388254927,0.9156482821454791
0.5706872110764971,0.5952281226522685,1.0328407230927563
0.5836522536693358,0.588089680524157,1.0576639216895831
0.5940685398999425,0.5824518430941568,1.0553174006771353
0.6065462527745443,0.5757556079325781,1.0403239752005344
0.61603606634331,0.5698503229190418,1.025914054859901
0.6257098709876532,0.5635339768929475,0.9644902885262833
0.6358400172684093,0.5563996515153545,0.9690712726132574
0.6473061614553669,0.5485592221286468,0.9359474726758567
0.6594641605965079,0.5399804188964386,0.9553330914369224
0.6706934382007406,0.5316390614662633,0.9617588078132474
0.6800682004917002,0.5231685664575854,0.75582825859495
0.6864361986384492,0.5129807524941521,0.5272986120929564
0.693850502991895,0.4989572783517948,0.49428125631223674
0.7022189789418393,0.48689464169431124,0.6602109751896531
0.7106656430218646,0.476804830967014,0.731363908903429
0.7206552454126521,0.46535647792261675,0.7137328875277725
0.72957198664035,0.4542951632647903,0.6603846691370161
0.7400748857184911,0.44284232638793614,0.7848729464594486
0.7500589432293947,0.43466882803629353,0.9512575864846834
0.7587358072102196,0.4278431446494016,0.8215808319611343
0.7683378910763695,0.41839498929301316,0.8221631326547693
0.7780957316644065,0.4105322900628364,0.9337641632591197
0.7867417915261746,0.40452506847811753,0.9646800905634261
0.798698553278747,0.3956488659802302,0.9326525988676097
0.8092975823993233,0.38755429576963174,0.9416088377587044
0.8190859136046138,0.3793667105190294,0.8249572652904805
0.8292442738818627,0.3698473141059965,0.8158171105003615
0.8401027391154016,0.3598362721257719,0.8365214718601577
0.8511891809054731,0.35101852790503507,0.9047763901782834
0.8616236738964379,0.3429787126457561,0.9263372058687175
0.8717016979610345,0.33411569277908476,0.8150924880249237
0.8812068440111641,0.32471306770308295,0.7544170197632062
0.8903916406971816,0.31497473824420974,0.747320178031388
0.8980663044596084,0.30653806530082,0.7611507323345916
0.9070254144122318,0.2973255657523345,0.7890985597563862
0.9165753617636081,0.2875002272501422,0.7567405334754522
0.9254984715609893,0.27784500367838194,0.7310992504329639
0.9358807936155537,0.26706627995711946,0.7759224106713555
0.9454199097980682,0.25668585316118075,0.7002180139470899
0.9547455985606071,0.2461749176892405,0.7542056831541776
0.9646713390871526,0.23510597486961476,0.7139495286051029
0.9744290786512199,0.22457872598590492,0.7486065050317968
0.9837233834581276,0.21412513961150187,0.7199602089176239
0.9918869370299448,0.20529818574195813,0.7842023712816989
1.000689647408815,0.19697528548043963,0.8324932308666113
1.011508878279127,0.18734432031453266,0.8313995901058276
1.023944696395785,0.17634618584967887,0.8477590594312737
1.034108691347976,0.16729929173611088,0.8221821480776348
1.04406361658062,0.15835955799576673,0.8418343069825789
1.054322317620368,0.14964672746927696,0.8646531287577185
1.0646163196670486,0.14175602989606623,0.9167695251896972
1.0752912689953462,0.1336090986236048,0.8978510841097788
1.087412237073004,0.1239562856763567,0.8871402299445332
1.098497265095913,0.11470105146325066,0.8535494228112542
1.1083883661949894,0.10624754423310093,0.8660838561999181
1.119033200202563,0.097391663757439,0.8830763673544643
1.130059448109105,0.0888092166306889,0.8886738396480384
1.1390823978867575,0.08106310326359362,0.8513733324701643
1.1481234899591115,0.0733052928063889,0.8151615597403065
1.1581598382436855,0.06359387568991089,0.7920952865700952
1.165911908070294,0.05581452256508824,0.7827983019395396
1.175821193714084,0.04581584428674007,0.7836038086050805
1.187999968739487,0.03541778451504597,0.8707126055596125
1.1994818952006128,0.025743321892200553,0.875337188723078
1.208013446535241,0.01940544211673778,0.9253872308708104
1.2186059485086673,0.011114983993057975,0.9039000542034955
1.230150128565068,0.0010509748503831537,0.8384709813524232
1.2418156834723402,-0.009133331121646791,0.8551477910783116
1.2503152599951295,-0.017625904922825834,0.7252373793339774
1.2595992434810368,-0.027657165222285236,0.757631866984132
