-0.48890884468103235,0.16623675405270114,1.6188273472610506
-0.4752038348385373,0.1667663617163311,1.619693688977169
-0.46028918630737564,0.16752423331173946,1.6359816443895276
-0.4457080777262555,0.16836470567620818,1.6178021261683404
-0.43104397554044516,0.1690641496080628,1.6401422743182814
-0.41718852964384145,0.17016040166919222,1.6478523655273227
-0.4029094170588902,0.17143767507650381,1.6650904562409419
-0.3888438146982865,0.17357538388574667,1.7438936872665494
-0.3750345891068603,0.1757283406667902,1.737779516568789
-0.3611250182317777,0.17808695674203529,1.752756709280653
-0.34593214497659797,0.1821386942810091,1.8191886704719518
-0.33300859337699884,0.1860410732575644,1.9618928795072488
-0.31980267961068254,0.19008851928819517,1.8967846893918747
-0.3053749357414916,0.1920129925349131,1.6162271406097848
-0.292287460124621,0.19443376789178482,1.8549978402033518
-0.28003992913420295,0.1984267771472783,1.9203442210042436
-0.26565895298251857,0.20316117658106628,1.8877257722865937
-0.2516717174617807,0.20774910023873075,1.8940782870077502
-0.2363302894769116,0.20926569841554912,1.579039112528043
-0.22218987956658234,0.20975897852080094,1.6359259914291948
-0.20793388401740381,0.21236134540082038,1.8105698200576317
-0.19315959941978705,0.21576509361359913,1.8227449728227627
-0.17877033708548912,0.21903529690270085,1.8265134288725358
-0.16361572075890612,0.2228583124910049,1.8636572768924284
-0.1498878246326557,0.2276377379143656,1.9588109504227642
-0.135516012725909,0.23342310389030993,1.95591746918041
-0.12015782057637875,0.24056085682313277,2.020402721151007
-0.10720778235586054,0.2465224078148591,1.9899457399534926
-0.09420299003339425,0.2520095731704851,1.9264378293545026
-0.07973346799452477,0.2576029716548551,1.9583537157637483
-0.06682760579478611,0.2627159758084827,1.9890497656419797
-0.05305094847417765,0.26824859113178867,1.9847036907012805
-0.0395472500940371,0.27413545752425,2.043930961612269
-0.027028593618819142,0.27988406724559073,2.0072494068048763
-0.015080585015855293,0.28633190453844753,2.0491155017181493
-0.0026190891760444904,0.2935338806145301,2.0929747781127745
0.008236178726344374,0.29948030994351504,2.064727031736856
0.02075574014773257,0.30596245895669316,2.10701277799184
0.03317945624168612,0.31325645290817283,2.12765015923263
0.04565446876899998,0.32026255107695173,2.0988092818362425
0.05697016782107526,0.32711912128278736,2.130828585132036
0.07024998010308522,0.3350998672215556,2.13139550022965
0.0819606172046251,0.3423323529521864,2.137335369307328
0.0949275026464041,0.35121699585846755,2.1749209318689973
0.10473937591250541,0.35836426031330587,2.2464405065700985
0.11421799436190778,0.36780112800543935,2.3638510606020686
0.12358575429179694,0.37626594388859524,2.263715030112253
0.13412980990137707,0.3852783598108818,2.2934986181901333
0.14509272257734346,0.39456838317418286,2.2679516881827673
0.15785929378135755,0.40596840229347014,2.3255279838566714
0.16804001478418226,0.41662991709149405,2.3959639544763625
0.17768903985515783,0.4267637218335015,2.400986149045261
0.1876021562412865,0.4378312771245697,2.437056858000709
0.19586524235993621,0.4489095942476225,2.530035755559271
0.20416464620487754,0.4622075791537104,2.5904726965433227
0.2120828435041862,0.4750276522753713,2.58080231729082
0.21959624049602186,0.48703946450731994,2.5853851634324627
0.22808359119441446,0.49906199479316443,2.4992386845174854
0.23452222908305206,0.5081480440765622,2.465338485455137
0.2433245901375765,0.5185633094312945,2.4477672840185596
0.25161930486643463,0.5282742145213035,2.425144625719551
0.26115961485154643,0.539156366633876,2.4214024325868353
0.2730910270971335,0.5475483502284773,2.0819725111372374
0.28489637287079517,0.5532672524824434,2.0141594603678494
0.29762778078574587,0.55965303728913,2.0480408978250764
0.3063419616934417,0.5671681935969898,2.427799616148343
0.3172878903083303,0.5753823291484678,2.1226136847404944
0.32915943947739096,0.5825666940932057,2.117439921088582
0.34028221472989656,0.589133403029992,2.096460929508641
0.35260725100924667,0.5953493930069257,1.9779819086501669
0.36578383945678183,0.6014573620013007,1.9960466981022573
0.37705703244093414,0.6066791991441048,2.0012487311623466
0.3878318612806006,0.6119873894497123,2.048300836070681
0.4006591115769729,0.6183656881001167,2.0350357184208643
0.4130426533378072,0.6246632712633827,2.0280639243466605
0.42497669932805804,0.6260868710540175,1.5377360658713248
0.4363704930081311,0.6242544146818131,1.3009302258255833
0.4485215518453597,0.6226375480627719,1.4996875110095549
0.4612462113374503,0.6207973977982462,1.3900308494244633
0.4735248412478351,0.6154949442200872,1.0712959229470749
0.48410907314609575,0.6099102906784751,1.1305917764044802
0.4970567856381658,0.6050887804374117,1.1883406207785137
0.5097738242936155,0.5996050416159611,1.1400738650910909
0.5241586119465855,0.5932146428375578,1.142186514185755
0.537042401237451,0.5872648522450822,1.131851599630293
0.5507389105866345,0.5811706810201038,1.1499523425870404
0.5646524868883614,0.5753165406967433,1.090106273107593
0.5771526772280142,0.5691808293005041,1.151643481861003
0.5904760892694495,0.5647145275186632,1.248482827380544
0.6044714380416871,0.5611099899349615,1.2253277056433363
0.6172102516792949,0.5571215335702921,1.2328096305437277
0.6322742433416536,0.5511395713582592,1.1658140961556904
0.6454883234927411,0.5460326422752649,1.1813711879545161
0.658279413352468,0.540397069571033,1.116383811815858
0.670319101470508,0.5349968148634334,1.1522101500575603
0.6846591897707921,0.5288155268924158,1.210976681102572
0.6980242233880418,0.5239210363622885,1.179203885208449
0.7104667679286611,0.5183360247999316,1.1335049044634369
0.7229615208246732,0.5135487825544024,1.0885359718230856
0.7350207988360119,0.5066512144244497,1.0737626708601034
0.7487143022624213,0.49943551748993914,1.1176574709056908
0.7630920021758928,0.4938694092385118,1.2002747397954372
0.7765033966291403,0.4892910693708886,1.2197043623984947
0.7904907800710309,0.48486530933768396,1.2196502008707863
0.8032185864318777,0.4807575288545128,1.2351819885758981
0.8165964121402527,0.47612253508920915,1.2134216411811063
0.8309130849860684,0.47071680245841535,1.21265651061992
0.8447649826610852,0.46557397581171095,1.1916507521559552
0.859098569645502,0.4607932444061419,1.1702404181081536
0.871190282279,0.45552339562175714,1.138791953504201
0.8840967508865296,0.44962001383278055,1.1068009002678674
0.8963621857565235,0.4428523805492507,1.0465642573289167
0.9077534812067755,0.43521758944018246,0.9271854935056902
0.916302528217102,0.42883795712009987,0.9232080317906509
0.9253041232047823,0.4237287508112978,1.0727604304413192
0.9367669097759028,0.41716066904404897,1.0178797886517568
0.9495866503337043,0.4089818094615699,1.0046392886813342
0.960217760985883,0.40243473894908066,1.0060327296574278
0.9704660381963334,0.39621176578375145,1.0170238998896852
0.9822100657406942,0.3872714271580337,0.9128114964533953
0.9923846313849114,0.38012889258750343,0.9764759919754206
1.0014891118350886,0.37376626508661404,0.9547261787196251
1.0115331011137367,0.3660906274990477,0.9086973711106385
1.0229234660052258,0.3568881285001214,0.8552869227847459
1.0312665108511903,0.34865287372440945,0.7704496715319444
1.0414658313609026,0.33882602908145054,0.8503983854984495
1.0506098358160763,0.330397647911734,0.8364185645242339
1.0593523477044826,0.32185095635639954,0.7691352993290732
1.0668187181436053,0.3154710520019071,0.8797693783993286
1.076617301816084,0.3082416107379016,0.9437350560155854
1.0870346802373971,0.3010820436202613,0.980964323787991
1.0988320677039558,0.29331758357706106,0.9759337563614631
1.1105635498368667,0.28563845497158574,0.9608589971113093
1.1187636155746925,0.27862471861776034,0.7548063718522082
1.126759584092776,0.26974538173387275,0.7551029286089349
1.1346715396833407,0.2606124694703175,0.6783171893535174
1.141824487034927,0.25195941895945656,0.7290905968082037
1.1508370137139436,0.24139150006044835,0.7120225398688476
1.1577794187721422,0.2324475055509001,0.6056445949816124
1.1650155432126315,0.22101399333669325,0.48393056119617417
1.171208126153735,0.20919561174754212,0.48413485092216035
1.1777200468545839,0.19654201004822336,0.4579100333990905
1.1831839385153249,0.18536003180358052,0.4417895703172129
1.1892248533532068,0.17189782588981659,0.44684562844636067
1.1950245621091558,0.1587083161689826,0.4403021598402689
1.2013598540519583,0.14538734716590146,0.47808014725549974
1.2069811015783605,0.13253453469087811,0.4244315425033888
1.2139893291172201,0.11820293574271477,0.49879144203115094
1.2210619390224515,0.10419054768899522,0.48418711673109166
1.227731957039484,0.09128428375616021,0.482357935994507
1.2367405594834682,0.08059275123761402,0.8470711134190866
1.2467917032684708,0.07212943076539305,0.8616060431359344
1.2568110684538445,0.06349776498181493,0.8612619139323962
1.2673256429567774,0.05501640254947697,0.9002393717005247
1.2770613588529203,0.04718919153564939,0.8956560155304725
1.2875833317858878,0.038862563134845256,0.9011540722474346
1.2967395135182613,0.03085692128927329,0.8285737828492582
1.3052177069719326,0.023008104972467747,0.8169396046382605
1.3140521526108162,0.015585482368430442,0.8859008279604937
1.3249018853841144,0.006932341680795091,0.8615509116257731
1.335020763623632,-0.0011304956488700135,0.9141128728443378
1.3442469020613506,-0.009267668038763282,0.8144274004516012
1.353876666281975,-0.018357933109588314,0.8035322250833508
1.3632229669265645,-0.027887526023956406,0.7905730910993268
1.372634231185659,-0.03760514578077935,0.7389378762798178
1.3829380463192487,-0.04837594257829175,0.7863404857796439
1.3919990076057005,-0.05735290505650441,0.7542261925247488
1.4018558435188886,-0.06779361210139884,0.7519320584271227
1.4117096879515363,-0.07757082963306151,0.800699063463393
1.4218824200096476,-0.08799184164636942,0.7048160175553514
1.4318254408687865,-0.0986549089393758,0.8185255165844176
1.444970517718375,-0.10565705834672696,1.220115822198662
1.4566553179543111,-0.11036264869120808,1.175318472723107
1.4666358296543889,-0.11596796927469269,0.9590136250961436
1.4772050727315036,-0.12435610408200523,0.8392371754359561
1.4875297263652552,-0.1332447527164348,0.8853728028419402
1.49732660025632,-0.1413109999186025,0.8658551041036631
1.5080064248240446,-0.15042643935411662,0.8640521435955245
1.5192305330447586,-0.15950754518640137,0.8919646929379309
1.5308865985027156,-0.1691925324897122,0.8878866861283365
1.5416224604891162,-0.17807037220040134,0.8570637828852735
1.5537291693585213,-0.18806252794137,0.8984656606642532
1.5653870201914304,-0.1960456644813016,1.0143834876814561
1.5779355661609926,-0.2036501070942425,1.0453196100261806
1.5898864078046306,-0.21075445253979505,1.009789789272454
1.6006242570961955,-0.21819385750573747,0.9253517480207595
1.6116973412701963,-0.22736864090226286,0.82670666665455
1.6223299510339335,-0.23732876033418673,0.8271480371650554
1.633454101763511,-0.24803436108669036,0.7768605519380488
1.642083822007597,-0.25676442147239065,0.781230806982195
1.6529862841026808,-0.2670958445277797,0.8366772474986028
1.6641039874753758,-0.276900675578083,0.8553835554446704
1.6749486577632906,-0.2862937640934385,0.8740389218646507
1.6846547240997394,-0.29464979193688673,0.8579518811580931
1.6940968612523748,-0.3032143490950638,0.8275819358282248
1.7059608570667966,-0.31112323961704996,1.1110354435864949
1.7170727621682684,-0.3176495132154082,1.0051235696600194
1.727529274718666,-0.3252364289743498,0.9202171067441602
1.7370426330965067,-0.33242800393408123,0.9279888301500289
1.7468724642268105,-0.34045678513327016,0.8842855699535652
1.7576320988362337,-0.3499433183507705,0.82131235141991
