-1.194354916287481,-0.6404995279623911,1.5807511915713128
-1.181557261534785,-0.6406924519979298,1.5503348207147527
-1.1665768622266903,-0.6408893358386346,1.574028258723645
-1.1521376659444598,-0.6406102090987037,1.6039819010251286
-1.1371905832653368,-0.6401672455046006,1.6078034744544605
-1.1228636973822188,-0.6396959926954502,1.617551126872743
-1.1087010679007276,-0.6383524725579877,1.6681208155974172
-1.0934551320477564,-0.6365978662129674,1.696604328276434
-1.0787942083135804,-0.6352214442310616,1.6973455443502607
-1.0646876988573923,-0.6332168372766003,1.7740039809127364
-1.0501822215130479,-0.6311405794003278,1.7642312817286983
-1.0361807107114633,-0.6284920526948751,1.8114803504038959
-1.0218645865699825,-0.6254795316114709,1.8140396696709238
-1.0060317561047711,-0.6216959592005781,1.8388255277359369
-0.9902051547276853,-0.6173553194265406,1.8715416661612148
-0.9775825258701356,-0.612983799674214,1.9216269257234564
-0.9638780508742986,-0.6082991705603893,1.9097122184598905
-0.9479101541964644,-0.6032065633904033,1.907405079404801
-0.9337875796554733,-0.5980559388796456,1.946820127940753
-0.9200198570252105,-0.592987130579085,1.9392817920939776
-0.9066370143679733,-0.5887538009553399,1.855020936821243
-0.892292955556355,-0.5851456312214287,1.8099352877273602
-0.8783857294918445,-0.5815561046302614,1.8529587992683627
-0.8628284975196723,-0.5776415196829084,1.8687006733380416
-0.8473721208266353,-0.5732297912738217,1.8743069131795385
-0.8319796689834615,-0.5686293177990551,1.8578777452077557
-0.8223278621803579,-0.5641152117576204,2.027012078051893
-0.8091473559398944,-0.5579955262219017,2.009927323107307
-0.7970868457500494,-0.5532580203931918,1.9535756981052608
-0.7833147559514492,-0.547767119159762,1.9770069671721529
-0.76948746679893,-0.5423824291698811,1.9648348630120565
-0.7571375096422156,-0.5379267891073439,1.9605954862759807
-0.7441730641710095,-0.5335839920479961,1.9464524832811019
-0.7301976461621685,-0.5284488658857899,1.9410836071374709
-0.715302725699757,-0.5233601916184686,1.9283256694097288
-0.6983184847799551,-0.5169388247573634,1.9178945394673417
-0.6848327894212115,-0.5114573580076497,1.947881213501239
-0.6705061581499697,-0.5050803590579712,1.9949786659092739
-0.6572384090843851,-0.49908621850481427,2.009800530798738
-0.6435014339318139,-0.49340213019320256,2.0159829417195825
-0.6308040090871969,-0.4864316889070557,2.1081906955662166
-0.6174369613689412,-0.478895960188618,2.1019704028898643
-0.6034264674100723,-0.47023876186515756,2.108487824062304
-0.5909987533726491,-0.4629610586992904,2.141031579579387
-0.5790292597288998,-0.4542757090823223,2.219127534470601
-0.5670257988963917,-0.4465733432846851,2.0934974790924468
-0.5541658100456447,-0.4393657979979875,2.0967447810838924
-0.5416920113877706,-0.430992847831479,2.2099029936720678
-0.5298859177066852,-0.42261974806520014,2.1655897736386605
-0.5188996927688174,-0.4146605485479707,2.223619710006174
-0.5072620714212213,-0.4062606728001521,2.2259273340869736
-0.4976788651564687,-0.3983738349735504,2.2976872755436464
-0.4869929165558839,-0.38978768763591837,2.234304862806518
-0.4753751526571367,-0.3810822401819769,2.205500497423382
-0.4628981362896821,-0.37130249625134065,2.264529820085712
-0.4512221607724359,-0.3616352683106571,2.251243128697108
-0.4380064455882537,-0.35072244110988693,2.258059570817097
-0.4265230397749431,-0.3405927093974831,2.286336980405253
-0.41661603793468766,-0.3317141810015317,2.324134958293481
-0.40727816828248914,-0.32470596242892624,2.163375845768403
-0.39656091088044193,-0.31706438629697975,2.242529101031522
-0.3850285712821447,-0.30745227361324884,2.2920244852212335
-0.3747048762026294,-0.297163138595009,2.4011107519776744
-0.36353701940034017,-0.28536796643979206,2.370419538101141
-0.3530948351028562,-0.27406777412233413,2.4041185196975126
-0.344618073224499,-0.26562175395644644,2.3228179744268433
-0.335207580626153,-0.25604740072228865,2.361393396232572
-0.3272806769075699,-0.24738729439869137,2.39097407883663
-0.3185231536029928,-0.23779329482423583,2.384083961799826
-0.30789664147459556,-0.2264866608086509,2.38823752052937
-0.29604136100451756,-0.22090150875006515,1.781448605829976
-0.2817306746533607,-0.2231127318423815,1.232688852792698
-0.2709524755181488,-0.2286784107557697,1.0420616955275366
-0.2576243290158809,-0.2345151924198222,1.261124022715252
-0.24261047551099132,-0.23822304218268225,1.377534047169944
-0.22833548605879528,-0.2406880328986338,1.3728891374852183
-0.21422927496677327,-0.2432977234475681,1.413063247620179
-0.19941082202728524,-0.24479098291537255,1.5022277132929418
-0.18496566808657053,-0.24527494129040858,1.6150724910954062
-0.17033516158234652,-0.24405223772812867,1.6851600666875641
-0.15635367693426738,-0.24161301551342104,1.7319597258176613
-0.14245549814361516,-0.23849521982213723,1.8131693113843164
-0.1282129386664744,-0.23553152924519255,1.7143872196052337
-0.1131711464363385,-0.2350961935429464,1.5633191627652119
-0.09883835698968847,-0.23777673672087968,1.2659884004073005
-0.08388342143413786,-0.2427654452265608,1.1951646848405295
-0.07044984465508874,-0.24813585320222972,1.1626855734668031
-0.057632885701753025,-0.25237569452363245,1.2595692691893938
-0.043151343286933104,-0.25638338262165505,1.2067783715611955
-0.030396580426251776,-0.2615706981599958,1.1641058667338315
-0.016977150814588976,-0.26705313135436065,1.1952361483305458
-0.0020910102034042487,-0.27255093642209455,1.150542287697707
0.012348922263760276,-0.27756564083195084,1.2354234289031782
0.025029086844993786,-0.28128449441512343,1.273111394274016
0.03835807566502672,-0.28494453877235226,1.28205227450444
0.051501603463750226,-0.2886730571426863,1.2142526119814405
0.064887223757097,-0.29350841165313335,1.2317989698882317
0.0786687373619633,-0.29816312768961556,1.2324450679649288
0.0920399979443013,-0.30249378945264477,1.2026346804832098
0.10387561750382895,-0.3073491321316828,1.2055409587359467
0.11756319193025952,-0.3128258087780605,1.1848556853134302
0.1300872335483844,-0.3178089414592481,1.1407379414843501
0.1425806266618057,-0.32342544507684956,1.1819861957936992
0.15585159990905065,-0.32867071947287385,1.178887050246856
0.16702311326355804,-0.3339263626024139,1.1360069268498791
0.1785206783084827,-0.33945457574792715,1.138845870167974
0.19078698149125106,-0.34433308689719616,1.1483105549296468
0.2025165068545806,-0.3497219912175497,1.1235496562608245
0.21558147477108552,-0.35645756236089815,1.0607448003470956
0.2285409108512919,-0.3631111040399927,1.1114398400478789
0.24068075578338496,-0.36909689797442335,1.1024100717173047
0.25284893562728084,-0.3755349489327599,1.0355891147553646
0.26491092429773505,-0.3824083606562944,1.0618067872942247
0.2767256800977541,-0.3893073139138044,1.0265126542000684
0.2891687182826262,-0.39718563474265417,0.9848919491294931
0.3017080570140143,-0.4060510141976137,0.9233065993792456
0.3135397776995212,-0.41465554502741747,0.9198659266356095
0.3255118087052806,-0.42299400538725956,0.9698052955520157
0.33732799302694016,-0.4307609152302541,0.9887731486037782
0.350040820952549,-0.4388705849956027,0.997043763491112
0.3619067586052178,-0.4468851394678614,0.9792700339075465
0.37239049950182224,-0.4537295642107264,1.0143226936885748
0.3841731557467467,-0.46167719296577814,0.9689453860575885
0.3949674241888205,-0.46924129010747345,0.9345964680813916
0.40773436586502365,-0.47846411184140186,0.9169598684548584
0.4199699396803089,-0.4882594523414131,0.8851788459270501
0.4306753214620569,-0.4971014411670301,0.8685802094816938
0.44254135319909715,-0.5062316825568055,0.9218645485293236
0.45391972314071716,-0.51555130221237,0.8463808146333164
0.4655958364241783,-0.5253807772090966,0.8615846194458774
0.47605300772828346,-0.5342424627837818,0.8833187884564564
0.48697972432978653,-0.5436455597507844,0.8077194794819724
0.5002875319023048,-0.5534100572847443,0.9874462668446928
0.5140626634460326,-0.5612486691617298,1.089990041823251
0.5229044418011822,-0.5660582145285263,1.0774511708942445
0.5344079115640534,-0.5732766711232732,1.0190984326145829
0.5460420219072502,-0.5811199689347555,0.9630614950413284
0.5576117873887696,-0.5893228610685242,0.9687767560848739
0.568742804760849,-0.5968022754603733,0.9952481871980734
0.5797326605009735,-0.6045717720011587,0.9326522239703222
0.5891746454963771,-0.6133046283546348,0.7986123594847332
0.599568923502782,-0.6234604340061874,0.8014468802129207
0.6100723002218494,-0.6339666150290956,0.7562520330874746
0.6209648737023369,-0.6450601451953408,0.782025519284557
0.6292905366922675,-0.6535070215030959,0.7620632319132433
0.6396070372963536,-0.6636682925421623,0.8092015137641007
0.6491178708083968,-0.6738882915962262,0.7035871851562646
0.6601278049257487,-0.6860955785831591,0.7510449867176165
0.6694837768370295,-0.6962269188915261,0.7747676360694281
0.679666547708163,-0.707064419493668,0.7545311441647184
0.6889466371288163,-0.7168392881551399,0.776523904602023
0.6987662574050804,-0.7252967676749722,0.9059546224091972
0.7101855384278619,-0.7333574534292803,0.9508035307792914
0.7204387413047916,-0.7419575333350397,0.8634758924307733
0.7320204768930751,-0.751986348404264,0.8396284685616556
0.7417925895705666,-0.7607630201745671,0.8379779745549694
0.75280766054913,-0.7706422144844596,0.8375142920969437
0.7618411600174689,-0.778444723304968,0.8610818962555393
0.7716496049863365,-0.7870442107191655,0.8328770396635332
0.783735780605977,-0.7976151955722768,0.884959883203547
0.7933014082226832,-0.8057407643965655,0.8553215746341926
0.8039809718959002,-0.8149110450745519,0.8638003173321728
0.8146390108078694,-0.8235062398609982,0.9025799460464587
0.8262203691601017,-0.8329611112211706,0.8492779726510756
0.8359433513586219,-0.8419748977378773,0.8370178639510837
0.845959304236855,-0.8515708250411241,0.7682031173439635
0.8554353373613361,-0.861808342951192,0.7463541252910894
0.8664170184593584,-0.8739473553085667,0.7419072977712008
0.8763861845798774,-0.8846671748587213,0.76144284399906
0.8877417517568705,-0.8955115499155168,0.8301673005689674
0.8980394976246374,-0.9052497813732185,0.8039759822681529
0.9072453893428654,-0.9148206972077624,0.7449165866499251
0.9176958622484277,-0.9260044889245234,0.7896527331196144
0.9261147140208594,-0.9356008785227459,0.7148634282432906
0.9354885052939501,-0.9459319296938251,0.7429018692256171
0.944504409032697,-0.9557199963738532,0.7638209174489566
0.9544926985317775,-0.965676524967373,0.8120170117387567
0.9645741611340618,-0.9749294588411243,0.8338300775569835
0.9756405211721659,-0.9848530039893851,0.8534100639572059
0.9855823227953144,-0.9942651976135775,0.7790413126763225
0.9955293323469979,-1.0038810876950546,0.8229721286031525
1.0060945159471744,-1.0136259521813684,0.8458223154232872
1.0166468692881612,-1.0235286361529443,0.7739222977849171
1.0259581124467954,-1.0330386594517453,0.7669990161811124
1.0348609056753197,-1.042771411956643,0.7766268603212022
1.0462069375526193,-1.0543557348472046,0.7515815201977374
1.054939062513969,-1.0636420472932333,0.7519053285298648
1.0641483874953295,-1.0742099036967756,0.6745122753862354
1.0714631986270349,-1.0837641448852575,0.6754809892619296
1.0808451305558233,-1.0949332333589217,0.7070374894363487
1.0901338994069032,-1.1050740768678253,0.7461992363369866
1.0975570208740641,-1.1141024013807446,0.6397941592776419
1.1059854902840636,-1.125324433496789,0.6133007468094129
1.1138489977998887,-1.1369665376113312,0.601833670764189
1.1212795213151598,-1.1474115822145203,0.6342683696311612
1.1302507218734572,-1.1583664031547265,0.682134609324195
1.1382257443083963,-1.1672427960024707,0.7647336827237966
1.1469700745741254,-1.1758586669401985,0.8125202454101603
1.1555720320196576,-1.1838490483039819,0.8240439082743671
1.1656751953215394,-1.1938488943274088,0.7772845610485942
1.1747072892798693,-1.2032101832895725,0.7408790104764003
