0.5374489834899633,0.26393558918144183,1.6215595873218547
0.5507175746001732,0.2647829173356544,1.6335338120314822
0.5659098307779795,0.26542923494921816,1.6271735898571873
0.5805002863918021,0.2661779479056341,1.633860424190988
0.5947015827592887,0.2674687261517411,1.6854174052735962
0.6092160103018557,0.26884268123225075,1.6920257105231844
0.623072939066885,0.27097430655198107,1.7082995621504133
0.6373677792014479,0.2733613767669511,1.753023114025753
0.6526112289951833,0.27611787333354576,1.7840623445456034
0.6671732953666061,0.2794076867575117,1.843840692353565
0.6815854051829244,0.2833585423280327,1.8434605073236268
0.6955796199207214,0.2877661321407691,1.8872929014779927
0.7087709316013905,0.2922495316010174,1.9383480708418168
0.72191932376513,0.2958843292605319,1.8530957569276771
0.7346382309659069,0.29950532317419665,1.8735085708819217
0.7487221850360862,0.30411579043867537,1.9218350427143445
0.7640111622398794,0.3088021032308561,1.891152017616339
0.776930349393507,0.3115126851278321,1.8648237007688384
0.7905577162254029,0.31597199924739305,1.9544400216953592
0.8037205369017834,0.32018890107409087,1.8815016009866394
0.8179097941404511,0.32432192184747155,1.9026004525425972
0.8315378269798476,0.32843412779725556,1.9157096695144296
0.8447581504821363,0.33254958508898047,1.8913270339254908
0.8586768880817084,0.33813325554010404,1.9807493941300913
0.8737805472424665,0.3444646989098808,1.9627698285780573
0.8879908721458919,0.35012289172161426,1.9350293699339935
0.9027371528955488,0.3559865403770847,1.9957024202901186
0.916308746089775,0.3618912879304363,1.967643549905408
0.9305004666994459,0.36799113542861894,1.9815127544855056
0.9433745624764959,0.3740001434382862,2.0027090707958926
0.9579957082931803,0.38015176342632584,1.9664887087847147
0.9711608094917289,0.38497496067339576,1.9504110090913167
0.9849864249195234,0.3902889385814412,1.9695682341476053
0.9985218083453128,0.3952897769386946,1.9807095458654156
1.012415106419084,0.40059801909429255,1.9767235588116714
1.0267388202230125,0.4063002128274749,1.9881365160521596
1.0411910046769033,0.4135030210655964,2.0386420876364384
1.0551808731826662,0.42002656909117947,2.031605305581911
1.0682001918878685,0.42660087556396986,2.045328016039461
1.0823626845062593,0.4343046635722122,2.0578261685884556
1.0945382728268496,0.4413711503632591,2.093735358654596
1.1072359569900416,0.44748636492955024,2.0313734271392803
1.1216771728723873,0.45512545114773795,2.0864231115619454
1.1345803931770324,0.46269506035989794,2.077853206373271
1.1485690671724058,0.4697852192065073,2.0922856578959057
1.1609555731362224,0.47716502678330575,2.141202848181723
1.1737555998696945,0.485677608997309,2.1717809003145065
1.1837477255444908,0.4948009284247829,2.385394859518096
1.194989951600494,0.50700143467586,2.3510410609179777
1.2056016548217547,0.5186814584343588,2.406021601286459
1.215063180240676,0.528747150750176,2.3892564823451656
1.2245556323110094,0.5382195362943154,2.334431428019311
1.236679691043077,0.549061908638307,2.29674771029887
1.2473638159486393,0.558619601054787,2.2696252603204496
1.2591712353842595,0.5687569831120118,2.258150521296769
1.2713227992680034,0.5786919958239826,2.3014996510979366
1.2834563940929247,0.5888780276547151,2.288331580310426
1.2939370041401967,0.5983007667456107,2.3179501800204845
1.3030648230435202,0.6074973883431373,2.378112002095123
1.3133515507911813,0.6185097510010048,2.454049183640252
1.323490366294514,0.6299889468274484,2.3950387264665243
1.3341156173964812,0.6409663408583731,2.37249635453313
1.3432982483496896,0.6513749652137089,2.441630623875508
1.3535913512549917,0.6629257157179261,2.388442775536849
1.3647835566670143,0.6693237972571753,1.9103508504924334
1.3796905662673733,0.6684659156453013,1.282489212246855
1.3949193366255526,0.663282644036677,1.2600026376064144
1.4089085596099307,0.662911881406944,1.7017022245384414
1.4230856230354576,0.6664886056691193,1.9251784395258222
1.438587472217149,0.665114193067966,1.2467224831542163
1.450661720512556,0.6592627019939911,1.0157487145593507
1.4600041335151024,0.6522794630021604,0.9115813783865739
1.4705257146425275,0.6440591752886698,0.9012782679474716
1.4823322661961682,0.635079987224179,0.9136950413459178
1.4932553531757955,0.6270734329430558,0.9476710174814112
1.5041412293918843,0.6193246258089424,0.906867041534093
1.5140597528597848,0.6113247949710541,0.8652221975299073
1.525054890154958,0.6031189063104151,0.9314650909876628
1.5370200381075652,0.5959439547803332,1.1055895038805852
1.5499792336640077,0.5891217070923163,1.0655504147713764
1.5624330883179542,0.583038401927072,1.1578048923624316
1.5761387572316565,0.5774074357562986,1.1746461866985043
1.5899126965637376,0.5711871084401429,1.1519355499250175
1.6003248357031667,0.5648678238531505,0.925649286934152
1.6112335508793294,0.5566829766691035,0.9269774098079661
1.6212822974346428,0.5487515520498168,0.8893379329206182
1.6335208460995188,0.5402232169916078,0.9819672402424802
1.6450503767194136,0.5321280751822355,0.9566936817719437
1.6569832111929774,0.5235966663962442,0.937893189245689
1.667912447539967,0.5160312935243346,0.9881428094823457
1.6789850415279282,0.5085570284266601,0.9661452454458744
1.6918362362297168,0.4990576644844367,0.9371931460009413
1.7029162504076036,0.4921485638461668,1.096172509994179
1.7163520305719937,0.4862833526883845,1.1537888581283648
1.728220985680456,0.4796390656765399,0.9948157693996708
1.738660186640474,0.47212417041134513,0.9349642115622673
1.7503994707684998,0.4640286130835427,0.9908171536066639
1.7645256975791146,0.45596735135327265,1.0705524234898434
1.7777758513865614,0.44933950799825323,1.1355749119946965
1.7909889622186626,0.4431757911631965,1.0708812206520164
1.8038612395824332,0.4354528550130036,0.9931795002720656
1.8140252890205664,0.42732793140816583,0.8337339864608637
1.8233964763137382,0.4192770922511345,0.8607339570214135
1.834709525307381,0.41000114195599696,0.9037651063782488
1.8470189630025688,0.40095125773574775,0.9439480560865801
1.859782565544607,0.3917213687827174,0.9446464724429865
1.872975214559487,0.3836630553713257,1.055746195730372
1.8851280240534514,0.37623896773751786,0.9929176542339629
1.8985373160846026,0.36784891307965745,0.9770456501637063
1.9107086766406456,0.35951139076306665,0.9566937788425336
1.9231887758030768,0.35040580533043714,0.941860642408687
1.9351791713973412,0.34147793175534424,0.9219860885597958
1.9456665920746232,0.3335339412547543,0.9226228558990645
1.9585683628641994,0.3251374149724326,0.9669039758300982
1.970132306055867,0.3166421950015436,0.9041910275063653
1.9781566672547184,0.30596093176692646,0.45204455483472733
1.9858791646336602,0.2917960749013947,0.5492694486250742
1.9939889132864657,0.2794150369000515,0.60556548126202
2.002413314359426,0.26890018351671074,0.7261367757979537
2.009479217009481,0.25812014734863997,0.5272066487182075
2.017900583114356,0.24573184561707187,0.6370029399326382
2.025910773911981,0.23432684375608664,0.6352188987050049
2.035146851477817,0.22200251683883998,0.6653298078668727
2.0435814728657076,0.20984977723217768,0.6055786961414522
2.0517544609457405,0.1978716834602895,0.6488914591668745
2.0616111586361496,0.18555128508595956,0.7223063482835756
2.0706974045222526,0.17532463418355929,0.7456780340658689
2.0795010020607294,0.1641294443117057,0.6487118266243308
2.0876378961108006,0.15550500038674808,0.8536572885841213
2.0976853819883408,0.14640593577470756,0.8380057309505445
2.1089302623640824,0.1401840411147433,1.1165324697307653
2.1215218911124203,0.13366683742679508,1.0407442650118393
2.1313979754304406,0.1251329985767158,0.7816562775871337
2.140742346427412,0.11608690611038731,0.833073397458773
2.154174348634438,0.10564415580833363,0.9558386822963876
2.163533408892339,0.09787500088533393,0.7850456524340985
2.17474161314199,0.0871611876037136,0.8098274409627125
2.182819811836621,0.07970307451688655,0.8117648148842729
2.1923069569370464,0.07132116231979137,0.8602738566267478
2.2002724515909176,0.06316708482184732,0.7651531098996895
2.209625133491275,0.05314048453341946,0.7409610580121286
2.22026326068916,0.042291602959690706,0.7777553787859716
2.2292232460878485,0.03305197630812573,0.7926915337331375
2.238151589993109,0.023048643149862377,0.684042630035447
2.2458154527942176,0.013194526274894768,0.6920252303998791
2.255444747992152,0.001163831186094165,0.6496900410365322
2.262901155769433,-0.008153550433094818,0.679436739702023
2.272251761782002,-0.019567073815423625,0.7190995312070443
2.281885437366855,-0.030989855433446185,0.679519454508822
2.2921812699027844,-0.043930304366030015,0.706231250001796
2.301845951264087,-0.0560336171062581,0.6598499399763416
2.3107132861021698,-0.06746460948504689,0.6209356315104514
2.318261703646017,-0.078240862791895,0.6499190465734933
2.3285559935606135,-0.09031125944342341,0.7182704930349321
2.3376063428744445,-0.10081441184414851,0.6982682749826095
2.3441626781824114,-0.10902811907638701,0.6658816978374952
2.3544744458932643,-0.11925014617877719,0.8392873652530828
2.3642325990333335,-0.12801258405656968,0.8529458645369526
2.3755891393537545,-0.13882687597752127,0.8126677451668758
2.3864600201636703,-0.1495710348521698,0.7773771183525056
2.3954251484832456,-0.1599819478652337,0.7045501157304972
2.4038429358444233,-0.17075940186434632,0.6338978778790065
2.411843539609561,-0.18220081206640173,0.5851811555614161
2.4198218985131925,-0.19503749848211682,0.5271226691670307
2.4281609287869395,-0.20710226161061748,0.6528525382075461
2.437632252473725,-0.2194418299394978,0.6720194059999101
2.447736432778779,-0.23154132121271168,0.7065770068021265
2.4581245759359143,-0.24273430733364254,0.7554766797039847
2.4673685982753066,-0.2526407527508551,0.7532121418462804
2.478460223995594,-0.26389065314006926,0.7837639887155768
2.4875606998959485,-0.2729943666039157,0.7871007693822738
2.4981453392156725,-0.2836126159281831,0.8048227136474305
2.506202458030544,-0.29249521774185966,0.7142457645702159
2.514391720582922,-0.3027725901833594,0.6392176834726369
2.5227261096503026,-0.3134647395260141,0.6409710798053738
2.5311247243720674,-0.32601338469716934,0.6169925502575015
2.5399258462962826,-0.33790297170899053,0.662349288796969
2.54908084885787,-0.34825081464539,0.721728897445728
2.5588391132588355,-0.35781647934561406,0.822199483152135
2.567770114365093,-0.3645572837751948,0.9322169486871162
2.5778508693796316,-0.37195970723442495,0.9526747924498395
2.5874311441209112,-0.38093115757949486,0.7455089036150065
2.598937057919122,-0.3935258355204053,0.7390000245079774
2.6067797970610425,-0.4029119247129914,0.6445600801933247
2.6140968454669715,-0.4130672700039861,0.6285684470524824
2.6208412280851925,-0.42088661830788693,0.7288881511717997
2.629776851925508,-0.43078766634480675,0.7097141180296869
2.639669303216533,-0.440872867169958,0.8055833046899332
2.6489833181912426,-0.449626700624001,0.8165725944358506
2.659443055751227,-0.45962771205595787,0.7822119799887534
2.6700672703941355,-0.46952558640118486,0.8146553196808214
2.6784732908864313,-0.47674892934981017,0.8766245093415933
2.687233074647722,-0.4835621753700774,0.9019831454909734
2.6980145001036995,-0.49234225732126974,0.8767175071417324
2.7101540626866303,-0.5017536306500018,0.9032830318500569
2.72197786460599,-0.5098554924941698,0.9608474866099752
2.7319193922872405,-0.5177872246048595,0.8112218651382074
2.7409789001569367,-0.5267218895574535,0.7840643368536013
2.7525851781490758,-0.5371328119098946,0.8729186171401949
2.7636608073981543,-0.5465714277974874,0.8600677310614987
2.773838135552146,-0.5563273871230471,0.8271156449209423
