-0.09125031006016783,1.4024965483777034,1.6178159932092966
-0.07693388676509808,1.4032108405002006,1.6327320741289888
-0.06219606733911849,1.4039367404774068,1.6080571408352022
-0.04787773515444754,1.4044774030877183,1.6050915836453483
-0.0334575378922384,1.4050733437485725,1.6246844315595375
-0.018938350259644972,1.4059144226472857,1.6348641478042685
-0.004612032655618171,1.4070984526270496,1.666495435131307
0.008385019113817619,1.4086549404949202,1.7067260974196232
0.0228869332708063,1.4105858926011836,1.6980354755387597
0.03808882519177092,1.4122978574685379,1.7038851982112164
0.05251062219171289,1.414374793529557,1.7092236327806398
0.06642549112025824,1.416559316350151,1.717609167342346
0.08013936581267429,1.4201867498480931,1.857353101977204
0.09355851263304636,1.4239002777001681,1.855870279165809
0.1080902442832004,1.4289522874542935,1.8900977904523795
0.12280304559756859,1.4333629751209411,1.8714174376094634
0.13547988593556493,1.4373341567406526,1.8903382603257688
0.15002682223798344,1.4414428186313977,1.867612006369407
0.16385047012968404,1.446028445186713,1.8904181983868777
0.1777321420587958,1.4510399293660357,1.9090028736100937
0.1909740173388891,1.4565607465391068,2.016315666712005
0.2049312696765592,1.4635628951331137,2.0506335834751948
0.2168437496124863,1.4692784471931901,2.0178491026579013
0.23048726814685383,1.475120295671247,2.0015146721256483
0.24306213161720067,1.4811130755216326,2.0317444466486054
0.25624928421322496,1.4868841532741712,1.99077019291803
0.2693411954655463,1.4924956437835257,2.0028300029328197
0.2816169894235394,1.497780427439836,1.9785010330409525
0.295106171738606,1.5020034575017125,1.8705936224646804
0.3074673206737678,1.507700970149693,2.107934351509254
0.3199046894739284,1.51475767465872,2.0907256065378896
0.33164444240663915,1.520998067419905,2.0585434317842513
0.3427881762912027,1.5270009715136514,2.1091767512579147
0.35493614181940075,1.534381768251155,2.1403319591901298
0.3675431845613128,1.5424768364264603,2.148898855742094
0.3786774355228462,1.5494658098752305,2.1257075981736673
0.3907181166033099,1.5569291058309296,2.133265935940824
0.4028410191474804,1.5651560954586554,2.1745113024015272
0.4163656758725785,1.5734994103256694,2.1567714029886957
0.42757385008203436,1.5808844668192292,2.1584196509046136
0.439887944776125,1.5896206489908187,2.2369048575174015
0.45138197449412204,1.598372859072921,2.217764626916806
0.4626271305213076,1.6072109876025824,2.250819041210505
0.47420498337650474,1.616744920154235,2.274318019426153
0.48478277318107416,1.6256871518833504,2.2734812906458903
0.4938264356734922,1.6348251524423856,2.3633057439466545
0.503774141100543,1.6440681640463821,2.326154737746874
0.5132573650572392,1.6536707445076655,2.385346591657134
0.5216116959496231,1.6641121225899118,2.488285028362556
0.531464651198522,1.6763896227979669,2.455128534285581
0.5406900738250577,1.6882420677531225,2.487412446482956
0.5500159649122565,1.6996293368345214,2.4399896995733386
0.5601899766249437,1.7108186873594389,2.3913392827227917
0.5692598376630663,1.7218690165231016,2.4521588954231603
0.5793648276568859,1.7327394839854724,2.37090521462762
0.5903587899504072,1.7441344193922728,2.3877907478229417
0.5991657036199254,1.7533542634775514,2.3953516748368417
0.6080841509534322,1.7637361162460443,2.4229842910393486
0.6227947032336304,1.769142497744418,1.5797572470079904
0.6359324878410775,1.7655293297676455,1.1201518860683308
0.6474935773239382,1.7579960848557674,0.9492523573697825
0.6577886611636141,1.7483386853933165,0.7512482998319927
0.6682299313221878,1.7375906249326258,0.789309745345514
0.67754654103763,1.7285182180776357,0.8013142010215922
0.6906239087418555,1.7254709804872093,1.746270168618724
0.7051530712469014,1.7233254549458994,1.169658203053838
0.717694703195108,1.7172063731895113,1.078339364923264
0.7282788995693853,1.7125199718144293,1.1416735750564098
0.7397145143505053,1.7074468294838092,1.1240042653550204
0.7511666211162359,1.7010392804531944,1.0500400769615104
0.7627231264478886,1.6951574466591701,1.1266735838140522
0.7757703609415438,1.6897447422899947,1.1130811336045194
0.7869626244056719,1.683941049951762,1.0819770781127755
0.799288421149413,1.6779054801741426,1.1010302306253414
0.8105890056139097,1.6725258533255005,1.0629047593620813
0.8208269970500464,1.667752481960386,1.1212362449280875
0.8340716642634031,1.6615451001691288,1.1345115088938484
0.8446245974161252,1.65352191853911,0.7533802392712131
0.8530926975663379,1.6432026362449028,0.6187207158618787
0.8610248183919043,1.631375507899499,0.6090949547312509
0.8714747021520609,1.6225101014756818,1.0125137460258948
0.8837292703094475,1.6162956750882762,1.1535740624134954
0.8957301693071574,1.6090556505136953,0.9670462355044436
0.9082557584304919,1.6015816473530742,1.035933646088805
0.9216293098569035,1.5937703074861846,1.044865202223931
0.9347029732866927,1.5861275982234826,0.9995169216589561
0.9475788015270742,1.5784198160873726,1.0317174639732605
0.9592777156030285,1.5724963376179981,1.122044536003209
0.9734393321636121,1.5658450386565557,1.1002944704350621
0.9854691591712584,1.5611202482219053,1.1678575492267398
0.9985573834278674,1.5545770604601772,1.0466818183650204
1.007598799069014,1.548909674191363,0.9788527560816311
1.020835607375215,1.5412120417439032,1.0860341359061527
1.0338617237791974,1.5342613256220723,1.0517769222517757
1.0477744452959545,1.5265349543880837,1.0657986684298806
1.0618113071816064,1.5196753082552716,1.0927941609695584
1.0741813563388656,1.5125213273217404,1.040542213832942
1.0871435426153588,1.5049063048752513,1.0426630300184807
1.100074690472129,1.4976354101037954,1.0736644462063134
1.1133600241324932,1.4905267999707794,1.097107242321059
1.1258678198818868,1.484386867624372,1.0985225004864605
1.1382567493191698,1.4778440030789766,1.035456390789286
1.149723656871448,1.4699914973116674,0.9392778746013678
1.161078381383692,1.461403301988249,0.9622986860891007
1.172755469715057,1.4537152664266135,0.9602032473999537
1.1852121725557392,1.445294518762519,0.9598013626257841
1.196200527859817,1.4385511165744314,1.0110102388326763
1.2094155217395042,1.430353201406924,0.9839273659808409
1.22207694287464,1.4228763215600035,1.0453182248800819
1.2332999135788183,1.4156805774186256,0.9567116011481961
1.2450195788417815,1.4073768874052002,0.9261717970083403
1.2553633382208669,1.3988531204799386,0.8509467588721321
1.2645671638755211,1.3894784763791537,0.7607522328217654
1.274480226225154,1.3791435947737565,0.7732694597580719
1.2832950892185215,1.370533342353534,0.815274392194028
1.292250144048074,1.3622492470133143,0.8183290032892725
1.3028998593779841,1.3517503961752888,0.7714872290761865
1.313826593697954,1.3399525113894875,0.7533960142526296
1.3218930211048607,1.3293459930448714,0.6384860625466785
1.3300260001338478,1.3185696829218365,0.6445293407392115
1.337279177730477,1.309384594383733,0.6599871125727061
1.3440098273973446,1.3014218352016664,0.6864961399699004
1.3541056232780404,1.2920174448095476,0.8730729194967473
1.3634996082781188,1.2836936521850335,0.8226998242270422
1.3728959552085798,1.2736627473152409,0.6898861509809279
1.3798735858534739,1.263906739076683,0.6198632343438952
1.3874796270073868,1.25371761169038,0.6749111501502028
1.395171785476883,1.2442441457108273,0.6902664614186789
1.403991262372905,1.234130309060308,0.7590856490207547
1.4137753881049935,1.2240685781868659,0.7448102697237065
1.4240794963564896,1.214288109417938,0.8593659023477106
1.4353946134798392,1.205320413865604,0.9331112650095593
1.4464816299129613,1.19760261056854,0.9486743499659526
1.4572226087788431,1.1897781907498544,0.9295945913425874
1.4675145731188224,1.1829320874118767,1.0392269204998794
1.4794361766270694,1.1769895642370014,1.123571325353775
1.4889149385260865,1.169745063353626,0.8516157984213749
1.4987845254874244,1.1609229395677685,0.8262703780700031
1.5089373325572497,1.15142675009005,0.8084117460834316
1.519146900314336,1.141255267004737,0.7841462987986562
1.5271286669296997,1.1316363187201535,0.6414577856970897
1.5350512369025706,1.1210718334985033,0.6853501348570499
1.5466362783310335,1.1092475917390168,0.8334743418631323
1.5572175569738713,1.0989971043146334,0.7724349188673048
1.567859135859126,1.0879663274199787,0.7630780852953828
1.5769011499917698,1.078632043011072,0.7544031066846678
1.5843531409221594,1.0698391637148252,0.7092027861408328
1.5941457178640939,1.058616809632357,0.738595622093539
1.6041376867952386,1.0477700532686574,0.7518019262993378
1.6122833673112007,1.037198995023937,0.6189498598974976
1.6198882526160154,1.025914661560399,0.6118433767019357
1.6284963499659169,1.0133342405560126,0.6024106849695141
1.6362555547696633,1.001665856032437,0.5510604931999981
1.645483662434932,0.9878715804389366,0.5802217248498027
1.653538939405622,0.9762885423645746,0.5976329365074058
1.6616951862656784,0.9646191491458654,0.6200861855308668
1.6692435713794835,0.9535048769219828,0.5844800041646978
1.6752724934037249,0.9441463322880327,0.5556669518162324
1.6826034175555444,0.9336876789533963,0.6871484311567067
1.691209822914357,0.9237639314237167,0.7405878607535671
1.7003576679422778,0.9119872799353064,0.6175719298270901
1.7095498874982376,0.900988803276299,0.7522903066389924
1.7198334835638232,0.8895358569145555,0.7439340761669926
1.7301097674980777,0.8781479148435422,0.7207679112490342
1.7398058831706527,0.8679864036452899,0.7844272569467498
1.7500248329736763,0.85834151023278,0.8278184431068324
1.7609907371581834,0.8483297521849928,0.7973877631533787
1.7700969694047768,0.8388170986004087,0.7412013846479016
1.7802176415687236,0.8291508024201358,0.8284391578796332
1.7899100208072989,0.8204371126487136,0.8233016802641734
1.7998407780174004,0.8104092874350193,0.7375249946258291
1.8094090752351233,0.7996755773916263,0.7324677108200847
1.8180886357480814,0.7898436179797284,0.7234092301066976
1.8274445992267851,0.7796199736677375,0.7646409181289471
1.836721090059839,0.7706876987134934,0.8759150765597961
1.8474118892655427,0.7613980264520595,0.8409218428031111
1.8573009352991,0.7526114814311563,0.8624635219909657
1.8696980205597808,0.7430495541597386,0.9679211500987562
1.8806898833944852,0.7348573860035018,0.8913174822687159
1.8939187601769243,0.7251759742217011,0.9816349213707541
1.9065354786386477,0.7169498799875493,0.9829403435995916
1.9177970278829097,0.7101846854437752,1.029210366023187
1.9311015149008894,0.7016353039378446,1.0035973018847917
1.9430799135431736,0.6950627210468348,1.0491978439015948
1.9559312024194264,0.6873255806545263,1.001070936992177
1.9683311929364598,0.6793287641333042,1.016739438714942
1.9804595220209538,0.6714098149124553,0.9696725788947413
1.992370618459139,0.663927370812751,1.0362881121051104
2.0040036413963076,0.6578635333951415,1.0851540187832396
2.0165271315192097,0.6515973842687002,1.0882760719363553
2.028421137093393,0.6448491770237491,1.0361238306716138
2.038388192865403,0.6385006037031805,0.9735823222045322
2.050182562250847,0.6307696078402206,0.9532277192972471
2.062959766383116,0.6218178614619064,0.9406951942440799
2.076105619260533,0.6121698057160382,0.9130184083992395
2.0880711763427735,0.6028005021546903,0.9099689912990269
2.0996218171846603,0.5933476431222816,0.881513691486132
2.110958598688194,0.5843832941476018,0.9121132411106954
2.1220416805480613,0.5761995350335136,0.9335259735983644
2.1346422707587136,0.5676945597867316,0.9834486691513286
2.145088478736263,0.5597750102802829,0.9010965979293694
