-1.4819594538752987,-0.08944601097129826,1.622165965623033
-1.4687001954314176,-0.0885869993931013,1.6372942882639852
-1.454558377819471,-0.08789334440888691,1.6156027334824783
-1.4401283142246886,-0.08770852254280158,1.5865674217892753
-1.425633911923232,-0.08765835254372627,1.57097148094671
-1.411493505249335,-0.08767664872863386,1.5838851287819287
-1.3971798757784248,-0.08769647033704435,1.568115154340959
-1.3827780264583882,-0.08723395371465277,1.6288039233527505
-1.368412255092949,-0.08605553347659552,1.6691389552017297
-1.3543196690004737,-0.08377459173663937,1.7437645852994992
-1.3395472228008645,-0.08116506556837044,1.7495304668999851
-1.323605633886202,-0.0790464068822769,1.7430003434560963
-1.3095323881892742,-0.07633075493471145,1.7769252101550095
-1.294573348681395,-0.07401309781891009,1.7698877802376458
-1.2798756513466738,-0.07120557050229716,1.7796142010687024
-1.2664355377064627,-0.06880290978591698,1.7501260455361618
-1.2517306618922486,-0.06584585040959161,1.8091437995963813
-1.2364598051379208,-0.06298393138891237,1.7883240519331345
-1.2214452421080169,-0.059705917080044364,1.7919365159080558
-1.2064542119876323,-0.05637367161235084,1.7864212006269438
-1.1911640136798454,-0.052876836690630216,1.8052504660201525
-1.1748174931771844,-0.04965333712906409,1.7789045472761262
-1.1598248618478748,-0.046003456508327906,1.804416678539797
-1.1464979165447693,-0.0423669560073698,1.8907100821760188
-1.1310727752618408,-0.037287228710415836,1.929054943873215
-1.1149861565306407,-0.0318696043724618,1.9092422359489636
-1.100328895415161,-0.027511124410732387,1.8943239446400029
-1.0847810069387507,-0.02362672211552563,1.893941635029263
-1.0707589030132314,-0.01939649555398997,1.914214290166137
-1.058146866742213,-0.015606928584585827,1.8961876842557428
-1.0435646861028398,-0.011174682942444416,1.9243970640914612
-1.0288209503576589,-0.006161851928629125,1.8777189112755959
-1.0146878793364167,-0.0019989328113425506,1.9295263765572728
-0.9989421291601379,0.004020393700649838,1.9246949392612578
-0.9861118524124745,0.008897566452267067,1.9669243602768494
-0.9732537031814603,0.014582875796587322,1.9896524744085526
-0.9607357683207082,0.01934595195766798,1.9865745615720607
-0.9467405783572165,0.024644024506320708,2.0015649159834368
-0.933147549100708,0.03086758746333165,1.986429859315469
-0.9206095417403846,0.03803713566972329,2.123408480493813
-0.90731794369252,0.04652065218558099,2.154797803344599
-0.8935509268640487,0.05553835385566031,2.158623834499152
-0.8803552830987136,0.06466442299352224,2.2018361093802183
-0.8693535798417829,0.07318091379912965,2.232504304826399
-0.8602114769210963,0.07990318747218965,2.207270624103503
-0.8480235215323575,0.08871922957473,2.225780804137334
-0.838226176641626,0.09628169940051806,2.2555231571487213
-0.8262492222527674,0.10610225918730312,2.263602271732043
-0.8157662411826486,0.11428057499434863,2.2603301259821995
-0.8047601889500331,0.12358229293502837,2.2748120691773472
-0.7931889510965877,0.13339848050825523,2.3048627481522588
-0.7827769617601433,0.14279102781315026,2.2948426771271997
-0.77080988870273,0.1533823344277063,2.300572575209278
-0.7603822146756589,0.16300405169539975,2.3473296375421118
-0.749741896980923,0.17533459239111743,2.4606911966154508
-0.740478831992794,0.1873987668209248,2.5056648583929055
-0.7330237408955991,0.19849958969851864,2.5809455131322827
-0.7254608419817852,0.2098346989724414,2.533420087952907
-0.7174457586755099,0.2218845772183152,2.587173291884381
-0.7090069473569646,0.23301371920418548,2.432802546461049
-0.6993754452011326,0.244905690021188,2.446352317093014
-0.6913174347951768,0.25509086883632015,2.4764493614826715
-0.6833773510851857,0.2654710845916794,2.4743846761317236
-0.6754992371547986,0.27499487321767385,2.447523939985535
-0.6684022813765194,0.28387681541307835,2.476621963291207
-0.6615394398424445,0.2938050035017433,2.558187265161035
-0.6542839063270935,0.3051124654516401,2.5283761446851014
-0.6462240000671879,0.31445438506903384,2.4021170138143715
-0.6383521878212016,0.323896118430573,2.448627415943024
-0.6281675999134332,0.3307537087091836,2.0007883472580272
-0.6158107069131632,0.33470656631710727,1.7642757319855968
-0.6025161627297205,0.3357320591421624,1.5704327687108977
-0.5897845499231209,0.3380902045617867,1.9069845131847047
-0.5761690264027309,0.34209061770868365,1.9177485998287882
-0.5634036093435344,0.34688116471237507,1.9149993887166257
-0.5508626152166074,0.3508043931371548,1.7934030562874577
-0.5388289111836847,0.3534761894494632,1.7701590621160372
-0.5254994497296462,0.3541672920128075,1.525534758647536
-0.5149612411361378,0.35186880274592863,1.2557415301172814
-0.5017513450978092,0.3484178595646308,1.3557725296778402
-0.4891995131822084,0.34628564257976496,1.3251259359817766
-0.47507697550852485,0.3432262154486746,1.345699631205156
-0.46183340559435887,0.3389776261170211,1.2158279931742777
-0.44764438422260117,0.33415669690808664,1.2110967522872969
-0.4324168547046639,0.3298087131355795,1.2297011933186401
-0.41842954187649284,0.32702880716303945,1.4276689191071819
-0.4051081108813173,0.323880040003412,1.3125647147147697
-0.3916719409701896,0.31982802319704134,1.260120953877678
-0.3768104366922644,0.31553722548965357,1.2665214241080918
-0.3621905818317046,0.31052876133786683,1.205801544546774
-0.3483982953304023,0.304995060970206,1.181549978759154
-0.3348997585644707,0.29940893196121543,1.148603464501227
-0.3235228702189895,0.29455380736266007,1.1345701293315114
-0.3095430096022051,0.2875680358266315,1.0966704947136068
-0.2951985621183252,0.28099948723130486,1.1527600071206647
-0.28310010561448856,0.2758156144663144,1.15432888829092
-0.27048163481362364,0.2698696403892072,1.0827504780018715
-0.25767688054652205,0.2646704900331034,1.2599602798165659
-0.2444864422470538,0.260026054834374,1.219702640313629
-0.23075961082033342,0.2548082624186254,1.1788211421710681
-0.2173372263735785,0.24988009871276312,1.2452883563097914
-0.20431161074514098,0.24564755072702069,1.244321747710928
-0.19120544987607863,0.2403488993041673,1.133956881738991
-0.17651545758757678,0.23498036778465725,1.192842962488645
-0.16490355925367636,0.23080680591206415,1.2041700110112874
-0.15220885054917743,0.2260273594912665,1.1981761059081895
-0.13904136690279173,0.2212189403236199,1.1508186486420209
-0.12566538437470384,0.21542814600171517,1.113289075526481
-0.11367853157427676,0.20978612471732772,1.0802703698421314
-0.10116848030379823,0.20316203156401266,1.0812854009219908
-0.09072234568087081,0.19884565379567148,1.1464521920250699
-0.07873243709184952,0.19291302439004412,1.0981598427549109
-0.06509171156966287,0.18627513870179743,1.1000682178597938
-0.0539762673566881,0.18058298404277856,1.123416239984242
-0.04302225634326187,0.1749165174084576,1.1022072821047697
-0.028368353398484876,0.16800273069274815,1.0961752578368997
-0.015313684163982396,0.1611016012022087,1.0832574027949546
-0.0037554248222164384,0.15499342361283358,1.0675569989454932
0.009480871807146877,0.14678126631632013,0.9960694213691764
0.022167958466216102,0.13925209107513603,1.0574519995293625
0.03598288286544364,0.13221619662429865,1.1037133558771572
0.04850771169647439,0.1258186469014839,1.1238583705077474
0.060941051035933676,0.11952052706134561,1.024155088463222
0.0742861083446338,0.11155663056355578,1.0050164809423972
0.0867482155071528,0.1043237980813237,1.0367697560532845
0.09815944080645614,0.09713638847170174,0.995688320212756
0.10975375787052015,0.08958137665201082,0.9842797278355636
0.12208056387325544,0.08170121473151032,1.0031946931232623
0.13459555422547104,0.07406337731421223,1.0062314569768742
0.14495890200576758,0.06771412243679706,0.9984047537768065
0.1575048588452576,0.05928192915768632,0.9597527355956993
0.16967884075803022,0.05086793835581487,0.9786433858966471
0.1820752257607212,0.04183440975317646,0.9417679466255513
0.19415400833186808,0.03325531532397835,0.9491344377254355
0.20678083273191725,0.02474370693683557,0.962654552868265
0.21867059988599707,0.017193211643841542,1.002606292079922
0.23106754225806928,0.010019703379858146,1.0418682643897377
0.2441872573725847,0.003134237638068463,1.0765420497969245
0.2570238418731935,-0.0036629289772861016,1.0566306009393323
0.26906796321232634,-0.01002454198144591,1.1087943109742975
0.27900166949634025,-0.015454118421692396,1.0151498805135555
0.2910535184339297,-0.023240229689658897,1.0025235560242427
0.3034024113862062,-0.03179231482155564,0.9193616376079474
0.3143283942622756,-0.041284172849749175,0.7866879996455388
0.3238231906949737,-0.05030893433467852,0.8278739557102925
0.33351491640699515,-0.06048727001097029,0.7610311467403669
0.3428514131532297,-0.07017018848846128,0.7691978140156956
0.35319636436985336,-0.08080380596034839,0.7574005629217712
0.3635104577096413,-0.09199734759339558,0.7193419661758248
0.37171389510587105,-0.10104611768653374,0.7436204441785028
0.3817821380910508,-0.11238233690292611,0.72584792062379
0.39186546534064837,-0.12367384897560318,0.7371344429409588
0.4014040439168287,-0.13441447377834298,0.6921407838361539
0.41120862632089555,-0.14588221408361884,0.788033974381209
0.42209183106565534,-0.15569139519310887,0.8437279357193133
0.4310078739391487,-0.16401673436261333,0.7661757268449906
0.44180973688493735,-0.17525085759195097,0.7762598292476615
0.45146915456517106,-0.18453656271263677,0.8173366344532617
0.4611667556196266,-0.19423247405137944,0.7892166183926647
0.47160951478288915,-0.2034245871512479,0.8463178676295432
0.4826493154978406,-0.2121430561424215,0.9342948079550706
0.49337776828454916,-0.22025252905890952,0.9016615279759344
0.5040686944718221,-0.22924035004871668,0.8607279887916313
0.5140408549189542,-0.23806002229843717,0.8548487327189426
0.5242463370452379,-0.24740908116293697,0.8240342292083034
0.534356689497589,-0.25734375549474475,0.7801275388373439
0.5445791068177787,-0.26650226131520566,0.8478368529169882
0.5548883445674895,-0.2752967353884414,0.8383990234521527
0.565698612154457,-0.28408988986690153,0.8934012152907691
0.5773274359211369,-0.29337688318934724,0.8821740423846846
0.5870354741298409,-0.3032526816009059,0.7286922018272464
0.5967239769690713,-0.31183115592446403,0.881892670926986
0.6093467769632985,-0.32235416345728773,0.8744546042573438
0.6217587046794623,-0.332268102790717,0.8899092503962759
0.6335097078090519,-0.3413073857280194,0.9026717090525658
0.6454922039061154,-0.3500473639194876,0.9596241493308925
0.6574410067318688,-0.3585229182833587,0.9100956947035005
0.6679144932224581,-0.3672467530121772,0.8556801081414261
0.6780354349955922,-0.3752344758003018,0.9570817905499042
0.6916462659682179,-0.3844963537126993,0.9781217190071332
0.6993832622543577,-0.3915923719212843,0.7115207659068413
0.7101596048290385,-0.4021721303488861,0.8542822163481661
0.7211045568376655,-0.4116698444088082,0.8627647758947405
0.7318778453319863,-0.42098150024188624,0.8775607600136107
0.7430178494908515,-0.4298695784268954,0.8911468209924531
0.7538208601032299,-0.4392741984082054,0.8229109317136099
0.7640096324746872,-0.4483140426126174,0.8542506350418466
0.7742725565549953,-0.45651936791303377,0.9081993316894857
0.785944272553709,-0.46689113794614745,0.7999137830025432
0.7959428064057213,-0.47606330866648255,0.8479815420699878
0.8068042998281417,-0.48462724781113564,0.8680509799010102
0.8164929076611385,-0.49389552950372756,0.7659125208568817
0.8247617292201207,-0.5025001376924978,0.7682522067579406
0.8350195577072907,-0.5126510980096562,0.8096013145605896
0.8442140409530053,-0.5215412757221644,0.7551396207546139
0.8540562047448071,-0.5302793653773796,0.8717350024634355
0.8650089242755621,-0.5389296519068103,0.9390736229333774
0.8746397427283371,-0.5463709329377417,0.8670296462601915
0.8865402923034723,-0.5554640053244501,0.9449970875168717
0.8980992574643627,-0.5636205757337336,0.9523335709407283
0.9086705137082683,-0.5712179816546735,0.9282225601923747
