-0.3542315496696415,-1.3172139732617436,1.590591410078769
-0.3404936343248524,-1.3172634632698237,1.5789202781104548
-0.3259483214265163,-1.3171331135267756,1.5885663501961294
-0.31159020752923483,-1.3168532962509745,1.607115177759223
-0.29688753190016937,-1.316163654754515,1.655332250482314
-0.28273231145931715,-1.3145611457593245,1.683784912125671
-0.2679079538477745,-1.3124732004385338,1.6989833426482295
-0.2537823186561702,-1.3103150883437242,1.7317743077039012
-0.23967549371181396,-1.307207105204363,1.8298040768543489
-0.22512649774241594,-1.3032725042300577,1.8285751999383029
-0.2097427398685018,-1.2992824033958381,1.8309204276925548
-0.1947215785321221,-1.2958061832927044,1.8338931778799776
-0.18054667929412185,-1.2921356765075938,1.8264234035095124
-0.16357766894827755,-1.2882165042504223,1.8189297210629058
-0.14992288650625185,-1.2849902656809997,1.8583384812301538
-0.13454564420689163,-1.2811908723747056,1.8354414010557514
-0.12148724941063298,-1.2779933100068128,1.807795582213463
-0.10651156913174505,-1.273911553340133,1.82782683449183
-0.09193514026120203,-1.2698609403611787,1.8445384224131312
-0.07683215141120223,-1.2657113794032269,1.8990372204611647
-0.06272493516488774,-1.2614892504431081,1.8718526732094611
-0.049197202229624586,-1.2567524454639285,1.929437014324379
-0.03507171776711478,-1.2513491249026352,1.9665162878707034
-0.021608322018669517,-1.2461532859858686,1.948788077977333
-0.007091224541936172,-1.240756963450158,1.9342833529342776
0.0066320158514770935,-1.2355188299266069,1.9618855224446565
0.020096695440268632,-1.2301587680706287,1.9781752515275712
0.03259459162653635,-1.2244038765324403,2.0226540416756906
0.04440461438325744,-1.218355084129511,2.0897811801400334
0.05826412783710845,-1.2108296118396211,2.1052546045457006
0.07020759739618491,-1.2039871755013594,2.0788900573368734
0.08334353664312004,-1.1977864939500462,2.0466569960063237
0.09731430445198383,-1.1900711048088588,2.1022730139094157
0.1088910029597017,-1.1840308322006277,2.0550112908335136
0.12338875058846122,-1.1763634142297796,2.055835695022427
0.13741566346843798,-1.1693565625108602,2.0556465030609656
0.1516315054304975,-1.1613496969416117,2.1074186699303143
0.16271496880397165,-1.1540188771203317,2.2023827428508547
0.17346364375703877,-1.146542360365212,2.1912930342175
0.1852893120382203,-1.1374411125346398,2.2646607643810124
0.19716720713303335,-1.1273830785188395,2.3101335524138773
0.20825029348071053,-1.116816346563678,2.31097450491544
0.21800897098399455,-1.1067443903165697,2.3798919366025144
0.22872483701872734,-1.0939462875141364,2.4339559927475864
0.2377836666236271,-1.0840424351046258,2.3808065192240937
0.24744693758352088,-1.072798295710927,2.4934171126842597
0.2549764274314465,-1.063432074249244,2.409681491875234
0.26473670994566983,-1.0522187523383197,2.4360421961521093
0.27316375385755987,-1.0429021300824042,2.4150031319338376
0.28354546603986386,-1.0308282941249336,2.4614317724401267
0.29406570034006535,-1.0186387456153276,2.4082048756971686
0.3042118734914255,-1.0062788550229493,2.44698538137037
0.3142748261576118,-0.9935964082965432,2.442893552092008
0.3231782192910842,-0.9823611700892523,2.487967059750114
0.331877480900035,-0.9710360087686025,2.492805738693647
0.3411696946460574,-0.9583677955485121,2.521845095674629
0.34909093664201213,-0.9466513917597594,2.5219101133391058
0.35745817596401286,-0.9345739007830642,2.5825086769917975
0.3653769167126149,-0.9217489555031951,2.5923444513600993
0.37234990824424197,-0.9095571148263767,2.581091753162483
0.38031393314176276,-0.8971484504442071,2.553184504141204
0.3874444125470914,-0.8862670832300138,2.5782328211776817
0.3954175637810453,-0.8745742827386517,2.5480783968218135
0.4029088902000198,-0.8647155088544402,2.4484786565030596
0.4110745240735735,-0.8544287712065962,2.513144357591853
0.4169012835838251,-0.8441724033242642,2.6130126023743507
0.424304504841852,-0.8321549459714553,2.5532650351150292
0.43235693963937444,-0.821689158957866,2.432646065254529
0.44105305802864503,-0.8114544877004484,2.422423596400497
0.4503298399426968,-0.8013567549791933,2.390696156459234
0.4609270024681031,-0.7901194543855238,2.3626909878454185
0.4711303213132457,-0.7799029075632404,2.3431894014443073
0.47913898401656874,-0.772774346349751,2.277276646765481
0.48829048045428664,-0.7663813960533272,2.0891113224049667
0.501239884999798,-0.7639494747126903,1.637138475387434
0.5138821332613491,-0.7638068739128488,1.4909935639560767
0.5267464914570322,-0.7638831504876885,1.6235571413237873
0.5394054303648054,-0.7631004847544612,1.6309634428112862
0.5522665152149354,-0.76263161370561,1.6257065626145892
0.563075477926263,-0.7649394624977467,1.2137495224707173
0.5741309199252072,-0.7703319815817603,1.102068064678952
0.587224994918619,-0.777468427231924,1.051663792769637
0.5999796774430883,-0.7824476093998556,1.3028194448584978
0.6145214376999164,-0.7862236362754373,1.284606763954592
0.6282675288700191,-0.7899642642441845,1.3135215883950324
0.6416797620329718,-0.7932375810984513,1.3273797657961515
0.6544220339741097,-0.7964834955523269,1.2799854070612022
0.6688603789732105,-0.8008040626968889,1.237555007049786
0.6829932830712058,-0.805161954509382,1.2747999409523572
0.6970797201701274,-0.8089337430954988,1.2658257273814018
0.7117123140978603,-0.8141398780106539,1.2144672637427498
0.7261161896255908,-0.8196362175924601,1.2056434578562611
0.7397618958255633,-0.8242926388500565,1.1720477851896594
0.7539677854982288,-0.8298836416042632,1.1731084398665625
0.7676990392080768,-0.8354749743023385,1.2111209173889332
0.7813170632183963,-0.8403514745244673,1.1982925683400385
0.7947266740340706,-0.8451088176424194,1.2379987580145686
0.8085650811981038,-0.8496775610099743,1.1930734060353299
0.8230378085287813,-0.855521695422046,1.1929237511941504
0.8365342875345706,-0.8610870018429855,1.1682827301453733
0.8484166683644322,-0.8660682835167395,1.1879255414153416
0.8616707218943284,-0.871438128985233,1.1832236372838034
0.8755103137891687,-0.8778141556546478,1.1003692619557934
0.8888405551697309,-0.8841661528425955,1.1221456937333343
0.9021828247382946,-0.8897592531991957,1.145283776865338
0.9147189764414915,-0.8961312364957914,1.1059892767692687
0.9290547807644036,-0.9025639936363707,1.120713845941411
0.9420043815603572,-0.9091239639964318,1.121144432205032
0.9546693327807997,-0.9151631556143133,1.1282572837483689
0.9679735472507498,-0.9217431861982516,1.1218137084760789
0.9795270370716687,-0.9273889269726607,1.1279737768780476
0.9898449132887467,-0.9320276692521714,1.1722745666643224
1.0028225702985878,-0.9369509238165674,1.1836422686559502
1.0155509379911296,-0.942347780042176,1.1566554115127348
1.0289703413920335,-0.9481050391012915,1.1972370892576634
1.042720333497279,-0.9534732827849227,1.1410343167798578
1.0528578955354053,-0.9611240576365025,0.8410091790052905
1.0648413125464855,-0.9712013500537885,0.9103483192013053
1.0751665867094793,-0.9784152008757108,0.9695637437405037
1.0860359811500613,-0.9862699654446321,0.9636255740748414
1.0967333324361097,-0.9938417881475299,0.9348005056541404
1.1061489472834245,-1.001322867084044,0.8523188010302547
1.1155361481198487,-1.009393800577738,0.855595793321602
1.126262313807439,-1.0190271951842074,0.8411221885952589
1.1338601052628754,-1.0265431670235383,0.7758407446598017
1.1434044582552734,-1.035966574997704,0.7895896764313114
1.1524102815323451,-1.0448343626635792,0.8273750233300082
1.1626885710463417,-1.0542446622534842,0.8125859257753171
1.1729551358984946,-1.0637896768455413,0.8337425304705945
1.1824520724751397,-1.0728695084740785,0.7858952975211686
1.1942166326068164,-1.084215665095367,0.805917176333293
1.2059052199525468,-1.0946247680387535,0.8551546254756144
1.2158026630493772,-1.1039973776385523,0.7798567321665704
1.2266972438212536,-1.1151768027693423,0.7875507875492648
1.2354961670595623,-1.1240550111378347,0.7930781308033183
1.2444025241917147,-1.1324307557403437,0.7888917878694871
1.252571493242547,-1.141944451631557,0.6314915330471405
1.2606052781852812,-1.1503553475669646,0.8052502012502641
1.270533730316766,-1.1597966767922736,0.8093835102195006
1.28097517139738,-1.1700515966198406,0.7702841790802961
1.2910503724688098,-1.180475845098407,0.7686059796484676
1.3015781536693845,-1.1910663862592068,0.7681813047180363
1.3109002341936236,-1.2004926571922276,0.8077200308011322
1.3212120781655214,-1.2096401438864228,0.8607194390608609
1.3313548745046766,-1.218911832477815,0.8266439345877336
1.3427159450774255,-1.229267369780101,0.8568165878845411
1.3512750757367404,-1.2374633306565346,0.7945414970380652
1.3608272126494398,-1.2464492476717508,0.829454720543478
1.371810445802227,-1.256368862664998,0.8664963705061101
1.3831556469583122,-1.2658446820333642,0.8767907902158261
1.3944423835222157,-1.275024583516235,0.8786098477064922
1.404488912313056,-1.2841003515477871,0.8333153766545053
1.4141081918402993,-1.2924540549427468,0.8581337134782415
1.4226844283900846,-1.2993791039219638,0.905579371351599
1.4339058290030353,-1.3082353539816727,0.885560714067761
1.4441398676708395,-1.317097424822554,0.8585454770304476
1.4550600642484195,-1.3267714948620197,0.8189072145364562
1.4637764797786283,-1.3356908416242752,0.7570686303343075
1.4722297769840216,-1.3442912620310743,0.7682435874387035
1.483068952313994,-1.355034649813495,0.776379989203212
1.4922412859448513,-1.364309809503795,0.774579512708716
1.4996081365339775,-1.3711154736330877,0.844519045245679
1.5097797284200902,-1.381624723059901,0.7686137312747304
1.5183312022151676,-1.3900439690786115,0.796024707110399
1.5263356543832762,-1.3987673717923426,0.7016923745886791
1.5334449045706715,-1.4068231411166605,0.6807791937291273
1.541610137869688,-1.4171225058784016,0.6688325130802601
1.5506425094683765,-1.4290056180814523,0.6446975470305031
1.5604928865218648,-1.4412453210029113,0.7126107634049206
1.5693806342367453,-1.4501832285472764,0.8490846183434859
1.5778448888623307,-1.4583049172356788,0.783870225092402
1.588469372700866,-1.4683671766717912,0.8176887335228753
1.5982688464815462,-1.4777159227801275,0.761431459158949
1.6098762449635682,-1.4897754886450492,0.7541614076831284
1.6202973130254137,-1.5004545056713,0.7764256250685094
1.630485202848758,-1.5115184106575188,0.7588573318391038
1.6412663587756127,-1.5217365759378956,0.8145904015054637
1.653589118955015,-1.5325500944221588,0.8373350734129906
1.6639960128388185,-1.5423997134409992,0.798309067840311
1.674895428371346,-1.5530029083210368,0.7947463228688071
1.683974568005223,-1.5620662303676025,0.7865422079756325
1.6934549862676176,-1.5712793181138796,0.8005197408692022
1.7037358526597897,-1.5818467054099314,0.7545054477376669
1.711864427399981,-1.591441179276692,0.6692634738285971
1.7210603872092494,-1.6016411934937425,0.7592827962183122
1.7287378255708867,-1.6114886082024535,0.5882129672789543
1.7382176914387575,-1.6234849170958876,0.728229459000686
1.748056182829514,-1.6341274989559462,0.7550372168397875
1.7563567226543455,-1.643644082286134,0.7027397955739152
1.7663761521165176,-1.6545886119104622,0.7541709107492915
1.7759162404213955,-1.6639620578482885,0.8046970256511676
1.7870046208169361,-1.6749920529312954,0.7754464139465587
1.7962236711432182,-1.684673457334686,0.767926936417556
1.8053631584142786,-1.6945696589314128,0.7196885448293003
1.813762904895453,-1.703868211969171,0.7479537401453925
1.8235028401575415,-1.715255135316257,0.6686755012752451
1.8325300506607687,-1.7281780049788122,0.5943273066183524
1.841159297462708,-1.7414949711183367,0.592413770973941
1.8492217338784467,-1.7531368658823707,0.5965775579192825
1.857765529707349,-1.7646092151918686,0.6780810649125462
1.8669413053932886,-1.7744788195134162,0.7797335053023303
