-0.9453420024842137,0.8361033576132119,1.6224461244461525
-0.9320486078547433,0.8368579639912025,1.632667636229287
-0.9173548003294213,0.8377704237962058,1.6321435770953456
-0.9031745741806377,0.8386913565757556,1.6663458029584122
-0.8882879267339899,0.8404411194956249,1.7110688258008195
-0.874054259558575,0.8424051992787673,1.7452599819985337
-0.8593559921233925,0.8439683700484123,1.718194761510279
-0.8447984480355617,0.8459661586299394,1.714560398213423
-0.8312931132400336,0.8479777260376603,1.738475874407944
-0.8167040590291904,0.8499005692845061,1.739888796380017
-0.8025908958743575,0.8531418938814952,1.8005112681994895
-0.7886397976321986,0.855957844882828,1.7754890045996896
-0.7740829387392356,0.859407346263493,1.8136429154212832
-0.7597570333856204,0.8627297170908828,1.8224598119456832
-0.7456443677321081,0.8663445138656917,1.8353470870097588
-0.7297142864714851,0.8711602301725501,1.8905921276016413
-0.7171571403012773,0.8752670317991749,1.8844246314526196
-0.7023969604688899,0.8796219710475282,1.8965923581926443
-0.6885247109966633,0.8844316047880546,1.9603037217489259
-0.6740465306571273,0.8899607489912461,1.965512934255465
-0.6585434067375859,0.8959582863514896,1.9709608441156141
-0.645069015916935,0.9005473810435747,1.898770707749357
-0.630872566717202,0.9053040485505982,1.8740294578530527
-0.6166331079066122,0.9093453447109955,1.8591558059145121
-0.601419920833043,0.9147009456785117,1.9820101463160182
-0.5873792995973262,0.9209769890285813,2.0469684247045343
-0.5757103412396506,0.9270304295396602,2.0381389958259715
-0.5652346997002804,0.9320175085602473,2.030330258411487
-0.5520229808154393,0.9389109819850997,2.0479899530973813
-0.5394702153716254,0.9449299938395513,2.0291287338305883
-0.5255407250528786,0.9519802380673007,2.0874261719219294
-0.51129304525769,0.9601595938043946,2.152494968613435
-0.49948224518932394,0.9680109214270504,2.1669864794086733
-0.48688285599936193,0.9760648617509367,2.121124328894189
-0.4744918364408538,0.9830805184082999,2.1099974352563646
-0.4616012991536267,0.9903416600646381,2.119150035623306
-0.4481813595217317,0.9984152319672757,2.0928060581100394
-0.43570000496883554,1.0063463327519255,2.1728608338078286
-0.4254582698338914,1.012768320498294,2.1205263899589495
-0.41169948162326847,1.0212370503912982,2.1700286377249878
-0.40088499430831614,1.02888740609365,2.1846359534844924
-0.3893854822751358,1.0374331791591742,2.2342925067634094
-0.3779578700340198,1.0463194645585803,2.22072172289728
-0.3672624767134314,1.0555069744824224,2.338567511937494
-0.356890522863498,1.0632749481900277,2.16997539212559
-0.3455530658435595,1.071232825793257,2.235164556484064
-0.3352666470305904,1.0783659814884246,2.193375392625708
-0.32292044187627994,1.0878319633041635,2.2328642898564537
-0.31011944353782755,1.098099118369918,2.2882603072145673
-0.30025846053441285,1.107751796602718,2.3614951101261776
-0.2895351013067439,1.1182338869391621,2.335258029003625
-0.2815775234197474,1.125981315866694,2.3442137880716536
-0.27034580817180326,1.1372130162976548,2.319280249413584
-0.2584515983335505,1.1478786359667805,2.3423168304179205
-0.24726620224618873,1.1587965722441371,2.3379597890040804
-0.2357046502371274,1.1700636379594997,2.336727339352633
-0.22503391606919843,1.1809831535226114,2.3782175581824174
-0.21547797345158842,1.1908610017734171,2.3903290373296677
-0.20575849735861318,1.2020613049287072,2.4322832971585577
-0.19578370073874915,1.2141474159633074,2.4587844457905272
-0.1865923847925315,1.2258470027698418,2.45393088040742
-0.17863813026948638,1.2360131368847933,2.4647967310493546
-0.16981364833798038,1.2467785818643822,2.4490248508075854
-0.15526242178794877,1.2529418902527103,1.565326228760983
-0.14237902077234058,1.2495789098685477,1.1159029402991325
-0.1314238845591495,1.2428454967521745,1.0059551947548169
-0.12176210061440872,1.238812595247447,1.2627245730469139
-0.10978231599904216,1.2346297207495383,1.2701665788700929
-0.0966420583350606,1.231385435602625,1.2661537333403388
-0.0823844176959464,1.2267589673150496,1.231869157912537
-0.07010015224933341,1.222391306527895,1.2212138582940255
-0.05765248735702218,1.217273371319026,1.146479320554725
-0.04480237419951185,1.2126073781214723,1.1767682256888694
-0.033130539411453386,1.2074348184626875,1.1293745726817934
-0.021471021707880216,1.2014754628196282,1.089748040114188
-0.009377409853697434,1.194728143755208,1.0582059606949243
0.002012120914897152,1.188440060181641,1.0388105728189614
0.013494889445586829,1.1812021832317867,0.98051623042205
0.023534910860632023,1.1739011093372513,0.8997248094925403
0.03364727207784017,1.1654571086071281,0.9089447710137201
0.0454097737775316,1.158232212329462,1.076736272560044
0.05643674240477025,1.1533266556751183,1.2101841437630765
0.06952521823140786,1.147652443626186,1.1487215131032844
0.08380437090453419,1.1416276534821348,1.1825068222971045
0.09769773810335228,1.1363453502875418,1.1700411058555136
0.11102161552865074,1.1310243274266516,1.1606707883663947
0.12512763785399708,1.1256683867150619,1.1436979751237806
0.13965022482321252,1.1194605214495728,1.089874191947863
0.15400535706261376,1.1120917420935443,1.0900010770719781
0.1683856788349114,1.1048538949949769,1.096354410292265
0.18097820416463398,1.0989974063616663,1.1121209174522633
0.19402317026809204,1.0924921210464333,1.0689117879187677
0.20827446641120242,1.0854528742094824,1.1003374099840963
0.22073131713677485,1.0796435689483288,1.1270894448117295
0.2346262291114551,1.0729956151524325,1.1379314174583404
0.24719267971588638,1.0673582515397722,1.1366937037530835
0.2609512414880094,1.060652915763675,1.0940969454405831
0.27550199256289737,1.0532203953653512,1.0868646922824519
0.28873962001582065,1.046070452419257,1.0590315032716249
0.3009172149600193,1.0398444185111866,1.0669247913789728
0.31243777617806295,1.0338720266661043,1.0726922111814006
0.32488354655112023,1.0263597934714872,1.0294450876889656
0.33708552310505846,1.0187188224533619,1.009651402057175
0.3503653263094792,1.0103831140220894,1.0373752313301967
0.3622384954903675,1.0041069610086932,1.0851394082606476
0.37426881705985715,0.9974897191026866,1.0726154329993083
0.3865568442459023,0.9908467562430963,1.0826732936288193
0.3995759978200099,0.9845301172365395,1.103143904129319
0.41242045081320566,0.9784009558879403,1.1193805237369354
0.4267333929158727,0.9715506585476724,1.1109367906944168
0.43841156074338056,0.9652029656279204,1.0747531122286789
0.4511259619117905,0.9585258598730682,1.1006870494461893
0.4615870457875068,0.9532417846304606,1.0609455604774845
0.4738148482496637,0.9461893656277157,1.0524349752082436
0.4855096072585121,0.939241473473591,1.0719849918901507
0.4979035647057641,0.9331849906867433,1.10121076143535
0.511287637063815,0.9255027914902481,1.0180003908551374
0.5231981753398767,0.918418989874673,1.0196065569203212
0.5346638390889771,0.9109922999561351,1.0100452057279807
0.5454791692912132,0.9037799125389456,0.9698031223074612
0.5568365591151299,0.8951356356432089,0.9054182121848471
0.5656760447888601,0.8873650342132603,0.8385512194243713
0.5743498363473326,0.8796243844925071,0.8704131132035556
0.5841346033647746,0.8720867612083713,0.9409801166623487
0.5946699573487891,0.8639880074709437,0.8781098026567307
0.6051279061883469,0.8552405095160712,0.8883545705039174
0.6128708594440624,0.8494216755128837,0.9662673539789627
0.6244730194074195,0.8411424708396654,0.934836985097095
0.6364173135632651,0.8325702192503699,0.9741190254579571
0.6485182666243062,0.823843753990127,0.937870046282816
0.6576312947984543,0.8174051869810527,0.9483823487046432
0.6688109500633848,0.8101275869988598,1.0236319060149308
0.6810984179873606,0.8031319678048234,1.0316634545732886
0.6914851363345381,0.7961966499966697,0.9806764603877243
0.7016108871081007,0.7895030553055659,0.9784356684751535
0.7123684224807283,0.7824084262790612,1.0021401833049657
0.7230183552885904,0.7764548253330331,1.0506061643322941
0.7343079480383528,0.7695881045979247,1.0012297627533173
0.7453318271073819,0.7643146801829519,1.1458835228830773
0.7549569296680487,0.7577671079067846,0.8506050811240274
0.7632791680441943,0.7465914852417176,0.5304339692159558
0.7693841304263798,0.7336645711696298,0.45415448073009823
0.7753154654756643,0.7211091403926049,0.44464794448326145
0.781246359513802,0.7071070087554244,0.3718208884455714
0.7870394644666576,0.6937360037593626,0.39256219258629244
0.7919631423067663,0.68083749945165,0.41099364260700877
0.7977901806523152,0.6684045555364342,0.47301639006482166
0.8048062508664034,0.6554424480072674,0.5253370161870544
0.8117950778500643,0.6425662491990405,0.4862224424196647
0.8203355366991503,0.6336290723949798,0.883180561080842
0.8334958673814563,0.6247849127151146,1.0040589551505588
0.845958496308891,0.6176547663778581,1.0570203040910544
0.8581683520536767,0.6105276591959445,1.0534893528844023
0.8708959793320225,0.6032203066993054,1.0324832165835716
0.8842384912546809,0.595382047573279,1.0180097554396206
0.8964039050800476,0.5879135122154471,0.9986868063536267
0.9076475399387175,0.5805818974365846,0.9889205405102255
0.9187745260465807,0.5733091979418045,0.9989208720533604
0.930354676302579,0.5659098436970404,1.010320110246728
0.9416026833927214,0.5590513877837934,1.0185158427945689
0.9526760709046431,0.5513853389331977,0.9602173999879288
0.9629461728550067,0.5429476428859116,0.8635832540304694
0.9717590427127791,0.5342781775844699,0.7867270576214503
0.9814264468769954,0.5246332823729054,0.8093439309499367
0.9913337505217941,0.5143523233401134,0.7366961006369902
1.000968715980383,0.5038278414506406,0.7301526182296963
1.0104257758793953,0.4936830464697248,0.7676370013875594
1.0175808255959053,0.4862102646459747,0.7422181371174383
1.0265725477654173,0.47633635891736625,0.7341029569970883
1.035976235922703,0.46643956225141575,0.7706275178170429
1.0455801722839015,0.45651920605917007,0.7763881211686464
1.057318603090499,0.44551453636310073,0.8087256834970408
1.0664645530848311,0.43638556597558015,0.7757401704018817
1.0766722036417473,0.42616519400213076,0.772486637784178
1.084666805501967,0.41778661096634245,0.7655103635261639
1.0943877738550605,0.4077807258193312,0.7870254678261871
1.1045716610315812,0.3983909776258727,0.825122928267612
1.117146436764704,0.38732888758121353,0.856421413536016
1.1284479313860984,0.37793484951926914,0.878651403428088
1.1394314338265634,0.3691622467000893,0.9152833901939468
1.1503585104229679,0.3610464635911899,0.9494040788277781
1.162316799325293,0.3527700410005469,0.9312813697071136
1.172606681716849,0.3451157457540864,0.9267010952059648
1.1826260517852427,0.3384733670308162,1.000526790530994
1.1944455570612937,0.33045193168596587,0.9210281518875034
1.2065275769750476,0.32080832189938285,0.9099112999406023
1.2169497666942135,0.3123856773727851,0.8765086204798178
1.2300325069307974,0.30232109463652335,0.9278777743039243
1.2413965512239349,0.2937107066462462,0.9231833260903016
1.2536297762336572,0.2846219250757784,0.9491991852032878
1.264724709086017,0.2761072999237624,0.875990703517308
1.2752113615499703,0.267143807278081,0.8471017622272116
1.2860787935215026,0.25737926496057006,0.8195601668358268
1.297691505510457,0.24686751459838335,0.8911350420439674
1.309247205811581,0.2383769101476941,0.9437337446902659
1.3204045976287047,0.23062677845920782,0.9767743402533375
1.3318430945751591,0.2222681290603029,0.909990292085794
1.342698930054998,0.213845505146216,0.8997408653839345
1.3522890387762982,0.2058057416955694,0.873566143299117
1.3641334202358575,0.1959239589224012,0.8852549067352374
1.375202592479423,0.1874814177504976,0.9206278835022123
