-1.2516834400254513,-0.28114040417057157,1.6220654816827242
-1.2384409093950794,-0.2802616962082645,1.6386797385685807
-1.2234657465440202,-0.27942636778420005,1.6091718714507093
-1.208877796070647,-0.2786982743153572,1.6293593063456302
-1.1949105427846434,-0.27789958918459345,1.6348079842323808
-1.1798771740848417,-0.27659320862295816,1.6759913230576644
-1.1664580840062633,-0.27484868161192355,1.707127561990827
-1.1528189749747286,-0.27271670357561956,1.7185153774216086
-1.1391332277095934,-0.27001229881201566,1.7937221935791907
-1.1242267744643124,-0.2666897090579645,1.833868447438851
-1.1090698251336573,-0.2638586571061792,1.8005248411300683
-1.0941383342329325,-0.2606516203562233,1.8192758063084515
-1.0796003635155682,-0.2576383047088434,1.7962738892125354
-1.0655335906653474,-0.25536697548059945,1.8235578203696758
-1.050540316916837,-0.25101342817632416,1.8604215408181997
-1.0366348620306238,-0.24730148017864612,1.884422611087319
-1.02253781845905,-0.24254570967304911,1.9160966274014983
-1.0095795828247378,-0.23788093599310975,1.8979017848475588
-0.9953429945863527,-0.2331192957195729,1.9061253907901539
-0.9807595774494068,-0.22838856841427946,1.9356690093907492
-0.9657825728861175,-0.22188240611837665,1.9596025171674056
-0.9519836573834413,-0.2166332733822754,1.9103304559184533
-0.9374740039047551,-0.21245829524951299,1.8880957620485879
-0.924471594330696,-0.20821828347299398,1.866780249753418
-0.9114338639679822,-0.204334685944868,1.9002806381840525
-0.8972891107980272,-0.1997155990073555,1.9221114471179659
-0.8842797006668697,-0.19562376674658102,1.8787687381546352
-0.8710535656903995,-0.19099636257760338,1.94916731111725
-0.8569509214955404,-0.1862235279912494,1.8946677599998036
-0.8428485921607428,-0.1813374557345542,1.9923778315918426
-0.831235893022808,-0.17657063374080043,1.9750265057141598
-0.8164982819434092,-0.17044755431357378,1.9918615491135878
-0.8029170153126153,-0.16534364009490315,1.9671271113168602
-0.7882122856634727,-0.1595993884207662,1.9678698028316577
-0.7754469994463751,-0.1536204751392624,1.9969553752937457
-0.7627131775597028,-0.1471180837242062,2.031944558300618
-0.7499526400707329,-0.140406948103773,2.0492027670634076
-0.7387273917000864,-0.13300662946669528,2.1986843622211243
-0.7268756490867928,-0.12409546462819748,2.2276435941716253
-0.7145671477329126,-0.11444099657232878,2.233969012742908
-0.7038039412197654,-0.1058101698187921,2.242757283817486
-0.6942362421698324,-0.09801295285009398,2.2759397012722293
-0.6833842891664763,-0.08946913857443584,2.2366494272385173
-0.6714452539739371,-0.07999279913511727,2.2403441422390538
-0.6612940719991883,-0.07074863247807932,2.342248079548313
-0.65311495271711,-0.061781416744316565,2.4082693017667736
-0.6433785758334907,-0.05155794994046403,2.356502256390626
-0.6338746617155866,-0.04091265365721643,2.4253339854243876
-0.6239557150669828,-0.029108267362545796,2.445841308155054
-0.6139847564042006,-0.017700623326071297,2.3916056811100947
-0.6052125248044781,-0.007945092085329716,2.4259757469538954
-0.5945253033341182,0.0036502298734031264,2.3624991042332595
-0.5848538280397533,0.013324004288199489,2.345055045780638
-0.5739061376059824,0.02394249896106438,2.3327085128033453
-0.5627138821432501,0.03475135740674932,2.347903498684911
-0.5528754734040237,0.04300311132973598,2.30191811906532
-0.5415183038432198,0.052898173867844206,2.303607108645342
-0.5311425151208181,0.0622264678276117,2.30453885715969
-0.5214856686845368,0.07087294859099859,2.317000762652882
-0.5123260813866255,0.07947971156140608,2.346679168795352
-0.5024627955584785,0.08945851977663588,2.331388550832632
-0.49050581027287354,0.09980631250254925,2.276992492747276
-0.47982004743318857,0.10847030007420161,2.281223697245381
-0.4699116110190179,0.11801571726743418,2.3561255938261416
-0.4611690615082384,0.12690471768012754,2.3642216001853655
-0.45131923749717495,0.1342201581784801,2.096525255152244
-0.4388011172852895,0.14119940959762664,2.0831205225389033
-0.42714782110577304,0.1473656539598738,2.0539728419549936
-0.4153378048011586,0.14915842010251373,1.5479391695982745
-0.40238253696487447,0.1499923662224135,1.6948386344077988
-0.3880500223010821,0.15323855660979688,1.8539503778797497
-0.374260009455777,0.1590106233927379,2.043235061102501
-0.3612858596155814,0.16607508809575086,2.051122889116197
-0.34862213988712015,0.17298982854428074,2.080321345757621
-0.33697502641614535,0.17928488213349486,2.0546091339283947
-0.3232908495345842,0.18540547989133951,1.9777758451841425
-0.309887232898363,0.18735505273354883,1.5855324294764963
-0.2961535073059015,0.18865640964267943,1.7331424353218914
-0.28116934129461985,0.1889123544845467,1.5120061343554045
-0.26740778231793594,0.186075464174613,1.2834244518530846
-0.2534597435578579,0.18134951397004945,1.2020070942218593
-0.2398511262204746,0.17594130737098565,1.1616728479062226
-0.2276734678215512,0.16908586126134129,0.9885533355316618
-0.21483113648792537,0.16116122476183103,1.0028159099885863
-0.20285908519070728,0.15416464290189633,1.0480818738091258
-0.1911755745391315,0.14745093842865614,1.0570966655471847
-0.17776899183446265,0.1409311306861828,1.1663658967437398
-0.16525898615939813,0.1366076704038981,1.2672646021626282
-0.15106571582489553,0.13180220593345507,1.2318384542942717
-0.1375117037300289,0.1267205822188923,1.2244914940921576
-0.12399020121705344,0.12129138008677014,1.1448654055750427
-0.10982823666966768,0.11546324176444475,1.1585637761470136
-0.09548053004207233,0.11022623614170428,1.2435537125867968
-0.08077685585778337,0.10587292639403745,1.2203191711733545
-0.06571882097992231,0.10215760319313766,1.244374329604654
-0.052838588056400924,0.09771427851436244,1.2164078900880715
-0.03826150277297585,0.09283188185821155,1.2733078412107168
-0.02437628391127581,0.08913217247084729,1.2953565856766165
-0.010847847827534798,0.08547928634788383,1.247163160317962
0.0038386103383706927,0.08159307404845215,1.284483189362725
0.017750102702026368,0.07760436383062193,1.2919952639486334
0.032465722125972325,0.07331219444933347,1.2694146602990923
0.04614186245753002,0.06911450221716467,1.2336506466134338
0.05895123702847339,0.06420900636479186,1.1910516854080635
0.07279756865642309,0.05891788150632915,1.2020422579496006
0.08626603661319883,0.053517935810594414,1.1244658151818534
0.10000338942770877,0.047340704295396795,1.130015582463405
0.11480319668462573,0.04073913539856596,1.1199340833541382
0.12703983817527856,0.034591243665370294,1.1085634361549621
0.1397288328216487,0.02807299325947339,1.1047727504462237
0.15393010029840057,0.02227509363256806,1.1930044987377901
0.16731452221480092,0.01660012288586302,1.1797658687664012
0.1802275593797431,0.011551618153774456,1.1439628515384466
0.192183246533823,0.006244422214034867,1.1302829616973542
0.2049710365455805,-0.0001388400251851744,1.123171100398298
0.21867467888748898,-0.006941572764022518,1.0450718697488333
0.23142350320439292,-0.014181678495628118,1.1059256673673001
0.24373345091421778,-0.019974896771680677,1.1079449974426572
0.25534073178049504,-0.02626783057541527,1.0535276434518959
0.266094837804802,-0.0320800748429092,1.1237235641072494
0.28008902316729417,-0.03848700030977955,1.1400135839815022
0.291639287413491,-0.04495727743609063,0.9627172012433538
0.3045434142571028,-0.05330867863851367,1.0004439599902084
0.3165866496803575,-0.061176672846383125,0.9657744360462944
0.32817825192564104,-0.06882011785420214,0.9713377230966609
0.3404807490975571,-0.07611980175577766,1.0321012646955807
0.35335128899429247,-0.0833655479796546,1.025628909592536
0.36353888725817635,-0.08961178691306511,0.9970631039732558
0.3747291921208306,-0.09742656877260172,0.9526073622248145
0.38441647636317816,-0.10490947534310467,0.9239900199262355
0.39564805957703975,-0.11351455580375004,0.9169979947970471
0.4054023796940703,-0.12197837885402868,0.8533018692262736
0.4174378526234698,-0.13144274551689955,0.9248241223281293
0.42850803744145605,-0.13856785331632898,1.0413803481574826
0.44022759179714727,-0.14544226354532672,1.0718287021685091
0.452804251182585,-0.1518904676510908,1.079711799854912
0.46529758019110246,-0.15932475719116765,1.0193846373434314
0.4785900561849254,-0.16736156121876325,1.037485862569579
0.49129231849330934,-0.1747715367641377,1.0323990314504554
0.5031399342608941,-0.1823437692161917,0.9888295055615084
0.513892122018335,-0.18994155188611644,0.9391723107191118
0.5250258543745622,-0.19894754908868914,0.8471225265185754
0.5366222898989075,-0.21002793791590305,0.7801237124508563
0.5469053455347509,-0.22075080691275747,0.7566161574788334
0.557983068884571,-0.23124099928102,0.8260405914489719
0.5698773012573815,-0.2426015984418112,0.7912922633736147
0.5812470286833727,-0.2535010870558614,0.8137680848617591
0.5910008002994351,-0.2629145758410744,0.7963500029863935
0.6014165694354422,-0.2726816939826474,0.8040638285979322
0.6115926782380288,-0.2826007085481317,0.7794566585527789
0.6209421319343796,-0.29181029357031646,0.8208420513157232
0.6305448000158198,-0.3015473319703262,0.7561952137658113
0.640568937524471,-0.3127929045948053,0.7306601338781102
0.6505229284743529,-0.32353921411177694,0.746072471834333
0.6597644774730582,-0.33313515219919076,0.7810929685747917
0.6693070913343148,-0.343400469482866,0.7364967831262358
0.6785993853328016,-0.3529133088489543,0.7887486608410499
0.6878616104100804,-0.361865220769734,0.8175025591950219
0.6971338894363135,-0.37017244645563235,0.8636968694810769
0.7064776804276113,-0.3769820563844851,0.9871140695182647
0.717734160742903,-0.3848334994299403,0.9208670718498889
0.730224966938289,-0.3936025561938525,0.9893477732043089
0.7425010058728774,-0.4020071827173298,0.9609641971411145
0.7534368556743806,-0.4108260503392945,0.8297912264264798
0.7644331352141697,-0.42038507456970403,0.8727034800375636
0.7761172393707462,-0.43072249516596334,0.8279466508142511
0.7877188404725275,-0.44150682017447407,0.8212037790840195
0.7976601566554289,-0.4506523536015662,0.8057353167237998
0.8086808924178693,-0.46087751003538746,0.8275105618986942
0.8169106915663117,-0.46980659677546055,0.6507598826656646
0.8263895819537009,-0.4803300064477316,0.8562347106238768
0.8360624764257648,-0.4888525218726711,0.8495006996918006
0.8461647848420807,-0.4980989148813077,0.8273074328312976
0.8566244897169465,-0.5075049913935994,0.8419277650303958
0.8680644115119224,-0.5171911742357816,0.8785272436975229
0.8783089583312248,-0.5263716971910473,0.8032192266401302
0.8900521411733289,-0.5374993836296951,0.8120613039183356
0.9026950570923952,-0.5477610973330226,0.9317368634540165
0.9134014516306384,-0.5559373387545259,0.927205465645587
0.9224061871573708,-0.5634804315576747,0.8041658779111887
0.9334376777954785,-0.5730448633000654,0.8733911829156648
0.9433105996016434,-0.5818495874233888,0.8480411581243102
0.9534726381234991,-0.5914913358529594,0.8207373210802712
0.9648406220404832,-0.6016675664054456,0.850396367700559
0.9753106655007259,-0.6103402555144906,0.8984530761607044
0.9866624829937982,-0.618964044354953,0.9239207885081366
0.996734787848573,-0.6266961158618382,0.9134129175241805
1.0065717060699348,-0.635055873758031,0.8431898063121275
1.0191245839224294,-0.6449526485391827,0.904880101098849
1.0304446652530828,-0.6546073645188302,0.8560093092393527
1.0410870502635037,-0.6643364273116849,0.825811765127328
1.0526564242090692,-0.6741166255835808,0.891887964299989
1.0625444654613636,-0.6823843670109588,0.835420030588438
1.0734711808252533,-0.6925544409316395,0.7983139846153217
1.083462928638633,-0.7018697950488648,0.8302866717305034
1.092512320419388,-0.7112293072461362,0.7418877054494891
1.1016320080260014,-0.7200919335674872,0.8462585054899597
1.111914484756397,-0.7285191276803014,0.8962659172886374
1.1252750949724486,-0.738187183574995,0.9530669604253087
1.1355606295211509,-0.7466223703053476,0.8520909275921897
1.1456268363396722,-0.7555973692856333,0.8606162400846061
