-1.3837652159965907,0.5451713440802988,1.6223473072167784
-1.3703521538718035,0.5457675674298657,1.61757657618849
-1.3566573399038253,0.546105211072409,1.586569074207476
-1.3421178570323222,0.5464606404601798,1.6149922456955732
-1.3276684071835199,0.5467818483716939,1.5947120889582782
-1.3130142542103762,0.5469917505200542,1.572113161747301
-1.2985742675061618,0.5471884028409789,1.5833936600604412
-1.2838991553942194,0.5474984814050546,1.6011588495369953
-1.2687744382286434,0.5475216552770817,1.5578639339023834
-1.254452769627055,0.546752811032919,1.5001486509521547
-1.2401258218851408,0.5453516919944462,1.4659590774430025
-1.2256473148889877,0.5450786256695213,1.5946030026960942
-1.2119007420768306,0.5466665060737494,1.742422593135465
-1.1979402946793622,0.5485789408381407,1.7639912612868267
-1.184193990373634,0.551923125751317,1.8363859961334048
-1.1722206787573126,0.5552846370855742,1.850306196234217
-1.1581971516558438,0.5596900354143236,1.9115132314943617
-1.1439023582791732,0.5645065057184874,1.9293093737011895
-1.13032013581987,0.5697971697526043,1.9262638471661806
-1.1162979904212291,0.5746595697121055,1.918046406807519
-1.1035492312399453,0.579420405613844,1.9437586116645114
-1.0904850913063588,0.5852912323969276,1.9983543759292923
-1.0766837994228888,0.5916572783165683,2.042421087537972
-1.0622065466660453,0.5985141815780253,1.9837931171595713
-1.0487657802674288,0.6047858107824129,2.03178705454875
-1.0354843091735402,0.6112975380764056,2.0624705754660253
-1.0221195070683902,0.6170071687189475,1.9709919167082681
-1.0096642237741713,0.6222416497004315,2.0490867386310074
-0.9951850219288253,0.6296514373099683,2.030201034070436
-0.9813994440240098,0.6371510454865769,2.1224117646194163
-0.9687264789745689,0.6448055919153602,2.1483930652541194
-0.9557202145930243,0.6520261741866828,2.0700237393958467
-0.9415745929661111,0.6592543014460436,2.0662075966110462
-0.9292736320801203,0.6670679905775231,2.1202223941778597
-0.9173126639870098,0.6742277610559375,2.077285729995858
-0.903343603861818,0.6816953438293542,2.063570374084026
-0.890206323954251,0.6896658756690139,2.1642191665267676
-0.8780242454205216,0.6969925642643902,2.1133501222424265
-0.8647452097270194,0.7050305380568438,2.1782538124628186
-0.8518017898416222,0.7128105508881422,2.0960958467030015
-0.8391674589234407,0.7205475660035408,2.1345467086184153
-0.8269847281023534,0.728151572328116,2.1315226059931818
-0.8152319388173516,0.7356737093639264,2.1846390956834076
-0.8022681103588069,0.744108333179266,2.168066558299675
-0.7911057138632802,0.7528175206226658,2.281228105486295
-0.7796261791225286,0.7610701784982296,2.17850538325356
-0.7680761708035972,0.7692879985913628,2.2169525400911847
-0.7559623243527103,0.7785830400353885,2.237652667038029
-0.74330554424335,0.7884394206077416,2.221274958689201
-0.7325080577453197,0.7977886100656176,2.3121708803970193
-0.7208703413082194,0.8090400758922389,2.3492174260358216
-0.7088869937076109,0.8200413042287361,2.3275191467155327
-0.6976989620433054,0.8315216123083098,2.389401287979852
-0.6872260577385765,0.8417427574108275,2.3306291170640256
-0.6773673234056904,0.8514201360404717,2.3793559631349988
-0.6678976264696165,0.8622053995019138,2.4108079481477516
-0.6572057904967007,0.8722157358270718,2.2963486269053184
-0.6460110760658074,0.8822466536855172,2.343714571301382
-0.6375234063285881,0.8915128256905345,2.410541722963286
-0.628161637038811,0.9015473684630928,2.4222139424369438
-0.6185892002719279,0.9122341413740127,2.4037178414545854
-0.6107915938506463,0.92170350357752,2.462124265003846
-0.600479156348976,0.9331072501003906,2.383657660429878
-0.5915047550908392,0.9440424620279916,2.481511914045135
-0.5836413645309794,0.9547409823927054,2.549711080603008
-0.5690252240808689,0.9622849393065043,1.7551123164586748
-0.5560641241463353,0.9628761162230428,1.5574091942083925
-0.542733611625252,0.9623669780563932,1.5183492660905635
-0.5306271791299888,0.9612077852442785,1.4694214039189455
-0.5203785274488102,0.9575809922495512,1.170585795169023
-0.5089184384111934,0.9535517574991509,1.2570598782903393
-0.4961834001431722,0.950129295694762,1.2999747661765035
-0.48255648543800833,0.946296927856289,1.246406549409093
-0.4690327666744075,0.9416568577796518,1.232587819735416
-0.4554994010689791,0.9368608297016263,1.2132198697780199
-0.4445281441969576,0.9325140825352934,1.1556487887084297
-0.4330778912768044,0.9272440557356247,1.0568348573183546
-0.42025499184042087,0.9199488144264418,1.0328127477276747
-0.40890896919404945,0.9127091903312797,0.9869819917792265
-0.395946498964515,0.9063573627457575,1.2535326419595074
-0.38263224946269103,0.9030659111483925,1.3650424388025517
-0.3710804931484819,0.8999801678469866,1.2498486947702374
-0.357826449130277,0.8950632525469755,1.1959627538840722
-0.3441907110247993,0.8902297357893467,1.2445537759138223
-0.3314968789350954,0.8851017341894837,1.161010490289146
-0.31826218229990033,0.8800522607167065,1.1951493675790867
-0.30425711936876176,0.8755024447307029,1.2023214729987406
-0.29001304790825233,0.8700404271607861,1.1327833762236104
-0.27726255783495163,0.8633707164366514,1.078506896358333
-0.26391551131178426,0.8569549877236768,1.1158518294471371
-0.2511668033944823,0.851006254225344,1.0886241108677528
-0.23684847639990073,0.8437256326853552,1.0786223909384558
-0.2237155744946412,0.8360185373210041,1.0034858879214619
-0.21191277905875167,0.8289390892112205,0.990000122576183
-0.19984017361571543,0.8228644049146175,1.110145623620127
-0.18615204036524702,0.8167912795715959,1.1884692529257646
-0.1735465171351092,0.8117921002888606,1.1531451902844083
-0.16031822284528535,0.807145592396955,1.2049654846767688
-0.14683978779050613,0.8017884990622463,1.1298792780929734
-0.13434324150233287,0.7961893411712424,1.0925618888242963
-0.12146183333311229,0.7904882347695162,1.1379614055031102
-0.10745846891467879,0.7846498731570137,1.171525094185838
-0.09475890191413089,0.7788547702431997,1.1104616475816436
-0.08075990220289161,0.7723587238372971,1.1719526148394273
-0.0682675025717516,0.766741629207011,1.1296446318527158
-0.05524228811538623,0.7603935741627101,1.1275685764045644
-0.04263777632460001,0.7541862747089281,1.1191312858697569
-0.030021983325294044,0.7489209361728164,1.1292370948039976
-0.018213337016130107,0.7434917094406408,1.1370581390332097
-0.006319158514353673,0.7387700936103521,1.1494497859747672
0.006679340548717142,0.7321854670466488,1.0815789993439142
0.01890180673621848,0.7259642847494314,1.1103286063104916
0.031840366141080045,0.7205021826342044,1.121564135674499
0.045489366409045336,0.7139904573672354,1.0750553917142935
0.05965885473065282,0.7066476840700023,1.0874233300082852
0.07135880648935691,0.7001817704727643,1.065956220407689
0.08423111233202764,0.6924324680512606,1.0283813105230113
0.09688716094116362,0.6845125710094427,1.013393088933261
0.10950178309977518,0.6766853359747146,0.9966893714146344
0.12182755563442482,0.6686287200682037,0.9713384182686913
0.13320145578009335,0.6616301762535348,1.0396008295963004
0.1443970314833081,0.6552100086926209,1.052651916688435
0.15640440937764102,0.6485284151815982,1.0487442916388654
0.1691888836599201,0.641791332769764,1.0827127139955726
0.18182529102277137,0.634565149469053,1.0302595314143317
0.19392958196771143,0.6274107587097257,0.9960330108472206
0.2049791056012199,0.6200891806381811,0.9753456984320604
0.21766473764249544,0.6116116362506273,0.9649144691110599
0.2292153363471249,0.6038200387865036,0.9657786527765845
0.23946814644759573,0.5960996913874024,0.9330734429439226
0.2498926418075868,0.587950316558027,0.8967106784049251
0.2617157873780931,0.5784027426177937,0.8727055363673066
0.27162964179001786,0.5715600758518236,1.0060757932451634
0.2847275929214978,0.5641167626616584,1.0001236985048247
0.2955605085139948,0.5573797190595918,1.0128751294209024
0.3087030859506578,0.5487288298173105,0.9210384875375289
0.32048607034450205,0.5397641380746626,0.9501996092017879
0.3335161111574396,0.5315202147409387,1.004990003925867
0.34542136719882655,0.5230209795876839,0.9049115010542109
0.3563790619534528,0.5142790496904054,0.8755459308306377
0.36540758593613815,0.5040900183771371,0.6229576272001514
0.37184158390961036,0.492491194215911,0.48329258033931954
0.37849605054710705,0.47881475700775544,0.47484729500330985
0.3844793349211071,0.4662867070024144,0.46608232326712695
0.39059345394077827,0.45457747601180853,0.48896455397406996
0.3971334925906361,0.442604042775132,0.5337886289292337
0.40383135728358555,0.4311249243366488,0.54482370726406
0.4110698849849603,0.4200234495401382,0.572437524258819
0.41863685934607614,0.4095255346072742,0.6485833670183505
0.42776953919661026,0.3991314085845473,0.7551122670873006
0.4374395445455634,0.3888570228893817,0.745690332813886
0.44615361644988055,0.379003276682534,0.7220296382646847
0.45417266950176755,0.36962184604966697,0.7104574273051016
0.4621481626802554,0.3607200170835935,0.741533595743365
0.47096415474308156,0.3505862902110012,0.7023731571909363
0.4801554248197327,0.3409025316593578,0.7723417610665497
0.48856693499360204,0.33366293390259427,0.8663155761374483
0.4981759880296666,0.3260315971554669,0.9156188364813158
0.5090886015572376,0.31773578775053657,0.9297232961129551
0.5200144669916316,0.30937205237619314,0.9105845425906466
0.5307473369281007,0.30112227396715113,0.8867338877948481
0.5398058847233161,0.29364916479104697,0.8435609872738397
0.5503428335858399,0.2839700582192557,0.8298543752136643
0.5590953344269662,0.27542407007101877,0.7509733707712833
0.5681966405388065,0.2658684234756411,0.7735121523516254
0.5774981520620794,0.25715403143697113,0.8455752034185133
0.5859780702271149,0.24968584472678382,0.8520215855561215
0.595678912949209,0.24104200431193346,0.8531307784598947
0.6069002106050467,0.23131837956050574,0.8429949924484984
0.6124779735186995,0.22694258953434499,0.9264071210853201
0.6245839068568533,0.21668077198015553,0.8406260629555836
0.6353815264526337,0.2073145493601351,0.8691018005870369
0.6457395824776926,0.19878876719457314,0.9213345997629291
0.6563837711139364,0.19168042170578278,0.9830711457951634
0.6676845153701124,0.1846111987762434,1.0153794098904692
0.6795863959778375,0.17754119885057348,1.0349266505452381
0.6905284530128011,0.1700670151570294,0.9406777881644484
0.7032881706780326,0.1610971982235529,0.960678956927319
0.7131700730933102,0.15491684466946834,1.0308076290807546
0.7244032843794488,0.14729977207680542,0.9088816931116207
0.735812027799092,0.13765151625280428,0.857758249986855
0.7474023268578205,0.1283943656365437,0.8967569062632705
0.7581677520982824,0.12023889927382286,0.9526826964421393
0.7692183134112275,0.11228269472675567,0.942784700944775
0.7801359519305974,0.10445930998491446,0.9661350083628422
0.7901014047738174,0.09641028423015295,0.847219147770762
0.8004095466604301,0.08618537571839263,0.7620989162074436
0.809552133474797,0.07721606898392264,0.8009785100849584
0.8178086783714946,0.06775535724878337,0.658175027873113
0.8261568703233679,0.05576278245490665,0.6329563209066109
0.8345195414077533,0.04503074799763217,0.6739985486535058
0.8427289272205725,0.0356245690040489,0.7321068731438175
0.8512410842473939,0.026395814262586078,0.7379724339637844
0.8610859901682751,0.016881647506228264,0.8285643925252184
0.8696954579911953,0.011727093938648856,1.0784993562268683
0.8803214755418556,0.0060003305686394445,1.0864081409087614
0.8913007741638405,-0.001189330966704391,0.9167111558713199
0.9026416636801153,-0.009643934515769993,0.8968514573167857
0.9155539254195433,-0.019170721805630373,0.9080074739230787
0.9261620781395012,-0.02914062562216379,0.7055363662384387
0.93577889345826,-0.03977083260517939,0.7427786658645658
