1.1892846237918044,-1.1736532901705845,1.6176403531174766
1.2025891477173927,-1.1725851655079587,1.636846588682858
1.216489041628876,-1.1712392652062942,1.677475398320952
1.2303960352091508,-1.1697950017763314,1.664314311557245
1.2451097189850275,-1.168172890080027,1.6981662141799418
1.2596381136868453,-1.166864715219594,1.6743873305122614
1.2739931954769452,-1.165799002476413,1.6441886100199268
1.2879617297711263,-1.1645964635798738,1.6636013509874001
1.3014117752562178,-1.1627457370591763,1.7404470350339913
1.316245884861356,-1.1596459594970776,1.7938168372579775
1.3311333097883706,-1.1562137517362865,1.8084180166945338
1.3451995472293634,-1.1523274750077803,1.8723817402781053
1.3597726516585906,-1.1483517280339124,1.8627180192912192
1.3737333397158125,-1.1440055988456364,1.8585317395871253
1.386836927984094,-1.1400666773246544,1.9059656523571258
1.4013031874920712,-1.1350060945514637,1.91593071019245
1.415703097967741,-1.1292141746016484,1.956923446143755
1.4277773308495292,-1.1233286662087485,2.0521217579613356
1.4407815335801146,-1.1176208995024832,1.985024330894423
1.453705503409779,-1.1128853498122524,1.9402484114003582
1.464819232973403,-1.1081121984023201,1.9841547127392973
1.4817323347340325,-1.1009922547454816,1.9473578750307132
1.4961488306458905,-1.095021459999053,2.0032508172074515
1.5096687246770375,-1.0891827249483803,2.015806778596395
1.5248195417500305,-1.0829867012902554,2.039321272931661
1.5384064893840084,-1.0765134295874363,1.9779881795448881
1.550775039898841,-1.0711369714178767,1.9880251875195964
1.5635316774203345,-1.0655975703100413,2.0331990136653366
1.5772890862609679,-1.0583129880050197,2.045539756254996
1.591192033072094,-1.05153142022573,2.0439404870970814
1.6000074786180216,-1.0472679760989014,2.0269942393574323
1.6117008828411103,-1.040865150934978,2.0948592331845037
1.62508555517175,-1.0339899922935838,2.0869443759601953
1.6387506017152453,-1.0262608469973078,2.112599349216407
1.6505199449944885,-1.0195994248728737,2.0817093357474596
1.6625177671325502,-1.0121737090265444,2.1677055283363837
1.6744815522079761,-1.0042895478274194,2.1820577742911658
1.6860044856012275,-0.9955475139778835,2.239221478229192
1.698244196438026,-0.984275538401036,2.3822225296592636
1.7075810324733514,-0.9749133318352168,2.3245938447467966
1.7176872750203798,-0.9658711539798838,2.28588182089984
1.7269935433381864,-0.9578395596720477,2.3040669363559263
1.7381394110923054,-0.9467632052908923,2.353922285127012
1.7483520845837264,-0.937114744814738,2.329801689571138
1.7583343708477435,-0.9272107307640622,2.363251248636178
1.7672304794288154,-0.918010848974385,2.405181059716553
1.7766029516302435,-0.9070913740761062,2.435039132968468
1.7840231441753136,-0.8987496977968905,2.3555911176098756
1.7944041169427267,-0.888745143212935,2.328724418078914
1.8050324307738064,-0.8792272959947631,2.2820272113145466
1.8152762095104686,-0.869859615820548,2.33464879606171
1.825976723523541,-0.8593348239386058,2.366524172005898
1.835469339084513,-0.8488467973838721,2.4060159154309
1.845676022734203,-0.8376447000498599,2.402030969148308
1.8575153443559413,-0.8239202856010216,2.485145377937483
1.8664404155740113,-0.8112169243092751,2.513261846041902
1.8750608144291518,-0.7975689338057849,2.6004053210953497
1.8819611189895469,-0.7859579040950682,2.6183193711707298
1.8889942396886514,-0.7734952125981065,2.59852153414066
1.8959440627013266,-0.7624116419461797,2.553904110751584
1.9033068940415736,-0.751519759973075,2.5417803469215796
1.9104243662796658,-0.7409931376278637,2.5960873240774394
1.9167630637363267,-0.7304131648031419,2.60020070436823
1.923947349608956,-0.7210647442122624,2.3789620895993284
1.9316330898284906,-0.711704572208801,2.5155722149470203
1.9385676466061166,-0.7040304337674745,2.3797744083943515
1.9468935874383841,-0.694104477444679,2.4895978313789393
1.955565124954669,-0.6833677064931153,2.4498234458404506
1.9639739770383993,-0.6736561533620798,2.4257407027812192
1.9722676978380316,-0.6643201895913913,2.3624182985558115
1.981118861990694,-0.6551660703642093,2.363632109116809
1.9897330473243482,-0.6456949696283459,2.4024275943278246
1.9984223137926023,-0.6361211525410106,2.4081649469369495
2.0083766373680763,-0.6268402010076297,2.2680856948498387
2.0202964660807807,-0.6208779059515205,1.9198269956478335
2.032538788078164,-0.6166376748032845,1.9042020538839395
2.0449764012681113,-0.6143383590638106,1.6432246056068887
2.0566684118728107,-0.6165615792106562,1.2663408162974639
2.069700006488833,-0.6223728039767872,1.1214689495233932
2.0822770670210375,-0.6286940294576034,1.0990165305169233
2.094864243923628,-0.6353080861485353,1.082831409708654
2.1063487076458793,-0.6426528247351527,0.9986596490492511
2.1192838891513683,-0.6497557549575028,1.1248488721388208
2.133093257552379,-0.654087142199853,1.365248875161651
2.1465060669255376,-0.6580687914823082,1.252987506028919
2.160766536235558,-0.6626763365692919,1.2249874214154266
2.1746945461510725,-0.6676025799154325,1.2266486013280204
2.1879179409328207,-0.6725888503297296,1.1733827417617826
2.2008165240341224,-0.6780646046589128,1.1403076763329698
2.215152875758551,-0.6838885913062075,1.1793408740325302
2.228725954968811,-0.6881429928092117,1.1981029035278414
2.2438255106967473,-0.6931442692010483,1.2330002514155542
2.258069995967387,-0.6974191807896847,1.2806617690233044
2.2726627423884533,-0.7017814839301884,1.2996061050891299
2.285556261568276,-0.7063880117911819,1.180054543552812
2.299671464913754,-0.7120231983837937,1.1322051361818497
2.312664414483219,-0.7180334047756878,1.1220112663332746
2.3256026742079428,-0.7236129325135395,1.142405384687278
2.340604618252525,-0.7303447416876095,1.1678858931657448
2.3548330257587833,-0.7364659208539244,1.150309051922765
2.368929179015399,-0.7430705904431321,1.1357922805558032
2.381019432098491,-0.7487603353608477,1.1395537506483981
2.39401709976158,-0.7539507826261383,1.1800869864224026
2.408137723122423,-0.7598052477474737,1.1694335959496973
2.422339743497451,-0.7655248706630262,1.1535980750004802
2.435248966440949,-0.7711373777066111,1.1341840308800124
2.4486267079596296,-0.7778092096225877,1.1029192546547792
2.461123548063939,-0.7840547744320174,1.1112713590247243
2.4756435114692197,-0.7901199330210964,1.1734506630557269
2.4887362888116997,-0.7956489563956032,1.1764090667048517
2.5019570001048614,-0.8011601859683053,1.107032159018863
2.5132799626097886,-0.8072238536861266,1.0786155937609985
2.526846586524911,-0.8139131296453352,1.083090017842207
2.5386685355878824,-0.8202651653703169,0.9791217190998653
2.5516495014043414,-0.8287939392431893,0.9777206141067356
2.562389700536097,-0.8354030326410801,1.0124268250043653
2.573310321489304,-0.8423547552449621,0.9869907728305087
2.5852891192076717,-0.8503024445535811,0.9521621204285232
2.598914144150157,-0.8599540008099159,0.9676870104891924
2.610532694072151,-0.8700983802591865,0.7827336685672032
2.6197016453993553,-0.880221294115498,0.6942297444924576
2.6257600003198363,-0.8896601537340064,0.5484218762486861
2.6335247072431107,-0.8994298360918034,0.7388081559374391
2.642238905677607,-0.9091268413720002,0.7364455700162794
2.6494400353886567,-0.9174976903979184,0.7294116656628317
2.6567708502194507,-0.925813573998133,0.7497611029614674
2.665207494975139,-0.933049544034699,0.940066905411497
2.6753223102300208,-0.9418857368987902,0.807027800422869
2.685780895837679,-0.951530536155034,0.8478245548629079
2.6948569693148694,-0.9588084533975171,0.9242177746646988
2.7054534724845305,-0.9665084506720717,0.9253329635493079
2.7164053099310905,-0.9752882731858741,0.9298343973650296
2.7277535443590266,-0.9834677946946663,0.9707277075785022
2.738571283697707,-0.9912504314901195,0.9111439452965259
2.7502070433474692,-1.0003147606585288,0.9042866448682335
2.7611649734827237,-1.0088740553625284,0.920777033251514
2.771920403072745,-1.0178780944755144,0.8540782508562835
2.780258142758468,-1.028040889311378,0.5808325473820405
2.788670625042802,-1.0391528157815177,0.6975038669731198
2.7948076489019407,-1.049701510793558,0.4288914289074471
2.800504292301833,-1.0611896765524402,0.49187954657239435
2.808976415841419,-1.0765547860567557,0.48123772151009714
2.8166428939365638,-1.0910133520115575,0.5087123275729739
2.8243238462350497,-1.1029872897916335,0.602241754048263
2.8348410533420956,-1.1173289183586497,0.6385776403810632
2.842596779895077,-1.1284320824823804,0.6233111629985465
2.851308965071236,-1.1423248875266128,0.5507331112049785
2.8581209563540972,-1.1545352025665991,0.5052775570921683
2.8655103095359036,-1.1665722118261193,0.5305513707450552
2.873255299091014,-1.17913473232334,0.5609613835123798
2.882500226740197,-1.1910247322470229,0.6859755862231102
2.891638351689815,-1.201981439407162,0.7224993784792368
2.901872261410233,-1.2126380411692537,0.7741507314923896
2.9122641104401383,-1.2227768879453904,0.7961901170982509
2.9215924807083655,-1.2318136512596864,0.7944577811438986
2.9307403197460293,-1.242335357887421,0.6701443628635546
2.938655482947586,-1.2528435302026275,0.6318701917201697
2.947239698012935,-1.2654762059273894,0.6196093747119247
2.956938790278187,-1.2781251924031514,0.6968224186843633
2.96658963065252,-1.2890614982744537,0.7227723148935402
2.9745896201359465,-1.2988885679774151,0.6908838197055985
2.9827860286568946,-1.3093380349043686,0.6395882525201224
2.9916900945529483,-1.3206936784209347,0.6808321298496167
2.9999775446028454,-1.3312218293255078,0.6267126099374289
3.0088868947069005,-1.342977313181344,0.6741483433015726
3.0167467721160532,-1.352923832778133,0.6755105082733152
3.0247335311198156,-1.3638654215517423,0.6000776570618777
3.033342471328114,-1.375472837564485,0.6441611554893326
3.0412595688549393,-1.3859712541031157,0.6701042891955962
3.0494981282745957,-1.3968496872130565,0.6629963593968434
3.057530472604516,-1.4087676905082565,0.5919684445573788
3.064996558979489,-1.4204875369701615,0.5674327396365824
3.073624611322499,-1.4335441117228256,0.5740537975161046
3.081245426810805,-1.444772814021014,0.6121068533671264
3.088316336721336,-1.4532336114186017,0.7949846502387907
3.0986087103041062,-1.4622474638780016,0.8305351648384446
3.10895958921251,-1.4728659443533578,0.7625347360339529
3.12093577281789,-1.4834757067996494,0.8840956061546172
3.132072730661027,-1.4928577632245978,0.8580043548645221
3.141775482949981,-1.500859979126814,0.8540719220349949
3.150138365152862,-1.5088294093078634,0.7998924413674623
3.1608879414219553,-1.5185421852019851,0.8688524060010482
3.1735704009840835,-1.5287675519122796,0.9031828354918546
3.1835345061901212,-1.5370494447903171,0.8871865133932758
3.1952967999639226,-1.5459965296296518,0.9168879603985243
3.20703557237517,-1.5550738806832347,0.9095579361573846
3.2178357839474314,-1.5632747052380154,0.9212105613448932
3.2300871972291127,-1.5723168150827895,0.9452137908729633
3.241659074657751,-1.5809874423220929,0.9125680865234764
3.254422176171775,-1.5902159167512753,0.9459285436421396
3.2656670863307085,-1.5984271283130616,0.9247842318008684
3.276776686926647,-1.6059528180401659,0.9886762301936823
3.2885550311310436,-1.6148612815365881,0.8850932658509151
3.300817759308069,-1.6255063257249478,0.8385583533975257
3.3112718861142545,-1.634767920501421,0.8404349134291115
3.3209772419507995,-1.6423645761535548,0.9500959080037266
3.3326055418774443,-1.6507838993355781,0.9784755019985178
3.3444848821168986,-1.658662103810315,0.9614856945568695
3.35497918905155,-1.666233462550139,0.9382058390947564
3.3652470260554836,-1.674608620941376,0.8554912309350542
3.377504332063687,-1.6857606499631355,0.8293422837626276
