0.23824262093012166,0.6840357267935063,1.6211021382238715
0.2517685235359097,0.6845916531007887,1.6251600030152564
0.2664198998339964,0.6850086695707867,1.5886372965326574
0.28148319720927667,0.6854353770175287,1.6087779557980477
0.2961308411911281,0.6856380671626536,1.5497373891030166
0.3104492557096271,0.6856358955716558,1.5957681777683155
0.32536463496422074,0.6859509403018996,1.590080388769009
0.33990867891578075,0.6861567026194118,1.6069857316298335
0.3549854199504435,0.6863779937928486,1.5814302637936193
0.3695336276227267,0.6867478257105925,1.5957515636474964
0.38385191358625603,0.6872349934349747,1.629135913098749
0.3982410601486021,0.6879457028319531,1.6013852084527627
0.41256850326425126,0.6885902719966297,1.6221533364044287
0.4267288232723058,0.68971088098181,1.6760379565888572
0.44146167745960724,0.6908776907793929,1.640366700872456
0.4558932243066161,0.6924850297942245,1.7006421401825491
0.46945615882990943,0.6945207252313954,1.760701049717262
0.48464704860419333,0.6974575738928367,1.8034987804138716
0.49861687885443123,0.7012174212222535,1.8385773560533836
0.5134022511838956,0.704881193332646,1.8516008715380072
0.5290068249275675,0.709179127954448,1.8354171564028037
0.5432226628952816,0.712979467835264,1.8361240486652648
0.5583399095540194,0.7168928615904998,1.857132493054653
0.5729555680762513,0.7209557085375857,1.8584656375692712
0.5879121674620621,0.7250702423157076,1.859573416252858
0.6035990389340709,0.7293532680253823,1.8826059481789594
0.6173383265554164,0.7337952460192523,1.8502546354586324
0.6323750142421787,0.738563344175865,1.854348916560406
0.6463875670265422,0.7423901124121924,1.87951307601045
0.6612305033338685,0.7466274961066482,1.936069716917593
0.6738410464355971,0.7514833056111133,1.9526470954058683
0.686523646211752,0.7576669998436236,2.0283276942015376
0.7006127873413632,0.764876674466794,2.034984052750042
0.7129905668461332,0.771581408277683,2.1384634509315643
0.7260953428220968,0.7790379896345593,2.1138861545878393
0.7388317713344942,0.787089769589311,2.1463557067091195
0.7515691735464253,0.7960473729853957,2.205183801689293
0.7623925409203034,0.8043862439867243,2.2589453547675813
0.7737582058892098,0.8137730151798822,2.3090616963110477
0.785050846559696,0.8227564847742808,2.2336628239687
0.7974915793473922,0.8318165273446545,2.224685146642779
0.8079526515847363,0.8394557224005221,2.1843009400036406
0.8188180733136053,0.8480144369446261,2.245223046142177
0.829742010995449,0.8561418824409567,2.197628986157669
0.8415507550213663,0.8642585892959703,2.155794101927723
0.8527036995025628,0.8725255936737707,2.270467584718354
0.863912906389571,0.8819356449961417,2.284427749983184
0.8752041624222954,0.8913397082862087,2.2380383143044806
0.8854086531376968,0.9005315712020832,2.3301381827192307
0.8946116117020504,0.9103530072185806,2.378173110561649
0.9044209579933894,0.920485171313055,2.3847704334401376
0.9149432532541765,0.9311896105428666,2.3515560507367272
0.9248275797284494,0.9414070362107906,2.3897521005777613
0.9345134999518787,0.9529107406774924,2.4399184896399757
0.9438383919028897,0.9631703762892908,2.3960246079923087
0.9525573399688451,0.9735722072115488,2.4510307886917255
0.9666411328009309,0.979131387346767,1.6314439185603358
0.9793164144631921,0.980899323515584,1.743138832280667
0.9923049225818394,0.9857779439280066,2.0474025373474705
1.0044165242898406,0.9944199657181051,2.2368090533039653
1.0196484093783653,0.9997869061814959,1.6999283918815644
1.033196509477861,1.0035360514532399,2.062354506812903
1.0424805839779823,1.0095411303827875,2.176144505759126
1.0551919067423048,1.014298303108609,1.703029134990997
1.0672130379951628,1.014150951682691,1.4249528210130034
1.079311152397295,1.0115901154346374,1.3437237342490227
1.0931583286519027,1.0086920789865346,1.3131932811242084
1.1078394383281667,1.0055807670483536,1.2931992542013342
1.119849595729236,0.9979555693067624,0.847795363658896
1.130212053802864,0.9890196103615922,0.8613496321061517
1.1394884232053761,0.981027855382944,0.8840401463793879
1.1506068161940772,0.9713651538669187,0.8172883627216564
1.1595499037451604,0.9627733327036772,0.7956275425923806
1.1707518817754314,0.9539157947280628,0.9290999527067265
1.180455506339846,0.9457774952235969,0.8785643184570997
1.1908082516337477,0.9368935935750069,0.8751120187997519
1.2006306703540264,0.930801725085392,1.1246266748530733
1.2135703268430875,0.9254260025391444,1.1646584350940998
1.2257371750023143,0.9207412154643978,1.182776894937036
1.2390447676180654,0.9158408151612809,1.1848199409963533
1.2521129646717846,0.9110044292694711,1.2033995570532654
1.2645620713321406,0.9059644832859818,1.1639560062994512
1.2787535339442604,0.9008123478100162,1.2132615503496116
1.2923489560173647,0.8957048530546191,1.1807005066804839
1.3072229832128333,0.8895629810706589,1.1957879832728755
1.3200737009067434,0.8830254107823358,1.0257659518969893
1.331405267011689,0.8768113320930212,1.0618105494837287
1.3435189539774617,0.8701462560464025,1.0554026933727143
1.3557319323673274,0.8622224722592319,1.0020759578991432
1.3692888041911673,0.8549202389829794,1.0962687980156633
1.3818528967210013,0.849704853166038,1.123600260592467
1.3946137606181677,0.8431270126114536,1.1005472244199634
1.4073973921567544,0.835893406166931,1.0467830395670188
1.4188632770086729,0.827351125446565,0.8248706786762272
1.4296460552487336,0.8182310811936642,0.9077419749961813
1.4409590127613956,0.8095370463988436,0.9426558347942734
1.4529998641092365,0.8023042152611337,1.0253447586601423
1.4643303435651018,0.795679730753583,1.0291994519359724
1.4765040428331013,0.7882286612469707,1.0420351281165692
1.4865939194690114,0.7799325303935446,0.823999924019173
1.498038799644027,0.7693835581431413,0.8120402610851011
1.5093727635134713,0.7591321761818796,0.8586731257533771
1.5198856253468522,0.7504299119491145,0.8951996676974133
1.533000640241564,0.741598354772045,0.9795752621546147
1.542264300645683,0.737407392545369,1.2337925314604468
1.5556155331525359,0.7317977736718682,1.1539319243091917
1.5686376381905418,0.7265495529736473,1.1650270264324762
1.5818824875826312,0.7206319240898723,1.1078501453797287
1.593537809718897,0.7128895970347757,0.9120188067371552
1.6048391513828424,0.7036048838345376,0.8825096221748374
1.612690860370221,0.6963372231187225,0.7865908581514939
1.6230082959518646,0.6864394301616475,0.7749125788092113
1.6323964972365526,0.676238325363003,0.7229978247804526
1.640869576367336,0.6671603784233642,0.7346213594481735
1.6511297104542761,0.6565332780164769,0.8051972724496647
1.6599301021920323,0.6474299148997139,0.7351312161119397
1.6690255451209053,0.6373762124597437,0.7207429542986784
1.6764005223073644,0.6280674202723067,0.6431235158652793
1.6848707704075816,0.6168331350792691,0.6367986704183598
1.6927906758020699,0.6078303631033086,0.7146530115515887
1.7028417291647073,0.5962011334801735,0.7350634805868751
1.7109081388279663,0.5861353671103307,0.649353213019283
1.7181718678104994,0.578001815964116,0.7308447052065096
1.7266988003541432,0.5684073777741756,0.7143983010639473
1.733366551638831,0.5604360144491315,0.6820461164129706
1.7420038432843095,0.550231201497812,0.7153694597922441
1.7503834659745239,0.5399704439828528,0.6902291195298232
1.758882761936378,0.5294046871230088,0.6600867256894163
1.7670204660197557,0.5178285440075329,0.6217934369252147
1.7710452464901505,0.5135817970661439,0.8124750558054411
1.7791663444944439,0.5052389432614324,0.7505813866397755
1.7869181502737015,0.49776874043105507,0.8223742786161927
1.7975752802021199,0.4882084691036956,0.8493182522652178
1.8079980015185266,0.47839354095143954,0.7813735919045585
1.8176988650738577,0.46801165830359753,0.7522265419767196
1.827067358974286,0.4590749445959435,0.8289689525297936
1.8368354136849014,0.4503557696395691,0.8268440057757809
1.8458942296299383,0.4426761590045009,0.8546013140195511
1.8565205229199864,0.4339102934463864,0.8665042727231708
1.8674151648361603,0.4245251799093153,0.8230424927456321
1.8772860525204331,0.41440902914574484,0.7500569776752176
1.886483334487897,0.4035243508810615,0.6924080717597189
1.8943117068057524,0.39382556421295184,0.672188111620881
1.9022171466705677,0.3820871660782095,0.5441781029624819
1.910167296745927,0.36788414002127107,0.559964968001892
1.9170150162004385,0.3558773378645563,0.5520344661085134
1.9247270403580519,0.3430856646359467,0.5530676598322163
1.9335913836276675,0.32920168593192156,0.5981688915652225
1.9419958561469575,0.31654974505184685,0.5995221523436228
1.9500974808607063,0.3045470801453518,0.6112411082340101
1.9591243805967877,0.2925657204324008,0.6684597780854191
1.9686005614916995,0.28091862450747523,0.6698331517027807
1.9774717473704444,0.26933645986607746,0.6509691810247813
1.986164721092296,0.2578467893104036,0.6412682280104831
1.9945465541500882,0.2462063499980938,0.6069286692591184
2.0033396109075867,0.23443053100177047,0.6433182398603036
2.0108416234972686,0.22358901915799217,0.6113993010110857
2.0184942949596505,0.21214333800730334,0.5860309755764099
2.0263396104785025,0.1999872774197142,0.6141873247972256
2.0330954180061016,0.18880563064109104,0.5587987330219948
2.0411135628826793,0.1783680341976389,0.6718537740825089
2.048729570781881,0.1677905253434044,0.6088098109450113
2.056273818618419,0.15810365707541643,0.6802767124889342
2.064351991088495,0.1493116221520706,0.7362646381336979
2.0745517510881233,0.1387927591088372,0.8200019607503941
2.083309514666218,0.1296436331819229,0.7257205233141812
2.094156119684765,0.11772795318004456,0.7569009684219447
2.102890011169479,0.10791995789014913,0.7111522658142146
2.1138864553739856,0.09730300641839056,0.8062029277815059
2.1251782798947922,0.08663793222220967,0.8064683144938918
2.136717309218738,0.07603319303600185,0.863103603308687
2.1455793889175205,0.06810159609320257,0.8075341233382665
2.155346575712788,0.057003402447978725,0.6921059811357994
2.1651703425964013,0.0484914398698786,0.945734827935663
2.1745713824633666,0.04131380159188394,0.9141124658468553
2.1833011374756284,0.03407076151932788,0.8405996804519924
2.1940667995047045,0.025487663761725177,0.9447480740112275
2.205178716463045,0.01665291764271462,0.8662003286557477
2.21555973068225,0.007359261401659151,0.8456708703800038
2.2261400778985934,-0.0018558822582547397,0.8549856856195639
2.2373443632674186,-0.011353300110301053,0.8684145937215548
2.248840325409477,-0.020835867393278862,0.8671182980012136
2.2590063753257597,-0.029923798613521922,0.8457567949734269
2.268831268023861,-0.039227105452620606,0.8167650976485771
2.2782081498075244,-0.04905821405500078,0.7312816047652798
2.2873698744369704,-0.06088431467371979,0.646953857439575
2.2965131764629962,-0.0716710430172054,0.7433401860263188
2.3052026523296045,-0.08112831794913042,0.7394985822007116
2.31447645461906,-0.09095624886946958,0.7549307320028373
2.323897162417195,-0.10081994405648308,0.781708332663311
2.3344418255925823,-0.11161285186221058,0.7680679542381772
2.3441551155271543,-0.1209624478673066,0.8267159916138758
2.3543010031330995,-0.12910071861534847,0.9336320091446986
2.3654187807619738,-0.13732007742913593,0.9432915071104375
2.3753941315638216,-0.1438012298001054,1.0001847003977329
2.3875051774206515,-0.15156343379831855,1.0111963088129916
2.401405169484011,-0.16097652648715075,0.939721844839354
2.413521775286327,-0.16872640847422746,0.9808478772666119
2.4215975743784366,-0.1753293365801169,0.8548154844806373
2.4310803517469797,-0.18278975067076342,0.8830753356968055
2.4413762175716607,-0.19227392895313825,0.7797700447985123
