-1.201801565369186,0.014434177522337235,1.5784645769983476
-1.1898303572272295,0.01403318473184608,1.5442099638511744
-1.176183667066889,0.013358560881170317,1.5225161015030055
-1.1616309892690582,0.012894034937149407,1.553998936224915
-1.1470733756410394,0.012502084588315544,1.5360699495067658
-1.132874428229946,0.011899538608038324,1.538602945267173
-1.118776778678189,0.01108057906899243,1.5135762058541427
-1.1047080702167367,0.011330695497502487,1.661020868243981
-1.0899151613475182,0.012803356755600837,1.7419392566486742
-1.075982307931404,0.015614463005672824,1.7633024145945126
-1.0615974189706328,0.018478201562647317,1.776153384789603
-1.0453699636967024,0.02179592881772136,1.7985285561606237
-1.0318262178598698,0.024520083278444134,1.7784535001597366
-1.017402867174559,0.027522227820678726,1.8081161879834127
-1.0032004899896043,0.029858316793996614,1.7082069903972676
-0.9889077755228256,0.031953691457160587,1.7289616486563515
-0.9745696827549256,0.034233646912342736,1.737723151529352
-0.959168962726684,0.036876745415015025,1.768671802663664
-0.9447528928361227,0.03986250890317688,1.793416997310175
-0.9299929387426472,0.04309893329641512,1.7783638182577972
-0.915048106363142,0.0464281390361359,1.7929769039736048
-0.9006678725032928,0.05031862697761424,1.8288088184098372
-0.8857130831386029,0.05368346836380066,1.821637154398325
-0.8716493788645157,0.05713082485876504,1.845661417862021
-0.8568766283637814,0.06191289288593426,1.9262639430289237
-0.8442193697479702,0.06640909322760633,1.900171010984868
-0.8302413308579819,0.070714359579174,1.8937657594756343
-0.8191233196634985,0.0748854778740296,1.9405992157608527
-0.8057227769332858,0.07892118299843197,1.9164599221587466
-0.7903621230953013,0.0842941319250465,1.9842078766337765
-0.7768801100637919,0.09008615445252141,1.9492413060273388
-0.7613403189676708,0.09510606600053291,1.9365051907737136
-0.7467214514139181,0.0993259532939105,1.8699311335220596
-0.7317402736510591,0.10344062938687625,1.8918182455546877
-0.7171817949792982,0.10812073187836563,1.8887205688845108
-0.7033915214198495,0.11304175452171393,1.9378638046074013
-0.6905715173405647,0.11756485919970462,1.9513309276328534
-0.6773587760656672,0.12272672414632187,1.9673036018172196
-0.6655105257565812,0.12786599884692973,2.026207816850404
-0.6530993565204234,0.13361022365497843,2.010607224505682
-0.6401769892942755,0.14014464577385238,2.0510134479489457
-0.6260201335052171,0.14743321384219674,2.067779769241351
-0.6142238099061261,0.1537804880010158,2.090007547376329
-0.6016525908144088,0.16127480256386914,2.1383012785362796
-0.5894867011649972,0.16962226517169454,2.186753106545633
-0.5774844471523546,0.17770858871423897,2.1732156908899927
-0.5662783730386655,0.18519856167543006,2.152656857377489
-0.5551977728537021,0.1922869971972382,2.111824365493825
-0.5419391882824804,0.20211594817187198,2.2671862448625792
-0.5312627104075432,0.21324652760746662,2.4452182862914578
-0.5214141742605419,0.2259230376819132,2.4688849686349887
-0.5117014464718229,0.23730361113239692,2.3844432982023753
-0.5035208873290862,0.24721638402200433,2.4593516076965614
-0.4948867093082696,0.2575226822253231,2.4199266091373386
-0.4854805116585922,0.2679590391293371,2.384608721481361
-0.4756342635737661,0.278213743652032,2.345252578456694
-0.4650805590461858,0.2864736847684377,2.2167503533578947
-0.45306081960485783,0.2951383184720676,2.2081457571002856
-0.44131892808257167,0.3043938764878879,2.267252335228958
-0.4292654021669864,0.3150317047037167,2.2843020532397253
-0.41787461483613464,0.3253410044555219,2.3178511567641324
-0.408494190396971,0.3346888239787216,2.386738974597086
-0.3989455098041387,0.34471667109143167,2.3934576828636867
-0.390129671930803,0.3528006425284021,2.2815815620292588
-0.3808276084783058,0.360960612675606,2.318446535194481
-0.37095933012841725,0.37077845613538385,2.3640118621630966
-0.3605427091107217,0.3785021537824234,2.1108406439724283
-0.345984313856012,0.3857538245597351,2.019633619046188
-0.3335805654453056,0.3928912379434381,2.136166429429163
-0.3205119611954043,0.4004469331754072,2.089274230107109
-0.30495446751656174,0.4028429005588201,1.5077517145209816
-0.2913094476615026,0.39997406130715346,1.2854103492563367
-0.27577692268758214,0.3974840115532931,1.5204219258901401
-0.26140492622531836,0.3999897011828915,1.8631435729349786
-0.2459649759565401,0.4031716724190109,1.7512685582302183
-0.23038485401064313,0.40518288463911095,1.6415196416238758
-0.21661483743873058,0.40398151335913607,1.372572197261947
-0.2029823099136756,0.39986582621890066,1.1550127900336462
-0.18819716977794818,0.3966195209219867,1.4227065435496358
-0.1741364654479839,0.3943095449123216,1.3142016141050052
-0.15971362600807062,0.39166758052249634,1.3251945557903324
-0.1470176736498886,0.3874904035047842,1.1599825709600244
-0.13273330903420358,0.38228528140690143,1.171096647996052
-0.11851710566857973,0.3771562488226607,1.2565557170430632
-0.1050891673693774,0.37201453377742794,1.1835332178601834
-0.09134036305261165,0.36681743940456735,1.1925364015965545
-0.07623127351494785,0.3621425061704969,1.2805125893420726
-0.061508224508384966,0.35833735691649765,1.2645185785173014
-0.046852984568172634,0.3544103491472664,1.2592779787803807
-0.033753528817019755,0.3499025851671062,1.244390913680924
-0.01950161537744127,0.3456878284578727,1.2751204402361633
-0.004635924051797567,0.3416851409075383,1.272709463750439
0.010781038380654443,0.3365713811525399,1.2314630642927205
0.024957845659002484,0.33194882305014584,1.2199945142228397
0.038256736672458505,0.32699694259869105,1.2084390642040814
0.05222368433913518,0.3213779790227599,1.1965911940676388
0.06585367432365578,0.3156962385301783,1.195632636184106
0.08179665774107542,0.3105615076841177,1.2394651204734197
0.09476778574925784,0.3058895132208661,1.1970155431752498
0.10792142442823395,0.301132604499707,1.2295509721316653
0.12196646005810202,0.2959842266767913,1.2119793932458527
0.13467259400949785,0.2906621992558221,1.164409369874569
0.14768699175486572,0.28562481519638006,1.2040958971988556
0.16222597885987952,0.28041622522688164,1.1803073778875035
0.17639215015796944,0.27494698346446933,1.172009386878061
0.1889483295644678,0.27007724504492286,1.1430765697072724
0.20205363692778608,0.2646810139896178,1.1756424428619674
0.216176125099919,0.25959856054638225,1.202898076340008
0.22719314910946806,0.2550587733313062,1.1406054640259564
0.23909106400103383,0.24898801766144865,1.0743394293358783
0.25159688719854256,0.241760397486839,1.0297992893393273
0.264411745306046,0.2342522752996809,1.0516700602839681
0.2765921211191277,0.22653539129375422,1.0090901313191494
0.28947757447414246,0.21856130489780623,0.9927935659960299
0.3009514224271213,0.21107841047310402,0.9694748671727987
0.3132377490667242,0.2042805304984079,1.0921413194669123
0.32595112734227266,0.19833923881832738,1.129744463685078
0.3379989064061939,0.19229578292561147,1.0626050370385056
0.3488806819923979,0.18520919548265963,0.9677221684213942
0.3624490184694346,0.1767989590117858,1.046762824551378
0.376036187952154,0.16924750297353686,1.0972493945323296
0.387955515464748,0.1611974579388086,0.9006901186463931
0.39859560787333354,0.15309239052272142,0.9827863043672094
0.4112782301917524,0.14548434751694161,1.0675626088173658
0.4227255002175194,0.13802518586522455,0.9297019989919403
0.4338809018005038,0.12967928553224803,0.9382125783003894
0.4419874685855605,0.12302583452534749,0.8499324574236462
0.4528770823150929,0.11426359996956169,0.9181403281336823
0.4646000905222921,0.10598213849718899,0.963150019150784
0.47276443828669795,0.10003283421510652,0.9432030326196139
0.48422135829414803,0.09105782491669136,0.8897410809706487
0.4955530600969882,0.08226904071215242,0.9106257885877489
0.5075972926702454,0.07324335413230763,0.9043731953853992
0.5182467578750712,0.06503048940703883,0.9429453561378502
0.5309096228633209,0.05589745025769232,1.0128220413107614
0.5431503220807983,0.049347267795697015,1.0384073473385615
0.5558421466399854,0.042213725914141936,1.0214691367265742
0.5679632608397777,0.03382317196103031,0.9047518564498545
0.5797732329479158,0.02343712139122979,0.832460210424717
0.5882419848066864,0.015364819235271132,0.8083794973943077
0.5994129517414029,0.004391826478888588,0.7637255138980257
0.6100468149775194,-0.004658922539997495,0.90542829921356
0.6199097404927343,-0.01272950856825661,0.8417856332794575
0.630129650310579,-0.02233922127589752,0.8032556349598048
0.6394831105742481,-0.03220383966221894,0.7355119826893495
0.6476728217585483,-0.042331240461575395,0.6687909771171501
0.6558524812675943,-0.05455682561039469,0.5718304713674279
0.6643699760484537,-0.06544021627324811,0.7105647506459555
0.6748045516034739,-0.07726318579646478,0.7248014143125283
0.6855127426521429,-0.08880824255175121,0.7750837937981438
0.6962389095423189,-0.09988876224186936,0.7661989761877631
0.7065778919501521,-0.1105614167458826,0.7811921650519128
0.7168248049675039,-0.12074319073283725,0.8125505604220498
0.7265278579516958,-0.1304845516621742,0.7507060009324297
0.7353243107469246,-0.13939693483587673,0.782383106828176
0.7457253212618132,-0.1488814597797976,0.8377725681572429
0.7555830381754325,-0.15761490113603782,0.8416862921930786
0.7660369695822281,-0.1671487940682538,0.8137403735930651
0.7743105968216232,-0.1750696317166535,0.8123496817853938
0.7848777353530196,-0.1852718520028313,0.8127544748057408
0.795752573394103,-0.19522222019392285,0.7944317729532372
0.8067027719004163,-0.20536285525624517,0.8211967114532287
0.8177808302168784,-0.2157435360707265,0.8108879096019774
0.8272737446663476,-0.22443140748039453,0.8307870890905344
0.837684147821636,-0.2338903506180847,0.8289851851817174
0.8487652200293904,-0.24401459890577856,0.8326068684341289
0.8602575292694741,-0.2541018466886587,0.9056779405482379
0.8723586044707078,-0.2634708921264603,0.8983663394370447
0.8826040207495206,-0.2725492205883636,0.8248085810645687
0.8920020930436235,-0.2813040689262046,0.806170826606877
0.9025685628766872,-0.29085897464412613,0.868339884191432
0.9140975956158373,-0.300024824396125,0.9131714070134468
0.9254952352401083,-0.3095341638638356,0.8264343875196796
0.9375759448228836,-0.31998131318307743,0.859202227324374
0.9483161684798408,-0.32943273499704284,0.8274655715269071
0.9582210609259234,-0.33917449647962666,0.7961916710714172
0.968530742527188,-0.35012846406771325,0.7550029082086048
0.9768592121300365,-0.35941350591621357,0.6984694017258056
0.9852039363013229,-0.36956240390228395,0.6956171438174802
0.9936702254448728,-0.37771017432489123,0.878176873901921
1.002996913375854,-0.385497290076978,0.8629773141813266
1.0136317980241474,-0.3945013695434102,0.8842483064320296
1.0225532737795782,-0.4023839660351388,0.793342378864095
1.0317388387374336,-0.4107718224292704,0.8796984499915943
1.0424369370389353,-0.42019140706382524,0.846298552149253
1.053674405042211,-0.4299142892262171,0.8495063545046202
1.0659540343530947,-0.4394260301108051,0.9284065775910945
1.0774777836570828,-0.44778746813410714,0.9291743640407785
1.0891548695506774,-0.4567783622511616,0.9031879837243445
1.0987051230844207,-0.4654600896524301,0.8073684986321552
1.1065201122426696,-0.47397959372430243,0.7083599285171642
1.1142026735824047,-0.48389774788485795,0.6412273950915999
1.1225430172248136,-0.4952151815095449,0.6728359760150535
1.1321521572473716,-0.5063842153443798,0.7403042683087481
1.1414632631357922,-0.5166168166037485,0.7773988933109245
1.1509327619701557,-0.525706096471261,0.7912994598890186
1.1615316057954117,-0.535890661437963,0.8080839751988613
1.1707899572139742,-0.5446229123029326,0.814463874528401
1.1807249900304866,-0.5548063080620226,0.7383381831570298
1.1894485608988508,-0.5636071910774381,0.8009078841610014
1.1988066107735127,-0.5726952917722627,0.8351845686389232
