-0.7315325335632131,-0.00478689984982301,1.6214332514939742
-0.7183781459936175,-0.0039717222605751895,1.6258344953638135
-0.7044706677236044,-0.003168358784161315,1.6287311667400666
-0.6898222832004418,-0.002242076234209541,1.6503502412548738
-0.6753507744490819,-0.0015054018803616945,1.636945194411958
-0.6619180824000649,5.821112394224022e-05,1.7351383488280645
-0.6460670352559893,0.0022753513075098424,1.7291164094753333
-0.6319776669589068,0.00508330885551163,1.783320269610054
-0.6162668106895032,0.008159081464526482,1.7557589317373195
-0.6011222882446359,0.010779083014734462,1.757326723461337
-0.5862612551411367,0.014119314967024489,1.8004270161088713
-0.5719664909241918,0.017487941998959484,1.7877423636548906
-0.5583508147473558,0.020905298686476958,1.8404506446835152
-0.5430879952976425,0.02295189975109913,1.6369551879811617
-0.5295945999531624,0.024339703121454958,1.7236407553284536
-0.5152443652521297,0.02636895925423304,1.725419446722207
-0.502084153617801,0.028074704977360327,1.7437807046924914
-0.48669319678535755,0.031009418957117195,1.8022576530563041
-0.47190534196833156,0.033656718785941696,1.7941276766945358
-0.45621065728097715,0.03765949038106484,1.8248050315471305
-0.44166422013045786,0.04071957935260807,1.826210020733178
-0.4261579007265301,0.043987218200835204,1.8396412937610078
-0.41128715622788237,0.047619027187188946,1.808025055463866
-0.3966322193297919,0.05066371470142715,1.8101119138638275
-0.3825814872351273,0.05370826001290871,1.8285216357827865
-0.3677837493073814,0.05665134200563002,1.8197302237697328
-0.35297431644380256,0.060932192616853946,1.8816008362504453
-0.3382093859122819,0.06564082732640066,1.8902766049178856
-0.3251397872557223,0.06971975005025673,1.8743729413499002
-0.31193078066742197,0.07516529745535601,1.9691314708957273
-0.29729622426029223,0.08064199968521456,1.977175385168417
-0.28402862292412395,0.08629148487922705,1.9921155329369402
-0.2699742260587613,0.0918233617948752,1.9824022474146779
-0.2562145156255148,0.09831413535632132,2.0242419104965936
-0.24408176331170653,0.10344875072090141,2.0014533022043755
-0.23031806736498545,0.11095994833666112,2.0474617936401907
-0.21730816041382234,0.11688449842204006,1.9863471685483907
-0.20406368082151932,0.12333819109510771,2.0623298807781114
-0.19112345995866747,0.13073738127652743,2.131935785106925
-0.17666886996175377,0.13892487380724675,2.1167983821680845
-0.16400205953795396,0.146949526140644,2.163878305513319
-0.1516940369784877,0.15539831669753376,2.1834445312239725
-0.14044667947037554,0.16287519092682093,2.1855362310295545
-0.12924383028113554,0.17034097583599403,2.1459136548535125
-0.11664920965646042,0.17816595371332916,2.1530859820904666
-0.10626852652140689,0.18530264422643178,2.203894945094313
-0.09563365061973753,0.1936721548513802,2.288156779549582
-0.08341251406839986,0.20529895872469212,2.357327216369625
-0.07262850093977133,0.21459661525046056,2.251638628317415
-0.06055835844353078,0.2247038703527204,2.2935861170744243
-0.048756139592193035,0.23490853395102995,2.306413276220343
-0.0371209008453536,0.24603554079308748,2.3481627457687013
-0.029092902957661166,0.2537375748159643,2.363043820719186
-0.01900819908017237,0.26462957067288584,2.4168416565632937
-0.009714966070709645,0.27492378991992594,2.438645881760885
-0.0006634727002184923,0.2874215914280102,2.5529460504874892
0.0064372972081335,0.2977819345090128,2.5389501072833487
0.013694816547513342,0.3086063100817035,2.5383787726067695
0.02149376529001054,0.3215740757850261,2.5657748141716135
0.02932649776857409,0.3329959508939986,2.515867778580103
0.03772069445951775,0.3437041534488644,2.4700230949863404
0.04803410744204616,0.3552831411963614,2.379680418758341
0.05915909197683224,0.366972827829845,2.410179157508877
0.06691409156316419,0.37637798902036507,2.457918521112623
0.07679715033673908,0.3891436971690909,2.5007037987541727
0.08557107728069796,0.398700689389135,2.301561638183279
0.09827323682804315,0.40623793355834126,2.08327481612516
0.11095214289092581,0.41201137586384495,2.0053252289680707
0.12197072074079625,0.4166345915895879,1.9619059568911514
0.1366762933835176,0.4210939149299701,1.8317311431165835
0.14946141232755397,0.42619250645610146,1.969200850228611
0.16308316556883318,0.4329800948566517,2.046923550444606
0.17666872904687314,0.43933099565939976,2.015944741134713
0.19034424177865888,0.44620072500382735,2.076092585963026
0.2033254536084674,0.4495812250994635,1.6978216940716007
0.21603373111688576,0.4485634751777982,1.3790166435248348
0.2304274110184531,0.4454604727101191,1.2836411209334717
0.24559967689924592,0.4429854692910992,1.4632334815217956
0.260630129154403,0.44075098720600553,1.2874634654062718
0.2755684984031049,0.4376474803451223,1.3669264207102232
0.2880235248651881,0.43278538295217145,1.0591261022528986
0.3022765264384111,0.42531848428630403,1.0988369175794286
0.31669977028664975,0.4209227541343102,1.3580756544053068
0.3290938072790101,0.4166990468726987,1.1975545942404187
0.34257782241415063,0.4121709633400677,1.2070343110791382
0.356984158467149,0.40665997286568145,1.2018266409741611
0.3706669487177715,0.40158573214852533,1.1873997786344819
0.38403890514962963,0.39613945221983127,1.181024272045084
0.3968799379167361,0.3915593995718522,1.220276147173781
0.4108962839674181,0.3861541298840325,1.1914387975358331
0.42502479733899834,0.3814288127208598,1.2346328208066761
0.4401378329326028,0.376373150123029,1.1973533503878295
0.45419881818247587,0.3700888466322555,1.1173492211430973
0.4682839292196684,0.36454814178223927,1.1512427656474935
0.4807688720015246,0.3591089891099943,1.1295855016399188
0.49334912704205786,0.3533998424380439,1.1712226889399684
0.5063505240391989,0.34796013613528554,1.2025196854090403
0.5193336974480797,0.34312858864385415,1.2561279611614349
0.5321272335427671,0.33945317753056253,1.2990893464694613
0.5478144833821315,0.33407321354187464,1.2100235845028278
0.5620169689827604,0.32830405486960607,1.2420681241840226
0.5749638830984773,0.32392915585580695,1.2778153164707662
0.5870821569614598,0.32009723798638934,1.192141689717888
0.6015818784243309,0.314264283924966,1.1707660750225757
0.6145735884039024,0.30871489413205566,1.1547097211986996
0.6286548881030601,0.3029649914226586,1.201364561281612
0.6422937270887827,0.29812463953218304,1.1934420971172837
0.6553391426365839,0.2931809222806471,1.1723496907348567
0.6677772506623391,0.28796519778245583,1.1791846607124352
0.6824332077603036,0.28208532702415323,1.179174451190674
0.6950576228727068,0.2763097532261472,1.0853274342082166
0.7061508226635511,0.2695723973351602,0.988938006155773
0.7191356280071876,0.26123900788453613,0.9836656400773869
0.7309759937687571,0.25385942632251973,1.0075866805797051
0.7434670282911418,0.24648249809463754,1.0122801254604685
0.7557306609661227,0.23898173194658684,1.036274181629536
0.7695926450196209,0.23157837495915007,1.099616506015331
0.782734399694381,0.22513655106184552,1.1014711676131335
0.7978933601694738,0.21792533571058267,1.1169372468819079
0.8115386052697098,0.21211307404664262,1.117647347450383
0.8254950438092729,0.20574079019625793,1.1007859352242382
0.8364254485041281,0.19939917830731468,0.9724525520607018
0.8475868270977521,0.19152550619426348,0.9346283368907442
0.859784796741407,0.1833093991397051,0.967874996737337
0.871531769442207,0.17392092995140232,0.819657560788807
0.8815744361043596,0.16515611182109552,0.8454857884832484
0.8935062920348377,0.15474898641318652,0.8529237212870486
0.9050213282079239,0.1444321692770965,0.8626953680369295
0.9136955847353739,0.13695613418367011,0.8394069679754745
0.9209282279246019,0.13121070757432457,0.870987350108659
0.9335497062157303,0.12229056999172015,0.9717152960131338
0.9466170706519311,0.1138696179826785,0.9755490025920791
0.9567459590268709,0.1066084282730224,0.9230421246168553
0.9682542471141928,0.09835037767249825,0.92155449290306
0.9790532945247916,0.08998353911681112,0.9166630777945047
0.9910791570431816,0.07992161990798463,0.8447746490089827
1.002056749560407,0.07177707132133394,0.9648530093136337
1.0147675261931244,0.06360166304794258,1.029179657477659
1.0268840012008187,0.054726655349360484,0.9117351931721496
1.0393617523131577,0.04432744189785699,0.8549864910601991
1.0490344492118167,0.03452437876662468,0.7819537335361575
1.0591468736844993,0.02530620952230381,0.8394261862279834
1.0665406668383175,0.01780399081181628,0.7278460700700193
1.07598198877822,0.005863493340702518,0.656534565226915
1.0834477273927816,-0.005302235328575426,0.5822786674912714
1.0914840228567366,-0.016607809789073832,0.6398412675136981
1.0999208118016008,-0.027412228783135952,0.6639607241517087
1.107588297974244,-0.038538687423375836,0.5968940160016288
1.115999303764838,-0.051502288268887184,0.5171586251633566
1.1240001198585516,-0.06488212273975584,0.5519208761622617
1.130893214735714,-0.07610885904069473,0.5785641583491105
1.1395486266868045,-0.08817709705810294,0.6815635334436216
1.148525458957867,-0.09988543792704617,0.6194679402756513
1.1569179668931167,-0.11207784272469769,0.6124774427237065
1.1667720014306893,-0.12536172739987747,0.6557315436028984
1.176212152406971,-0.13704894476543109,0.7031666648750736
1.1874196321752817,-0.14912827230601008,0.748262243577367
1.197011127677965,-0.15830348404962694,0.8300116293499207
1.206785833517987,-0.1681654674734603,0.754467767800683
1.216117874312544,-0.17915441900069007,0.7158317858161172
1.2225726481378898,-0.18709129927280096,0.7302794382379622
1.232937871641472,-0.19775670164221698,0.7717723920237121
1.2434078492640839,-0.2077302498700929,0.8379238075803848
1.2541590812287002,-0.21711513573345037,0.8484802884438387
1.2647251853277697,-0.2271417961102012,0.7764041249600354
1.2744514684753756,-0.23697652132154434,0.7701799324214873
1.2855105040432206,-0.24777091275192736,0.8085053539783112
1.2959366103399907,-0.2576843638648452,0.803861083064736
1.3059118162553407,-0.26790019235920753,0.7424854860022929
1.3168482130762358,-0.2790683724602809,0.7683781780314161
1.328502849116568,-0.29018169619529427,0.8247888647348915
1.3394584022850988,-0.2995669832698441,0.8577739428353767
1.3498594973493065,-0.30814418241179337,0.9010719336700388
1.3617756369130998,-0.31654043014436534,0.9679409346143346
1.3733052762738565,-0.32311623847117105,1.1422711549220759
1.3885127417596836,-0.3296368082751245,1.1553489239444132
1.4011525812252152,-0.33536027445259603,1.0997252518473537
1.4143438549660217,-0.3431605269418785,0.9309789761474092
1.4248028230785326,-0.3507993553735613,0.9388758217293189
1.4356624360943413,-0.35902331441200624,0.9078664214525566
1.446887469795289,-0.3678128193898449,0.891074240724766
1.4569895732589178,-0.37536142283550517,0.9504022007675283
1.4678694087774111,-0.38331881752815744,0.9430468701548775
1.4773322069381878,-0.39302193789411644,0.6747445560349371
1.4868578572711735,-0.40494831143198257,0.6908690217274076
1.4941491886078737,-0.41220399351827625,0.8157788766452289
1.503629343459843,-0.4216190417137514,0.7687409712330465
1.5126843987013974,-0.4310158771739734,0.7718143486804133
1.520471937019551,-0.43856532869877113,0.7880377877631053
1.5284691419045535,-0.4454481707220812,0.848672179865583
1.5376045181072182,-0.4535802110712603,0.8328004825067417
1.5478867755025123,-0.4612412273460074,0.9680768598441687
1.5565234051819763,-0.46564358832630653,1.1379786508961875
1.5691105264359717,-0.47233671996627524,1.0573079394282434
1.5817841401832418,-0.4793000427403612,1.063618988101382
1.5932440911033647,-0.48613782821093626,0.9885422903213781
1.6047774783034212,-0.49366344828896097,0.9506802065117989
1.6123372591286107,-0.5017379324001967,0.6534710550505248
1.620245808728696,-0.5112985382074902,0.741948551255639
1.6287945998256739,-0.5200314016517681,0.8086003275814269
1.6392645444961786,-0.5296042402110976,0.8276564738478329
