-1.3902043792757324,0.2460664858603375,1.6225817883450109
-1.37660255099699,0.24694896166479874,1.6272620700908043
-1.3627399298002025,0.24727376786143077,1.5909135341093525
-1.3486468636945599,0.24772357982449594,1.6163747262056531
-1.3343003634594184,0.24860420190074786,1.6491575993987095
-1.3198745843860284,0.2500157121785998,1.6920570516608253
-1.3057677338909734,0.2518690074178175,1.7424704250830227
-1.2922932089966765,0.25417985857548586,1.755211075099896
-1.2770910915419174,0.25688680686670107,1.7789638654142699
-1.262664993672048,0.25990072803537617,1.8212006939293395
-1.2482445439559804,0.26363958840302554,1.8498534061966247
-1.235309714462963,0.26786853283613066,1.8960318211972929
-1.2218504338668599,0.2724836867760727,1.933018915981434
-1.2082145895136487,0.27687391856487015,1.8883766987119472
-1.19515386582159,0.28120013529210325,1.9097903639738198
-1.178943332465185,0.28607661259214906,1.9073798844448204
-1.1656750267095908,0.29066243461684216,1.9353535176262222
-1.1527100891697413,0.2959474205852082,1.9668545436702252
-1.1393593518294969,0.3015539628801757,1.985837199028489
-1.1271717001468313,0.30647285296162224,1.9424079310007085
-1.1134158796347247,0.31061689914217566,1.8568516545017275
-1.1005564517312016,0.31460681139191143,1.8738944369101636
-1.0861271323610373,0.31844082224679315,1.8927712302676623
-1.073065377047029,0.3233889193931813,1.9580935495609877
-1.0604176153404912,0.32835508855021206,1.9518415259753936
-1.0464611394674266,0.3336121882835078,1.9017734101070694
-1.0325413576957452,0.3382030081634622,1.8883187591664796
-1.0183543060864038,0.3438751070090509,1.9728629543644842
-1.003926245095179,0.3486944253820672,1.9342117983272478
-0.9898462560903589,0.3546457488305851,1.9871101254495043
-0.9765183781212144,0.36092559101446936,2.0238644097520977
-0.9623094137617445,0.367726368166732,2.06789204376682
-0.9495693323129313,0.3743352017892277,2.0363583922694857
-0.935015152314668,0.3814906368790697,2.0400955563103746
-0.9219735531700031,0.3889209330480898,2.100887935499317
-0.9080742606100103,0.3970417412282298,2.0826717287085694
-0.8939732146806281,0.4037960045431246,2.0322618490972144
-0.880119723957033,0.4112806868550229,2.050333727142213
-0.8660253189309043,0.41840748171526204,2.091472073988661
-0.8539285603546737,0.4254351208083265,2.1066537231501026
-0.8426191050397281,0.432771794267581,2.170777808831727
-0.8300473598873589,0.44282302188245004,2.303750134431833
-0.818960188498744,0.4526839524353229,2.2613368566727337
-0.8083548075331811,0.4610336598778887,2.2540919822817167
-0.7949807179730833,0.47204251854896756,2.2663345463534434
-0.7838590481548982,0.48130881828637445,2.2710514259948127
-0.7721306273177161,0.4913576737867516,2.2814278776498833
-0.7608723843896461,0.5013074871139603,2.273671553330758
-0.7504218747052319,0.5103386853669474,2.3142498301395626
-0.7401824023480187,0.5191104650552334,2.2737115397899528
-0.7304845504523542,0.5283692403242721,2.377792634605
-0.72025881204743,0.5394023205092111,2.393667311097724
-0.7102467241332434,0.5500200332478776,2.3687536200641253
-0.7004768775680318,0.5597693626792035,2.3525220262274713
-0.6912538856092327,0.5700661155692357,2.441080810106292
-0.6817901421511594,0.5818946347860676,2.4854234091041802
-0.6731448509242193,0.5927304709814927,2.4505767963632037
-0.6639171031210335,0.6047654189053218,2.4839116997298096
-0.6554916220969791,0.6164171902717692,2.5459506180759535
-0.6475251248723344,0.6278864983307745,2.5556170183780105
-0.6395486046579201,0.6405212918452317,2.5411938623507835
-0.6320432972486059,0.6508521607447775,2.515543958975171
-0.6238911338420241,0.6629302693482055,2.5415350193706367
-0.6145198673592529,0.6728774673739781,2.3445244076206024
-0.6061246804580263,0.6779210500152416,1.949205397638901
-0.5943932639720213,0.6795088699729078,1.5408710991612784
-0.5825175197686792,0.6782071650034811,1.4225842681704588
-0.5708667044456764,0.6756788271309159,1.3538067490578307
-0.5589076374286428,0.6734289226958998,1.3608571549516568
-0.5467625637090433,0.6705560928550066,1.3619945610610624
-0.5368634199663841,0.6668128203617272,1.108724586857546
-0.5230193344142421,0.6602268286161747,1.088068019830128
-0.5105495809977092,0.654771828985449,1.1628409754499878
-0.4978600041238264,0.6493659151504356,1.184876659940899
-0.4861136524757174,0.6440582427769136,1.1047628401082992
-0.4744193974311706,0.6408744699492482,1.3764932610757432
-0.4622293669332189,0.6409927873147215,1.6882613903678014
-0.4489311481094446,0.6430225899607849,1.6957925898311448
-0.4348072501870426,0.6436104326120256,1.572679787979824
-0.42213474744295415,0.6427431901842223,1.4681687632913671
-0.4100554124117085,0.6416608823878801,1.4594335303910508
-0.396929683063128,0.6384537603288271,1.2886953498527067
-0.382936490635357,0.633352934398472,1.1923519244905834
-0.36993163716788985,0.6279306764430758,1.1494683259668808
-0.3567692397658862,0.6225631935594483,1.1509316281488273
-0.34374440879848517,0.6167488152984784,1.1672606859315413
-0.3289752381060961,0.6109078944846131,1.17934084716013
-0.3144871374502763,0.6058937916277064,1.2078253496232514
-0.30088160935764013,0.600764477417809,1.2217763865915945
-0.2875857278072269,0.5962871910810975,1.2106563352743478
-0.2733977243734305,0.5913987992328114,1.2147571786438318
-0.2593629604341896,0.5862475126296447,1.236220751425942
-0.24549018634836997,0.5816079834684613,1.2094134993370647
-0.23010582837777072,0.5765710731225742,1.2368943574742497
-0.21704641686838788,0.5716645261736845,1.1793519326978084
-0.20289604467830988,0.5664624515721567,1.2135392921764543
-0.19004221043249656,0.561551783737825,1.1876380946944076
-0.17642037499869048,0.5556605625810532,1.141091979285578
-0.1612403097604149,0.5488220410943645,1.1534686305675534
-0.14708694578272838,0.5432569679356,1.1828453653877764
-0.13309143852567276,0.5384852153201465,1.219573485781523
-0.12046529307576123,0.5341887175692142,1.222698582549801
-0.10715107434887386,0.5298811118882909,1.1986813948605801
-0.09383232178088427,0.5245682049066428,1.1730884806692625
-0.08295467186601077,0.5205547340989323,1.2127792955808017
-0.06977586388785645,0.5143411032281704,1.1013271370454198
-0.05844560616974084,0.508237185623285,1.104331389719372
-0.04518471575556751,0.5023232554894155,1.1199186035704527
-0.03215336554888937,0.4961574476883835,1.1148243774100048
-0.01923359236264703,0.4897138081330396,1.1243639544127062
-0.006797544491990078,0.48319962681714373,1.0578827307964085
0.006331761686937953,0.4753213919120505,1.0178618611918473
0.017309083191257717,0.46853925437142985,1.0056456369379356
0.028750787359746528,0.46175638920799345,1.0404639107700158
0.040658319627150774,0.4551887156517289,1.0750372041556773
0.05185739540539746,0.4487551118947818,1.033141704949351
0.06508179452182138,0.4411972677938451,1.0396392769882934
0.0785504655016825,0.433586524188199,1.0260553154426315
0.091775069910921,0.42619467253059623,1.070735565176904
0.1048397465189034,0.4195465668629435,1.0680514196378272
0.11770585159831194,0.4121367102391735,1.0688665653719092
0.13126229212033402,0.40487955743009585,1.04487757643002
0.14394781971448775,0.39760763110143027,1.0129620801557426
0.15558391421579956,0.39010403114755715,1.0095347335643161
0.1671549631640259,0.3832800808364908,1.024890492623316
0.17923416143443,0.3754773179535948,0.9491884444738059
0.1917653624469244,0.36536384505424274,0.8955565299370847
0.20161404988386128,0.3575534550630587,0.8953890574463805
0.21019442098498023,0.35058687110624126,0.8851409726513938
0.22106424564160737,0.34205140714051113,0.9060692212536459
0.2331066392322432,0.3338252662374142,0.9682838244001536
0.24371942283433431,0.3267387006724606,0.9511798091889775
0.25172201910766173,0.3217135775662689,1.0086691316956615
0.26324667385070716,0.31467071025017695,1.0270241038204828
0.27453873330638157,0.30724480874751386,0.9889778758787954
0.2859337952158227,0.29917167066640554,0.9818373932566685
0.29791277069533595,0.29110984440742627,0.9714050060164219
0.30925384585783544,0.283631744831235,0.9579591670292121
0.32049763592069264,0.27617704752133576,1.0096692109945373
0.33172227679955635,0.2688236421457141,0.9412689752915852
0.3422362688217532,0.26025602945174076,0.8806545041276735
0.35345302332750245,0.25063267570286535,0.855712822619777
0.36401206839357664,0.2413933849740235,0.8639333337046181
0.3747039315447059,0.232766163900018,0.8848762748237639
0.3853232220166055,0.22328195824733424,0.8306859641624134
0.3949620974962668,0.21349588139061557,0.7631090941735246
0.4044964783043011,0.20275895848837835,0.7139511163690856
0.41350876640523443,0.19205252798404857,0.6803764768069408
0.42194111987469307,0.18197580107574252,0.7094346987900625
0.4299927855772953,0.1720141614105615,0.666857235418123
0.43857220888209586,0.16147125459758666,0.7092712340029442
0.4460799563860412,0.1526505059626622,0.6767528034149808
0.45491811193748666,0.1428265542593656,0.7545823775132131
0.46478491559136215,0.13220801429691886,0.773211232627589
0.4741170817211899,0.12291676389529294,0.7749061848345512
0.4840049651656481,0.11199534144728045,0.7357230562869239
0.4938979352638103,0.10346949781164533,0.906599372346939
0.5048308151363001,0.09473067784730743,0.8806766581694571
0.5138311037296759,0.08519594332143658,0.6504236060963194
0.5224638353090407,0.07492058236820856,0.7039469433857923
0.5309866129722312,0.06511453244413798,0.7583383015731647
0.5417067130715304,0.05408298761246816,0.7586873139378082
0.5523281697239335,0.04352436836451276,0.8245220502519873
0.5631013522659578,0.033810644771484516,0.8800568589831114
0.5749609664201923,0.02415948997843967,0.8946919105664926
0.5855915124240904,0.016095824578167234,0.8769635415242604
0.596565900893056,0.007266651123856842,0.8930650618072038
0.6072111164437534,-0.0013423733762998103,0.8933564586306468
0.617019529012557,-0.008873002114660493,0.9129544265393956
0.6280451127203633,-0.017495738049374866,0.924866115117631
0.6400574496878889,-0.02719605705405329,0.856728238404429
0.6505410592155056,-0.03598143578033274,0.899400997967343
0.6623061143352376,-0.04594973445882593,0.8745020317531798
0.6725259351730555,-0.054653621523900985,0.8600990084376919
0.6833900055325667,-0.0634359807143114,0.8943557478927198
0.6939978306808077,-0.07248377945114741,0.855887956947326
0.7040823371495796,-0.08121535981981136,0.8334776408673011
0.7133258957446162,-0.09047501365872285,0.8099747206723625
0.7228947182387624,-0.09979594309700679,0.7689537105140133
0.7336310526351478,-0.11148257574434746,0.724049194360005
0.7436347432503675,-0.12156282514308071,0.8447635554828453
0.7534585800223638,-0.13078354833997966,0.8252598491257497
0.7645003011020949,-0.1405508168551363,0.8518938748835019
0.7754599351882338,-0.14948561047143508,0.8564366056850525
0.7863553532745384,-0.15896316395102167,0.8713666004050185
0.7962840085759588,-0.16758921114936967,0.848928365884436
0.8076708111646784,-0.17800141258268723,0.8113435002078131
0.8187491044532726,-0.18866741420595837,0.7821763504550261
0.8276257430883289,-0.196608103675004,0.9360564450997546
0.839031012337039,-0.20451048505641417,0.9605033122647771
0.8505921462461598,-0.21310741665271382,0.8973427365981744
0.861271494843825,-0.22247450381858766,0.8136381401296627
0.8700446902732827,-0.23162624945878757,0.7335327952483562
0.8796651425193249,-0.24307975835609236,0.6471407622416331
0.8890267794159461,-0.2541713560193525,0.7334417469432241
0.8999276750577047,-0.2657250660356393,0.7688093507041045
0.9092564962623024,-0.2756783498235632,0.7528894570365516
0.9188400508126516,-0.2863964235149958,0.7278439846627778
0.9290697791334837,-0.29727829270351214,0.8037154683505173
0.9381040546871292,-0.3061172386966127,0.8168354763786896
0.9488501338527051,-0.3168769425652969,0.761151519645332
