-0.24617641305246998,0.33850182761782205,1.6199045361700806
-0.2323172424850535,0.33925432946692735,1.622421796155559
-0.21788185563921497,0.34041359892913325,1.6742663593483136
-0.20302234526855162,0.34143546513677164,1.6400497914623666
-0.189003442829312,0.34292195960503113,1.7002289461254114
-0.17389530181746843,0.34440712715522565,1.6671963806918246
-0.15901505470488297,0.345610301458018,1.6430956417499543
-0.1449346101438561,0.34650368026247985,1.6092398149639617
-0.13046122021659098,0.34704005869094307,1.6066300548312358
-0.11533952618403329,0.34692908692725655,1.5262154112569468
-0.10092866631668797,0.3456945566925195,1.4699826911019302
-0.08616573730115386,0.34459635644327297,1.4743784055415987
-0.07167319303928726,0.34279131499067417,1.4580546352584378
-0.05813929723955968,0.3429471573534086,1.7100434329788987
-0.04355646024936699,0.3448796814346294,1.7292403405479528
-0.028945738415275625,0.34728689200299445,1.7594399585308496
-0.014112055654044083,0.3505583981801069,1.8152989938880821
0.0012156954564015675,0.35391214337814764,1.803525873438021
0.015433977823136637,0.3574931961875482,1.7974932071148662
0.030634397916201053,0.36084824921441333,1.8303042927265105
0.04538052161914865,0.364182757670326,1.808653135537127
0.058490737105625426,0.3676622795360554,1.837733167874601
0.07199830772112097,0.37091472422537447,1.8457365736519127
0.08465988378958664,0.3739985703520362,1.8340918836565703
0.09745143904430896,0.37714582551939085,1.8309031726859546
0.11086662839132021,0.38096708095225157,1.9109956975498945
0.12609981702541956,0.3857026334045737,1.9116529090904684
0.13981815883188248,0.39033037339935867,1.9172200116799216
0.15189914355858256,0.39526417146733545,1.9888525771849777
0.16463848777689383,0.40012035488174963,1.939324585219078
0.1785339202455529,0.4055068257967598,1.9696094461348477
0.1924907164343211,0.4119377761835059,2.038335776541072
0.205509837716096,0.4187553392206713,2.075658974501892
0.21721110274914668,0.42538554171811344,2.107142856561173
0.2300989873054688,0.43219135382940044,2.0925742811946315
0.24295735531451126,0.4402527782322239,2.1521498703205735
0.2558309508957158,0.44750011710522447,2.097581221988178
0.26875350243477053,0.45585610920121067,2.144488875096506
0.28113263086024437,0.46392627448354723,2.163979195188636
0.2933829972491815,0.47148462332195284,2.0960911833265583
0.3071330745785084,0.4789372987631254,2.0649091745625183
0.3179634897146534,0.4856214987050421,2.148859928067399
0.3312355699585274,0.4936957917809597,2.1358356862939902
0.3441011819808676,0.5025105524539769,2.191927341894915
0.3561730119490652,0.5114474003468146,2.215738108864785
0.36715407480898704,0.520764111764043,2.300254363809359
0.3773937834798312,0.5303856098705187,2.3314743210044435
0.3886035122495707,0.5422384879079382,2.379435113755132
0.3986766987066342,0.5521496498588495,2.3294775362203075
0.4081588546408723,0.5620996251191966,2.356316441238497
0.41955188750787675,0.573725495179808,2.356581244328244
0.42737479080471036,0.5815470845786757,2.3443588377679734
0.4366034672420311,0.59118641587565,2.401403769073695
0.44531364974466076,0.60143423818511,2.446884172916855
0.45418176442067626,0.6123547972320038,2.495409991714812
0.46226852062572293,0.6246092663172554,2.5323497412224567
0.4700997814424415,0.6364903310979467,2.5493423060877176
0.47785506155054647,0.6478865718467625,2.5157586194313093
0.48456046195577107,0.6573668154603465,2.51897275501761
0.4929298593865658,0.6696711407909863,2.548425877161024
0.5013446331190128,0.6823338231553621,2.554945325309359
0.5101042383404925,0.6943658910451924,2.4906460321988986
0.5239159260231291,0.7035476653632285,1.9276206122450812
0.5375726113787326,0.7063025524506962,1.7098157588276215
0.552808665537639,0.7088171170215865,1.7430360329127952
0.5665870310854847,0.7109552684401614,1.7550062926108623
0.5816071284934796,0.7137631301268323,1.8033260000457034
0.5956388109233944,0.713797967573315,1.3993066618467986
0.6089987555374585,0.7095134498738986,1.1214553868478205
0.621286534433913,0.7021658299919297,0.9451869187970848
0.6329444770720652,0.6946296522804882,1.000584261182787
0.6488676993040782,0.6908424080658832,1.5962298491030507
0.6608440005134145,0.6881094819324438,1.1469029379628801
0.6728502482314773,0.6809759271549458,0.9682819607300442
0.685048949808958,0.6723371365377787,0.9266746315378062
0.6965397230385462,0.6642502421989507,1.0122827519173958
0.7094032896937458,0.6566009099310898,0.9937287668881329
0.7222246335022394,0.6492248308123864,1.106944202425606
0.7357130733204158,0.6455197805988027,1.3846429630104178
0.7505587291058626,0.642873965936563,1.395987430590231
0.7640444236601298,0.6390965584445675,1.2477220596258114
0.7782468807003914,0.6344355993864909,1.2034721238797101
0.7916554146884622,0.6293901994031709,1.206998023895652
0.8025480428545566,0.624819915744652,1.1044749733945307
0.815660031414772,0.6187219844224365,1.157493945096159
0.8285953751116307,0.6135551439661442,1.1910421273758762
0.8410235737519164,0.6086147862470043,1.1755374450339564
0.8540113792136214,0.602640124393902,1.1055237999388952
0.8663986592117972,0.5978649273079713,1.2478281521172891
0.8797097524850751,0.591912671770827,1.1264360342531645
0.8933427045361471,0.5856125646099228,1.1109022893744287
0.9071253640230104,0.578762347850973,1.0766633836377142
0.9180989537716355,0.5719568368061372,0.9697833756442313
0.9312854767696676,0.5642336614421988,1.1050886734176306
0.9448574012545671,0.557419080063578,1.104201405916678
0.9571123922490995,0.5511651461393527,1.079090994932877
0.9724772330065735,0.5439254994999165,1.092921629095791
0.9865336992624987,0.5370078089067353,1.1139723030319897
0.9996517865614303,0.5302018540760723,1.0653508582049518
1.0126419370840443,0.5233802070899445,1.124582884076831
1.025271931636952,0.5177402120027699,1.127367461746654
1.0382278972730075,0.5118674791656314,1.1247919297485018
1.052818569032792,0.5053512327285016,1.1155217476860941
1.0661768241819056,0.49875500653371346,1.114842626444015
1.0795378380471419,0.4925407789984451,1.1066223477320831
1.0923506186110477,0.4867611490554348,1.0986112118584874
1.1057461402043283,0.4799913670116786,1.1233070001432
1.1187863716356834,0.47352670600565067,1.0845330985660175
1.1316558163822041,0.4669071666061923,1.0856295232463937
1.14591646556111,0.4593876147246158,1.0703338749526856
1.1596875943134872,0.45132480519750034,0.9941951590178727
1.17081439509159,0.44424053684284476,1.0076853353519295
1.1842467373013412,0.43537799281727313,0.9499907714423158
1.1959175676113858,0.4277723813412957,1.0378310266639823
1.2076761398489104,0.4199804957225889,0.9135288750580908
1.218879599119399,0.4116113510942571,0.9313657950379298
1.2304826019209945,0.4028439501720681,0.9244777189224653
1.2433444626671681,0.3946371244214052,1.0195568483594544
1.252537756099784,0.3874286694278375,0.8262317577111697
1.2634043498243281,0.3772179755621647,0.8069524501594142
1.276631004332083,0.36701610662363143,0.9768490189905712
1.286869033502135,0.3602930313627896,1.0166310736025503
1.2993328442991423,0.3532154551381782,1.048418128156943
1.3105486347789281,0.3459159280196688,0.9303779517167191
1.3211023131089248,0.3375688737637586,0.8850498468766854
1.3321372707691186,0.3285916677755344,0.9065868308716114
1.3437263962631882,0.32027700054065467,0.9275806622904468
1.3552912750538946,0.3110797498874387,0.8801830862836262
1.364524545224951,0.3035108627541837,0.8500814554326251
1.3740899306403658,0.2956247013011194,0.8954886633843772
1.3859144718524685,0.28699241177910834,0.9400348281500545
1.3952891003854533,0.27954683004902764,0.8258953342645398
1.406592347317165,0.26971901904630463,0.8758526772835259
1.4172245968170376,0.2608616002699532,0.8861789520069941
1.4281695099581124,0.25116681900342946,0.8340235842362086
1.4377411473744601,0.24272344262536105,0.8524138066609515
1.4462878385276834,0.23539977066807216,0.9079630097133935
1.456837420489758,0.2268691644341802,0.8512764752485598
1.4650193329689258,0.21631598350569084,0.5102368925364744
1.4708606133076296,0.20590852872386087,0.5548077324358748
1.4772810863883488,0.1933648594480649,0.40204450921618984
1.4854462515815792,0.18083062069982733,0.6801787409502636
1.4933339059230701,0.1697416686062846,0.6030549922696846
1.5011842866041507,0.15860143365440385,0.6282986093473498
1.5103770188671561,0.14562744239470515,0.6163827259285077
1.5196570734410368,0.1329508353119291,0.6470284615438855
1.528246636992062,0.12060924191170895,0.6399130181696863
1.5365692832855882,0.10914478151441165,0.6359115684003999
1.5460869535977482,0.09763154546487784,0.7111541811113279
1.5543235040295063,0.0866267521698321,0.6030860142569552
1.5633710700815089,0.07379825143013777,0.604106460233392
1.571667361571855,0.06223735355185537,0.6165922031676518
1.5788424184883494,0.05114930629141461,0.5830363560549795
1.5853331239864938,0.040422125231301696,0.5094410339919174
1.5920770365498529,0.028810747415776952,0.548478316669291
1.5987545937204062,0.019068952216363642,0.5860149537534669
1.6066286477665401,0.007467023773745173,0.573276864248488
1.614174764500589,-0.004390588523884344,0.5391515337586708
1.6217181769867395,-0.017358002521970766,0.5440971605564087
1.6292347724957834,-0.030541929468090458,0.5294647345500768
1.6380882107427612,-0.04339751020220192,0.6252291917376985
1.645182607715013,-0.05343253015301895,0.647326860410073
1.6537728225065746,-0.0641925510780913,0.722556435803724
1.663123128166763,-0.07413026902975729,0.7704201858271601
1.6719698211147453,-0.08350017820839362,0.7736765908338793
1.6803732611947821,-0.09173086780359678,0.7963099227577882
1.6899027700039428,-0.1010829753997385,0.792045267676208
1.7012762275208346,-0.1132725276512446,0.7181433054488294
1.7098805152709098,-0.12397874532395173,0.6584205747792568
1.7182864918199174,-0.13464165933245537,0.6757153012374022
1.7272343406511688,-0.14583347770043117,0.7063284431902894
1.7359060303499334,-0.15619252677370618,0.6809117333332508
1.743608974819121,-0.16462596160757606,0.7806158691789439
1.7541843347133963,-0.17255793192050511,1.0031855632784263
1.766029489147616,-0.17892492509925534,1.106614412864635
1.7789233417412484,-0.18495329909759303,1.1120117472225775
1.791404886224231,-0.19015991728549575,1.1508376832880949
1.8037623967237852,-0.19561487956577012,1.1577356671987649
1.8181408731543514,-0.20072149480427046,1.1714224784506118
1.8320362987186403,-0.20651436860457953,1.1595272277258004
1.8466808198006097,-0.21312636846473462,1.0762240261395932
1.8573322316147016,-0.22095581575483275,0.8993777542340868
1.8682990742257637,-0.2300156011105297,0.8927527113234752
1.8789171599562844,-0.2379950040192172,0.9352525714503086
1.8900095016235094,-0.24650369094513194,0.9789587831888907
1.9021652930282995,-0.2545874347768817,0.9751555910964311
1.9151792394319915,-0.26328947336290576,0.9924086754546163
1.9278148716789523,-0.27140244112386247,0.963456230970917
1.9392106585226467,-0.2800680754482713,0.8712476211683526
1.949609670457586,-0.2892108384417599,0.8462620126122619
1.9596930640537376,-0.29800910777705003,0.8626181936285943
1.9704270555350338,-0.3071324056308953,0.8627648956379356
1.9815109471141799,-0.31543023603844583,0.9282925943770246
1.9942708483795881,-0.3247308591109883,0.9530362097046936
2.0046657217823127,-0.33314932457513635,0.848834887029826
2.0153524541008623,-0.34255405379603465,0.8279743400402698
2.0261971722053222,-0.35272349557821364,0.8018445146084808
2.036607371495017,-0.3622777352513499,0.8601723937890101
2.047096960742671,-0.3709103362400162,0.8823239842965624
2.058372653406916,-0.3812127147270924,0.8356476806250833
2.0691392068355765,-0.3912851979230311,0.8011041816983003
