1.3517244898179095,-0.10821749152377033,1.6200207290352642
1.3655045909270174,-0.10751186556749798,1.6245675577681247
1.380444983622295,-0.10682629349663095,1.6297377301704983
1.395128137105671,-0.10587299407865662,1.6580053237109489
1.409395778674446,-0.10467574179532044,1.6780642766689617
1.4238970258704595,-0.10280554553047327,1.736552528947404
1.438657497693625,-0.10050939092433332,1.7434755079127398
1.4521217881496753,-0.09836157645423578,1.7553059941723768
1.4662176636799462,-0.09593200611815003,1.745634429150751
1.480983585728788,-0.0934386748771629,1.7227233117646947
1.496591934456573,-0.09109016674083498,1.740723845087577
1.5109274964608552,-0.08882978442363867,1.745376199688375
1.5255773694896497,-0.0854750679764883,1.8880647512997533
1.539330912304261,-0.08184542074083859,1.8188693738295982
1.5538787829182736,-0.07799455182079293,1.844973719436044
1.5675970599784625,-0.07329322952988801,1.9404824417715567
1.5819004051669172,-0.06838824785433059,1.9839793210722518
1.595649442614975,-0.06278868499372281,1.9960211641312815
1.6096292895590043,-0.05600795790962319,2.0243872555526017
1.6236667954404966,-0.050165429605337944,1.9504346660861194
1.6375445735130616,-0.04387824474502057,2.017996608427807
1.6511136422322092,-0.0370674622453281,2.080606284226615
1.6644303134309484,-0.02962574824737519,2.101942041246493
1.6783735937665296,-0.020540278757777416,2.1771094310231947
1.6915853663177898,-0.012517113715852,2.0966906588948215
1.7044715150374943,-0.0043386762152967115,2.229463654277915
1.7153479124357955,0.003309241258895272,2.1503117406688754
1.728215628693414,0.012535315409276063,2.2105247925523623
1.7401210852824365,0.0213597362447521,2.2047875611327483
1.7518708975806536,0.02941384866311047,2.1940719985068635
1.7645511000576342,0.03882201685485555,2.2281126956389468
1.7754909644546335,0.04771351973313134,2.2662601455640727
1.785744047698544,0.05563094040463108,2.2392826093325113
1.7962055047437913,0.06358038109431935,2.2191530725115642
1.8097484708200733,0.07359156605233817,2.231324299021009
1.821114162403323,0.08228439615014221,2.2408112945346055
1.8335717784352163,0.09183372314464082,2.238814608017848
1.843596492276261,0.10021818207413227,2.2979373845216187
1.8549007938335405,0.10934869288083918,2.230237720749063
1.866540530155041,0.11819183716672842,2.2097123169817405
1.8791261531613106,0.12783790823289637,2.2396587126761944
1.8910535836143063,0.13769722375351234,2.2797024110010615
1.9021010097187476,0.1469005081008371,2.274315950299164
1.9139737701000687,0.15680441517034396,2.2734932301769795
1.9248510109554455,0.1662786760726554,2.3301672522920107
1.936271808125806,0.1769192846699207,2.305960633488269
1.9460959647780027,0.18570525461117932,2.325140425842899
1.9568952729428526,0.19555534442926364,2.3111738629060405
1.967867065822889,0.2049979840860179,2.2557941490928255
1.9797790068362988,0.21552504039049514,2.330529050782746
1.9915498508949814,0.22767489644773645,2.3680937949550973
2.0020308158232196,0.23963526192764992,2.4646750570387437
2.010688035443177,0.24992550773009442,2.430455058564206
2.019484093775016,0.2605123720090845,2.46677942607166
2.0287402957379084,0.27212651707927343,2.4670761954784015
2.036984253604946,0.2830974766600997,2.4857523975316553
2.046263223117121,0.2941556313241979,2.4201054746332775
2.055996224361696,0.30517389555064783,2.4206050821962593
2.0657797114403653,0.3169722703343716,2.4800081683919517
2.0748492968149215,0.327755625275541,2.3995635809019644
2.084812840799155,0.33475256506681983,1.983175388205158
2.094186458706923,0.34104111038477164,2.184086502910032
2.1065569399160053,0.3476713987683259,2.0267701275355905
2.120472248870497,0.3520465889789433,1.7638629384128417
2.1335605354399325,0.35493781550584025,1.80711294790888
2.148092195088629,0.36172431850804304,2.146123865055464
2.159634409270666,0.37166039077086443,2.3581929239529473
2.1695005476908826,0.3792824703166791,2.1898097386197546
2.1823221560661628,0.38761209223962456,2.149707918346773
2.1931677257609676,0.3932352007720885,2.057264126674259
2.207162620438046,0.3966829395471987,1.6528252989064112
2.220672715428547,0.39505401450084426,1.346499109781394
2.2311113397762976,0.3905974316724644,1.0825198505243152
2.2382156424222632,0.3848000933799053,0.7873445684869497
2.246912605663043,0.37763978221929484,0.9271206209788143
2.2574265057452982,0.36941471724744984,0.8997648812339266
2.2682827105664867,0.3609754758873496,0.8958786013118848
2.278365967944536,0.35285965304956063,0.8815372203373637
2.2850675271818566,0.3480695236096444,0.9684989218542198
2.2958406112428986,0.3398252545748836,0.9372752732875707
2.307692437252442,0.3311803585766088,0.9292972584475364
2.31744793160619,0.3239122346130419,0.9273328097749602
2.3284310616450434,0.31460425581072976,0.8280198130454751
2.3393284827473306,0.30416282812200063,0.7973645043392351
2.3496340668572784,0.2940192756348172,0.7899502590106982
2.3612797089418724,0.2849145099937154,0.9930483624303288
2.373274550646498,0.27732163962151785,0.9922722965382941
2.38599416399092,0.26954227424880484,0.9927801829808793
2.398947150351946,0.2624680676856906,1.0859326805398646
2.412122408521869,0.2544211949801704,0.9595592644423001
2.423805489275879,0.24637978848565584,0.9599029887619807
2.435951549166532,0.238580643335786,0.9761882164012619
2.448705801396687,0.23089852806085123,1.032439214063629
2.461921171449823,0.2232070209949156,1.0737260368140742
2.4735559469366537,0.21670995218797973,1.0718318765153552
2.4883697982809396,0.20988720921720463,1.149742172921445
2.5004987856844094,0.20552223655422955,1.132922538032762
2.5129883438152194,0.199481247605,1.0995655906189248
2.525065163039121,0.192945299870326,1.0464513121997976
2.5362611444480736,0.1855757779858156,0.9548258808796891
2.5478836040496216,0.17770948685917481,0.9361062738868222
2.559056902520066,0.16954162688880564,0.9238447446271775
2.57118898266781,0.1609294344482916,0.9573633981699331
2.582968279711129,0.15108957916913857,0.8461541276358422
2.5928016649497287,0.14306831156257235,0.8868731677485931
2.604240653574475,0.13392335674492342,0.9142966598576956
2.6147621599262103,0.12544155114318983,0.9155488016523643
2.626386086338537,0.11705611788255058,0.9265261858347313
2.637283565326786,0.1086576179920317,0.9394370309844569
2.6483693978027145,0.10092926932685858,0.9533768455171283
2.6594774997900186,0.09194453702008928,0.8701924685462915
2.6685675523982715,0.08444675539223662,0.8640780719454657
2.6770214227908,0.07520698392300598,0.6800448480630799
2.6868790963414324,0.06347988768828756,0.7441006773975309
2.6948188984886072,0.0524791148718066,0.5506167724300406
2.698541563992164,0.042926025030035814,0.3323053579760909
2.7050311759074344,0.029164471441171454,0.5225643332090198
2.7118342087626863,0.015500603069429181,0.5012753685422807
2.718543328444417,0.003499587048304547,0.5389521904447219
2.727649746666146,-0.00885179220266999,0.6502530417060067
2.7347561831849228,-0.018607416940013933,0.6246996763608078
2.7422541677290173,-0.028898153000458688,0.6851716424229408
2.7487263186864443,-0.03745159767481446,0.6451077209724141
2.757187954764326,-0.04854129437292395,0.6486214094145795
2.7653528760257697,-0.05776259897852046,0.787915303482091
2.773998589167256,-0.06732620558937229,0.7210993162598962
2.7855740301428833,-0.07781770363354455,0.9270535938403955
2.7976474324935516,-0.0859010995692238,1.0092419658305725
2.8084350216696548,-0.09317937004072037,0.9774008142870122
2.818750933040931,-0.09800607255159366,1.2035878461697131
2.832878059684416,-0.10427856517872966,1.1282188162722073
2.845155699476033,-0.10981757884002559,1.1037644189286913
2.858036692294266,-0.11726908718647025,0.9847921732838881
2.8673940586263797,-0.12347786120644455,0.9782682853448104
2.8809520963923707,-0.13207811379190207,1.0017963260645735
2.8907763452855106,-0.1407959226364038,0.7213980166067674
2.8973939747605266,-0.15259682192207227,0.43793240012758494
2.903574823811934,-0.16626781548624314,0.4265279333194258
2.9115995094847236,-0.17691423382596583,0.8221651174234401
2.9181150355441594,-0.18517785489456437,0.5610331193534295
2.9267206382872866,-0.19648036220006243,0.7040379568356651
2.935555310143203,-0.20658820038677808,0.7733000665781753
2.9447194177331797,-0.2159020223614124,0.7629408420686827
2.9557438924320856,-0.2263484590680759,0.8645912539573272
2.966974106540283,-0.2358115310170689,0.8916384090052545
2.9783639960621917,-0.2447519247853197,0.9046502964796105
2.992267230553411,-0.253459786933707,1.0137769411336652
3.006362852655349,-0.26261588399938923,0.9723003789716482
3.017538133686412,-0.27050206922290204,0.9847484820704504
3.0299905822718585,-0.2780370559023969,1.0166473158223002
3.040400009707103,-0.2859915569264452,0.8420958154699787
3.0494620023466426,-0.29594572512778183,0.6851585229288433
3.057853768514088,-0.30699504459925187,0.6396639669933151
3.064993727530984,-0.3178140202694273,0.5622897661284001
3.071471794261163,-0.3286314416888674,0.5224640376485455
3.0768696078202997,-0.3385327374164418,0.4943282384525628
3.0833184037069556,-0.35081438346567395,0.4353665111930844
3.0898114659102256,-0.36330992673790047,0.48218313023045567
3.0961297109638184,-0.37695010209888397,0.4510159435901931
3.101761582899507,-0.39012308741879703,0.4160919797497456
3.107361609249861,-0.4023904321854551,0.3697867376245427
3.11142669964851,-0.41547485539741774,0.2629604960949071
3.114987639257055,-0.4312039218657112,0.2461066789905135
3.120646392838195,-0.4435197074102192,0.6298336077635102
3.128831393881995,-0.45520999130039247,0.608419407384975
3.1375695590071873,-0.4679509993702163,0.6275150281766617
3.1463543221901213,-0.4795081637671786,0.6349411997548063
3.1533988522045715,-0.4883217986747828,0.6668144140902961
3.1596762557474403,-0.4970819503311531,0.5955189889460386
3.1666386075785447,-0.5052717419505507,0.7626653388091114
3.174263130420386,-0.5152986027155876,0.6105639833998809
3.1813490902634634,-0.5258606809907987,0.5433211066477283
3.1877507604116366,-0.5353799675265067,0.6221084376068861
3.1948514439572095,-0.5443968060211948,0.6384982676482795
3.2014971593286052,-0.5549884471709524,0.561592300231038
3.209531759935323,-0.5672573895141768,0.5948946756517081
3.217311611163911,-0.5770961130733928,0.7328745620268318
3.226456488145755,-0.5875632879031774,0.6394404642103082
3.2345737510440764,-0.5976198870826841,0.7093420754085432
3.243891310341191,-0.6082388489255854,0.7403966049917274
3.253082434141044,-0.6190222484112177,0.6806744127872376
3.2623725502721532,-0.6297700916517627,0.7346577953767436
3.2723870422988792,-0.6408532697688981,0.7393896247189485
3.280806118683237,-0.6492005067779802,0.7947453151172091
3.2912576386938044,-0.6570143217849129,0.9549370561671674
3.303684088824567,-0.6653171557722907,0.9903079464562785
3.3119225554882243,-0.672774863895957,0.7149292608307803
3.3211347541656004,-0.6823685261766639,0.7705388370430969
3.329692565251305,-0.6908122706971351,0.8129599681417241
3.340169806043761,-0.7015146078241138,0.7524207170807393
3.3512578736693843,-0.7122330737723931,0.8438672166316399
3.3608057162514693,-0.7210800657598554,0.8121013510858021
3.3698381508449975,-0.729677658298608,0.7939121298173916
3.3795189096247897,-0.739262546214451,0.7795040442001077
3.3885110586739193,-0.7491712448072401,0.6852330209479268
3.3986146633703265,-0.7614532612339502,0.7556251003715998
3.407687567924502,-0.7713008282402759,0.7578025263138346
3.416559192080379,-0.7810008997277273,0.7277957066228674
3.426045999872119,-0.7913960307994132,0.7418800470803317
3.4363500739474864,-0.8006008037790747,0.8746337239870934
3.4462574897321394,-0.8085193489260024,0.909590108248199
