-1.457480669561779,-0.4977810212036971,1.6219426535209012
-1.4438906795699984,-0.4969090659879888,1.6306266950555468
-1.4294383227601233,-0.4961794679319434,1.6090659739538482
-1.4148016006790498,-0.4952610866551496,1.654930054467234
-1.400602506251542,-0.4941327996271623,1.680967575743239
-1.3868168518628634,-0.49244765222313736,1.6918915234692478
-1.3726273022855584,-0.49102533380947655,1.6985147907399425
-1.3590327571312613,-0.48918009187054956,1.6994201077155888
-1.3444944965772154,-0.48720008612903354,1.7328416067101902
-1.3310293130663118,-0.485238955957822,1.7256181029721749
-1.3161691235882833,-0.4829952690881939,1.7523898765048145
-1.3013979219197231,-0.48062299189654917,1.7177603648600435
-1.2865614032033363,-0.4773927007049622,1.839173179405028
-1.2719558440030563,-0.4736418359515629,1.8390181315915093
-1.2579191752910817,-0.47046109901169114,1.8324116052855415
-1.2429914070202954,-0.4669602552997102,1.8425585722392812
-1.2282028443823985,-0.46257795138968993,1.8618893869594675
-1.2155841380296593,-0.45858342020470705,1.888703044009236
-1.2009853220952458,-0.4545154222346507,1.8534378224773942
-1.186984287731432,-0.4507717992462431,1.8744860559142227
-1.171999849389653,-0.447336786397382,1.86909911315567
-1.1588867604606437,-0.4431270862594246,1.89897096716325
-1.1467503198567397,-0.4392160455223706,1.9450485270114892
-1.1331912617810098,-0.4337442328529746,1.965214511670861
-1.1199148655536308,-0.42806558375239223,1.9965081262363045
-1.1085071566018392,-0.423007128607499,2.0269061001698274
-1.0964614081813964,-0.41702123494018956,2.036271140576887
-1.0842755227924685,-0.41097423598084576,2.02628842164056
-1.0710047444264574,-0.4042370016874047,2.032643046444799
-1.0581228577740833,-0.39745820192509534,2.0611399351383883
-1.0464682919287245,-0.39148693400295703,2.0565679328157254
-1.0338469674617106,-0.38442441881556483,2.10031993515312
-1.0205935988425323,-0.37737628643919147,2.028789396050528
-1.0065424269104277,-0.37052234842586323,2.053380586672839
-0.9931211517226662,-0.3642079069716134,2.0788485551385434
-0.979664487539635,-0.35565148138973235,2.1568311938496265
-0.966249605702926,-0.3469263644166629,2.1404640823766443
-0.9540349180390469,-0.3389701289808912,2.170255341457211
-0.9409970256409455,-0.33041304170320007,2.1665904192777194
-0.9290799015518993,-0.3217255509086071,2.2399961848900047
-0.9164266267275146,-0.31206658294464806,2.2589131753599747
-0.9053561137747232,-0.3040296810897464,2.1726003075374587
-0.8946598214690488,-0.2958347929675484,2.24101019637339
-0.8837518874925016,-0.2863964355671227,2.3167159191948135
-0.871982314549553,-0.27627523783569785,2.2685872679915318
-0.8608601921573136,-0.26646461322481274,2.3183622418545804
-0.8511313225704168,-0.2564199101125159,2.3912016367217475
-0.8404893108225886,-0.24557253776034602,2.3550657896464915
-0.8306098893482484,-0.23374417855669233,2.464427526849907
-0.8232581870524845,-0.22453224808111852,2.473192612293524
-0.8131890315788503,-0.21377879207180428,2.385003411227255
-0.8035495736048737,-0.20422298390419702,2.345658570975167
-0.79440548425748,-0.19556390821145075,2.322664094676371
-0.7838094988569523,-0.18575790077685847,2.3303879085625883
-0.772103066679368,-0.1743165095675286,2.3796572055334386
-0.7619394069371809,-0.16377654284605878,2.3930582714090267
-0.7526564065506005,-0.1539681393567785,2.367887695333994
-0.7425151502851799,-0.14440143653532161,2.310852646857516
-0.7325054295051704,-0.13544375616122095,2.3051535818025615
-0.7234273579063315,-0.12629098297884575,2.3665552465664366
-0.7131694783963621,-0.11554878946127116,2.374069158644112
-0.705309737686233,-0.10833632076405605,2.284066147390915
-0.6947175701088492,-0.09868460843276511,2.307747244156481
-0.6852639663342822,-0.08977863898222548,2.3398179339771583
-0.6756852735716892,-0.08068489152913227,2.2958316012616518
-0.6653523802178561,-0.07343080528629424,2.1429277686149253
-0.6547910577566093,-0.06685755991807478,2.0994300643833186
-0.6420054404512219,-0.060259509041459464,2.0201554162754527
-0.6292128408878256,-0.058365246397832034,1.5379654519281103
-0.6158499491302719,-0.05777269616650188,1.6698011452851913
-0.604166289793541,-0.053837198800508655,1.968220166732348
-0.5923898524632073,-0.04824725836415512,2.059165055612208
-0.5808201932602968,-0.04193925558944249,2.071522832420342
-0.5679886554786564,-0.03498276577455494,2.0387432030307497
-0.5552059821180179,-0.02931191891746663,2.038007016059049
-0.542285172855415,-0.023579888889980142,2.032551447600383
-0.5276469814575799,-0.016768890630425345,2.02486882469741
-0.5134918532055013,-0.012222515357197513,1.7725758851507134
-0.5000858895422992,-0.011465501660812635,1.5487720067300792
-0.4892156109739494,-0.014043851689002533,1.215080197822166
-0.47772151946027924,-0.016526769596956464,1.4447633837559075
-0.4658777960690498,-0.01666047851642053,1.6836728827045562
-0.4515237246048474,-0.01582744592379525,1.5698718207347402
-0.43767943272429144,-0.01849161825589401,1.2670106192466681
-0.4245442279049863,-0.022425080309173145,1.265904328081288
-0.41060129642547394,-0.025727781524338023,1.2899827193013618
-0.3972780606137143,-0.0288545527818292,1.2803811025223646
-0.3830617727313198,-0.032705658784446937,1.3192156600142488
-0.3684378522633404,-0.03655469930831968,1.241389621352964
-0.35412427854068296,-0.04156239257764398,1.2492439202638437
-0.3394539091816623,-0.04612778804789543,1.2187181377492975
-0.3253982746241913,-0.0504145055602425,1.196200321770111
-0.3112287582260766,-0.05564164092638089,1.1758811837410907
-0.29746278191254805,-0.06153832597910336,1.1628395426475933
-0.2847208882767762,-0.06636690433864391,1.2505695771466578
-0.27062362256532124,-0.0706952615835687,1.284482606968547
-0.2573063867227022,-0.07494246979937282,1.2017250734199105
-0.24434690616979776,-0.0795702641782578,1.2005235818571323
-0.23089316771341553,-0.08421982247815894,1.210269136622791
-0.21767849247216603,-0.08965239418312917,1.1413518169448196
-0.20321958649832825,-0.09596494900874479,1.1217472820043999
-0.19018876027867165,-0.1015735338894757,1.1530339111361019
-0.17616919903906156,-0.10695640250830775,1.1654401847969562
-0.1619362171626479,-0.11324178485066509,1.0968987171655844
-0.1494862079047909,-0.12016940053723724,1.057329797689025
-0.13689601268841736,-0.12708043005373945,1.0732194635892263
-0.12396539393499385,-0.13361014345848524,1.0950305962012576
-0.11205052997128202,-0.13933046955301523,1.0930472243574008
-0.09742123815423141,-0.14747508397152911,1.0354844244823742
-0.08555051764763251,-0.15399137186483627,1.0428183406555291
-0.07295121008827841,-0.16087045370324893,1.0624589669787254
-0.060937260968651555,-0.16754005732997196,1.0949477449238958
-0.04781010748296229,-0.1739511858080986,1.080808740310914
-0.03603941875901362,-0.17982614224400567,1.0847625541484864
-0.023923524936310118,-0.18628794609863736,1.0394680243476302
-0.011494627647611241,-0.19369866501311062,1.0270859347460146
-0.0014404131260351272,-0.20045097385782293,0.9807995636265066
0.010246450381091163,-0.20825161362000275,0.9737948105035595
0.02194018848704313,-0.21629918606521326,0.9728004180854614
0.03533968919367143,-0.22526958411380701,0.9864722905713125
0.04667524934773514,-0.2329913817330082,0.9825491851573603
0.05729336841076442,-0.24001704693898904,0.959320648551686
0.06735605286027907,-0.24830973349200258,0.8761073557950779
0.07793032274222321,-0.2569051971587479,0.9077435729947123
0.08955688445735627,-0.2660835135233822,0.916511764679045
0.09981928917513797,-0.27368837545634184,0.93951209624741
0.11084218590726927,-0.28224668034669825,0.8895767274534024
0.11993498826786744,-0.2894592862462825,0.8744786385331472
0.1300907207202208,-0.2975161289636262,0.8870946137818577
0.14221114463387668,-0.30706431495962966,0.9000023492642281
0.15270553283799077,-0.31534042596728845,0.8767764069901377
0.16375688622216888,-0.32466540576429115,0.8509751255576237
0.17299731998042212,-0.33384768301541606,0.7780315689903304
0.18401641045719505,-0.34361193996987494,0.8878825676956584
0.1932386599437555,-0.35065085507285965,0.955763451970014
0.20273515033010062,-0.3571176551452736,1.0107445820664598
0.21496273730937288,-0.3646729797040783,0.9840404170409616
0.22585402895775603,-0.3723282332050369,0.9369786577350371
0.237090714990687,-0.37985586753892253,0.9903247156731777
0.2485546847516954,-0.3875164969282418,1.0057537176679547
0.25943271714660854,-0.39487469141810316,0.9027133595316607
0.26923939615132314,-0.403681483263168,0.8197304379850374
0.28123563501750426,-0.41486990754448017,0.8223707948587098
0.29194371143995923,-0.42466900259715284,0.843959979559431
0.3022743403868583,-0.43443110997027384,0.8065764640667128
0.311882362363075,-0.44361809805794694,0.813223519081924
0.3212451037312484,-0.4524184044961955,0.857991458512696
0.3327013291308322,-0.4618916610405233,0.8537711697616374
0.34228054509220335,-0.4716888826943963,0.7468890905903807
0.35333781907783673,-0.4830528948476748,0.7903866975402825
0.36458015159622537,-0.49327509358770705,0.8439219440776695
0.37372805215830956,-0.5024213128682362,0.7653945169374906
0.3829341282483041,-0.5121872970192507,0.7725777197797753
0.3929716520086347,-0.5227868865096349,0.7433154077301521
0.4035389717655802,-0.5333665219853272,0.8054773142890863
0.41374796852030105,-0.5427253678114281,0.8579296720405354
0.42527962100536215,-0.551958158643711,0.907710023239452
0.43575558300863054,-0.5604668725542665,0.8920019561744695
0.4462426571013217,-0.5697619761968716,0.8458258168939241
0.45888217318548513,-0.579486220210521,0.9848707168343348
0.4706882520565244,-0.587683528506123,0.9621026780102524
0.48262772424715894,-0.5961654965248826,0.9614100275335993
0.49313017628658956,-0.6050218770750004,0.8444278220282302
0.503425902745065,-0.614791493866973,0.7826549944796318
0.511703995426833,-0.6240697668077887,0.6788198881156793
0.5216897002758054,-0.636173580129205,0.6985097324930958
0.5317937794407374,-0.6483013916829586,0.6769284407005972
0.5411869853522221,-0.6590060529845464,0.720431528792939
0.5518325663999818,-0.6714883644739407,0.6788109984092432
0.5626065508861288,-0.6851814240865364,0.6746507719912779
0.5709257672155261,-0.6949046609102695,0.7269975611939028
0.5796286310238316,-0.7053842237036895,0.6787752569911998
0.5885369406962341,-0.7168320439170852,0.6578560343394886
0.5966901723320374,-0.7273241738863176,0.6903047083242683
0.6038563894400965,-0.7364534142243538,0.6894637307935951
0.6126850373590931,-0.7474900917462112,0.6996749597466191
0.6222577554724364,-0.7591825921272094,0.6857439457091575
0.6320060679730314,-0.7712395857154039,0.6865519520548509
0.6416465500258083,-0.7820203008892589,0.7555634684270564
0.6496139509024981,-0.7902647310763647,0.7788091344801105
0.6605063925836908,-0.7993962901109655,0.9098482089663641
0.6714774666824027,-0.8082010174080057,0.8631860508993694
0.6813819110181124,-0.8157811143849845,0.9234689458627118
0.6923103639078227,-0.8248170370263034,0.8648088935959343
0.701231537327725,-0.8323117958221232,0.8746137293030729
0.7121374722857126,-0.8413000770045478,0.8857373903622806
0.7219740115690819,-0.8503428853853083,0.7998815936598274
0.732536107921382,-0.8604555052227517,0.8272050561483653
0.7424646817147524,-0.8695353043910997,0.832455577215452
0.7523756555129333,-0.8795094462300815,0.7548163120870506
0.7631177990267064,-0.8895046560922997,0.8749803027570078
0.7760657883943399,-0.8991539950082542,0.9522739169616667
0.7877763897235432,-0.907739376205043,0.9180691295465302
0.7973742665100064,-0.915305234526706,0.9164993125276051
0.8069660710534471,-0.9234447205314925,0.8260314485118248
0.8182671988481877,-0.9345017558562965,0.8159909247986998
0.8288811953654652,-0.9442755570211568,0.8635429631775643
0.8403161482639686,-0.9539317687700081,0.8727745979832415
0.8491103713206561,-0.9627245210737498,0.7131457026259983
0.8573193806575542,-0.9717427509147424,0.7742653265862725
0.8682475738666923,-0.9828211322831106,0.7791014631013246
