1.3790816147394003,-0.4054572885069308,1.6223329324202074
1.3922758415317258,-0.404605174516067,1.6312105843368307
1.4071446303803548,-0.40336982775065683,1.6576061845953103
1.4207883126285628,-0.40269748103290887,1.602552431120789
1.4360784893727876,-0.4022817944441081,1.6057970315181618
1.4504418736596512,-0.4020231472585701,1.5845965486003373
1.464909337416774,-0.400926866659196,1.6845126133849069
1.4796097275955076,-0.3991499886299967,1.7032691535702384
1.4932167195163546,-0.3972439256330809,1.7250032124216028
1.508231631122099,-0.3957172455009146,1.6721946614634917
1.5220793207602201,-0.3944708043508018,1.674793920444331
1.5367443762715192,-0.3933123759322888,1.6667859762177057
1.5506184826820482,-0.39115611227008124,1.7711875052733554
1.5658109076501867,-0.38797092810388706,1.8107814379343412
1.5788829538594702,-0.3841468671113515,1.8775464903125234
1.5924242791706367,-0.37966128697583884,1.9376218523562991
1.6063680018884317,-0.3750780343907377,1.8951160825146351
1.6205025859054818,-0.36951710103057006,1.9704200964434693
1.6353381678151209,-0.3628407287200859,2.018669634082577
1.649458961368182,-0.3568460408125935,1.9535190246473226
1.6620315830111096,-0.3525547108449507,1.9286977207535094
1.6763272559521245,-0.3472262225557147,1.9545592590805512
1.6910017881881707,-0.3418176571840045,1.9355038083763882
1.7059891541155878,-0.3365006164113763,1.9348515838228866
1.7176697942577797,-0.33214633643399716,1.9229416229841017
1.7307047878642556,-0.32777010929373573,1.9491634118351495
1.7463599741840317,-0.3222150020821064,1.9107577076697344
1.7604680379078192,-0.3164929259901604,2.0031691654744668
1.7736204760556513,-0.3103504486919472,2.062226740448574
1.7862845711363466,-0.3039285403932954,2.035153772010725
1.7992225117370455,-0.2979825591496019,2.0060800777220766
1.812935711928606,-0.29018702997348333,2.080696321264097
1.8271126583826593,-0.2837920515429697,1.9951555335184072
1.841205382843261,-0.27728782308540906,2.01133004542804
1.855217719996716,-0.2708704310298448,1.9806115935422477
1.8685419155762344,-0.2642613365488697,2.046390609902311
1.8785713639090793,-0.2578450961923343,2.160991173026947
1.889758758661886,-0.251050500344534,2.118111207087278
1.9032881191524065,-0.24347518178901917,2.0875563789805924
1.9159386087024912,-0.23618784583342894,2.0822942394201838
1.9289103293702985,-0.2288480047617879,2.128823099044453
1.9420913478792547,-0.22038412714673028,2.185156345994466
1.953626927417774,-0.21228080151718348,2.24150746921693
1.963075733587,-0.20500195241350644,2.232107604881153
1.97532564004907,-0.19500909031547456,2.3018955731255417
1.9863156085431957,-0.18454671987186488,2.3439015912838914
1.9946751126047828,-0.1754816694011162,2.4067237761778117
2.0047305310246175,-0.1650155481465991,2.3719773479103914
2.014518872169434,-0.15453932886291455,2.40320100507801
2.02501636077084,-0.1421657932483179,2.450761294462908
2.033171045885305,-0.13266824693370324,2.4142613813194744
2.0443490220272835,-0.11871140752016521,2.466273554958596
2.0525010160101997,-0.10761417356135936,2.511239488459617
2.060681530295809,-0.09676242077132756,2.4677018014041323
2.068452734407014,-0.08604371762702458,2.525070523199662
2.077868217024354,-0.07309736419815985,2.4987470882153273
2.0860545567730013,-0.06168440967789738,2.5344287749396464
2.0935172625277705,-0.050190412541257376,2.5837059460529184
2.100643125348028,-0.03816951090590198,2.6152779843023937
2.107105205217113,-0.026080657034995673,2.6513691123693084
2.114460823286675,-0.012731470494658644,2.5968015711878496
2.122427531006469,-0.00035643711149557344,2.5780071030751666
2.130813208618741,0.011341771004412133,2.474560673377461
2.1372125510305384,0.020304273274044923,2.569400788489398
2.143509110446999,0.029758640576529286,2.5110344790482246
2.151874392369064,0.04051396034534234,2.4808641360834094
2.1622798118867395,0.05232455930358773,2.4000396814553016
2.1720608369056693,0.06284543537483515,2.3787321041988414
2.181572248241364,0.07168011330467314,2.312394186129372
2.19269420748476,0.08127586768011183,2.2447243512324087
2.202666975890665,0.08847755565449947,2.1749283689502747
2.212554740483232,0.09592373512675748,2.1711746019208094
2.223192760767904,0.10311231237140861,2.1516854370747645
2.2334207416013743,0.10739376755890376,1.8879426602722962
2.2460343061740202,0.11025987212757161,1.7716550438202197
2.2598982737259345,0.11069740656181642,1.4954234644105415
2.27306651591565,0.10701494165139454,1.1410509831467337
2.2839096363943545,0.10179925298212374,1.1923827242205312
2.295222753752021,0.09676490094101046,1.1171576640293548
2.3076310724133102,0.09089069327740114,1.0982997834743995
2.3197112857285833,0.08470156473932333,1.0859469117450253
2.3321525658206763,0.07807211043329977,1.0820148632103987
2.3446676582178614,0.07129087536987468,1.1136224234196703
2.3585496819582676,0.06422452771408861,1.0688105957663028
2.371353826084708,0.05746121375944896,1.0582506573939805
2.3852161327295818,0.04927532317045053,1.0215380019370477
2.396114090404018,0.04268926369737478,1.0229200114452366
2.407987587209922,0.03509486699458794,0.9783059703773884
2.4213111889381347,0.02596075234830968,0.9528903847771872
2.4323996651687465,0.018378962561849062,0.9718528039697327
2.444836831845715,0.010914815261306108,1.0555197137220123
2.458198273253561,0.0036651462009118533,1.067155353474601
2.4704069913719193,-0.0033330309305013156,1.0356842779094728
2.4826759823804703,-0.01078458498858837,1.0317069732229363
2.4941892310347376,-0.017831168617452122,1.0288901423134378
2.507385631130872,-0.025047666053083308,1.0594109635138478
2.520887539897383,-0.03235790344793792,1.0499530281735723
2.5341493089041767,-0.03987650434435218,1.0729040995101666
2.5480699443746446,-0.04745988041294084,1.0587065796644473
2.561250712427974,-0.054639430321562946,1.0885805394509853
2.573967268072287,-0.06138517978608483,1.062674949301582
2.5851865898570363,-0.06856992437199508,0.9590619935693965
2.5980302539307396,-0.07732708089307778,0.9516972638364568
2.6101369091246167,-0.08491534963672638,1.0351768271967505
2.622045979705981,-0.09194228211365678,1.0674996726863877
2.633641352943166,-0.0985482769321071,1.0301596746312334
2.6462058647621407,-0.10504135496830112,1.111527488905832
2.6588972632265295,-0.11063832342903003,1.1002448817380557
2.6702926611395355,-0.11733566416943722,0.9741430357850975
2.681985190233289,-0.12603526673756363,0.9218095820730482
2.6927469529864654,-0.13509842818835133,0.8532719328111398
2.7029125049020433,-0.14483830953539548,0.7860830458169505
2.710689416366558,-0.15425809434187246,0.6109306663256571
2.717799369242494,-0.1649586829310746,0.6209026111765097
2.7218507179798777,-0.17071358462573505,0.6199375643434742
2.7301791661630967,-0.18384219417206016,0.5009830989980779
2.737309983267234,-0.19584640644699952,0.5628301481950789
2.744409770107501,-0.2074628221956988,0.5483025786915433
2.751196148154814,-0.21529088074451802,0.7793967102316699
2.7604050815497536,-0.22501493047395754,0.7525048276707716
2.769089819958841,-0.2348557040652043,0.6943576887016446
2.7797554285071713,-0.24632239943619388,0.7834748518021005
2.7878948493525466,-0.2559691932177282,0.6799566284649431
2.796779940706544,-0.26777043132719425,0.6369639261936347
2.8047492990162746,-0.2784216329547341,0.6700731730487535
2.8134559118848776,-0.289703167261519,0.6777625324917378
2.820596923079525,-0.2986066691510298,0.7003108416120348
2.828715627095587,-0.3087130271630632,0.6764656301370823
2.8368828110425186,-0.3159211102286309,0.9248183154378329
2.846175698704806,-0.32203604226789406,1.0180878815339514
2.858682422290221,-0.3289166466283204,1.1040175378799102
2.870696097077444,-0.3361810911231257,0.9524518350681677
2.883055778750094,-0.3452109754126191,0.9201133911037254
2.8957963737673196,-0.3545718890564191,0.9304932162405327
2.907166408521297,-0.3629895172552769,0.9187245722830172
2.9172285269087803,-0.37102667420396723,0.8750132918032123
2.927630608555329,-0.37933132688532306,0.9031260580312536
2.9365746196004805,-0.38755203106794445,0.7695931477700448
2.945001470648064,-0.3964228238713649,0.7429449165139984
2.9533835848074648,-0.4066740856265205,0.6384881169439438
2.9608763611432654,-0.41652305556711217,0.6602785989869255
2.970223833478217,-0.4282717489307716,0.7270371909936302
2.9796954841295573,-0.4399382149173185,0.7015412155240844
2.9890018500525577,-0.450686040040497,0.7015414050895489
2.997022061412599,-0.45966852172925426,0.7234413059054281
3.00555932039305,-0.4701311711298783,0.6586656603652545
3.0145047916049528,-0.4803464555637593,0.7701050969590799
3.0246066850138544,-0.48861013247811175,0.9173416778314107
3.0359189794548644,-0.49720431561516326,0.944123777384421
3.0465302875267515,-0.5050302586393312,0.9293023471310218
3.056298184681737,-0.5128665620474279,0.8508363152539766
3.0657592842457535,-0.5203677813673813,0.9039453774880641
3.075402699441188,-0.5283842266472489,0.8595590261346746
3.0864402535336195,-0.5375302129893967,0.8753578422638406
3.095445109633956,-0.5468165885866614,0.7490037386545527
3.10412390840236,-0.5561211304334823,0.7382351217599767
3.11379811767394,-0.5668887520007275,0.7003158674356667
3.1234796007136794,-0.5787609789281242,0.6858349995997539
3.131910908950836,-0.5888834789987104,0.7086859313841439
3.1422724819404633,-0.6004565172890005,0.7809387592807346
3.152640565111496,-0.6111767145308826,0.783701325839695
3.161543634432843,-0.6209727293933228,0.7151240439743527
3.1707341260664252,-0.632248708442783,0.6908916628377251
3.181192542888425,-0.6439330844352883,0.7648550621299778
3.1909272310194683,-0.6543787949780664,0.7238265143546369
3.19959015955642,-0.6658900773284792,0.590401782756476
3.208673054808072,-0.6782881284587949,0.6842911502075755
3.2175468336280058,-0.6900109426287944,0.6669458394989515
3.225336940618976,-0.6998890269464163,0.6647499330367559
3.233776751642044,-0.7125014620288624,0.6042651074620495
3.241270268627384,-0.7226248967566757,0.6389356760534777
3.2477356764962857,-0.7311603096052547,0.6916223130225988
3.255088879245526,-0.7412299032704345,0.5774739737453569
3.262772068662872,-0.7525667832688119,0.5860857765668495
3.2707477528760815,-0.7640273494557318,0.6229603231208041
3.2793636497151133,-0.7758130510781096,0.5927541962717835
3.2872629843606647,-0.7874561819911018,0.5826439597166949
3.2951049372827743,-0.799525210422423,0.619012373707352
3.3033109711671056,-0.8111403592071827,0.6173542102937094
3.311367158670618,-0.8221662572585513,0.6474787694441726
3.3185404989991873,-0.8305683814480499,0.7108196400299356
3.3276309480329673,-0.8414426152076445,0.6744670810007182
3.336255033569606,-0.8519390489496897,0.6861958868220108
3.3451054949928403,-0.862578070169992,0.7091180844246764
3.35454515243617,-0.8738271514493663,0.6840063227711408
3.3635239700578192,-0.8852970167470855,0.6658437409960578
3.371852418758841,-0.8952757598016324,0.6954846747238608
3.3810368501510646,-0.9058997243468291,0.7249113853549927
3.3902443238399544,-0.9168992313473466,0.676687029239581
3.3984263336125533,-0.9280158531102269,0.6448937281204522
3.406787574414379,-0.9376344623318069,0.8016873902953756
3.41686220261342,-0.9467285985603886,0.8396288175666526
3.429715118458195,-0.9568149652944379,0.9051246716258504
3.442549872567435,-0.9659651607127656,0.9850541250912344
3.4531237693493386,-0.9735987620433251,0.9280336456406155
3.463360665626144,-0.9813155412430572,0.9087090410148349
3.47515454989024,-0.9906164931266427,0.9152597605545437
3.4857694439552054,-0.9990791889935005,0.878815023841525
3.4975206208471064,-1.0091533735335978,0.871645198138269
3.5070610624610166,-1.016862304247247,0.8899328228262012
3.517168532218968,-1.0255756745988258,0.8435132321465711
