1.0796714491890587,0.01613900700936865,1.6219039010728848
1.0927310231678495,0.016798327791949567,1.6088315050069935
1.106738023510089,0.017433353401019976,1.6221899389363197
1.121808139312154,0.018042515621485636,1.6410473198388593
1.1358862866061168,0.019064240995163666,1.638745191073777
1.1500406215208312,0.02039497912962269,1.6811991230614731
1.1644078379293292,0.02197045671181344,1.6800818727797113
1.179180814786625,0.02398257672279455,1.68915784301434
1.1927015025991536,0.0258024474939865,1.731062322678428
1.2062220401890977,0.029062229049826853,1.79949854993911
1.219469843756989,0.031847844864964524,1.8130592342538083
1.2347250790509388,0.03527595609376587,1.8436651631420773
1.2497493793117123,0.03935309496862951,1.84174276851178
1.2645833950704797,0.04374091167055295,1.8960633637492643
1.2784957335024332,0.0487624410505522,1.938136397050656
1.2926259808806912,0.05417291082949054,1.973125338463919
1.3057677145969915,0.05969082149989824,1.9821412990128828
1.3198597918474952,0.06481799517332262,1.989106050986079
1.334223894301653,0.07120385075323447,1.991302923183621
1.346747669048797,0.07642168766103397,1.9952335862697932
1.3607680666486373,0.08270131198886903,2.0257340882290493
1.373792952575799,0.08829803193962102,1.9777217717502866
1.3856050704560572,0.09177647577094966,1.855289935388781
1.4004071909276457,0.09649212112068233,1.8978156405648265
1.4136879059238774,0.10177238986719829,1.9569120786156882
1.427252198102165,0.10650016805478142,1.942113608083025
1.4402636206950972,0.11226145093794979,2.0146752107309047
1.454127096156702,0.11820722574607566,2.0377424245170803
1.4682430651008371,0.12492515166030271,2.022014191376432
1.4807411861343165,0.13119653174783152,2.036345650160471
1.495885960614188,0.13772395843049728,2.012733395396713
1.509853658571652,0.14516012232069783,2.1281790552662816
1.521261880325891,0.15367547637585527,2.2066598899055867
1.53115497343612,0.16120235786574383,2.2747878945238402
1.542868886783287,0.1707303773648798,2.23999614783925
1.5539003190532164,0.18001898477350572,2.2635718756445806
1.5641848453908338,0.1883058483455882,2.29146045580968
1.5750260689509652,0.1981990361035365,2.3232036491790917
1.5854373311015266,0.20786326282185585,2.3230748370617498
1.5937983326848415,0.2152634684221164,2.2806055404484753
1.6038901062640507,0.22370224122865348,2.2942359833304877
1.6151409108260055,0.23358426156338713,2.3064076307759263
1.626697718868347,0.2437940661119423,2.3072569517323607
1.6380452378294668,0.25336882190540655,2.27978515758061
1.6490351225077646,0.2622205092369175,2.2820852167226895
1.660920425616744,0.27255399884734177,2.310071992869413
1.6710687952305605,0.28216929811681357,2.35207331894932
1.6819013630564916,0.2924222447250801,2.335730167662828
1.6912097221690663,0.3015830190687438,2.33011809163362
1.700727969267788,0.310026600242641,2.291558455338216
1.7119665823106718,0.32058958075654,2.3317192046839903
1.7233962007998778,0.3301581020632268,2.2382367445291105
1.7340145123700792,0.3377460948602704,2.194231411665796
1.747489555492436,0.34895627537933327,2.3259988091476442
1.758076410583183,0.35880586655303165,2.315672501264772
1.7685842151282385,0.3696272963016255,2.3912717015699516
1.7788399779915591,0.3809040379806124,2.4144336485937887
1.7878869858427102,0.39160143680397946,2.4567457623460167
1.7970586330118963,0.40176549491684155,2.406500590599795
1.8057572620095594,0.4122147046328678,2.530083021574594
1.814731565890339,0.42507226628892025,2.511383511461373
1.8234980519109973,0.4353053524442369,2.402798494831817
1.832283239156895,0.445784691576099,2.4724980282172653
1.8402911334081273,0.45531308280868804,2.4324691003762755
1.849519955912743,0.46536292573714577,2.369040997340969
1.8579301120450349,0.47430534780583894,2.393597801302601
1.8663857856833548,0.48305093128646415,2.3348691361887592
1.8802219427688878,0.4888005770802104,1.8030292355863835
1.891118236227611,0.49224390298949816,1.91097603850908
1.9040554935020386,0.4970036618032473,1.9290966255920092
1.915290158908978,0.5016657601085098,1.992448404603722
1.930223416888227,0.5030825127447449,1.4439739078295997
1.9416488809834824,0.49760784979028144,1.026322857246952
1.952895775323992,0.4895832001374515,0.9310668946238541
1.9610548029168955,0.4835930295303888,0.9488440967837367
1.9714019380840497,0.4756450201300825,0.939754621743104
1.9807271273295413,0.47023736363720137,1.0715736766541943
1.991197004721573,0.4642783048250641,1.0611258771039118
2.00378472152324,0.4570261332827292,1.0272669460677026
2.0148389798346877,0.4506674483188409,1.071547801289577
2.0272311336471063,0.4441836884468748,1.0948273838597713
2.0406842458714345,0.437676800394984,1.1550090279849647
2.053785899201496,0.4314458165318084,1.116573324627951
2.067091873677013,0.4253087345421112,1.099712105963531
2.0786403634648516,0.4196930785929375,1.090775785358679
2.0904567727142416,0.41350692396822725,1.090868285270309
2.1034477889268572,0.40636951753780964,1.015401396901078
2.115751336270159,0.3992140605700554,1.0221620277434937
2.1277240284001673,0.3909899393392733,0.9215785227430074
2.138550116562939,0.3827602816483432,0.9265445371751297
2.1490806530064024,0.375403079400125,0.988849650065467
2.161902602387373,0.3678547078672713,1.0282462044871232
2.1751826150856663,0.3599635072368797,1.0218942467895895
2.1880501563589614,0.3531499087952176,1.0808652942857004
2.202449674186041,0.3451127207785482,1.052746859143248
2.215222616050401,0.33808452390097565,1.0082221271420282
2.2269640122934224,0.3305772065995354,1.0166849401388827
2.240692571155405,0.3227303591319976,1.0379318167840692
2.2530840649405612,0.31572754899846817,1.0341259400142206
2.266442059496831,0.3086564098866335,1.1104955762507127
2.2796970212638366,0.30224929768287895,1.119167045232031
2.292047657858511,0.2952951205832131,1.0611948445541441
2.300928375615032,0.28841581048212933,0.8722616468764528
2.313023509939502,0.27897242624986107,0.9296193494734819
2.323454958399379,0.27153418847100685,0.9446975834675105
2.334412481699983,0.26379137938956904,0.9199388013136263
2.346275136018955,0.2544732351836849,0.9081883622382303
2.3568999136271755,0.24728687384562753,0.9740415927814993
2.3677867623705176,0.23902908124561598,0.9041592275825205
2.3780984113413113,0.2296990956407039,0.7879736331001816
2.3873081666183134,0.22036205080246662,0.7959160641578092
2.395716452760241,0.21039513966412685,0.6307214604381888
2.4037151086550983,0.20048974042824408,0.6680602097935899
2.410344856768014,0.1897695903497981,0.5142046197885152
2.414583736026972,0.17827754004562435,0.34619592681594796
2.421254324426585,0.16681430825319418,0.6399505587689731
2.430505685608943,0.15366723606986243,0.5975073609778163
2.439363824228598,0.14118203700605625,0.6649353571802086
2.445682602654904,0.132317654473755,0.5602981996033146
2.453728014535881,0.11959330862067485,0.5776345725687829
2.4637595291221848,0.10733775842701264,0.7222985246985874
2.472905862562205,0.09688870759405141,0.7071329360401999
2.48287516568541,0.08475576848926226,0.6998062011009456
2.493004768475465,0.07231426486695962,0.6625132461731127
2.5014771680400147,0.061360423832154544,0.6580767707806866
2.509117161083427,0.051856386237727425,0.7040168377635694
2.519639413769682,0.04280583541580007,0.9550563023534833
2.5291834222382636,0.03697165801996436,1.0574769165793885
2.5423129509710765,0.029109577649870766,1.024436844892239
2.5533094686196747,0.021976703485963932,1.0059612692790965
2.5654305443256056,0.013571375642140523,0.9377006678288419
2.577048339969605,0.004554407470096865,0.921324129105456
2.587601995995569,-0.0033083717138573904,0.9282845012058736
2.5989931910553215,-0.010485533832906515,1.0485900822658636
2.6094968101224243,-0.021446038746537128,0.5286076963900651
2.61336455169819,-0.03292176297795471,0.2769579696816104
2.617188765461671,-0.04428344791377999,0.3588924803688076
2.621852120130271,-0.056231298128064246,0.42788954128319384
2.6264989154229257,-0.06782423065635264,0.3831453850640944
2.632286367250573,-0.08143160362049777,0.4137912804880625
2.6381850687486916,-0.09063727289027072,0.6640147864153572
2.645692282084068,-0.0997384648927217,0.6923375214974123
2.6547076690266085,-0.11070193466169666,0.6607887032841986
2.665328096406774,-0.12385307127568786,0.7186307886323801
2.675423905223775,-0.13460811643783768,0.7419468416778362
2.6859153182010242,-0.14530704086318996,0.7804980882605512
2.6973367428734436,-0.1554733600103962,0.852777848793869
2.706443958067322,-0.16335238021300513,0.8788197630692105
2.7169860676892834,-0.17210398506287108,0.8305498356224813
2.7277944643754175,-0.18174997105115248,0.8638616195490941
2.739749938306199,-0.19070902502423773,0.9513240734963564
2.7513817309748867,-0.1992936240149881,0.8957599681786524
2.761382908954365,-0.20785837587169667,0.8306767441827921
2.771499190138615,-0.2175084583790599,0.754826571909229
2.7791132503545017,-0.22666630307411006,0.6626571352147999
2.787456700262397,-0.23793260527431961,0.6439111658090615
2.7951160791705663,-0.24871678349542659,0.6086839643643236
2.8025926872282527,-0.26173124655462804,0.49310804743816145
2.8084775419343697,-0.2745204872702897,0.40764555294425714
2.8130231483878068,-0.2875788326323281,0.2956065491265496
2.817996715847701,-0.2985948542948995,0.46502648185284234
2.8259019979533897,-0.3108737508355276,0.6330128436307857
2.8339499320278123,-0.32268395530952093,0.6339665243023732
2.8419913161261716,-0.33250780147170494,0.7015112584370461
2.8504461551975613,-0.34305649344022865,0.6555582450839043
2.8578155166209105,-0.3538279932937319,0.5780820581682441
2.864824307687627,-0.36498462085307665,0.5940105428259521
2.871604858042345,-0.3745381940340641,0.6666693379256639
2.8806649817344043,-0.3864113168418181,0.6476398358722452
2.889114247002057,-0.3965984583786933,0.724674702847462
2.8976336426942284,-0.40721263103012334,0.6539545257182174
2.907478432441359,-0.4189302647316834,0.7437754658114116
2.9158792572029406,-0.42762046608215587,0.758096649746801
2.924592930672138,-0.4380967346995666,0.647853429656539
2.931297692805257,-0.4480990216519395,0.5568219343268279
2.9382603765299424,-0.45977132560611644,0.5389259426647884
2.9453689421370313,-0.4727443574032953,0.5155420101039956
2.951111675758707,-0.4826164450287936,0.6293274992996291
2.9567660528632516,-0.49021231015299865,0.6530827726980676
2.9640645429997634,-0.4984806757026641,0.7773765356698557
2.972406724524454,-0.5088827646580304,0.6145647488892761
2.981072808664152,-0.5207713964830012,0.6358964351205414
2.989504388646024,-0.5322487805657774,0.6407397385501198
2.998526729902653,-0.5440549765110229,0.5901045489670499
3.006984462333296,-0.5567842075465705,0.5948234144093032
3.016538805397458,-0.5700204108588459,0.641052455028964
3.02624618282375,-0.5823339094843036,0.6722990847015865
3.0342051768990808,-0.5912427506364913,0.752091811973623
3.0438932050798173,-0.6018965399596952,0.7512145019595596
3.051390472867757,-0.6090227559022229,0.8843528331088553
3.0618010308124197,-0.6178133611182396,0.8672483281058236
3.072876188155168,-0.6271633004741813,0.8767309113978519
3.0849194129511606,-0.6371618242029894,0.8847818543606296
3.095562112472876,-0.6455425917599862,0.905632778794846
3.10605804224883,-0.6547019096060647,0.8289676161908992
3.115595518703436,-0.6638207492888476,0.8123674112684846
3.125788959317345,-0.6732814041705748,0.8378286940874836
3.135197324107473,-0.6812638007921201,0.8649179777415026
3.1463085925403544,-0.6908431261314915,0.8545999744347041
3.1551562277013208,-0.6985836225018685,0.8373026203268897
3.1645950847960456,-0.7076803322650457,0.808616214640522
