0.18053690568227734,1.2785763486600403,1.621941990355333
0.19378251789685222,1.2794511269675533,1.6383515524930987
0.20855991968470453,1.2801203259152965,1.6033031669465354
0.22284948049075518,1.2801660703639797,1.5599498046717397
0.23728842295885197,1.280205889701334,1.5851125417777567
0.25123104441506083,1.280350396679555,1.5914678812080958
0.26554839305585887,1.2804605785330465,1.5741355290441665
0.2798243437464861,1.2810930719842606,1.627300702435675
0.29495507325576975,1.2822943318662905,1.647096792655993
0.3089153875256044,1.2834702833316451,1.6524071693664535
0.32365090227739735,1.2848411413007241,1.6908292891008576
0.3371804466599539,1.2870678815439145,1.7258865461536665
0.35157085082809336,1.2896738425670435,1.759433988592615
0.3667551814404521,1.2927330698993564,1.7514503303539426
0.3805622863058654,1.2950825424705343,1.7501107711431756
0.3934471475965798,1.2973820652576686,1.7837230493549243
0.40665459804075105,1.3002831790456784,1.8156222709643004
0.4217545175559446,1.3035834064513254,1.874577164905447
0.43705752401302816,1.3080909788132395,1.8884867834852583
0.45117124305132966,1.3136431583672321,1.9333154149964278
0.4638928474449863,1.3183013975039033,1.9508535853566946
0.4780205569889783,1.3242477568111672,2.0015304038379553
0.49035319762865753,1.3291229502531463,1.9662055767087596
0.5048420878299869,1.3347405269243218,2.0123958544812925
0.517382481037293,1.3407576353775754,2.0405805570572566
0.5278630160179755,1.3462242880195014,2.0431936213460586
0.5418340280436812,1.3531647294919158,2.044195462500718
0.5545006984657626,1.3589515923201478,2.0008008435896167
0.5698094823181297,1.3645908902842183,1.973575468457419
0.5841533097193844,1.3714908630707718,2.050552259568386
0.5963897858291376,1.378337624326498,2.0887536008046963
0.6104965203411418,1.3846498272341656,1.9834026267125726
0.6225414324689725,1.391208396816433,2.0828911945592843
0.6359273813208574,1.3980499473668704,2.0260036610166243
0.650355192941547,1.404312755735505,2.021865337699756
0.6644521459652108,1.4107590068789313,1.9805138477946975
0.6782964519686068,1.4165198255061873,1.9913072119302502
0.6930989384730157,1.4233320558928948,2.076433310556615
0.7067441077588593,1.4308276279881997,2.0830435437550645
0.7194790192261313,1.4381357020770573,2.1381703199084017
0.7324067193361365,1.4463198161140067,2.151648198132603
0.7444215939273309,1.4539879958643145,2.1685454565104725
0.7575785828421224,1.463256115656643,2.1723997094440124
0.7687063776348632,1.4707049887323687,2.1853966977200505
0.7811107413846108,1.47821554281069,2.0958255388205873
0.7928842751162749,1.4846878634923126,2.1422376745472116
0.8052807082039429,1.4921108261870657,2.1077401718960713
0.8171569217587968,1.4990724232599164,2.1202133789639146
0.8293168348129402,1.5062802072020873,2.1320766845132333
0.8410653679391941,1.513160867431485,2.1332316299527503
0.8539410633390659,1.521367868092936,2.1555080000732585
0.867654659893857,1.530286540055955,2.1471023197150534
0.879607345901298,1.5380004302364436,2.166404374641595
0.8916928696661451,1.5476775956169566,2.300058312003505
0.9034037826240463,1.5586253729828958,2.362842789322078
0.9143197554669353,1.5695638682457929,2.3702759179394954
0.9240732010145912,1.5793264512410594,2.3577201546001216
0.9337165371900927,1.5895280446175046,2.381765604317045
0.9438155232556633,1.599499932604854,2.3189689217827034
0.9546056843533236,1.609627711750906,2.3495934847604625
0.9642099133019827,1.6201176395265526,2.4170201680995627
0.9735749787202544,1.630322912972874,2.366277424284099
0.9840437954226038,1.6376208271734947,2.0900427615798685
0.9962501796120351,1.6406703146070023,1.7137756335069287
1.0104299369317102,1.6413254716559877,1.6257688669605352
1.0234906582511287,1.6387627760650187,1.2369703879175071
1.0349112403982206,1.6332482499270276,1.0519276668743847
1.047590880484636,1.6269013241972494,1.1218785542496577
1.0597159337593882,1.6209522618662175,1.1330375622759619
1.0704847139306333,1.614445184716787,0.9257664667412728
1.083320738803544,1.605774350186787,1.0330392097003247
1.09677051568953,1.598955524630844,1.0978313166990954
1.1095637911350038,1.5926251251697017,1.175823973235004
1.122669439293185,1.5868148844616674,1.1466275040819938
1.1367679936591213,1.5812741497912481,1.1822220880616765
1.1523555331465254,1.5751044895536253,1.174875095242066
1.1642374343796653,1.565682852498489,0.6939812334242031
1.1717782797426903,1.5548775953868323,0.5735590057839973
1.1769914798716756,1.5458456641559293,0.5119700759656712
1.1831125060738368,1.53269841308053,0.41546386853084316
1.1885895709418919,1.5187740669989902,0.38152248055042104
1.194423228745418,1.5071730030817716,0.5345857900109036
1.2026906753255073,1.4963878422573518,0.7295854460400755
1.213974263924633,1.4865814371345367,0.9144737505455833
1.2218335057973784,1.4811467874664876,0.9698975920887958
1.2350586989399939,1.4734737003359255,1.0331477394884965
1.2474195867027937,1.466053743592089,0.9879302395900943
1.2598086074396317,1.4585400057551512,0.9821013341801622
1.2714110631549504,1.4511227316600737,0.9870392921489232
1.2826169590453145,1.4435085447153184,0.9765433184336212
1.2940936474009428,1.4359247764089949,0.9980899182299476
1.3065092180504578,1.4275816177470593,0.9882257879684977
1.3176240279373312,1.4210245795945422,1.042259653604695
1.3293070514625616,1.4143156843605216,1.0351405069515351
1.3410347474628286,1.4074013339695124,1.0337806637159495
1.354817353917074,1.3994400123897248,1.055840383290231
1.3666962162503447,1.393212157542352,1.1142714945236236
1.3791487323223872,1.3875217306198997,1.104301690978057
1.39169931930278,1.381717417552138,1.0525996932668262
1.4053753695085176,1.3742717488078937,1.0499592979510042
1.4163862332699935,1.367197476054675,0.9113904677253871
1.4268700290431695,1.3585048520029823,0.8363030363019811
1.4369035848379144,1.348482146851139,0.7772019295450848
1.4459693073643527,1.3396010663764757,0.8648186593718338
1.4579050471039265,1.3304308764421444,0.945149910285578
1.4697943908239999,1.3220298755557809,0.9676512774973245
1.4804543541584674,1.3134591397599689,0.8551340265785916
1.4918653634606966,1.3037538457174283,0.8776953018033297
1.5019184139755495,1.2943030921350496,0.798706979157856
1.5127645718400293,1.284099782441132,0.8055570248508038
1.521393859186837,1.2757595373589816,0.7910783116267617
1.5292235359432862,1.267858333212744,0.7890288597634454
1.5392334714839944,1.2586536446553949,0.8162632552191321
1.5479616845059148,1.2490173239639775,0.7089088982918224
1.557582889781064,1.237500659042832,0.7230883886991111
1.566425313800158,1.227895469043877,0.7429813117821759
1.5756473584743684,1.2174120913232265,0.7366549570522456
1.5834422345758927,1.208322819166412,0.7074446917359899
1.5920794109378638,1.1981742297095068,0.7099396924059096
1.6007980393630659,1.1894321569839938,0.8740538209609663
1.6110285439528462,1.1786713794320407,0.7156400993683917
1.6195437501088514,1.1683703256421358,0.6723829413000869
1.6284861974226215,1.1568060790254702,0.6658704741477619
1.6380136490832171,1.1449965057083478,0.7128868071772014
1.6484887182224721,1.1335688368095573,0.6772784691130757
1.6580994130621098,1.1218544885448265,0.6893880986473774
1.667891322155185,1.1118679374203175,0.8392240200203945
1.6793970211009155,1.1026621972844732,0.9492466824243513
1.6912115398323706,1.094537704229383,1.005966507697553
1.704178411554792,1.0860531414074535,0.9953611713171379
1.7169735524522245,1.0779937185618285,0.9779724768915141
1.7287377795404248,1.0707991005304343,0.9911384211639428
1.739286453366743,1.063363866614866,0.9604088520085313
1.751518916759484,1.0562119942974688,1.06580481056836
1.7632288700612389,1.0489292160281425,0.971106319711694
1.7738597044628892,1.0406387311895715,0.8708094114502326
1.7835801714604842,1.0312816873477364,0.7729063784914367
1.791463595389529,1.0234811775259647,0.8058622961595246
1.8020510123930675,1.0133135780076339,0.7843389605600686
1.8105948112439452,1.0044256127792162,0.7317935827013134
1.8193435858761597,0.9940466483079574,0.7180494758937335
1.8301301397668313,0.9827119244640555,0.7703442188948786
1.8405435390754652,0.9712548961293761,0.760063573149893
1.8483605310056597,0.9625922259189453,0.753170114405249
1.8570070527145284,0.9531246770140509,0.7478039280322945
1.8671216203960879,0.9422240650734934,0.7636280093592962
1.876763442666066,0.9318655152425847,0.7541742697660154
1.8840281696316807,0.9229654329880131,0.6454866836851724
1.8920274080118276,0.9143650827701696,0.7800575913293049
1.9016364797908656,0.9043854352848003,0.7685730031991045
1.9109442712499733,0.8947761905982199,0.7746217925089596
1.9195308963415594,0.8861133647592351,0.7878608253654734
1.9287973208755342,0.8766604887026292,0.7776914781850305
1.9373581465912084,0.8694501290396045,0.920077044546177
1.9474415519464519,0.8608986541031145,0.7897322476301554
1.9563118131807153,0.8513906349617961,0.7457744305561542
1.9662215321859988,0.840438509703167,0.7277605142812107
1.9754198864756063,0.8303262125311289,0.7422650984647515
1.9856227412720786,0.820008076278583,0.7773299563118272
1.9947117762311153,0.8108667773355195,0.832521411578286
2.001531053741369,0.8005965307371505,0.49329055782714437
2.008556211970068,0.7884782304669024,0.539777067976834
2.015625166259607,0.7785528209110808,0.6707615982870044
2.024026438529382,0.7686867491164596,0.7066046944991338
2.033793592239672,0.7576234734806763,0.7469051153501365
2.0438675807027535,0.7475597894322431,0.8206434244528
2.054877612370415,0.7368746888910276,0.7867497886167728
2.06538847878148,0.7269881768363472,0.8386426742511549
2.075551646921941,0.7172807981174462,0.7949189110945228
2.0861692404821417,0.7073064186235062,0.8165054618862312
2.097408905000048,0.6969475552645621,0.8577993763528641
2.1083733617925646,0.6874863431668877,0.8621199856330601
2.116982933385693,0.6792290467945278,0.7635198752025646
2.1249590467043977,0.6708687896459501,0.7701967738611184
2.133473564260087,0.6621294820101055,0.7776870575337547
2.143234548745256,0.6519951577903788,0.7625550458359891
2.1547338534391525,0.6403072024125869,0.8368015238434704
2.1659457398975133,0.6308210953410457,0.8979325055908898
2.1762628176042353,0.622535793436295,0.8541485451986685
2.187270660299643,0.6124157949465995,0.8152713502003164
2.1965381018105736,0.6037736468749733,0.8483616953710789
2.205624422729946,0.5954983044723121,0.791423458162585
2.2162509893350997,0.584671201189935,0.782925497834738
2.2269904945676706,0.573350474347233,0.7418763779294252
2.236059857326695,0.5629580805081641,0.6792471538329777
2.2450106895527076,0.5520996502098057,0.7122358375591367
2.253824557022775,0.5420561033655984,0.6961313735249083
2.2633094005505,0.530839897931619,0.7235747831054831
2.272169903866861,0.5212756593608966,0.7608165220828865
2.2825876090260437,0.510016941268132,0.7552342775432095
2.2914110584714056,0.500939715219313,0.7616095371414446
2.302694290130233,0.48978773305285467,0.8246266156972335
2.3136745564380123,0.479574969998977,0.8390730299046484
2.324993562554531,0.4692020006202366,0.8285204746025221
2.3358910910400867,0.4594033957117577,0.8530406212862267
2.3459361062613424,0.45045355405817405,0.8389210299925254
2.3560336222423834,0.4410275416525042,0.7878800314391038
2.365786651673064,0.4322996984210973,0.8872215896833776
2.37555551532378,0.4227397308338814,0.7552205906529855
2.38556875726371,0.4126745791445708,0.7995866587375956
2.3966402879181494,0.40277367630997846,0.8658166960388072
