0.34921908630710635,-0.501663916808249,1.6247833697585696
0.3627975837972965,-0.5009691400591241,1.625281387182012
0.37749764553979964,-0.5004007566270765,1.6034497415706601
0.39197186877533724,-0.49975068583013976,1.6329776812591974
0.40567141295571835,-0.4985496633525923,1.6754493831292452
0.41916326548537913,-0.4966152661607673,1.717689672622677
0.4341800370516563,-0.4948404512673377,1.7198793532695007
0.4485464812027879,-0.492169375244807,1.77647802177634
0.46235809249002524,-0.4898178778459683,1.78512483458664
0.4744652897998832,-0.4868635180616948,1.842986138428269
0.48969121513524977,-0.4825532755733403,1.8687889075959567
0.505075270473806,-0.47813283647337923,1.891401965030173
0.5211749758486082,-0.4731095633690039,1.8695179289845363
0.5365279572270756,-0.4689289786657721,1.878413441581958
0.550994439946265,-0.4643639781037734,1.8959350876034207
0.5655610034467187,-0.45975559874079003,1.918707519225921
0.5807802308833973,-0.45435995746231234,1.9079266112514537
0.5946092281076059,-0.4496769874951683,1.9102072217786246
0.6094268525622112,-0.44494570773905645,1.9718062153503544
0.6240135609687654,-0.4394028665545698,1.9547244765045073
0.6370514934644627,-0.43303268506334963,2.0611794016851883
0.6489737056463825,-0.42641202668865613,2.0845952910080725
0.6619729540903455,-0.4203422935549171,1.9555135443597063
0.6767819871955748,-0.4147713937377788,1.9848352094860688
0.6919676666045373,-0.4084719296933087,2.0004000335109664
0.7058433150515484,-0.40120083826224817,2.121784145698668
0.7170185699657838,-0.3953973320837553,2.0685524441820182
0.7303684192963175,-0.3887680460810355,2.0952535269009545
0.744370953696236,-0.3817576662851008,2.0304942968742066
0.7559265375391785,-0.37641574713250475,2.039034493982457
0.7683682380337615,-0.3703626136948915,2.0235808499808923
0.7823304884899965,-0.3631181187719583,2.0610234529956397
0.7959393397311555,-0.35456465695107614,2.1314294758687664
0.8089030069373147,-0.34624340033694884,2.1597031716922035
0.8186749894979637,-0.33911755296934765,2.1891455959706727
0.8308082157285639,-0.3299287823728606,2.2732840214617234
0.8415502012519633,-0.3203957286929487,2.2903385859076244
0.8517551154560546,-0.3114938417004203,2.3094460138264457
0.8625486537907158,-0.3007644380688454,2.3752333933006886
0.8728122564815975,-0.28943176341180743,2.40307557365993
0.8818854999868738,-0.27942598968775023,2.416530637821286
0.8915470753593046,-0.26928565175278085,2.3813491610608892
0.9013852569921441,-0.259468273019547,2.3422963184643932
0.9131516469905517,-0.2478524612851056,2.352240544788919
0.92303089124128,-0.2385922554037793,2.3136879733002758
0.9349493173462254,-0.22732651067753998,2.339745922191485
0.9455718650339294,-0.21686690268939843,2.3690164329506707
0.9567924769349815,-0.20582720849844052,2.339442045813379
0.9680730579979757,-0.19485872060638046,2.357327807100637
0.977839329825726,-0.1865090299104707,2.2842095759858667
0.9859581980431543,-0.17847881560967507,2.3798288593473043
0.9978232287718584,-0.1673924748424647,2.288054181395591
1.0084132952685543,-0.15598166541735609,2.45445209549947
1.0174575851178782,-0.14510964665496662,2.448098727939656
1.026474643213935,-0.13350321891532274,2.475720317416434
1.034514327698612,-0.12349337997077134,2.4404607810073555
1.0439684136182172,-0.11274674692814385,2.4405647390269687
1.053906417677299,-0.10099478767515135,2.445555952750367
1.0627018874990632,-0.08930327489221115,2.506440990158393
1.0703855082473113,-0.07881059756338336,2.494946380411931
1.0793030615688837,-0.06853615032784917,2.400223876596812
1.088041403461618,-0.05663584677634028,2.550523326059002
1.0961208599167007,-0.04463949686905315,2.523873666201275
1.1040074827642183,-0.03183247235562208,2.5654401486098144
1.112373482754249,-0.022958210857336066,2.3236358438549316
1.1249848447964432,-0.014087956752550977,2.085994057631522
1.1357930426697445,-0.004458917652158276,2.512451217412346
1.1494491847050727,0.0035470873448537597,1.872890388279582
1.1644938896979942,0.00852928384998233,1.9289049245571137
1.177747614042767,0.013541731249877939,1.9445214939846025
1.1911232654219566,0.018831811653363728,1.9463925240608075
1.2037563564715927,0.023653140390735756,1.916907167488641
1.2192299325421985,0.023380915019202458,1.2877849085059128
1.2313999480470177,0.01764688856312605,1.0025811881929017
1.2418142014937095,0.012201193036078334,1.1606739488800286
1.2521047042714937,0.006588789232220282,0.9741994693551772
1.2659514337305469,0.0013680442993646235,1.4032921147551145
1.2804620365489263,-0.0033581778511907376,1.105750065440424
1.2927384939281603,-0.009697547467844606,1.0950037039567164
1.3072413011962483,-0.016228539500988945,1.2128152600732314
1.3225059363936797,-0.022671468699452878,1.1160924643865295
1.3370536496389454,-0.029859444823630454,1.0979129329098203
1.3497743688616344,-0.035663586738527216,1.1154845200285977
1.3625693501381324,-0.04196568918465159,1.0703456839004128
1.3763418554857592,-0.0494274389445769,1.0563233713533815
1.3891930802471837,-0.056509566556642014,1.1029020452316958
1.4021933553792245,-0.062349556150588396,1.1441308496849159
1.4163719125667347,-0.06833230034175451,1.1045956958757865
1.4296560014671087,-0.07390290437966872,1.2280458279104314
1.443975907166755,-0.07772706556372354,1.3245631760558467
1.4598478010079863,-0.08242857887130432,1.1892443416196112
1.4735006253806666,-0.08777416843818807,1.1747359413760687
1.4877885850379473,-0.09310471878613268,1.2379642608106551
1.5014973016961788,-0.09794586472812145,1.1882582714386787
1.514448831805925,-0.10230804011868404,1.2467372429665524
1.5273571916858013,-0.10665114564655054,1.197582517402775
1.5409543561079087,-0.11199477652590015,1.1819188355003538
1.5561302922127538,-0.11721231405967704,1.2555700084267996
1.57105442271493,-0.12150917959534922,1.2526674409179612
1.5853505958816696,-0.1259466292389112,1.2274673683079884
1.5989865452115837,-0.13021094743473666,1.272482267318411
1.612856686471616,-0.1337572420543417,1.2796816081027051
1.625636543053381,-0.13761409295956503,1.2873148898754678
1.6379531464612744,-0.14373802620987777,0.9596870729518262
1.649333223432941,-0.15113739359146353,0.9604775636630033
1.661608263601495,-0.16085831806754666,0.8227340151082274
1.6725176222591223,-0.17024858228029696,0.9028922865810548
1.683630305830921,-0.17814601979005504,0.9562672906020128
1.695796931216343,-0.18658241557778515,0.9733276693486532
1.7080388021847268,-0.19511812566869313,0.952229486328638
1.7201039396272044,-0.2039642129654728,0.9307768269909958
1.7311101657697003,-0.21196654106211382,0.9329595137451532
1.7444368039430238,-0.21952944633750043,1.0923570357394887
1.7587200686843103,-0.2270610460338137,1.0699164184975707
1.7706435932399718,-0.23250025765776267,1.130792824974181
1.784568314180563,-0.23863832471562327,1.1214603235189349
1.7967206229504562,-0.24409363611336926,1.1188669893952585
1.8106049402444568,-0.2507296119979544,1.087704662255236
1.8216942316134357,-0.25868035886068846,0.8387114055487312
1.8332556551947317,-0.26889525738035647,0.8632868424270075
1.84295947214483,-0.27563713578932597,1.0155310971416194
1.8552032239953886,-0.28288621283142484,1.0022101633291352
1.868545591776403,-0.29207167673626944,0.970528010241343
1.8793952855898008,-0.300245385801321,0.8244488829408501
1.8901154448938953,-0.30976666037728556,0.8488134241520154
1.9008584889973537,-0.319682475325433,0.788614636573761
1.9097121852426502,-0.32958741144188586,0.7179283477338767
1.9208137371414489,-0.3388020166347035,0.956379249913162
1.9332963901026787,-0.34749713424045164,0.9667401252898442
1.9460438436495808,-0.3552475127615394,1.0233336808207245
1.9583761783579674,-0.3618764913187063,1.0941864385972475
1.9688526549204401,-0.3692285349508062,0.8557223492276361
1.9800281128363288,-0.37895018407528497,0.8690868729034671
1.990223424336198,-0.38724107180943546,0.9185863829930409
2.00199094830121,-0.3961929012147907,0.9295525627636094
2.0132710520818264,-0.40470022847647436,0.9430387403179208
2.0251131387641195,-0.4133089221486296,0.9185762165539879
2.0365467087196008,-0.4226937719680666,0.8765481204447285
2.044212421353425,-0.43128101869434593,0.6451693249634012
2.0534303010387465,-0.44329661148512284,0.6757862838544813
2.060652671246589,-0.4560699619115733,0.4214259706729052
2.066708163077694,-0.47033240832283757,0.4212383744419479
2.0726826209477487,-0.4817656230066151,0.5497217283275666
2.081016002531335,-0.49333849910241195,0.6502805760126787
2.0884778197304317,-0.5046583993071246,0.551817960447678
2.0955669170236115,-0.5172619328951286,0.5137573362080495
2.1025975963018086,-0.5304578994966327,0.493959991936155
2.111930137147293,-0.544320236031307,0.6082973785923407
2.1203929673872604,-0.5562570273254246,0.6314210268908603
2.129366599642125,-0.5689390062614175,0.6023684113216192
2.136902957743086,-0.5804851678243758,0.6117498893619977
2.1444195250272307,-0.5922461465267096,0.5619870457006608
2.152680971523709,-0.6047636587690107,0.6014612653092725
2.1600573613558565,-0.6163101838739804,0.5885690481143525
2.169849096821146,-0.6291811380938174,0.695459020310341
2.1784645706910255,-0.6388883958159207,0.731636255206792
2.1878585948318343,-0.6498604962842017,0.7004294385999104
2.1975726269806666,-0.6602940953221857,0.7725542131846975
2.207685717473928,-0.6713317206491626,0.7179707555484106
2.2162754338986557,-0.6812261700734862,0.6923503750465202
2.2221813897064977,-0.6923635592696764,0.43146449421006366
2.2300162850976832,-0.7054414628176374,0.6220646759894826
2.23935256081032,-0.7179281113005609,0.6796175207122999
2.2492590506311574,-0.7305494209631691,0.6531360512719185
2.258767472511885,-0.7419337098288042,0.701557754136693
2.267564838694682,-0.7535132277758133,0.6652794968473239
2.277508858464208,-0.7651216289670386,0.764645338108957
2.28789896376529,-0.7759595379468185,0.7740099871585295
2.2993856166682445,-0.7871956668148644,0.7824203147079531
2.311034513224971,-0.7982248893075434,0.807746153677029
2.3229623272369144,-0.8078025366069455,0.911983052817224
2.334724332607983,-0.8168627513574515,0.8969851986891356
2.3449526961694835,-0.8245835324304811,0.9028546077447428
2.3560148059383623,-0.8326085913777476,0.9910137150111021
2.3680152319648466,-0.8405110623060987,0.9816077927864608
2.380208681997227,-0.8486703818210287,0.9571828190357935
2.392955446381867,-0.8567337922156884,1.0223664844450142
2.403158015977597,-0.8641601559597686,0.8841145144649432
2.414749194334864,-0.8738802818022758,0.8462864942538337
2.426083672272057,-0.8843473078448763,0.8385456197839174
2.4361421092872857,-0.8939166326734126,0.796383277512017
2.4453803134854697,-0.9022405357600461,0.8482876512757567
2.45502344944591,-0.9110726952654715,0.8560431249761613
2.4658283691784924,-0.9204141443156618,0.8908587642791646
2.4771511106150483,-0.9292017690538346,0.9019260254847018
2.4893266065217263,-0.9378605244380737,0.9626556937826831
2.501267660173007,-0.9467976991889407,0.9042844301013433
2.5122893386212524,-0.9545370190530639,0.9400297850598085
2.5217384533460248,-0.9617101401689475,0.91555928016704
2.5337264217221005,-0.9709286926751514,0.897954281483553
2.5433053480748247,-0.9777461654688193,0.9780682607084217
2.5551131466334636,-0.9859134472837331,0.9528551268309964
2.5668798158866863,-0.9935865846542365,1.00421470148061
2.579260274186012,-1.0015209612030918,0.9650294967973905
2.591525266755941,-1.0103099015667139,0.930694911181882
2.600675070526587,-1.0204536703675446,0.6045700425200846
2.6094929387494594,-1.0302616589683604,0.8138576829045502
2.6198017666377003,-1.0389497753098362,0.886293336480365
2.631509631802812,-1.0491868820176609,0.8375931678622276
2.641426480777674,-1.0584120751595074,0.8005594339572966
2.651589076333573,-1.0668273746465882,0.8845290578382082
