0.8082845697673893,0.14012287595216424,1.6223146348142006
0.8215054039236744,0.14097720645729342,1.630768478066091
0.8355405366381192,0.14143997053547608,1.588725074677418
0.8499862718503112,0.14239061394561708,1.6549506833415606
0.8637952429023952,0.14351891955428034,1.631136071364264
0.878115831862153,0.14455242993891795,1.662984513296239
0.8931139442742532,0.14579740539701352,1.6722312930468177
0.908071029303848,0.14762992351084303,1.6919546764728317
0.9227019506022335,0.1492043364783278,1.6998406028781732
0.937706535659295,0.1513140268253573,1.7257248291169087
0.9524680750263977,0.1533530325347509,1.7369828424347897
0.9677351175629515,0.1562661864510041,1.7805105321107881
0.9820399005518224,0.15928422172585455,1.794422815841707
0.9954615133856675,0.16246130303304834,1.8367616215016884
1.0097174980285928,0.16680537175801802,1.8677932770561971
1.0229687028620906,0.16981596133374244,1.856478807128989
1.0380820857800226,0.1740697427020888,1.8599944095527419
1.0529163406871482,0.1791531770627737,1.9136304403058213
1.066829407251345,0.18444520070325085,1.9580367663617826
1.0804964495509501,0.1897717604126241,1.9298923943843542
1.0949616786319802,0.19582918705183797,1.969714322220794
1.1082471898356783,0.20144755852935306,2.0036634654120435
1.120821716578236,0.20743333575950898,2.064913360833646
1.1344259992962664,0.21373362040175695,2.0214090110461593
1.1485807880068768,0.22078716333265885,2.0484767113732145
1.161829530166136,0.22706499039171027,2.0347091995066413
1.1759755679459978,0.23340758103963574,1.9888294935397839
1.190952439932054,0.24039270237165328,2.0245861141673425
1.205528731936924,0.2477932289978218,2.069749183082648
1.218197129276882,0.25467213379174236,2.0831307795921012
1.2307243084464234,0.261732864493017,2.0737262181406577
1.2420009491257078,0.26855392936118866,2.1788834693129244
1.2540779445990864,0.27654055065567007,2.1596068058631865
1.2671890994086379,0.2847016227720641,2.121191517112788
1.2803514720132998,0.2927801682218397,2.164504804858198
1.2922746984379816,0.30066278038509486,2.1555479951466605
1.3032941797133875,0.30935419827095784,2.2911101635087903
1.315036710535887,0.3189434564215673,2.2611380426421346
1.3261756368581583,0.328113143836915,2.254523905943668
1.3369714421290433,0.3377884658063218,2.3045838814826154
1.3475551675494235,0.347546023886464,2.316994843665425
1.3571123869285522,0.35708852879198255,2.3789389460451207
1.3671707045086587,0.368378077182141,2.4382202039593426
1.3769254497092664,0.3800763808875459,2.4351016117181965
1.3863975255615577,0.39131662995398114,2.4216521109223494
1.395881970627781,0.4015532520933258,2.41336322941525
1.405363183719352,0.412625172446693,2.4300647314072683
1.4130042680662735,0.4221694455169594,2.493186612001749
1.4213208664400532,0.43241281132404935,2.415142829912553
1.4297478388627207,0.4419708834721395,2.4093491186464457
1.439373434462294,0.4520763053926068,2.407616189699087
1.4499075903173302,0.4627728449751524,2.3124958129229722
1.4610201051229925,0.4726593326968496,2.2818081819142035
1.469272642104396,0.47929932033968603,2.2414965653736343
1.4775471281074126,0.4860468197911424,2.231512900289117
1.4902552608470672,0.49569381824834796,2.267023746069135
1.499426358476789,0.504629602030365,2.372022587970491
1.50897293020941,0.5146627081996816,2.3770832306417073
1.5193786802734575,0.5255576757336095,2.350081276432727
1.532086601894484,0.5323785214373331,1.8439914511177795
1.5435363795875074,0.5388730055867272,2.2484462828434197
1.5548700807210538,0.545588361441369,1.9693053326733658
1.5667214307751076,0.5507833398590296,1.9945377705140404
1.5774520247238615,0.5560311696312069,1.9707269001533287
1.5874130639465978,0.5618903195581995,2.0801770758143734
1.602608701768264,0.5611363804005796,1.2351338545844726
1.6125417479159574,0.5550378108029703,0.8073110162103726
1.6222525276123037,0.5455582755100603,0.8051220819956401
1.6331293300736487,0.5362380723976227,0.8891894273509002
1.644186291446681,0.5275803565499405,0.906742960646991
1.655390904385951,0.518625891891682,0.9036099414546281
1.6669955337571718,0.5128978365658043,1.2143903712269755
1.6780483280513774,0.5073478187525307,1.0044503807442982
1.688919113356646,0.5008814530621116,1.0672316320024477
1.6986458150698505,0.49353995493942526,0.879661694562003
1.708811438986721,0.4852283797882287,0.9091546704584679
1.719378902372127,0.4765439601614204,0.8710308612883286
1.730230641277731,0.46763073297297175,0.8914799602679991
1.738799799873962,0.4608836332703992,0.9123020751053638
1.749298485092115,0.45242451267442313,0.8852517943859307
1.757607156908391,0.44620377261181765,0.9739851266692602
1.7671371454432288,0.43994804900506285,1.0114196288220743
1.7775262562079663,0.43355962588489955,1.0038391802657183
1.789680109131971,0.426687630334865,1.077741894584908
1.8025518099331301,0.420007781177774,1.0973719426824853
1.815301016320798,0.4127668306154297,0.9981507719150313
1.8279270333464723,0.40470764544158977,0.9613346209041339
1.8405890888634382,0.3964873724557921,0.9848624582039671
1.8526632478937333,0.38817401827748954,1.0076319262782025
1.8654455739502367,0.3804383834685971,1.0439998762745053
1.8801830524213174,0.37273720091777773,1.049262970722852
1.8932733391403869,0.3655376070265722,1.046292783699303
1.9059021693413787,0.3584606027923025,1.0541397469022717
1.9189747138275426,0.3514975060099059,1.0682792925914293
1.9320416744945577,0.34538975209579514,1.1320510455247526
1.943985238347788,0.33924394784619927,1.0394572438115695
1.9553637010207674,0.33283220626025045,1.0873950382676687
1.9666962093437967,0.32662825437912246,1.033647056491395
1.9801613608322806,0.3193852648675534,1.1110060624800318
1.9933723705054842,0.31256276517402115,1.0988091935528028
2.0064272314467013,0.30534887981891473,1.0590279259733706
2.0197898550191344,0.29715400359586197,0.9827201377772622
2.0310941441609875,0.2889557514766406,0.9138558308001831
2.042320003801076,0.28075452094036835,0.9484693986460145
2.05246652924004,0.272620913262912,0.8822911315950152
2.062940223077135,0.26312701512943937,0.8362569194719864
2.074609898756889,0.25347333862781496,0.9342931428862403
2.0853921348358724,0.24502619383971502,0.8822926648746878
2.096354631960379,0.23642113712322058,0.9083563498792079
2.1075745391205047,0.22675141320493467,0.8275366557149322
2.1171847124460883,0.21849680736718757,0.8504983831969508
2.1268477531738466,0.20914853912154813,0.7877965730218833
2.1389234026971065,0.19725010023433853,0.8081825106571406
2.1490553232824117,0.18730206350710701,0.789737660021407
2.1557069184144337,0.1757062941136645,0.4007621247673332
2.1628129044277724,0.16237638422518597,0.5063312154643005
2.1706013069526704,0.15308913992567383,0.8382162782720946
2.1819913126002475,0.14344085295832928,0.8880430165365261
2.1916861376227637,0.13436023692082538,0.741948979535816
2.2011756785108054,0.12493343371281607,0.7923727776120644
2.213216716435881,0.1142837988473034,0.9000064467651498
2.224755871023851,0.10585889316341174,0.9614292418830377
2.234517113449055,0.09650720817434165,0.7437848696269449
2.2437298983424196,0.08474539477443192,0.6303312324227885
2.25294937720554,0.07554664333490617,0.8345196370356909
2.2629645866549284,0.06577937539865965,0.7687720875044974
2.2730916200000837,0.05519419520419599,0.7773977371560683
2.2833378250092853,0.04566005403857431,0.8625529135043059
2.2970262785708613,0.03555152682629323,0.9299450179054268
2.3082868344165983,0.02684895477000875,0.8791120347384593
2.3201373567650148,0.0168609880428762,0.8662437728130418
2.329915185578137,0.008470299301044478,0.8589509909214944
2.341217944280587,-0.0008752722902236295,0.8986852738841389
2.3533353750596215,-0.0067723120902244026,1.2611076697857557
2.3666998843648845,-0.010550582589500047,1.298639720808932
2.3764834978602614,-0.01509857202038119,1.0087290027705287
2.3844033429820417,-0.022692086680728023,0.7457328408059295
2.392393464890453,-0.030089470625392634,0.8328656318788416
2.4020782484601755,-0.03973408481362518,0.7471767003659668
2.4106486100845483,-0.05031735424043717,0.6316821316758338
2.419490447573797,-0.061339976225124514,0.6903827123149335
2.4289689377881403,-0.07256728805439493,0.6786098309037046
2.439161961802976,-0.08460932331241575,0.7422438217400639
2.448760796864508,-0.09523696818381101,0.7262451876945218
2.457764724721544,-0.10596444463652564,0.6643837730695533
2.466592766898365,-0.11730408946578862,0.6682254530307251
2.4742682396649953,-0.1271116149897443,0.6203387026521107
2.4813348302876936,-0.13751780839686298,0.5887118153040053
2.48859770119453,-0.1483446879669081,0.556260792100362
2.4950903759947147,-0.15865664276531513,0.5964651878906677
2.5022938449430905,-0.1698206734004071,0.5744809379037613
2.5078682971257784,-0.17907532287436875,0.5193493163838718
2.5147917496560215,-0.19120289309281244,0.5265080020402761
2.520766849864759,-0.2017494343346979,0.5252275153731804
2.5292248945410836,-0.21438689835172578,0.654671464963612
2.539520109034067,-0.22671882417684006,0.7191546644261392
2.5507230579926397,-0.23933355210538215,0.7433871109072387
2.5595287342510438,-0.24946534510371593,0.6987945690214432
2.5689740783704162,-0.2604995382096267,0.6924836393213809
2.5783649906320094,-0.27086035061053143,0.7742369353764492
2.5880472999734585,-0.2801458804017604,0.8100011525764375
2.598032699287549,-0.28915944314643693,0.8198397257063131
2.608764278547167,-0.29982931645053906,0.7823744896743235
2.6182822091156743,-0.3097942722786569,0.7668810353275323
2.6269764239163553,-0.3179277597904041,0.8163921902362621
2.637018694661958,-0.32814612350306854,0.7555896117357839
2.646081013785834,-0.33619964562167554,0.8707153531960197
2.655944610900198,-0.34510154428748263,0.8108396757489583
2.666667852931171,-0.3545724842873771,0.7992934049135864
2.6758322210399754,-0.3631481097784961,0.790252989467726
2.6860772166211007,-0.3730358180501362,0.8273145338792327
2.696220516497726,-0.38331725896391095,0.7610476604760491
2.7052466753751765,-0.3931766028429661,0.7244817925758928
2.7144041235154304,-0.4033644445366631,0.7512009970276097
2.7219972815335383,-0.4115617748700071,0.736685757469486
2.731332934931825,-0.4212752510895757,0.76244308471363
2.7392677840582698,-0.4289637228044744,0.816370785935078
2.7489310111259635,-0.4387302095768208,0.765438806724888
2.760265209504687,-0.4492521063617045,0.8813890420216092
2.772801732220727,-0.45919702357778064,0.9240092747874504
2.786150135154151,-0.46893870672998617,0.9205851488863193
2.796915515323764,-0.477761223707542,0.8682848881665796
2.806680502953881,-0.48549696342643045,0.9392741435640902
2.818325055419572,-0.49319919975097354,0.9792301388060957
2.829453545951597,-0.5019736657413995,0.8486352847462085
2.8383030537325626,-0.5108748584935657,0.7352348357952323
2.8471707649884435,-0.5217792509940637,0.675874943525522
2.8560472983645524,-0.5316280919248487,0.8102191536112345
2.865145406561133,-0.5394994761387407,0.8864400925422041
2.8765112858680078,-0.5485733760555018,0.9113952183009565
2.887100210558722,-0.5564557268245732,0.9234108663322107
2.8985637689373456,-0.5648152163397966,0.9429492372668224
2.907896082609406,-0.569515543025012,1.0695497273085623
2.919266361045109,-0.5753948477165383,1.106564343654632
2.9314691661143724,-0.5824619057122308,1.0132387994889913
2.943209768689445,-0.5894923608654016,1.0450945565990855
2.9559328238667524,-0.5970523722599884,1.0148386165386656
2.9686536251586153,-0.6036027440358243,1.096667878077893
2.980439207128559,-0.6118030194503612,0.8619576172912115
2.9903681730553,-0.6204005751874132,0.886350435730935
3.0010464506935546,-0.6285720101178957,0.890482008425362
