1.107156809449389,-0.280738189112137,1.6222418596291492
1.1202255384384936,-0.2799029522879005,1.6297291008170876
1.1348524585248725,-0.27902934971334764,1.6431870328233122
1.1491447749970392,-0.2779985522592556,1.643041547656478
1.1640306549480322,-0.27664723629133875,1.6788516276992398
1.1792092090984516,-0.2750085487524673,1.6942000996884037
1.194113889437448,-0.2731678196459209,1.694267806039366
1.2084280033700059,-0.2713863377921257,1.6979136725462423
1.2232248312395915,-0.2697438242502749,1.7053722251597216
1.238580112422949,-0.26738027871859626,1.734394387718572
1.2520295770272425,-0.26381718758885675,1.841897954147889
1.2670298429534437,-0.2600188232574422,1.8254656377780167
1.2821441493243584,-0.2555859480770615,1.8529752451758568
1.2960352748913362,-0.25172384369270523,1.8948729753184779
1.3099532408755286,-0.24717694066318444,1.8847980221603633
1.3231571750050561,-0.24262597756011828,1.9026402381290608
1.3371158854432619,-0.23780799140136777,1.8997997435847727
1.3504201715256183,-0.23355345334457867,1.884229174927074
1.3641918632655154,-0.22881432030414023,1.919989427735103
1.3780893070225202,-0.22382174133007215,1.9239803096240824
1.393080650890192,-0.21870777211994397,1.9162216049115743
1.40662507808255,-0.2140919972733334,1.9362394440474064
1.4196499283715838,-0.20880642520648565,1.9869732826015698
1.4324276119857684,-0.20285128555081053,2.0343792295184553
1.4446930080891371,-0.19598510870244218,2.090943865297172
1.4568604231408886,-0.18957911612987324,2.0545819758210673
1.4711145727366457,-0.18039915060428696,2.2093726520271586
1.483566768146708,-0.17151602911059063,2.161401397098699
1.4973254028535539,-0.1624184229974391,2.1349159855040956
1.5099106241064584,-0.15428221545771104,2.1454342508726154
1.5232287040604062,-0.14639744718067002,2.119845498204208
1.5363046059417995,-0.1387017608358159,2.106288205604168
1.5490797698919836,-0.13077081936286092,2.2081059391648377
1.5606350099943065,-0.12200655056537589,2.2148212026990546
1.5733577694402001,-0.11343998563094701,2.1450705063985582
1.5861553979676255,-0.10582730768674069,2.1521003667308647
1.6001553179533357,-0.09589780653202666,2.215208110476909
1.6114640394109283,-0.08850832177727427,2.161910609900467
1.6213013829192822,-0.08138328773809111,2.199123368734358
1.6324940295298502,-0.07359243428358148,2.2010742436492308
1.6426262372017233,-0.06666114696060925,2.201120670177581
1.6567980826325053,-0.05738431892185433,2.16336947800457
1.6695159426642592,-0.048255357692563755,2.210394736486069
1.681659260851037,-0.03736523605064508,2.3443447489685223
1.6911980858938256,-0.02821503055376452,2.3041686715872087
1.700971507891893,-0.01891965857434508,2.330365249274754
1.7115509474645714,-0.01000701944338764,2.2717749260574616
1.7215222392135778,-0.0009711129785549902,2.353499976969533
1.7321190596034255,0.010201333674827994,2.3838052415110784
1.7416491134752596,0.020323863350693465,2.4126772453628513
1.7506319162777917,0.03174375152568737,2.521462169782881
1.7582850834083483,0.04141458333367268,2.4479918075038016
1.7661920470119998,0.05202243666898123,2.4928070853648916
1.7751954205552434,0.06296710503608118,2.4702162293883614
1.7853885199939543,0.07598198240225965,2.4696849618693304
1.793078907631532,0.08618470040349983,2.494245173640561
1.8006459035631441,0.09691064575101162,2.5358252131418286
1.8084569599166604,0.10886636410428782,2.55469010800873
1.8164318103272343,0.12049461203888827,2.5452934321637963
1.823473632380078,0.1317404217094232,2.591083343474981
1.8312565890319006,0.14500184971539962,2.639442488994834
1.8379730068934117,0.15617012431929647,2.5831445467017
1.8445839805479471,0.16653778243555775,2.5621600356477288
1.8520551348249261,0.17681787533067062,2.49529761801502
1.857968600543035,0.1842806631530352,2.4901015654956917
1.8685106827122326,0.19313918830130236,2.1004488737813896
1.8801292216122785,0.19967762472251546,2.026736718712089
1.890719005809634,0.20685444154951352,2.2177123805201635
1.901338627991653,0.21474421853106745,2.221867703103208
1.9121294708070924,0.22207154520578115,2.175184341881951
1.9199152576550045,0.2262802770357003,1.9596981508689024
1.9315070028854446,0.22952061276682206,1.7620591840326383
1.945897662235844,0.2301249191357083,1.5080019341960182
1.9570942693380593,0.2270895576736267,1.1744914658482466
1.968798125276881,0.21898077233337684,0.9233546505491746
1.9807588257459636,0.21003477768964007,0.9232432602256865
1.9920647892656342,0.2014437030602508,0.9336996780920226
2.002693438114956,0.19566401654435603,1.1939285051334443
2.014599583127688,0.18943487309284193,1.0486032403716197
2.024722578777881,0.18444414216039226,1.1411583415096096
2.0356315271767658,0.1788400961602267,1.0704223554655297
2.0485204507158046,0.1717396690181953,1.0627049930973158
2.0613389407885805,0.1648124772064896,1.1212857807169052
2.075115343533606,0.15808169308939998,1.1019743238240878
2.0886042984253015,0.1520796850980955,1.1867775909558942
2.100605709171088,0.145758467280915,0.9886811413718651
2.1141116361856653,0.1374318887233012,1.0776999173564041
2.128010320831774,0.1297547590617363,1.035993638595495
2.140929441858431,0.12228259973514506,1.0524227816931728
2.1527132513189366,0.11548587729596864,1.0136309735521627
2.1658527331610533,0.10818027727946121,1.1130619447028605
2.177621829926376,0.10311870836012935,1.1084828892284873
2.189794352864045,0.09734428409827703,1.1258061297355741
2.2032346638636886,0.09101290197122443,1.0959975668123245
2.2152075406206646,0.08413669096144344,1.0283488447016547
2.2267773565509152,0.07774879248615425,1.07608094721752
2.2413623531467803,0.06959831662301089,1.0417341230724981
2.253138620584344,0.0632368246947394,1.09207494601802
2.266662588576926,0.05655647147106222,1.0844630296809241
2.2802673071753086,0.049287478734674435,1.0786576715417817
2.2951173864616994,0.04218613979828128,1.116717367633525
2.3076230596672427,0.03576697371106171,1.0709537781965477
2.320837824380989,0.02831302425306459,1.0795766076360576
2.3331864696892874,0.02142421301826344,1.0441460559176496
2.3442052687965367,0.014847685961780367,0.9959964496797449
2.3561461894543756,0.007005548839877344,0.9784552523981064
2.3682377469586893,-0.0009653997700237169,0.9937805876622736
2.3810360173197016,-0.008651634819155145,0.9716644418978819
2.3915753310608605,-0.015991163148648454,0.9480539756512284
2.4019518922662386,-0.023445999688002952,0.9518561262937847
2.4129262136612843,-0.030928402299599863,0.9679712915228066
2.4242548250152556,-0.03906267616323846,0.9243012827358648
2.434600590642081,-0.04662037271686877,0.9651844538993577
2.4478052149420795,-0.054740260857488995,1.0676046732839644
2.45763520188629,-0.06257648823405597,0.7635640397848283
2.4638459928586345,-0.07445944610840154,0.2747681580077115
2.469121346388512,-0.0859163129147946,0.5543049701404449
2.474875462807029,-0.09538026391355145,0.5467899730183137
2.4821423718216997,-0.10787821398287052,0.5074127717836704
2.489141099668696,-0.11944901498139571,0.5323353143217506
2.496222255806684,-0.13081791839502452,0.5556943268978356
2.502804110676902,-0.14098538074609843,0.5748623819185956
2.5111507669444206,-0.1529042180376502,0.6100353313823104
2.5182415136775593,-0.1645658221183612,0.526694902786977
2.525826698919473,-0.17753493240268395,0.542052185523898
2.534904416452285,-0.18794610118253874,0.8020501349373655
2.5449801312052562,-0.19730342391524752,0.7906027592673246
2.554749555256399,-0.20604780866642933,0.8647307930051533
2.5641738822836415,-0.21487967797588306,0.7900909391704666
2.5734487465873945,-0.22397422061810476,0.7928369302722066
2.582136241496783,-0.23332687541268224,0.7269555019424558
2.5900456845330813,-0.2419613122145488,0.7591985956414409
2.5992690655311814,-0.25144862479019997,0.7866437842626608
2.6068617547456667,-0.2585910067980567,0.8419044881174679
2.617401663466167,-0.26794734158382566,0.8448917238484969
2.625310513810462,-0.2767556622558558,0.6699412370027578
2.632641969541864,-0.28946211891787754,0.4134902391777743
2.637408232630672,-0.30215264747180615,0.38833978857942986
2.6448085664447354,-0.31265897834395123,0.7636909522025929
2.6530269043259445,-0.321511401614618,0.7071404201035876
2.6627578702245436,-0.33340626640114907,0.6341419262084566
2.6717283501927334,-0.3451743984333283,0.6472751948498233
2.6799576894125714,-0.3561973609891207,0.6369428595167608
2.6885169082526024,-0.3673766674186338,0.6507206537605961
2.69634258239616,-0.37785666254416356,0.6119970209665228
2.704582101194621,-0.38940444774623395,0.6445791026827115
2.7131001569609827,-0.4002239266397181,0.6674712531656729
2.721430404306326,-0.4104457823238358,0.6761945527080607
2.72887468293679,-0.4213520244377278,0.5840877061721573
2.735678095456365,-0.43223848468016707,0.5194681937655223
2.7430300826044087,-0.44422113572319805,0.5272952771023103
2.7496779620960448,-0.45288241108793625,0.7087288958771
2.758721163609602,-0.46188216990556097,0.7798069327425476
2.768228144637246,-0.4717800826858413,0.7584631300804516
2.7783507290595293,-0.4828206665160217,0.7280903214579252
2.7866904989968706,-0.49243190321739166,0.7131691948166402
2.795645555503182,-0.5025185647035049,0.7436230738764134
2.8057171186411263,-0.5134887809820381,0.7542423965952253
2.815573787946101,-0.5237892450205693,0.7631169761551084
2.8257167313158407,-0.5338957608778055,0.7737474761757871
2.8342054772305416,-0.5429119104825183,0.7379817858049547
2.841945766027381,-0.5516141209047538,0.7094093466877777
2.851691475012759,-0.5617981359375491,0.7836688181092081
2.859154044581898,-0.5702692355172151,0.6995135769645294
2.8667140816228325,-0.5809662846805723,0.5755535767305737
2.8735975967221563,-0.591381274462509,0.594141244041239
2.8802584561233484,-0.601545047646908,0.5736548077677762
2.8874364409336373,-0.6130599543112855,0.4951229911345961
2.8946807934945493,-0.6232812900378327,0.7172636313984793
2.9044738768138614,-0.6340371179704899,0.7249100595444671
2.915564080000192,-0.6460118205615972,0.7615036175942643
2.923725898428515,-0.6557469369713523,0.6517967608838475
2.9316623491952116,-0.6666400438449306,0.6262455639542568
2.939299892343484,-0.6767347312462618,0.6379623820993051
2.9472337941975617,-0.6868604172437497,0.663564635852227
2.9557882974276417,-0.6986314256027865,0.6526628553157842
2.965507249485888,-0.7105652661224966,0.7036593709806076
2.975668695043246,-0.7197475123381374,0.9086476947392781
2.9885512120150093,-0.7289241349528007,0.9545849192817459
3.001226192761023,-0.7377532206633195,0.9880343154306824
3.0136326324737612,-0.74563376367238,0.9965960386246241
3.024515039182208,-0.753514325817544,0.9383034152417763
3.0366380275523515,-0.761364045307293,0.9978831269633189
3.0470033556407903,-0.7680973721144452,0.9524615610060284
3.058421707001706,-0.7772616626039489,0.8389371129197322
3.068751884710552,-0.7881274970174064,0.7417914130573656
3.0788764924616006,-0.7975987148665247,0.8970683596671649
3.0906895414048794,-0.8064881236466617,0.9248497166695386
3.102041018521321,-0.8153975168645566,0.900143694081471
3.110791836075885,-0.8214699204514544,0.9831791693583549
3.1230335996663023,-0.829662855350464,0.9786697970878969
3.136536893687199,-0.8384479725557532,1.0108701365707944
3.148133696821621,-0.8457137188142351,1.0080022379286437
3.1582819663454815,-0.8520989742576561,0.9764342528782556
3.169246298422387,-0.858560896429667,1.0825623640247888
3.1811355867737894,-0.8649591912451619,1.0651990215707308
3.193382244735388,-0.8721373672692172,0.9937948782714743
3.2037650671375983,-0.8804606314608743,0.8276694756072344
3.214535682372684,-0.8893633625562539,0.8916194613984002
3.2249386730786336,-0.897586184524419,0.8636546048827309
3.2357583697191985,-0.9064138816039349,0.8770024064261002
