1.2962753140698744,0.48635547505684235,1.6240823301175265
1.3094288344287603,0.48710250314516756,1.6342296778782333
1.3233326632064188,0.4879498994144344,1.636089613244374
1.3383056048950375,0.48873270621375,1.6494416732444683
1.3525227459502878,0.48982595373558846,1.6569925181302405
1.3669470366711327,0.49125591311155775,1.682948107764493
1.3815689039952794,0.49318902347833316,1.7137085799450729
1.3954520708738676,0.4958167578197053,1.7361541840555197
1.409363834319764,0.49874781827952924,1.7980691617415345
1.4248213916319774,0.5023172597769311,1.7829228353060245
1.438537845190062,0.5053394933787129,1.7680181906726748
1.4531051026657715,0.5080482309686419,1.7778252166706383
1.466193446038966,0.5105432429497155,1.7707594672106302
1.4808548615591581,0.5129149979545617,1.8236136721497667
1.4947668147442565,0.5172023227765558,1.8672984735557838
1.5091769165310822,0.5218819989994317,1.9340778722353837
1.5233488056464766,0.5263372856509032,1.869248577111725
1.5376938079226856,0.5298315567251085,1.8626190220522496
1.551830750972662,0.533510259104139,1.8704541014616054
1.5645670518464967,0.5384448135278085,2.0113397190306
1.578355803638951,0.544652552890909,1.9974147443244885
1.591846813599267,0.5507560198091044,1.976800566228091
1.6064205271227538,0.557054820839482,1.995382238544492
1.6172360052538053,0.5628823383565146,2.1811229307240874
1.6279533592753161,0.5683265448660125,1.9766727728166598
1.6403313134295996,0.57309078351508,1.958255312450639
1.6534890296127152,0.5790695955938935,2.017405058928774
1.6660101592034076,0.5851221461270193,2.0293126848487915
1.6784844363359566,0.5906632088226025,2.002606472930009
1.6924009013639654,0.5973622319252812,2.049434853561727
1.705916843002074,0.6036601110041572,2.0318426980323543
1.7202878030917559,0.6103903426953345,2.01460389741895
1.731554154137226,0.6159452303906768,2.0348606174349233
1.7451487865444233,0.622745569904016,2.0493385720488475
1.7588264316947049,0.6301099300842292,2.0799270809476
1.7715425316076547,0.6370123563753566,2.079947805513812
1.7849053452519044,0.6448460218127774,2.1357900014582447
1.7977485079312543,0.6528273547518046,2.1261393758815803
1.8110539323658505,0.660348353184976,2.138703635306228
1.822481706820977,0.6685675105823182,2.2159726075089834
1.8341738437163995,0.677715848404197,2.2536697993493884
1.8444330219568024,0.6866024319052321,2.3066212455376824
1.853814898431343,0.6946726834791472,2.2826125540696665
1.8643192727352602,0.7029541851588179,2.226714701352433
1.8752552851693456,0.7104177523636258,2.1893417399257182
1.8860706158932936,0.7182128315900064,2.238056308143121
1.8983141000433768,0.7286662293575116,2.287930216736375
1.9105701789932825,0.7400021474006921,2.3378551900544107
1.9211107148843622,0.7503293205563109,2.359581007162866
1.929906518784776,0.7595559392676329,2.3667293781844867
1.939789354984112,0.7706222354442168,2.4295453943774366
1.9497850266063737,0.781323842504605,2.3808553402314323
1.9596138659510867,0.7920231424389877,2.421418557856543
1.9703600632741234,0.804245328219678,2.405785221116209
1.9801678384653467,0.8151165810138038,2.441273041825871
1.9898060102919684,0.8258947066834926,2.3873427529242783
1.999851208630014,0.8368038605998775,2.395181593795957
2.0086298816662564,0.8459222231869089,2.395870014677348
2.0186961373070424,0.8567188014266421,2.397684611625396
2.027860489325497,0.8673388362753225,2.4031350057691796
2.0368830570567837,0.8780862034802387,2.459390975620023
2.0455213472583638,0.8909881060203431,2.5525471780414586
2.0587518078670675,0.8968606572363469,1.5995484308356969
2.0741136832488682,0.8996901643697424,1.8699793673057041
2.0856009517156977,0.9070301809481888,2.3056708983054683
2.093260092200085,0.91475529129843,2.3703705321032835
2.105413949935847,0.9218755580400523,1.914241241010264
2.1199409641398193,0.924123678562668,1.6266804142876414
2.1346627357618813,0.9227196222458229,1.3936575357703247
2.1490260467094027,0.9202373422907233,1.3832455133083534
2.1637842123971853,0.9159746469601957,1.1210114025134812
2.174331690163953,0.910198736180567,0.9734727867814931
2.1850815887341444,0.9027507765827625,1.0375348881697908
2.1961966038650127,0.8969175304295826,1.1497081811219394
2.2087078623253413,0.8911129922929051,1.0970361183102266
2.2217550276636255,0.8849495889823599,1.1482375298809064
2.236304604086052,0.8792201874066586,1.1492273292838528
2.2483270249973577,0.8736587068322997,1.1677330438825524
2.261099118620051,0.8685551825111184,1.191772922216137
2.273031894282959,0.8637564646251515,1.1474283743799216
2.2867951158959965,0.8567539285449606,1.074397416983313
2.299268948795098,0.8498365416092077,1.0317452781695997
2.3119117689738347,0.8422442532051202,1.0323385288188058
2.3244503090718376,0.8355995386449873,1.0767755858240993
2.334306423396095,0.8293738400548546,0.9549429012546604
2.3459640571616953,0.8221992415012492,1.054013006938282
2.3594115665067776,0.8152483224924432,1.089333073867938
2.371527158578781,0.8086741419363762,1.0448448836275321
2.384428086080156,0.8010899460799484,1.0080925070883962
2.3971000239612015,0.7924285383623885,0.9625161367689806
2.4085350935549137,0.7838651073447716,0.931782586147073
2.4198139853011122,0.7757403727793584,0.94291411779066
2.431975350255203,0.7680404278576712,1.0110945140693999
2.4451137550871134,0.7599640813598806,0.9991941990406953
2.4577918275104027,0.7522778178950621,1.0587055787498096
2.4718168276984676,0.7446634736104187,1.0522796727079742
2.4853700510221985,0.7372071168003044,1.0797463633449316
2.496401394370528,0.7304958663867144,0.9861328265885195
2.5082755632084126,0.7223194887207821,0.9436681714883416
2.5185273660698906,0.7144979052515255,0.868701317047818
2.529226912834415,0.7050265957583836,0.8231936561302088
2.538351399428163,0.6963772714836146,0.8042019254391819
2.5497205671802186,0.68549972017644,0.7820694937898598
2.5591728115110297,0.6753831633865927,0.7738246168500775
2.5696484395237364,0.6659218118311703,0.8804220085867598
2.5804258987676794,0.6563247484357896,0.8063233696498228
2.590163834294335,0.6471761808915502,0.8311489976063894
2.599919216135267,0.638096030246453,0.8149754391167557
2.6107220569700607,0.6277546942619008,0.8039680040370913
2.620110956708309,0.6188240799846004,0.8025917798489645
2.630091205897923,0.6091662317697047,0.823897004386723
2.641397637049542,0.5982970190457342,0.81618875563651
2.650725415485906,0.5876033608310928,0.6849521272442273
2.659997805108845,0.5780483220851526,0.8146418048014308
2.6709402925535466,0.5679860483841206,0.8528028206318741
2.6810526904261827,0.557768073363303,0.731048425787466
2.690986947339079,0.5476688025315716,0.7860903819208271
2.7020908079242885,0.5404116337375116,1.1022140056159084
2.7122238413169266,0.5326063614234202,0.8037241001748983
2.7224142081026743,0.5224052434022315,0.7986886711783149
2.731725245439746,0.5143450134797757,0.8436658119834001
2.742131617967874,0.5057309631856994,0.8776170317932956
2.7531692372081835,0.4964858401852196,0.8356166455038363
2.766019879568129,0.4891467465715869,1.2324939217517805
2.7773570177800573,0.4845000155248802,1.1366725573408647
2.792925883367782,0.4775709628183725,1.1516191534747982
2.8070916249040745,0.4712966449760444,1.1379915753736878
2.819509969767566,0.46556316270945364,1.091308348698502
2.830592791857956,0.45990320439050236,1.11408380892469
2.8423909273808965,0.4541086527865114,1.120374882172632
2.85727627669709,0.44852075684372733,1.1696193954289686
2.8697358764223586,0.44331177196008187,1.147802736813271
2.883511295159603,0.4369037017348271,1.1216183634967964
2.8961663007712968,0.4307769617670853,1.0923569090592897
2.9076424886917254,0.42310125504133933,0.8877356511344396
2.9163090621520147,0.416162202303881,0.8959267208007168
2.9252949595749866,0.41020518695126246,0.9579821358679149
2.934512446283731,0.4041668981557386,1.0431713760837016
2.944720113467824,0.3977404487794218,0.993153353843687
2.957305654005243,0.3890138362513856,0.9356160256795801
2.968244990980125,0.3804351583754008,0.8936380271389996
2.977429634250808,0.37308020739810355,0.8621990365210175
2.9892610402411233,0.3631937329866094,0.8961036838136294
2.998806396770075,0.35536574944118154,0.8698804478193345
3.0111824154936295,0.34580278328518954,0.8788983403276608
3.0210833520584908,0.3368077234014454,0.8601523491776331
3.0318712224693765,0.32753388337894473,0.884026970275496
3.0434444305334907,0.31802550078335984,0.9068455326875325
3.054566846689758,0.3092364091979097,0.8942187656584466
3.0645460733059267,0.3015143708086984,0.9261231495590728
3.076331063761881,0.29182842227796935,0.8728791960464752
3.0871494629232834,0.2834284688697169,0.9415651497039292
3.0970813304475957,0.27577870945308613,0.8615574770619056
3.1067539453643076,0.26591906212267735,0.6862260309771051
3.1155756001657666,0.25491763071504653,0.6817509792877944
3.1226075137554745,0.24635852788926993,0.6517364900367734
3.1322848854230143,0.23456523651251251,0.7188191076839238
3.1415494485267104,0.22391952235998164,0.7165650075785669
3.149691311277082,0.21447398749932062,0.7053440521730109
3.157391047515208,0.2043998013134814,0.6743295933921767
3.1654601480483895,0.19503871886189716,0.7454511547585848
3.175012055182386,0.18487124515068004,0.7732891425449498
3.184036450239938,0.17511395213692926,0.7209894905315267
3.1904951244239763,0.1642175968971608,0.4558641275418248
3.1977229469874056,0.1513124722197347,0.5376583982177
3.205456984936266,0.13889256658867027,0.6279118903715482
3.214180589945376,0.1258901306328409,0.5976407482104426
3.222624946094125,0.11413630870211636,0.6142476557947517
3.2307905303620825,0.10312474321420773,0.6596617797709762
3.2391331660278624,0.09304356678861028,0.7035605349839859
3.248189457323581,0.0823191985856308,0.6779099677416536
3.2554519473825194,0.07360857574036621,0.7135560623585672
3.263724571552622,0.06389078414147081,0.6981075783007864
3.2705884457330274,0.053894658737106534,0.5867576027221506
3.278934103925277,0.04185655262252119,0.6260899187080616
3.2858650274247414,0.0315127500602625,0.5714783796056755
3.2933883799037202,0.019929095541527754,0.590328464097173
3.301400623453528,0.006949335806593361,0.5175863740202296
3.3086764181254384,-0.005552736490189923,0.5823740252982493
3.3170917169350886,-0.01836437578126851,0.6054928080438349
3.3249853484064342,-0.02886434666776636,0.7349702324605139
3.332570519197625,-0.03850263481817874,0.5974911675075026
3.3398836453212586,-0.05007131447053371,0.590176748360035
3.347535873348952,-0.061612507414438154,0.5812981785086557
3.3548130951036232,-0.07315284759240376,0.6076949367882577
3.3630692653532948,-0.08338937592328367,0.680380710543588
3.3716573663407448,-0.0941634121563872,0.6722990460918093
3.382154454081678,-0.10568818932976719,0.7670695387445102
3.3919570231278975,-0.11560829971597668,0.7797040857640792
3.402896255244209,-0.12595480466337966,0.8348897955531662
3.4146853905199763,-0.13730919115948334,0.8120797445548493
3.425284816261582,-0.1465441212060532,0.8587123967047913
3.4350703719054545,-0.15230431179917847,1.0352253193799286
3.446669087807633,-0.1586807132837501,1.0556212550482023
3.458441717288153,-0.16563080432173058,0.9990766617365037
3.4706997661318053,-0.1732187037508692,1.0537111205118612
3.481630048446951,-0.17940147587640942,1.0630216194984625
3.4933123359008444,-0.18628319781670263,1.0011418013717124
3.5043009252363877,-0.1941284849709957,0.9440639898193997
3.5153400912966015,-0.20380512232263823,0.7620075246474874
3.526611160496217,-0.21407035876108635,0.8499552258032198
