1.0520321283384089,0.3130955531815307,1.621750857604695
1.0653000378189272,0.3139384580619717,1.6305091883322724
1.0796485098469641,0.3151388121985358,1.6497165779558296
1.0939434311201295,0.31648308858854907,1.6827570070521713
1.1088250222479539,0.31850727694710046,1.7173879001672645
1.1231386226667033,0.3201828643661084,1.6845522114037863
1.1388973316011162,0.32224044577599587,1.7152434931721703
1.1536390870621218,0.3246002048599155,1.7223680043681777
1.1664627760587363,0.32689161878228346,1.7875014059615904
1.1809103820804707,0.3287362038432588,1.7874426693636773
1.195462020655402,0.3327120270191192,1.8156145660776835
1.2095567147856574,0.3363443404232678,1.8378520809405299
1.223022231143644,0.3395316001404576,1.8498812006871017
1.235189870082206,0.3431327402280253,1.8891800004281658
1.2476739245994117,0.346549955660906,1.8684319304363626
1.261540996765694,0.3506616659864627,1.8440809159403595
1.274766431355416,0.35434913418994485,1.8990047525911113
1.2876385244066362,0.35845169653224684,1.9303140998530222
1.301078246717657,0.363080253485592,1.9214527926614975
1.3153396501810382,0.3679787190843515,1.945258364796389
1.32902628276802,0.37313239435432677,1.956208268143623
1.34307543316516,0.3776184102230233,1.930966655007118
1.357384172485758,0.38326408158492425,1.9894584197122183
1.370045131898664,0.3883349300810883,1.9538221306250028
1.3828344061352655,0.3928346655718859,1.939906807685744
1.3948777655403046,0.3977801180478576,1.9994145441367803
1.4103463224488058,0.40286818511068745,1.9236349209223893
1.4237843282645728,0.40868680486160647,2.009162934490096
1.4367711589190195,0.41461477551133136,2.0143045503657437
1.4491137646204806,0.4205149011671992,2.0315220400767218
1.464235452426105,0.42832011688168303,2.081774362073851
1.4767724943978813,0.43536844806817043,2.112901134977631
1.489147812154341,0.44220141596562434,2.0833439019338895
1.5032894756004533,0.44998657535185016,2.090637432003027
1.5154172225293134,0.45674430085326784,2.0955146957222213
1.5270516430690446,0.4643269215849472,2.159687246424947
1.5392063821747892,0.4728269982987735,2.183711403392172
1.5517750000693609,0.48192654949559055,2.2166827416430137
1.5641748761723988,0.4920282768041085,2.226639187494075
1.5746590711667705,0.5001603958255645,2.254803893221875
1.5861109999518919,0.5092362937792603,2.2371380801575462
1.5974328162850366,0.5179674761586389,2.239974538399974
1.6093821367027508,0.5275213209711758,2.27249915185458
1.6204108958620698,0.5368245887008781,2.288819395061631
1.6297780321142774,0.546212735168301,2.415317954102655
1.6391500152375775,0.5568202061370073,2.384763098830357
1.6483166798365094,0.5666658158487725,2.4227445497622324
1.6573970019262183,0.5765401191002753,2.3712077350871823
1.6671349493038243,0.5868131861808041,2.3794417561721315
1.6777847447034642,0.5979090580770411,2.374150918539711
1.6875571936843314,0.6080786318548475,2.375391005613592
1.6988946795944309,0.6193799520328391,2.3760614957104393
1.7087390667112743,0.6294803257414538,2.3637039219727014
1.7178076136498857,0.6390332248849862,2.407640063108354
1.726953262374346,0.6495980960572845,2.4466650986937823
1.7356197663665442,0.6609889191670639,2.5151926960616398
1.7451619644195284,0.6727539757583951,2.413256720189265
1.753731033272597,0.6817079416495669,2.3629587124611517
1.7633697496315608,0.6927249720579517,2.422408926838607
1.7732129822550735,0.7037742173510874,2.4192816234994146
1.780828628678634,0.712794559217709,2.445527848747488
1.7897452749001463,0.719831468446315,2.086199318147284
1.8046438595325973,0.7274957341938197,2.0291088589586828
1.8182079907212196,0.7343229025925175,2.0435060455714975
1.8316563572717022,0.7412571473117702,2.0366760041754226
1.8471022838631639,0.7404042675412369,1.207021901515705
1.859126855525162,0.7327691080867633,0.8492962133590376
1.8708802569159544,0.7236506706537598,0.9322702266944412
1.8802874256897024,0.7148621739157422,0.7978820890892604
1.8930185626200673,0.7047767644963052,0.9507047303231533
1.9053054923739936,0.6952859117470522,0.8754827145845154
1.9170672835133444,0.6854010789307006,0.8629125758167236
1.9285361071176343,0.6749004132119778,0.8419264527059456
1.9399620305974505,0.6648295093129322,0.9108766948673468
1.9508132740124031,0.6567490873861568,0.9395317186837329
1.9644277944505417,0.6486744909484664,1.106217185382431
1.9783243506835693,0.6419028442364328,1.119028741849725
1.9907553625517522,0.6366162254606605,1.1664348018603115
2.0048792377758766,0.6306166698665787,1.1827221313829548
2.0183843338084473,0.6255095393981474,1.1681930530468434
2.03100966887525,0.6199157213774162,1.141144657327436
2.0441486507978937,0.6135363743687126,1.0697176289868628
2.0554298890203735,0.6065790597199494,0.9643020717499396
2.0655562580060343,0.5983852125622953,0.8740463489928798
2.075536799148282,0.5898064522971035,0.8695701913028013
2.08733251609816,0.5811350517908498,0.9630456150457689
2.1000522221131486,0.5724110846520996,0.9383438809135642
2.1106951642083636,0.5637298052127959,0.8533481685339697
2.1222314178261237,0.5539509583174426,0.9180011520175497
2.132915945435345,0.5470843457287469,1.0253269632970488
2.1453438914477414,0.5394584037727499,0.9750222167902385
2.1572977097779167,0.5322315494634229,1.0285362077440405
2.169480789445644,0.5255283700928697,1.0504479932425212
2.181479178496134,0.5183668620508552,1.0363985897161143
2.1950883092335163,0.5106699562414978,1.0486990904015363
2.2098710553082,0.5032998846218523,1.0795777335935988
2.2226836237578755,0.49690505458681616,1.102462947348128
2.2355379526946146,0.49139291849885497,1.1556403237002928
2.2499018230584418,0.4849180990636793,1.1574092511377227
2.2633237472106758,0.4788258625028907,1.1245460576410842
2.2752128209666833,0.47312595263081975,1.051251437239085
2.2869627138262083,0.46694914368307455,1.034990354466945
2.2999277745798885,0.4597675739045646,1.0447603689417375
2.311791902230301,0.4526764192680839,1.0081428632295588
2.3242333818486056,0.4453998195285329,1.018948258608389
2.33785786478304,0.4378786879548465,1.0506582737565637
2.349821921475152,0.4302036534255107,0.9807517108557505
2.3597107602473955,0.4240723274429916,1.0027342160697887
2.3721651074640424,0.41641207657573637,1.0282242424800174
2.3851371358972906,0.4087491458448766,0.9947600816370145
2.3948334115405117,0.4000575963597073,0.7103388367407388
2.4030840502529296,0.3883279710294912,0.5803800174624928
2.4120041519489472,0.37676320003583463,0.701551556429688
2.419652798541781,0.3648936274684502,0.5014870328020035
2.424844329152726,0.35198318701236453,0.37339304806686824
2.4317335565746077,0.3392005270558929,0.5655611905623544
2.439348067603522,0.32703600797008703,0.5817990051416523
2.448408026574059,0.31379162194026006,0.5988832789461371
2.4552191113845416,0.30358644956021824,0.6066361932681338
2.461963558096831,0.2923055045624435,0.5213142563277258
2.4700718962828114,0.2788028413582722,0.5802259183816038
2.4777892813549727,0.2663901537048966,0.5640686101308926
2.485944889880529,0.2540071233451335,0.6102867352273014
2.4948474556781584,0.24152262464406604,0.6204743680528442
2.502711969141068,0.2312862292797886,0.6563609229494525
2.512747395664794,0.21995941602877883,0.7526953192451351
2.5223815871656465,0.20930012222732824,0.6859090204538186
2.5325436979147526,0.19722159457401944,0.7051056000432671
2.5409081282936024,0.187442570675132,0.7299651354569877
2.549717002845103,0.1774931655098186,0.7223084758832332
2.559883889514603,0.16647512980274767,0.7778328577829405
2.5704864023735405,0.15612217303868134,0.8248671134669555
2.5808768336357746,0.1474104274830298,0.8906115171627317
2.590814872942733,0.13783354905620807,0.7472074367827607
2.6024121319512163,0.13190838725744725,1.2421528520992895
2.6118174151849227,0.12629690279897143,0.9176784160960615
2.62300098927559,0.11720318913140047,0.8889914587505344
2.6304937906704877,0.1071642090711595,0.5169072909443955
2.636120475329143,0.0963537143762683,0.4716819489830081
2.643273364996009,0.08732232790393486,0.7811028303423156
2.6515059776781915,0.07720178625952172,0.6533392397309528
2.6606751828843067,0.06629729014462109,0.7061477063123056
2.6706944639409675,0.05512630498801398,0.7672172653160585
2.682762378202338,0.04341868865873852,0.8291573139399167
2.69370954326763,0.03452404270291837,0.9103538935984842
2.7051906332424083,0.02634036423847095,0.9635392145182985
2.7176296241981506,0.01774374263181534,0.9646546158579065
2.729636365153888,0.009570720673837487,0.9811650913180312
2.741307040397201,0.0021443841511828757,0.9757415240795949
2.750669454228356,-0.003796485387234817,1.0131984811887562
2.7606394381206383,-0.011077165547813492,0.9326986397449177
2.7713324681784917,-0.019079317499708627,0.905330197781546
2.7820659005921318,-0.02840306615517382,0.835451741340581
2.789467492578003,-0.03607682708913379,0.6850248217131739
2.7980170959055517,-0.046906052751417536,0.6640935190728261
2.8057252826861347,-0.05645843268539919,0.6883437835940839
2.8135987152025983,-0.06588005809329635,0.7062533853835328
2.823825069548361,-0.07800872103844855,0.6805140725429751
2.831380386915068,-0.08749334847283173,0.6598107994031516
2.8404562901233814,-0.09868259496031746,0.6939404041833269
2.8491646647949,-0.10873586487015714,0.7598787208501971
2.8591132722275066,-0.11813001466596047,0.8306821518313754
2.8681923827781852,-0.12722653374146056,0.7593350652966155
2.8781638181223834,-0.13869046544284525,0.6764783039768302
2.887788380679891,-0.15101505227909698,0.6498427467209713
2.8966408451234273,-0.1619897939588541,0.6637156915349438
2.905648188338276,-0.17375520670176717,0.6799179693626688
2.914023389838728,-0.18514550330341764,0.6561453394653066
2.9230166535212985,-0.19640618259122275,0.6753790154377681
2.9318122308270955,-0.2077474443707392,0.665197922909023
2.94093598871125,-0.21997786952966722,0.6337747368940934
2.94960158132772,-0.23078015318708123,0.6863435108895551
2.9581084844395584,-0.24190265698057634,0.6773747810782409
2.9663729094111173,-0.2525195394905405,0.6110638400053023
2.97474326208574,-0.264806311530211,0.6089387781870637
2.982999137411831,-0.27609716346927116,0.6569773546858004
2.991364173608642,-0.2871171241344863,0.7082599194910373
3.0002335433421083,-0.2978745996052398,0.6847802790286603
3.009011625240662,-0.30830254421969366,0.6586815709317605
3.017471227661907,-0.3198069139666915,0.6369169757590176
3.027324856293115,-0.3321397289626045,0.7160024968711364
3.036195724364152,-0.34252297731070197,0.7279453498936886
3.0458550145562064,-0.3526464406786145,0.7651637871263527
3.0555612178660656,-0.36297025229066543,0.7648385642281682
3.0650525851570665,-0.37153095664464675,0.8487714771286244
3.0737353707258688,-0.37954983251350327,0.8041468223101345
3.0842803141720574,-0.38922900541222477,0.8626188610160808
3.093158165967593,-0.3968849744683778,0.8543073948627878
3.1018664301209813,-0.40500833382300444,0.7977489353524131
3.113088397646398,-0.4157021399853483,0.8286264806565402
3.122003347069433,-0.4242569083675621,0.8039456661984967
3.131828574970318,-0.434937817125664,0.7086251098482433
3.141787859008122,-0.4459901977737714,0.7111733578433836
3.1511529424576983,-0.4560698441225714,0.7737897501576623
3.1612842048303778,-0.46671179053510004,0.793981276138004
3.170573729857168,-0.4762589620385325,0.7693820242157715
3.1803811763148158,-0.4865233243336627,0.7883728858921059
3.1891507617752186,-0.49559902030182057,0.7596615358181391
3.2012125110121845,-0.5070767148081992,0.8373317987163038
3.212415799956775,-0.518191843631175,0.7847856332232817
3.2223544856300284,-0.5285366320420634,0.7709910856664979
