-0.16410497068077295,-0.5500251832238723,1.6138937587201085
-0.15094662142335163,-0.5497299059987274,1.6043942433361924
-0.13641513423965193,-0.5493081613059556,1.599238100901758
-0.12237224624476753,-0.5487208563968107,1.6267927821275079
-0.10787855057157048,-0.5477600263035075,1.6678471095753198
-0.09437818076501495,-0.5462578764750459,1.655063294365027
-0.08017488378414071,-0.5448827414164595,1.7066365599002544
-0.06644151159612895,-0.5425753901064023,1.7416983059316655
-0.05203941194082514,-0.5399910256869063,1.7795022473054505
-0.03709877870453481,-0.5367940819360313,1.7787153134422373
-0.022139993095092465,-0.53300094421372,1.8259703077574747
-0.007446126488461653,-0.5293384137852406,1.824807611703028
0.007910225618206097,-0.526067282631105,1.8075063935263045
0.020724069678721826,-0.5228016842362972,1.839790178494131
0.033741355247412536,-0.51893800248233,1.8538603074638742
0.049184137944244886,-0.5147474431144106,1.872878315710969
0.06309352958805993,-0.5100299789294044,1.919651809293073
0.07764767625657315,-0.5054316859337361,1.917474992971847
0.09298739742744244,-0.4991382966761464,1.9811809302666594
0.10711899924483517,-0.4931491662435767,1.9814133030064796
0.12013314019823046,-0.48807016908571627,1.9543440195673911
0.13413948885990343,-0.48317103112575577,1.8753156479377937
0.14914173896787122,-0.4783883817580895,1.8911146119262252
0.16215231869514798,-0.47366755624394113,1.9330817330313415
0.17673437189978086,-0.4682236489217486,1.9685196268856753
0.18934293940648242,-0.46282282329878144,1.9839191614531897
0.2015940369143056,-0.4575825257682773,2.013792385642056
0.21294445024017344,-0.4515545183905894,2.070067238764173
0.22632173985367313,-0.4434292207218723,2.1305195010023854
0.23848241661084435,-0.4360517724398663,2.1466096421992797
0.251057207681728,-0.42826933473672674,2.1121255559728254
0.26437448898972365,-0.4205049330246735,2.1357500101899647
0.2771162360122249,-0.41274750455079356,2.1010902053549225
0.2896313487163494,-0.40684919226364413,2.045701992340395
0.3018233720337167,-0.39932021869397866,2.1494349581064762
0.31379894832171795,-0.39149622188537403,2.1408500980490133
0.3266100759450536,-0.38353128263822833,2.1061192716044657
0.3400261257303337,-0.37584906493366327,2.1355267496022914
0.3532664678620171,-0.3675870045434224,2.150703019850933
0.365289617550346,-0.35909069729975096,2.187151970205298
0.37644244055425224,-0.35085770540421213,2.200569193067588
0.3881051811268449,-0.3423215166117357,2.197288018009431
0.4003037242115384,-0.33298853207773177,2.2619388529871536
0.40997884502565957,-0.32628612265331197,2.1288252570992383
0.42342691364147095,-0.3172277099067001,2.1913298309502642
0.43476940661013513,-0.30777644235303286,2.3022351838404265
0.4459879020162965,-0.2982471500663107,2.2591307164036736
0.4576123592053329,-0.2877638904647254,2.32647735583703
0.4685055647547296,-0.27811129969095,2.287057764048198
0.4806785014279362,-0.26811209164976907,2.2791497656580098
0.49257180174171245,-0.2574014541810601,2.3362467969324934
0.503215038228628,-0.24907218143662244,2.1696317613721847
0.5168554031052468,-0.24033983745052873,2.1902940340587524
0.5312696100776754,-0.23070832776623126,2.1787747051320547
0.5443215808948721,-0.22178314739973307,2.1461219987931957
0.5571039788178559,-0.2135240186096785,2.1851978323769257
0.5677398599812301,-0.2050102242748545,2.316320735362632
0.578327561391163,-0.19552243619644458,2.296061582790112
0.5892449317554928,-0.18589794919105623,2.317164383877242
0.5989672233683229,-0.1760130870822268,2.3559928916196635
0.6087428183841206,-0.16512877545573845,2.4165731704997673
0.6147282240841211,-0.15740937751793804,2.55283263087243
0.6218024543899735,-0.14554842352691294,2.627782663257416
0.6289033723494143,-0.13460468291933494,2.5273571921712397
0.6406542317204886,-0.12526773494942864,2.0978755348016547
0.649828544764929,-0.11980341327492666,2.085103413200256
0.6610675576347893,-0.11386020914023924,2.063469668831095
0.672394788807822,-0.10818670583816607,2.0564598391814144
0.6831468861459938,-0.10321696383588948,2.025895706928092
0.6969491758263155,-0.09666704001299088,2.0158328935206806
0.7083909387221888,-0.09107918520935122,2.0098961800582797
0.7232837747268206,-0.09105140825167224,1.3311098841686642
0.7340670783676557,-0.09499137438696098,1.1756654430161464
0.7435975913755398,-0.09957320969420354,1.086924811207049
0.7562388747400867,-0.10639953268629973,1.0363706430690285
0.767506486226861,-0.1117966603513519,1.1357223009497155
0.7818888608878304,-0.11785432065192804,1.1921534338597475
0.7931379190025065,-0.122345644893912,1.1303474895152867
0.8049300629121033,-0.12779158717391928,1.1081326503079014
0.815877153083028,-0.13156526114580291,1.3033802655116098
0.8292419796978835,-0.13545674438525565,1.2949311911374721
0.8417313963673978,-0.13938864607495546,1.2671420358159458
0.8554887797448274,-0.14404475537522018,1.2255757573529171
0.86979973819791,-0.1491513182580756,1.2137626475489425
0.8824008316014098,-0.15605482726608222,0.9852640122597601
0.8943520371627015,-0.1646581324836347,0.9545117095923139
0.9049210102412815,-0.17223184263585756,0.9728158359308345
0.9178475733715841,-0.18013427182887695,1.0652732067330803
0.9311121244996262,-0.18718762885533216,1.0354745522780353
0.9444802026866252,-0.19464977022302057,1.0322949805658972
0.9578818246499012,-0.20114189763527224,1.1634765286175743
0.9712443407564542,-0.20544793259177668,1.3013698012795816
0.986376806535834,-0.20943392854907897,1.295216403952879
0.9999720651675738,-0.21323433133891934,1.3022388991956106
1.0125927252326998,-0.21632924939886655,1.350717531147075
1.0259040665184245,-0.21932982438498477,1.2822044720573416
1.0393065742551864,-0.22301683310687068,1.314713234113772
1.0530524481561259,-0.22712989526843022,1.2631899738138717
1.066550313723229,-0.23141574020230243,1.1934154660470977
1.0783161626568338,-0.23522572746751633,1.2526699620030295
1.093423267858766,-0.24135078034044924,1.1208284534627635
1.1070872939109613,-0.24797021266198124,1.125255297607949
1.121189923168295,-0.25407165419383915,1.135142420079562
1.1314896307641116,-0.25821779388797117,1.1734008558209743
1.1432796020292217,-0.2633935542915464,1.1431788950088273
1.1563953271687446,-0.26972653833897625,1.1191747355499624
1.1693550542573174,-0.2758704849452193,1.1432183464583987
1.182462189157223,-0.2817782478029236,1.126382235703064
1.195721593712124,-0.28767992530527503,1.1138051148717332
1.2075309325193206,-0.29350094147637,1.0885733197808412
1.2201327895805094,-0.2994239265896344,1.075475668541505
1.232150813555951,-0.3068329403774132,0.9888918079151429
1.2410396019731886,-0.3141139369030166,0.847047074102194
1.2519645003824789,-0.3221000727038016,0.9999733888115655
1.2649030325046746,-0.32943486746634376,1.0298744183135997
1.2774945194222098,-0.3373588300152504,0.9972975464720372
1.2891464892342734,-0.3445474609133863,1.033002773190527
1.3019627602268609,-0.3519190620008342,1.05299745394922
1.3133126582318437,-0.35811232625462514,1.0692651453679005
1.3220179398099536,-0.366789913504252,0.6808732388679765
1.3308813926852359,-0.37669122651719744,0.7756019441714588
1.3385417482030981,-0.3852102888422909,0.7200379434057832
1.3482852234600424,-0.39645592810519087,0.7050918990905495
1.3543931833847718,-0.40198638214472493,0.894549031497287
1.3647454501647247,-0.4089222297884984,0.9909879554546325
1.376562332481389,-0.41647256927060583,1.0258622049931008
1.3887601513429875,-0.42485491024379485,0.9610785637918
1.400793707104314,-0.4331494503674717,0.9481818188988768
1.4118193209101872,-0.4415423860643797,0.9101289634196063
1.4217309421744253,-0.44934438383612085,0.8622347771363768
1.4317351526505664,-0.4574391926360002,0.9050544702154191
1.4408254808656873,-0.46483713826283274,0.8460333644621656
1.450720150734864,-0.47363472320037137,0.8577287490307406
1.4601653950793319,-0.48015323753558714,0.9956116015025401
1.4723493186822794,-0.4885094318282968,0.971240340125464
1.4838463287396144,-0.4969386618671968,0.9062111834942052
1.4919686163518853,-0.5043967624381238,0.7740055979538322
1.5012794990828813,-0.5138913472487027,0.780158642850805
1.510543517323487,-0.522755715829954,0.8202242555989733
1.519351534656121,-0.5302222748319582,0.8716821079252327
1.5292301166150262,-0.5382976296405819,0.9091149584908502
1.539607755851189,-0.5495426230601375,0.6475566813282648
1.5473472075999812,-0.5602694614398861,0.6038419376164095
1.556051669817348,-0.5709460716152915,0.7451992300394359
1.565542495366928,-0.5819970664363916,0.6672091521532113
1.5722869167190334,-0.5927038651678527,0.5502153947290271
1.5792989982574002,-0.6060212257437937,0.4924362047887272
1.5863790592905485,-0.6193104818702987,0.5104066168813766
1.5932013633444375,-0.6323593452226178,0.4443381357816929
1.5998456281164581,-0.6446753233055357,0.4950999688819645
1.607515831055308,-0.6561242335500429,0.5959751363338607
1.6168387068921397,-0.6676650087270981,0.6950538954455765
1.6265721506392017,-0.6798373183776445,0.7065136539043027
1.6358273653875914,-0.6904567756738889,0.726063452900607
1.645459299260374,-0.701588354224476,0.6902671658388572
1.654766666758423,-0.7122139685785092,0.7577100593007057
1.6632524294208166,-0.7214723232929229,0.727850070409585
1.6703301881289945,-0.7305008467665955,0.6382699772096139
1.677642732404886,-0.7392581923988558,0.7136737040125317
1.6880781870276622,-0.7500043480483611,0.7944010388479705
1.6975156727638194,-0.7592258253006882,0.8189323005664568
1.7080867819312249,-0.7687699497382402,0.8017036084002359
1.7171495820850935,-0.7783025992750936,0.7294384793951778
1.7262302137906795,-0.7886586117058029,0.7186268669362857
1.734608973866523,-0.7979364944598138,0.7291656735847235
1.7433158034934904,-0.8085006688414421,0.6319081527071327
1.7526506761368117,-0.8205954899413808,0.6746535588718291
1.761904871559033,-0.8325520036503096,0.6429432850648038
1.7714451641430435,-0.8421238330732047,0.8650550637472859
1.7838369598993196,-0.852072577246371,0.8688169538857601
1.7931131970764502,-0.8599526544776539,0.8821728665265045
1.8008151274964506,-0.8678516879970687,0.7198314569197917
1.8100386711169891,-0.8785721821842573,0.7198656756720476
1.8199494570817272,-0.8892960881518266,0.7821404889684835
1.8292835248625867,-0.8989637098754328,0.7652657629654392
1.8398196609651523,-0.9100695017753302,0.7867077815004454
1.8501792296584907,-0.9207186030639739,0.7593882147521669
1.8597794855962586,-0.9311747795498204,0.7362760144474887
1.8688726048745954,-0.9415819337992604,0.7065955544115992
1.8770911192521131,-0.9513301127580783,0.7083912011512611
1.886896942602126,-0.9622595931656772,0.7387853621654288
1.8961575651199583,-0.9721473337578135,0.766417259818589
1.9046864396778396,-0.9839673348324763,0.5262120057016516
1.9125233424471997,-0.9966357538086545,0.5713955498732689
1.9215306204626852,-1.006901165244433,0.7472448920689306
1.9313077524370375,-1.0173140193169186,0.7940080613191038
1.941395990151312,-1.0274192423461173,0.7718423126487702
1.952244016925979,-1.032772638163967,1.2980392222016575
1.965867021156747,-1.0387690398182519,1.046866220750675
1.9773618113189118,-1.0458498665381948,0.978655818672824
1.986650439812951,-1.0554535855835263,0.6263459885142151
1.995803021972718,-1.0665761874942143,0.7106646241546686
2.0044490379919613,-1.0764995933681647,0.7229476172329313
2.013753156709259,-1.0871832418686467,0.7083780036549633
2.0232615272907597,-1.097269363105273,0.7879834197638079
2.0337867250944814,-1.1073725784667061,0.8054416751926539
2.046407903151472,-1.1149222337898037,1.2203292900178189
2.0592623230465112,-1.1180812540951492,1.3891838412938489
2.071334017018465,-1.122751182068962,1.1468285457083187
2.083341485986962,-1.1275885658966291,1.2109707176655624
2.0948791704215393,-1.1319419347516366,1.2701773631430358
