0.9959402692087617,0.908005896213282,1.6105283824684
1.0099426027240408,0.9082227173510978,1.5951133517966989
1.0244058240291194,0.9084460557684905,1.5941323253514812
1.0391340266428566,0.9089669951041266,1.608194487653082
1.0543130328564971,0.9092686641094038,1.5811120314967144
1.068664492635435,0.909590335316657,1.6043422800082754
1.082898563590465,0.9104551543909959,1.6629180487329767
1.0981423167972857,0.9120053643771672,1.6627798110183163
1.1126771290164292,0.9132843019128035,1.6632900578209207
1.1273076212502084,0.914846392057123,1.6908907811449023
1.1419599012587376,0.9164816851338552,1.6698139710430127
1.1552508061483462,0.9182147951158051,1.7432439813758351
1.170288658475478,0.9208674590261877,1.7515803298714703
1.1850828002774008,0.9234528944149064,1.7477774422108363
1.1989577503072273,0.9262722975603265,1.7521140037639245
1.2131688347279177,0.929518212765322,1.8036591277955536
1.2279774727007855,0.9331684640319808,1.813333193783384
1.243964833739763,0.9371826263939331,1.8299127783177458
1.2579393663742302,0.9410819001050477,1.8605010216381996
1.2707299065151254,0.9442897172864633,1.8277973482571535
1.2855363957738497,0.9490154872230648,1.8851245851402405
1.2993952495312924,0.9532359168269298,1.9079314564138017
1.3116955754431265,0.9573492869545689,1.9275329617489285
1.3244591210769077,0.962001362525407,1.964883049071251
1.3381247485461798,0.9677721619856999,1.984086073743374
1.3513588798233755,0.973630137906213,2.0108052404914414
1.3660785439933971,0.981387194868333,2.1011212180252774
1.379823430881504,0.98810680550741,2.0068665357399627
1.3921817060890715,0.9946355798032044,2.1214060036819427
1.4056912928724752,1.0021378589205379,2.0866234253045093
1.4179838850439828,1.0090108400470383,2.085389838857433
1.4308748763061487,1.0172132612056268,2.146344942549814
1.4446910449726547,1.0259985895407762,2.1338421051759755
1.4564397355789713,1.034562530507435,2.2109235628979484
1.46935373913711,1.0437756458938439,2.1914744874195033
1.481945643079691,1.0527990734073562,2.2046045988548433
1.49274619999208,1.060675508514872,2.1960095767865084
1.5043617701079437,1.0686923534308805,2.2043255441338068
1.5178899401222106,1.0784450826975225,2.1861700626307643
1.5309826572922838,1.0884132320654543,2.227512924526627
1.5420830655090616,1.0978102522618463,2.2950940603117695
1.5531269364691973,1.1083378194601343,2.3479353587696647
1.5643526666820642,1.1195011452353223,2.3229507735240915
1.5739458399297017,1.1278528537940027,2.2571059882524094
1.5840185310089014,1.1357874830399255,2.215186063133994
1.596954628557932,1.1444165281197323,2.1166704603440603
1.6096714076294094,1.1530364540337723,2.176952101874992
1.6209713156131302,1.1608664200468848,2.1743294467834806
1.633733231786671,1.1693131459327235,2.174345323402737
1.6451434028644742,1.1768335071928724,2.172956542517014
1.656204916319127,1.1850466049232493,2.2324467430200574
1.6685571630371587,1.1940991992281047,2.2495269049827495
1.6781199662189576,1.2034007914503582,2.4141783701717667
1.6882632807230553,1.2140682868411312,2.3663380944538845
1.697731668992022,1.2239215119831206,2.3711931559949133
1.7083130686431323,1.2362676086108082,2.4390544908897382
1.7235598972876165,1.2419343727444805,1.5499313754240103
1.7369895922984173,1.2371572826444444,1.0380255845763842
1.749372589324472,1.2300867849934214,1.0028088988006574
1.7604241086956909,1.2224273847531284,0.9035671967813028
1.77096314338149,1.2127924663506693,0.7973434674439777
1.7783938254511773,1.2060916674555442,0.8274491069976608
1.7882759884501072,1.1963954739810019,0.7684962352203633
1.7984153038879134,1.1865471362530073,0.7993194132153616
1.8049377461387883,1.1788594030587458,0.6457859181889961
1.8122959492920372,1.1692511403946937,0.6837594680317973
1.8221462347666815,1.1585800102531487,0.767581890508646
1.8338230971865486,1.151591270052996,1.245503978810196
1.8457227152540652,1.145906416680518,1.0567426063919725
1.855241565088802,1.1397133399855461,0.8737291882663628
1.8647840840832786,1.1338029632827147,1.1209120713785348
1.8767926038300584,1.1278506103398234,1.1087326966537965
1.888356090230315,1.1211572975208732,1.045116041751708
1.8996059634933047,1.1139461950013094,0.9609659648703629
1.912223781884647,1.1076112005904362,1.1255406872412688
1.9249513205301758,1.101602431489775,1.1343474891350236
1.939183679787292,1.0947691060220612,1.1090752413127476
1.9507995543859766,1.08886477001797,1.091074230814981
1.9615844914313292,1.0840646854788942,1.1345654806933605
1.9738053111270808,1.0778587371866442,1.108062314531147
1.9861911518292226,1.071700759181985,1.0834718111101918
1.997696839319888,1.0648569768128586,1.0457912521996504
2.0098719416795543,1.0574927189712988,0.9931326760990077
2.0206664425611662,1.0485700796079742,0.8074477002631714
2.0298984775825852,1.0410403030194215,1.0251790997032617
2.042001686868974,1.0338575159085803,1.0472119762431726
2.0546494875703436,1.0271129784754225,1.0877145118790421
2.0646965783750253,1.0215010285777708,0.9978408948314643
2.0771058014833663,1.0141171094674124,1.0631283505839566
2.0885633426168466,1.0074764785195813,0.9861041562459242
2.1018040095506785,0.9996056173186513,1.0368915936402119
2.116404692171739,0.9916113465760826,1.051805895546514
2.1273589991865354,0.984229243261842,0.9241445111543999
2.1399563508030806,0.9767019650507859,1.0959852020447027
2.1536479414038743,0.9699850468249237,1.0715310278401606
2.16678731557355,0.9633223385644439,1.1117489906183582
2.1780760099117624,0.9579463386146905,1.0907761167303802
2.191930823144995,0.9506699834532067,1.0687847773075936
2.204930607695374,0.943242070889163,1.034850787342348
2.2163487556042485,0.9362787330525045,1.0001791191399136
2.2276512551709686,0.9290666343406598,1.0138313613037016
2.239442763922506,0.9210152487088044,0.9527071950315371
2.250229495964887,0.913628597823626,0.9921595045421935
2.2619410234429966,0.9053221778988365,0.9043191623901614
2.2713478734223567,0.8976721203619917,0.873507891820989
2.2798647154392087,0.8900373432037678,0.808552036007135
2.2910647666073123,0.8801999560385961,0.8734867965618309
2.3016972661373885,0.8699092429570613,0.7840502218075163
2.3102497520853307,0.8611538339217223,0.7556367358496071
2.3212136427074976,0.8523280521789317,1.0096346698862875
2.333295542586502,0.8450920440925082,1.0314464080856613
2.34134512545741,0.8414716063309596,1.221165354424891
2.3530258567088262,0.8368923331237256,1.1872398661761976
2.365195340179477,0.8313393144309555,1.0815666407084845
2.378000769516515,0.8238811476163481,1.0052482577810478
2.3904435356257734,0.8174872003473674,1.2376436428688067
2.404051217377429,0.8127290900879179,1.201613792615777
2.41730495838391,0.8071048343914986,1.123440162605719
2.4300486075626493,0.801324071839105,1.1318415224441207
2.4420455000930987,0.7946623616684632,1.0014821439433468
2.454629220368759,0.7849889785736908,0.8625265640849875
2.4675700860160874,0.7763552337217626,0.9956525064135751
2.480278447173543,0.7718360693527766,1.3488481616907182
2.4920734513900586,0.7667114048211214,1.0610406688467655
2.5059301176227,0.7606507285599696,1.195521474154268
2.519528688954354,0.7555795329437047,1.1396075781468986
2.5323454056895356,0.7499811149467532,1.1809063625610408
2.5448290165574443,0.7451685079220998,1.1949251105618346
2.556468058497433,0.7401898614173654,1.1247408193301278
2.5689657818385645,0.7350169429678083,1.1819680803727433
2.582755894294407,0.729474915095582,1.167331555723547
2.596698812366624,0.7229872712274314,1.117992099891778
2.6086517841623613,0.7156150601779779,0.982162615261138
2.6199104542691236,0.7088460439974424,1.0353991830547427
2.63082793943156,0.7017333645944429,0.9569768378578345
2.6404701563908164,0.6954725329431469,0.9777622805419132
2.6533633880636183,0.6867420444510621,0.9541618671635881
2.6647020882331014,0.6788153489665893,0.9785922175469182
2.676598439933652,0.6702526660663534,0.9246165984596895
2.686621553827349,0.662187467805103,0.8554267862693818
2.6975536698786104,0.6523842809420947,0.8575550220876696
2.7067889793794646,0.6437805267551645,0.8105618883026309
2.7163067661945597,0.6346233634103866,0.7890377957190492
2.7268066167934113,0.6244859129397017,0.8376489978370508
2.737989892046192,0.6141072347177241,0.7981370617970429
2.749176705450363,0.6040207237140645,0.8697928062759507
2.761085463287846,0.5944064715212317,0.8846366302917378
2.773063082536771,0.5855175913410593,0.9111568776424066
2.784297490946393,0.5764092872146716,0.8845430013360601
2.795527988718259,0.5670710252193512,0.8865617662603009
2.803723859076974,0.5592606651460914,0.8032413005577971
2.8144699839762986,0.5488503083289133,0.8013874411951417
2.8223859318022457,0.5411435773112889,0.8142108627773929
2.8325227196625304,0.530904180559125,0.7516849470857635
2.8412151719770993,0.5209685931098812,0.6897600697857557
2.8499700735949163,0.5109128496722437,0.7178526216584017
2.8591450729372316,0.5001312273280741,0.7351845191192913
2.8679068657993163,0.49001785745416715,0.727496298592323
2.8765079459044363,0.48093581465532365,0.7575069556831073
2.8855061842183,0.47206215898223325,0.7885669062829767
2.8931353376538427,0.46343666860444893,0.698436410830904
2.90273469101606,0.4515757716659602,0.6901699462257634
2.9086442764849676,0.43967770322169886,0.3399978915811858
2.9154740598877944,0.4267225881056076,0.5764890933563832
2.9242766148245156,0.4133023581098188,0.6075748365191892
2.9340093175959536,0.40081722003622805,0.6666533747168488
2.942384803945765,0.3896792289320655,0.648722808435291
2.9507313981672336,0.3779177459705573,0.6239641579434292
2.9585602535085207,0.3670026410804421,0.6433986237821849
2.967337160722156,0.3552826270967995,0.6694524585284035
2.9767420192350387,0.3439906413323748,0.708063287808723
2.9865267856219204,0.33231216216726583,0.6936325554001508
2.9954778291799165,0.3211542742508276,0.7149329215862569
3.0050397208530057,0.3100518954249963,0.7250819984927743
3.013819653042555,0.29823600896769203,0.6172164639812115
3.0217452685217934,0.2870909286937788,0.6599849939510832
3.030705605615792,0.2748873367122892,0.6215925805351613
3.0383768715606205,0.26412428676407573,0.6346236604151195
3.0464771633052163,0.2541473531799924,0.6681497869964678
3.056576817140721,0.24251842564111625,0.7196662987987711
3.0657616776245216,0.23116310891313802,0.6500646204953586
3.0735260764321164,0.2208764380949451,0.652931742529561
3.0831408508542277,0.21088683350251694,0.8189733088411256
3.093810712704439,0.20142015391893622,0.8790807879541844
3.105068986010837,0.19191149091708448,0.8581274727595438
3.1159523828782696,0.18330854500177157,0.9108150543496121
3.127394263467022,0.17387878197612938,0.8736889069943201
3.1388112528662,0.1635552856733119,0.8439618374300889
3.1503827190035896,0.1534539708749703,0.8366038439010008
3.158441904534195,0.14481018447214386,0.7353395896575506
3.16890098235912,0.134003107716057,0.792852524345041
3.1805475999550152,0.12309332313458683,0.8231751963025672
3.192242765007016,0.11386340950815195,0.928917534642065
3.205517678404476,0.10358943716079931,0.9077867698231333
3.2183739031474006,0.09486428708084452,1.0029882712377347
3.230814057752653,0.08728850678631553,1.0050933739272017
3.2423664781925416,0.07938544905144496,0.9656389531487951
3.2544249020643226,0.07095718834905285,0.9532666538720097
3.265442631036533,0.06337388598845485,0.9414896968496743
3.276897100457089,0.05568765487816095,0.9962757500633529
3.2877014256671218,0.046786455608159,0.8210747403876868
