-0.9737338499234816,-0.17450133775666854,1.621920542187083
-0.960232471710458,-0.1736253067113248,1.6298419504402557
-0.9456487703388715,-0.17285667818922967,1.6100837064154456
-0.9313336351412767,-0.1723110234808558,1.6167079897632408
-0.9171035580736727,-0.1717848597097155,1.6155059421121558
-0.9027248052019169,-0.17082137147447313,1.651750028969354
-0.8880217583104472,-0.1699448722964291,1.627351274963307
-0.8731720657038775,-0.16889761597764022,1.6567338130842557
-0.8582146759508995,-0.1669248373921608,1.7282837403000422
-0.8437570152309312,-0.16493545202200477,1.6964481600043073
-0.8289521147095502,-0.16269843934747538,1.7707080576663004
-0.8157136793318778,-0.15950552906281462,1.826668087929479
-0.800319826858211,-0.15596431054269153,1.8011453352840903
-0.7860298428318249,-0.15263527847855482,1.7951901545167779
-0.7702216280502637,-0.1493432057503103,1.8192489447581537
-0.7553107738423455,-0.14544898230237638,1.8749495109830707
-0.7425617333820599,-0.14146252700696824,1.8733970930098962
-0.7293677758292231,-0.13718462455891278,1.9038718734626925
-0.7150849117994742,-0.13248642613495676,1.9561030252342106
-0.700078663576007,-0.12678623694442803,1.9745214587348237
-0.6885948961404246,-0.12161864382715493,2.0288784613633557
-0.6753879789493712,-0.11498726514344991,2.0458377227153615
-0.6612004983608917,-0.10756300710534648,2.0414997044665686
-0.6496248731595174,-0.10321134544486786,1.9283308675457558
-0.6371901159492782,-0.09807992388191039,1.9788587619997826
-0.6242817443080868,-0.09268590806111267,1.9471849035593438
-0.6106785844547671,-0.08629152076443578,2.031739480316496
-0.5982667334954602,-0.08134345084597161,1.981048444629888
-0.5862317529405587,-0.0759921301862821,1.9906687822527505
-0.5724801434564981,-0.07045883083989554,2.0050581359269533
-0.5581009805267988,-0.06445778527199114,2.020627316896101
-0.5462552976718251,-0.058420460757237384,2.0227189256304614
-0.5319535108546548,-0.0514133713027122,2.064513424361565
-0.5181610850164498,-0.043598115522074064,2.113115061137443
-0.5056047835640753,-0.035840064906595435,2.1242272814170615
-0.4931932499774576,-0.028723527289369957,2.105715361486932
-0.4815626511348328,-0.02224800121571645,2.1157762105080913
-0.4687776986294265,-0.014390871016001255,2.190821647865928
-0.4590288558498476,-0.007317922679425924,2.217206966776342
-0.447699744050372,0.0004240578977809129,2.168629985836497
-0.4341376987864824,0.00922811479798485,2.1462104214744326
-0.4204293510572349,0.01845351713631659,2.184679840411702
-0.40601733593580586,0.027720554684858085,2.1745753493536144
-0.39490913647713777,0.036260053481423464,2.255656338343978
-0.3845489047622428,0.04509235695853157,2.2577382559571193
-0.3731759382700375,0.05447168652971684,2.2811951588917454
-0.36218611765625175,0.06441551705539503,2.2908127842510875
-0.3506882498223539,0.07526753675391577,2.3482054127564393
-0.3419136272465626,0.08432302273137252,2.39558241094994
-0.3326878900076523,0.09450448229616386,2.4160220453300165
-0.32226777240248106,0.10703915946647011,2.4404883812577656
-0.31327111963897214,0.1187568053489121,2.459356209125038
-0.30579171134875716,0.12748762521135484,2.393098766145941
-0.29704038104197916,0.13803439216266747,2.4612063728946185
-0.28771912977758546,0.1507466640705976,2.549800165838945
-0.27976610467954904,0.1636080153049697,2.5720386913336495
-0.27239097853981076,0.1746946908900149,2.525007173373307
-0.26384025193219307,0.18658320427507646,2.499187351305564
-0.2557900483047412,0.1986973496848991,2.5352277472007345
-0.24765155498332403,0.21066274359888637,2.564123859665717
-0.24076605946278085,0.2202681416251185,2.4530372580832385
-0.23128798356503372,0.23009846046776947,2.349505127507772
-0.22408751374920963,0.23825206729766502,2.452997671434768
-0.21613848867554009,0.2469309286464489,2.336945756698072
-0.20503205781255596,0.2548637736330649,2.1040981761004245
-0.19229225550553591,0.2617243154921422,2.042993769166617
-0.1797178193921251,0.2680590001305497,1.9824257639193794
-0.16418927902356822,0.2669085507452757,1.2584261913767167
-0.15107706585032965,0.2677307453015786,1.7837580157942738
-0.14149686342529835,0.2716781184887759,2.016987401634605
-0.13080584364868159,0.2773503672962272,2.0879862544574888
-0.1188928101630059,0.2831559854636877,2.036566181075522
-0.10713426449759328,0.28916523421164353,1.9980003629620908
-0.09510606818466556,0.29446375454945,1.998193905513383
-0.08382979260261884,0.2997898064049028,1.9950148834908183
-0.07109602665186453,0.30580131572746316,2.0606982388079116
-0.05895921052704304,0.30805025531388663,1.5898030823547074
-0.04695094835848074,0.3066948079090968,1.3541671591259594
-0.03324587421414358,0.3054368409881069,1.5524734798548852
-0.022609151858016627,0.30360801712833635,1.2672461201262353
-0.010675865051836635,0.3000266247497034,1.2827548592750233
0.0020227540795788395,0.2950287602833611,1.1835673510682458
0.015565501635241832,0.28956488046586304,1.1573088357785064
0.02580485723727328,0.2851046200668251,1.1732373673249845
0.03841261405108666,0.28346179197444443,1.5708543462034723
0.05267749403844187,0.28180890704264183,1.3109566100389496
0.06777023912663682,0.2771551120691412,1.235620187088502
0.0829225013963346,0.2723626325122181,1.2334531636503712
0.09779713245420767,0.2667762317655956,1.1959867354642777
0.11206309162228024,0.2620021827275927,1.2567900231744262
0.12661856737850538,0.2574409751726293,1.2666467055238657
0.14141992676762533,0.25221904470166373,1.2187364862847703
0.15671462479529624,0.24695524059992485,1.2446282152154085
0.16986634811874546,0.2421622652851983,1.2108040562015199
0.1826503884071165,0.2380086880851282,1.2313702684901
0.1959430025352955,0.23327540948241077,1.2083826167448215
0.20860574251339523,0.22842986262413498,1.1967885130403648
0.223027732239154,0.22288184392219373,1.1677431442227557
0.23553955653696113,0.21859147258880446,1.23798649534293
0.24955838733618751,0.21460974672007951,1.2282344462648063
0.2623789477061884,0.21022749998116247,1.1510185556559505
0.2749975926240274,0.20475930223296088,1.1262991368163489
0.28950937453398246,0.1980912888781872,1.1422939106309775
0.30303852913015966,0.192121304565155,1.1390103110007104
0.317961286017611,0.18505405363457456,1.0909718863684976
0.33184189143720016,0.17823200101927725,1.087415167243862
0.34452104205505624,0.1711967112442385,1.0367489523408915
0.3569522202658339,0.16424116766209465,1.0734166315921696
0.3685239722003891,0.1577273309082487,1.0626135448484777
0.3804729593253813,0.1508454981084452,1.0580246546015577
0.39395884513106066,0.1439146478206547,1.1162649917953635
0.4063628977326802,0.13762414097391126,1.0952258912282724
0.4177228291336809,0.1319975621985013,1.112888499444754
0.430399000189205,0.12610541228466,1.136477600602471
0.44334940063546574,0.12018539390645347,1.1456199734816257
0.4568413471261572,0.11376857460302733,1.0713259019023302
0.46992734392264873,0.10625380320628001,1.0253948021474788
0.4822421377759004,0.09874698827803,1.0226442413754955
0.49365716504993773,0.0917144157432814,1.0034642794397532
0.5054357425295312,0.08373925794528407,0.9640638774265861
0.5177192329676129,0.07615041459715836,1.0399415912803949
0.531705174793216,0.06869453254583716,1.100659280635602
0.5438850878648142,0.06009592609931049,0.8616416381793696
0.5539357145189401,0.05159258943702526,0.8628923620739486
0.5648450159006121,0.04247375504419914,0.8329488221964939
0.574633753520671,0.03423612363419943,0.876450812658523
0.5848142620704962,0.026481076960354503,0.9821806493577047
0.5957016727396296,0.019363169975533032,0.9951882847599827
0.6080716567401786,0.011324340177369116,0.9764175816377892
0.6184117900147897,0.004295888383229578,0.9709002668470053
0.6311323784487993,-0.004548266902220587,0.9521095838948292
0.6424774498823731,-0.013158073694433073,0.9223174061398155
0.6541145220618345,-0.022342186608733636,0.893242710217298
0.6653484500288616,-0.03191153567890387,0.8806372933724217
0.6764515712782156,-0.040788868929707206,0.9079155928791668
0.687229973350704,-0.049067751907031026,0.8965031489592096
0.69939783792982,-0.05940347794719532,0.8568942635844885
0.7107347516605322,-0.06864162885232197,0.9176456020390574
0.7208467941260447,-0.07644551529232478,0.913559446141326
0.7325661015044413,-0.08599261468751931,0.8789848583647497
0.7448292527377381,-0.09718430628044802,0.8273161595547633
0.7559620664600653,-0.10707373600959691,0.8688086842594741
0.7667172132603812,-0.1166942651897012,0.8171530493272975
0.7780175351171514,-0.12656303323022614,0.8915698935840907
0.7897239065937055,-0.13506891501931767,0.963764687037534
0.8012091627895144,-0.14510706395827638,0.7619179246547455
0.8124150262206212,-0.15611180384330398,0.830324563495593
0.8219341720619057,-0.16616455610860098,0.6735993963262003
0.8299827021291867,-0.17644234324933375,0.6749774351808081
0.8393766007596531,-0.1875563817016705,0.690892581727807
0.8479056722417178,-0.1974626974897213,0.7252616985818215
0.8569509862606263,-0.2079183151238411,0.6906660337808028
0.8659051706668588,-0.2183955608619161,0.7307423673937467
0.8744039730695113,-0.22707795396474836,0.8075708332297932
0.8821160146790576,-0.23389743163149004,0.8748974265540286
0.8920150895235867,-0.2423545151478812,0.8601929587726711
0.9026554286090376,-0.2514011211360484,0.8399587635189516
0.9108717526658255,-0.2612715221122689,0.6354896311487002
0.9216848863351862,-0.27372967466073617,0.8167259972584138
0.9324838237197673,-0.28376308996796656,0.8306603052128839
0.9425869496803398,-0.2938363330407907,0.7546075650577351
0.9541127996570953,-0.3052492401049486,0.8338768128577781
0.9639517109647256,-0.3141888795368653,0.8333757630284524
0.9749006210829682,-0.32486485567926815,0.7929722082309166
0.9859081034506274,-0.3354652152987607,0.8092917884030384
0.9965953339439735,-0.34478866945361525,0.8589294193220133
1.0084256549596087,-0.35459389629946525,0.8755496389723258
1.0207960724309886,-0.3642087350109101,0.901322670640694
1.031877879599927,-0.372601694459446,0.9138819786963911
1.0420394876478887,-0.3815115473192773,0.8113859678048736
1.0521701195097435,-0.3916483603755832,0.7439784739283437
1.0622654218853562,-0.4027666695270896,0.749772761636476
1.0720774281251462,-0.4130956072184114,0.7469027266148219
1.0810732413015216,-0.42276473120578284,0.7717264703683842
1.0902976684898116,-0.43294545899504167,0.7221661032232529
1.1006239467691503,-0.443990438614726,0.8085670176970964
1.1103432577790155,-0.45377844073281914,0.7692894254087599
1.119647172908885,-0.46373310411185575,0.7434579896042143
1.1289198527954514,-0.4715946127045645,0.9270514468502591
1.140155882837172,-0.4803989496196824,0.8990632779604121
1.1505126075656338,-0.48787730735393353,0.9657038943867243
1.1590401795883318,-0.4948294427309557,0.8213329288107063
1.1707448077133134,-0.5049484588894005,0.8698484649013717
1.1810964215690845,-0.5136380139314743,0.8502897681732371
1.193092673820099,-0.5237784855306574,0.879910027379898
1.2047217152353162,-0.5332334045523827,0.8931415982049381
1.2158743663157425,-0.5426206764421047,0.8509815932583551
1.2256220560765017,-0.5509836794858868,0.8502320415443815
1.2357320241299083,-0.5598933749324279,0.8470052802128252
1.2457472163641654,-0.5690878913021502,0.8509823958626586
1.256627892049727,-0.5783911810807238,0.880342639453368
1.2655919853340343,-0.587240891565856,0.7612655425746859
1.2742327152057675,-0.5954204815160433,0.8161582420573208
1.2845275029052783,-0.6050562119088086,0.7939974826263887
1.2944825667566255,-0.6147297494284936,0.8016022427991858
1.3047788653753292,-0.6249675162317844,0.7872057057616644
1.3134007529682339,-0.6347525523824573,0.7033619373403819
1.3221174479522346,-0.6445899179620455,0.7560029819173392
1.3327704454397826,-0.6562436468399753,0.7571253107120685
1.3419353245272714,-0.6653251134106154,0.8178994183989415
1.35194573570754,-0.6724681092764105,1.0219288824140373
