-0.900236230573038,1.4194953022321062,1.6214207039794624
-0.8869389247034504,1.4203071712504527,1.6322875613764423
-0.87244662834604,1.4210703112158112,1.650070306299381
-0.8581073970240022,1.4219307437259556,1.6389505431967177
-0.8433589610620944,1.4230014225998042,1.6687551303632127
-0.8285950639919658,1.4245386987452044,1.6975893348181441
-0.8139816951173029,1.4268884344032977,1.743501717303909
-0.7989687426393871,1.429810662205048,1.7651625517342213
-0.7850982111820605,1.4324143206010682,1.763569614484851
-0.7698691835967667,1.4355477244749606,1.8088481447352251
-0.755219797651773,1.4384221148315641,1.822147534431327
-0.7396272320615036,1.4421793406066368,1.8959342177987424
-0.7250871534618688,1.4462079611704197,1.8414918028944793
-0.7100555773251122,1.4497907808669972,1.8306313298506736
-0.6951654104005776,1.4539701515780605,1.8638123781940596
-0.681214253303348,1.4575344918872795,1.8568294096882352
-0.6668713035090158,1.4626352860918845,1.9061814242228516
-0.6521990809839665,1.468273533909832,1.9479850581637141
-0.6372675771898109,1.473517821363223,1.9110907722592516
-0.6236818147196492,1.4779660923695195,1.9025740560403195
-0.6101208040488336,1.4823663226244852,1.9086637885107807
-0.5972399812835245,1.4873610297723916,1.9569122472126432
-0.5837020308757233,1.4923071357176043,1.9903530280562207
-0.5701218717501568,1.4984560386210342,2.007347569218941
-0.556703237971258,1.504746516206795,2.039740875751716
-0.5418011412181556,1.5119092358289692,2.0490957694037744
-0.5270557247676588,1.5188044553121418,2.0264281676835827
-0.5152999004563704,1.5239618080146946,1.9777599148860645
-0.5023110717824896,1.5286409675183106,1.944272937645797
-0.49108790912696154,1.5346179559326665,2.1741367069788966
-0.47938658225224096,1.5429897627298188,2.1561745105755925
-0.4667353145259867,1.5512613974920606,2.161303772570052
-0.45412032655092427,1.5583210407014871,2.092408221648016
-0.4403050663573565,1.5648487005688916,2.0441243224650796
-0.4281659215339683,1.5718871647847532,2.1258148833565063
-0.4165870545405527,1.578864787678578,2.11110664786092
-0.40351313740659667,1.5865083303193124,2.1174849170895613
-0.3905715239075183,1.594265348187537,2.141713345509851
-0.37704994494065375,1.6035098391500735,2.182731000382773
-0.36466553199097584,1.6114694565992496,2.1166936151290052
-0.3505922563284702,1.6194212909425407,2.1101707091844406
-0.3365380304176433,1.6270718961825006,2.090425373789134
-0.32399457008992405,1.6346396759245065,2.1528678298405763
-0.3112657035720546,1.6424432089386747,2.1267893374533884
-0.29875810069125047,1.650320980389447,2.1330116894286104
-0.2858787300258618,1.6583065479765648,2.134726705754158
-0.2728932594740979,1.6670202510693142,2.1745827535363893
-0.26299026528810804,1.673276269049952,2.142342691653365
-0.25151672685425086,1.6810827279735536,2.203421981399231
-0.24103614984238142,1.6882986879632065,2.1962155920348865
-0.22847844358512318,1.6974802952236416,2.1801285449692154
-0.21648073617727479,1.7064694069541206,2.239485362009463
-0.20464652711502176,1.715883779841148,2.27542921491503
-0.19518264552031084,1.7237449516678651,2.2793914230209396
-0.18448054490498123,1.734824468507785,2.4161606344372237
-0.1742381491897612,1.745984121742713,2.388908375446131
-0.16395422500759696,1.7576688866182508,2.439835823409309
-0.15371806328356596,1.769830042140194,2.4412526157179726
-0.14587046240344972,1.7790692319403143,2.434253428771362
-0.1360106663362522,1.7905771404401052,2.4301867233792716
-0.12675312725049317,1.8012691974227708,2.4214181917752
-0.1175416500193459,1.812151618402348,2.4380990726757457
-0.11018320586965548,1.8214645509396512,2.465799682349966
-0.09732270757342429,1.8255622898272905,1.5348637186375358
-0.08517284330471901,1.8218306575500325,1.0808755901654117
-0.07331331111136909,1.8143736156063326,0.9954114160466846
-0.05924198679182611,1.8069839370157068,1.180679730730698
-0.046358390922338025,1.8021605400249987,1.2151692172375095
-0.03199780357084573,1.7967276002285166,1.2334794826782869
-0.018144430889987562,1.7913160576813592,1.1823304541718385
-0.005970434902915375,1.7866596643149941,1.2337231982568095
0.006670087959830038,1.7817725799232698,1.159910601104601
0.01974234719954617,1.7759868801590177,1.1597894427471238
0.030101503827684256,1.7715715546126345,1.1680147832745584
0.04201278146190441,1.7674971169721356,1.2227768999714819
0.055144166963987606,1.7629396289085635,1.1570894715984223
0.0687744498959427,1.755522733131675,1.0748255175157555
0.08051507693936877,1.7492008406119537,1.107258993193796
0.09288499785599573,1.7432555739305695,1.1536558817582683
0.1064471221942307,1.7365993595878884,1.0837537740128398
0.11785447465357161,1.730985873549335,1.1109278677097978
0.12837863446900907,1.7249681081083352,1.0646006735848137
0.14299914111318338,1.7169714473158428,1.090641002771467
0.1549956235697741,1.7110963829192065,1.1528974778169523
0.16868815080174776,1.7065496040346682,1.2181102284925116
0.18105283738000094,1.70112847034119,1.0739860857874362
0.19380734455695625,1.6944758640893993,1.068921637990009
0.20682559113521584,1.6875535227802825,1.0678579580714966
0.22010567259940525,1.6807526450598487,1.0908679848142309
0.23311944473459312,1.6728527295315438,0.9124779311511336
0.24269054690554534,1.6648277633613005,0.9162969530449397
0.25442316913568547,1.6559526411231158,0.9268318721244666
0.26374058681787654,1.648689010680657,0.8761893192490111
0.2748363639567595,1.6382858359527526,0.8047479141632459
0.2859974156823086,1.6278140123822213,0.811792099053461
0.29693854258557234,1.6196496715048498,0.9998851064204662
0.3101816449698418,1.6126130736718216,1.1147616736018588
0.322764893828669,1.6068822865226098,1.135997546308535
0.3357228233976771,1.6014394446431608,1.154806724700576
0.34800192457868717,1.5948446289910165,1.0287661875023921
0.3597720725780468,1.587377219755036,0.9838982323778398
0.37108664435549266,1.579737783612227,0.9742741788810604
0.38420610397011185,1.5715318451522289,1.0644158108669808
0.3965100846052801,1.5651347249070544,1.0708582131478412
0.4083287877421729,1.558118092863859,1.0443823060485982
0.4222041106170185,1.5506707033615819,1.0792505702591342
0.43426950267281766,1.5445691703896816,1.084170429139453
0.44691812961892846,1.5383783003151121,1.105697505468977
0.45923836434796844,1.5322933773837535,1.092711548353205
0.47138901354523105,1.5261349506569442,1.0629358254258034
0.4835140732749113,1.5188437562409178,1.016314910002958
0.4939421441241028,1.5119533613782166,0.9929213530123275
0.5053277907310953,1.5048293762835088,1.0287224953575371
0.5175295899252516,1.4976261912295132,1.0118679289138015
0.5295435747093103,1.4899284437645255,1.0074632412630038
0.5383848333332738,1.4837832985054518,0.9473110194179308
0.5507270642343421,1.4751275915687418,0.9500216357974757
0.5611863206608592,1.4687975439711545,1.0067621829435367
0.5704218709308645,1.4623240004347011,0.9050437820514093
0.5795837380445193,1.4542491968531646,0.8034214684238838
0.5886202987574649,1.44568010178442,0.8216414280278479
0.5982098149415288,1.437076980707135,0.8265231941502275
0.608933115895041,1.4263857778249254,0.7865260932300504
0.6176180144507386,1.4183467093473634,0.8331085615328936
0.6280573987197832,1.4093810891029832,0.8933654683773027
0.6360398953027854,1.402294412158124,0.8461838442035798
0.647074218859563,1.3929225441868274,0.8604961117017701
0.6578191138764327,1.3832093741844211,0.8438094581015115
0.6688438543324827,1.373300359389391,0.8088370401753507
0.6774207967934324,1.3651196558177592,0.8095313002029132
0.6860802460162065,1.3561618959318655,0.7252614146344143
0.6953022108996565,1.3459124257253592,0.7367665898435037
0.7045904418077961,1.3363059644686222,0.7965279070835808
0.7161706502737459,1.3274221136653028,0.9704871049548373
0.7280726100342929,1.320265819241866,1.0651731134636089
0.741956202092729,1.3128722948543468,1.0472915486620349
0.7543160142345621,1.305142189282574,1.0059659943715697
0.7660878359279581,1.2971019725570025,0.9697076128471097
0.7762390591570173,1.2875704304263673,0.7533960350731661
0.783486439114879,1.2780968463663975,0.5797113722954357
0.7929095307081554,1.2669148855935004,0.7809534661484189
0.8040784992858102,1.2567272610831741,0.8700624519395387
0.8140227676249314,1.2454853980208236,0.6313935251704593
0.8217031795243023,1.234874895757909,0.6213573494931542
0.8283365643337643,1.22495830866146,0.5744001850969882
0.8359362187804347,1.2127140916890096,0.5497026480215619
0.841427253070796,1.2021884457188285,0.4542425661878252
0.8481742490096524,1.1896848695434408,0.5220177512112777
0.8554854759763675,1.176720817601277,0.4846257123307554
0.8615323828399423,1.1652295902621193,0.48267106302476065
0.867947661086106,1.1536416218669328,0.5470484137434294
0.877089229764212,1.1427599665196213,0.7815924063426756
0.8874855929302811,1.132304035591304,0.7917857249152794
0.8966441781468188,1.122925011769811,0.7348160976942236
0.9065316711220364,1.1120914341363553,0.7473979855630208
0.9135276606726108,1.102205875532536,0.5613927460649667
0.9203268994435873,1.091630530976283,0.5951293498440051
0.9276070227209247,1.0809993319334308,0.5999329655415847
0.934334327764226,1.0701644022708963,0.5585413758105029
0.9415359768431996,1.0581904325750926,0.5376185464591845
0.9485269311996919,1.0457865425585804,0.5446777932195435
0.9572841715181939,1.0317812545178533,0.5571196081402063
0.96481817809095,1.0199797688764438,0.5823006362629614
0.9731821005840435,1.0081703095184393,0.6311689578393674
0.9828860843658419,0.9967417725907995,0.7746911940080479
0.9910440452388339,0.9886887785677148,0.8169250235081424
1.0024401082224406,0.9785296215280351,0.8005577591632945
1.0118564945665827,0.9699994785958127,0.8442686409615975
1.0246443118598059,0.9594896998310118,0.9139795534317152
1.0355486912282539,0.951797627153223,0.9397522085030108
1.0460455596346865,0.943837410144402,0.9294245301080519
1.0563244844108,0.9354935435265025,0.8657128630874964
1.066564874643226,0.9259343911259451,0.7871515666312238
1.0786522000804837,0.9151831284444165,0.9018405473722264
1.0909118451848896,0.9060190596327328,0.9166308428010983
1.102010692203316,0.8974828217066733,0.8864073125385482
1.112525780443349,0.8888563929891014,0.8570210486030643
1.1213090573993012,0.8814361954258751,0.8826252829866034
1.1326998630439251,0.8719432089355563,0.8741217020588236
1.1438650047272743,0.8628328517040096,0.8955458685649494
1.1555460769497963,0.8525065597389508,0.8362849428310798
1.1674098514446798,0.8433930684801499,0.9370364497822637
1.1800026642422474,0.833621423674906,0.8890843248866593
1.192808129193108,0.8241579918356653,0.9642890375741012
1.2040741047648797,0.8162944264149221,0.9678035739961327
1.2159746543391776,0.8077402623699608,0.9560089754577038
1.2286385638244461,0.7990081543049035,0.979928888410318
1.2402814078339974,0.791019234607604,0.9484263114774387
1.2493314599832375,0.7848038673427842,0.9400058627917444
1.2600717044767769,0.7764692955500659,0.9120322127762237
1.2719244673415682,0.7677812730979376,0.9312365763466703
1.2825910023864755,0.7586543988722346,0.8015845979432047
1.2950069305958278,0.7474139348852823,0.843328478359986
1.3065869382723678,0.7366225981085269,0.8072833351862652
1.3168585633138032,0.726402137434074,0.7948913414913509
1.3268433583756356,0.7156616177168714,0.7366195224499903
1.3350809273459687,0.7060222164815104,0.7021207582096362
1.3450851462823967,0.695759451181061,0.8390165912346688
1.3563430355689732,0.6861060912111286,0.8608275350398552
1.3662011277553034,0.6759435538341416,0.7512135434378036
1.3751709774418635,0.6663082666008097,0.7291847599204927
