1.5868691188605022,0.559510875716439,1.618763954368569
1.5869414345667057,0.5595085177960669,1.588348337752033
1.5868804745148106,0.559454834069803,1.5595190343453944
1.586659638038552,0.5594952837395666,1.5788077586172728
1.585898537444064,0.5595081721581803,1.585084339020591
1.5854232595336535,0.5594792138492921,1.5654191488353333
1.5854228794186371,0.5594790886456813,1.5661157298611394
1.585419608626146,0.5594786376696091,1.5653480994859768
1.5854178257990583,0.5594784157224635,1.5649824758293653
1.5854168044207242,0.5594783078368956,1.5648064273785447
1.5854161523917025,0.5594782546333009,1.5647189392934033
1.5854156799805452,0.5594782274202806,1.5646727283262245
1.585415292190466,0.5594782124579164,1.5646457269392864
1.5854149434808598,0.5594782032244616,1.564627644715106
1.5854146122971464,0.5594781966608187,1.5646136863632438
1.5854142884567417,0.5594781913347316,1.5646016182902591
1.5854139671551608,0.5594781865764105,1.5645904003004998
1.5854136461258657,0.5594781820728659,1.5645795479467162
1.5854133242977162,0.5594781776779041,1.5645688355266136
1.5854130011617042,0.559478173323247,1.564558157785264
1.585412676472764,0.5594781689769913,1.5645474655297784
1.585412350109579,0.5594781646242072,1.5645367356579356
1.5854120220087833,0.5594781602578824,1.5645259572079337
1.5854116921340764,0.5594781558746964,1.5645151248656284
1.5854113604617632,0.5594781514730491,1.5645042359432857
1.5854110269739852,0.5594781470521425,1.564493288973099
1.5853993588392945,0.5594761690752363,1.5619835746629243
1.5855863688771676,0.5594825736028216,1.5666702305059355
1.5854436860369145,0.5594782945521595,1.562481409423318
1.585405552178451,0.5594760767480895,1.5611978096698202
1.5853907160359566,0.559475222602706,1.560685676153987
1.5853854360755213,0.5594749195350363,1.5604967848259297
1.5853835125221116,0.5594748308720774,1.5604267943643135
1.5853828414144293,0.5594748178453679,1.5604019402309999
1.5853826332738044,0.5594748331022776,1.5603942436195004
1.5854119035132708,0.5591130284086572,1.3719959071389372
1.5849960002937875,0.5586060405369027,1.175235741999661
1.584590402302554,0.5584304827341289,0.9743852094340734
1.584004908543807,0.5583981134645133,0.7621310491285069
1.5828808076821532,0.5593341821042092,0.5701544662067158
1.5824504340085181,0.5591626313137043,0.3918122910365783
1.5826302929469958,0.5589240058947595,0.39012563471952777
1.582002636324399,0.5593537267845986,0.20847741852339366
1.581464422601023,0.5594684546842772,0.0035698714430404954
1.5814498407346425,0.5591419625948684,-0.0033710641434817096
1.5809616664536705,0.559268736629881,-0.2113860598457626
1.5808679799592158,0.558617928423948,-0.23354343140369435
1.5809019860144282,0.5584669467574853,-0.19251937638245556
1.5809672352017203,0.558733011112398,-0.1856214158784495
1.580454957633692,0.5583716865291249,-0.3743511945207884
1.5802387222758514,0.5587721086640248,-0.5882383704584809
1.5795871786278655,0.558704524192305,-0.7854071362833795
1.579350986141181,0.5589768602965842,-0.9619212214543482
1.5796244199537695,0.559183891863938,-0.9843616137079386
1.5798739736095198,0.559619615690604,-1.194805757906448
1.5805560573196376,0.559702712606783,-1.1780826629027525
1.580537517247484,0.5596343466404328,-1.1674682255469793
1.5804844091384302,0.5596024181802938,-1.1789930938864535
1.5811600368327585,0.5603040275923935,-1.3493532898142502
1.581203905172742,0.5602705999955012,-1.3572140281753289
1.5811393764134867,0.5605387572009739,-1.5532442918708365
1.5809530255448445,0.5608677029410665,-1.7503957503613614
1.5819125800097422,0.560733405484995,-1.7475983890402935
1.5817789152696482,0.560746514204488,-1.7386473339733335
1.5815679793220845,0.5607605143183624,-1.7262864657468264
1.581741191726418,0.5610832108706836,-1.896518389024822
1.5819596787151204,0.5611059724882234,-1.9365185773543423
1.58240195880987,0.5615371289261162,-2.136759692078631
1.582916212062697,0.561477301544045,-2.34330097513241
1.582775085324238,0.56167135528584,-2.362721308491161
1.5826690720390095,0.5617840697194781,-2.36100588360696
1.5831620553352415,0.5617165828162417,-2.5579882751131606
1.5836803249048783,0.5610805732552371,-2.570078413420291
1.5837419344753823,0.5615094630433134,-2.7581283657353564
1.584050028997951,0.5618555968538467,-2.957486236537998
1.5841625621983169,0.5623686707449078,3.134858731878482
1.5841237087942897,0.5627153499808529,-3.1409600219570737
1.5845819935962573,0.5628974947075113,2.9483499219779867
1.5847969018606087,0.5628039897667831,2.761534198540959
1.5846921239085396,0.5615949969521145,2.5570689624450975
1.5851143966147851,0.5623024844416903,2.5457414524722957
1.584893223184542,0.5620344775598282,2.56148422664612
1.5845904158783957,0.5612559288880897,2.4007958177648625
1.5848476866910164,0.5616219889707765,2.4389320408933575
1.5848582557348325,0.5616382863673842,2.4446042309794622
1.5849730166845466,0.5612658974308414,2.2658315659422965
1.58526823099046,0.5615034371852207,2.272003377934471
1.5851701704587722,0.561398020491977,2.264605847212458
1.5852674032113787,0.5614475218498299,2.2617586728558754
1.5849030282332668,0.5608117592790648,2.0631283475184254
1.584594988594476,0.5606841353311888,2.0598711355017367
1.5841096016184228,0.5604672905902072,2.0491096417916417
1.5841219616309647,0.5604656514897234,2.05121569995704
1.5843182099429043,0.5604012020420215,1.8727357178544857
1.5837454611989426,0.5599516290373391,1.6633183525446475
1.5839430102722314,0.559630075359579,1.482050115684071
1.5838253069737136,0.5592898544329719,1.268760288723617
1.583650618317175,0.5590125736709846,1.076517145753585
1.5830149964781004,0.5593350466728882,1.069351609981039
1.5828963597182872,0.559412415909271,1.0940389292998813
1.5824342512266385,0.5592516623232997,0.9731700929941163
1.581948575644057,0.5596640017977111,0.9720508654711745
1.58123186327735,0.5598054157868202,0.7855690497752184
1.5808070993895387,0.559792970405094,0.5870697889204687
1.5806531241158008,0.5600822745161522,0.5681070228748555
1.5805080996995908,0.5603296450601566,0.5630452016342197
1.5802574398603937,0.5607405030266023,0.5502639870116032
1.5799884353134996,0.5601753657256623,0.3463957304687536
1.5800112428090112,0.5597919517598218,0.15620520585354064
1.5795762530382318,0.559453423210065,-0.03125631177067212
1.5791082954516105,0.5589397518209113,-0.21995081616171092
1.5784213806394807,0.5591909783258391,-0.42262843180251747
1.5774957532394709,0.5591663744705114,-0.5918288507164109
1.5773917662584063,0.5590224216437802,-0.597960971058308
1.577225689657841,0.5587334203902409,-0.6033054693825924
1.5772330397415522,0.5591903526032113,-0.7667934719780486
1.5774094887682077,0.5593539052204846,-0.7626421564018
1.5774349014954734,0.5593914106144998,-0.7632974079898283
1.5773379312311655,0.5598200544949417,-0.990002594145812
1.578099973916306,0.5602885190133434,-0.9875998715876655
1.578522750324484,0.5604874816066496,-0.969447890462124
1.5786906536414116,0.5604358019840152,-0.9473275300209576
1.5784788006566859,0.5605942469587181,-1.1234696636880286
1.5789548817590735,0.561139846562987,-1.3329545549124275
1.578728389808081,0.5609702493795216,-1.3130205200557874
1.5784716835558406,0.5609219621820796,-1.310742288778532
1.578733126977022,0.5610203508488978,-1.3203618723004997
1.5787478979144614,0.5610216212725405,-1.3138467477771607
1.578327103310226,0.5613073602522848,-1.4905642108230854
1.5783764766921506,0.5613624763940279,-1.502800390614939
1.5787013734903044,0.5614048073246047,-1.506762966985956
1.5788046133197835,0.5614182467748361,-1.5067119187929592
1.5790335923345593,0.5614095977130907,-1.5004433613491113
1.5790402562771617,0.5613953568696876,-1.4991643274670008
1.5790178743525085,0.5613819897370215,-1.4990104230158878
1.5789902433984173,0.5613692109925829,-1.4991223180743383
1.578961404765152,0.5613568117366489,-1.4993421864900467
1.5789325361589808,0.5613446633433595,-1.499604011752019
1.578903936685202,0.5613326949683,-1.4998801992902382
1.5790082414402211,0.5614865258523877,-1.6614431015321014
1.5796201348270384,0.5618775621650676,-1.8602451952178591
1.579773855225364,0.5619967856018251,-1.8821800366760824
1.57909007971948,0.5621488307847183,-1.8837492040054216
1.5800956444165615,0.5620965254674075,-2.0606648678006034
1.5799841405635762,0.5623266448493335,-2.0937500122515433
1.5797932532376155,0.5624321881187883,-2.1057742718825843
1.5796953042270552,0.562541006221776,-2.1052872686471873
1.5795648708172436,0.5626416053393001,-2.101204791113703
1.5794610311492296,0.5626856806516357,-2.095014719517552
1.5792093995447842,0.562805321964932,-2.0832742547013336
1.578929482224291,0.5629205774837353,-2.0714403021478693
1.5790610598246428,0.5628444745584276,-2.0675319180137883
1.5791792150383352,0.5627780704847615,-2.0632664246286527
1.5792289797906824,0.5627533548519034,-2.0613258686636997
1.5792135691719662,0.5627690596224487,-2.0615293871742857
1.5791959041295307,0.5627854279918222,-2.061602074578574
1.5791655977848393,0.5628072252502377,-2.0615622487886793
1.5789903330778392,0.56288266535026,-2.055355622446456
1.5789248108268987,0.5629001530795832,-2.0520038209862745
1.5788850348337022,0.562900409464067,-2.0486181525589746
1.578822508418433,0.5629169104127308,-2.0457122585325678
1.578852142339354,0.5628934051613058,-2.0454546182404716
1.5788863507426567,0.5628721685752724,-2.04523648571389
1.5789047441081323,0.5628590788796719,-2.0448758567141003
1.578919837936801,0.5628473895796281,-2.0443431146828335
1.5789333240382566,0.5628366962196988,-2.0437103690614373
1.578945570208579,0.5628268434846461,-2.0430727297450595
1.5789565990965924,0.5628178597126634,-2.0424517397087625
1.5789663978293125,0.5628097870093337,-2.0418614400934074
1.5789758194565406,0.562800738095842,-2.0412279184726527
1.5789872969192138,0.5627889824194177,-2.040447908897862
1.5789998222875608,0.5627764623445742,-2.039556424453978
1.5790135630913906,0.5627673048071891,-2.0388366397106314
1.5789746635014141,0.5627763423553265,-2.037443585888283
1.578916712506748,0.562787167135992,-2.035230802182097
1.5789326143818738,0.5627616427162385,-2.035212233958512
1.5793036389913029,0.5628908359925121,-2.2378232259733153
1.5800477873744074,0.5628674624226908,-2.4563308158283945
1.5801157786549334,0.5627794817162347,-2.4629714464893304
1.58048640448001,0.5628976771542692,-2.6523078447015913
1.5804751259054968,0.5626796056303985,-2.660564138318235
1.5806315660351862,0.5623574874094688,-2.675982760832118
1.5806787462619514,0.5621707205997014,-2.6713717200817975
1.5806267224402542,0.562202784895744,-2.6818223874149534
1.5806358675618155,0.5620692936452504,-2.6795991573797804
1.5805153339652387,0.5622829752570361,-2.6738319608736645
1.5805117891417433,0.5623092922467803,-2.676822688875589
1.5805074277827225,0.5623143768305889,-2.676092247539045
1.5805015826934437,0.5623167470111344,-2.6743936514771316
1.580494969547583,0.5623176891493825,-2.6721958000626667
1.5804879193223822,0.5623179148824398,-2.6697414619794846
1.580480581148988,0.5623178424151978,-2.667158193821931
1.580473018517091,0.5623177178456534,-2.664513339659716
1.5807387625498155,0.5618290081633573,-2.6800881889678263
1.5807204546705005,0.5618779779772518,-2.683754479344387
1.580830928245967,0.5617027729167391,-2.69615050970574
1.5808277041546277,0.5617128132466466,-2.7013553756006785
1.5808176913522818,0.5617358181601574,-2.7008186182735274
1.5808202877652062,0.561726481448424,-2.7000145507069058
1.5808229692592968,0.5617178931332807,-2.699470127912496
1.5808256887047096,0.5617095954480003,-2.699027163469714
