1.3758409818859147,-0.9879992702353226,1.6209886809363583
1.3759231404909755,-0.9880030032853756,1.544916414327062
1.3757002388255244,-0.9879319582569688,1.5700576543586668
1.3756193510590122,-0.9879459125003028,1.562009776217471
1.3754533895031456,-0.9879514402354412,1.5574987307165213
1.3752717889211394,-0.9879587727765364,1.5527010096566398
1.375283586331576,-0.9879679759244288,1.5531377321357138
1.3753117007374525,-0.9879724409056132,1.553959841382319
1.375302860725459,-0.9879742050463867,1.5530352299494632
1.3753149178132444,-0.9879748618486746,1.5540884085323179
1.3753060648522517,-0.9879753620818466,1.5531536918609536
1.3753175043482213,-0.9879755418432457,1.5541913882228449
1.375308142324317,-0.9879758194419875,1.5532393329122833
1.375319066166225,-0.9879759245865208,1.5542587662771004
1.375309305729656,-0.9879761411904932,1.5532907668221732
1.3753198301475371,-0.9879762349008653,1.554294118191189
1.3753097568984696,-0.9879764192498379,1.5533134683043162
1.3753199765150987,-0.9879765130725436,1.5543029887196633
1.3753096519134917,-0.9879766727082312,1.5533128363529993
1.3753196294059225,-0.9879767695842567,1.5542905749977733
1.3753091066717285,-0.9879769083559271,1.5532930563750604
1.3753188800390854,-0.9879770097763508,1.5542603274049287
1.375308197289002,-0.9879771301217333,1.5532569661543802
1.3753177843773412,-0.9879772364675475,1.5542150899969986
1.3753069714099642,-0.9879773406406235,1.553206564892633
1.3753163848608005,-0.987977451023134,1.5541577711350354
1.3753279750617955,-0.9879759042506421,1.549732714045878
1.3752372102676949,-0.9879712364649885,1.5493789128841209
1.375087945332743,-0.9879731063656106,1.543850320486393
1.375025018313106,-0.9879770068828783,1.5397611507991789
1.3750096388467725,-0.9879785850598795,1.5386647865571959
1.3750048375056143,-0.9879792626569786,1.5382266785870051
1.3750042291322475,-0.9879795818867075,1.5380460356526746
1.375005241095866,-0.9879797617534707,1.5379651534895302
1.3750068767863182,-0.9879798878708187,1.5379228321334513
1.3750087540933615,-0.9879799934143186,1.5378953866681526
1.3750107270222058,-0.9879800911768896,1.5378736776791972
1.3750127398058634,-0.9879801860869971,1.5378541796768883
1.3750147711239091,-0.9879802800442143,1.5378355320410289
1.3750168128173919,-0.9879803737815056,1.537817209254285
1.3750188617632049,-0.9879804675821798,1.5377990081763915
1.3750209167680472,-0.9879805615560746,1.5377808502181847
1.3750229773792755,-0.9879806557460424,1.5377627049505473
1.3750250434289215,-0.9879807501690471,1.5377445605805211
1.3750271148585915,-0.9879808448320391,1.5377264125318422
1.3750291916521185,-0.9879809397380944,1.5377082590246027
1.3750312738096395,-0.9879810348887879,1.5376900993633227
1.3750333613375998,-0.9879811302851148,1.5376719332727395
1.3750354542448922,-0.9879812259278454,1.537653760641319
1.3750375525413725,-0.9879813218176646,1.5376355814205056
1.375039656237275,-0.9879814179552243,1.537617395586446
1.3750417653430007,-0.9879815143411649,1.5375992031249286
1.375043879869016,-0.9879816109761232,1.537581004025385
1.375173347106648,-0.9885453963389363,1.33537867780407
1.376091921312274,-0.9887050358889639,1.3345961012845247
1.3768187108597285,-0.9887826911509575,1.3557955740488483
1.3767100381347548,-0.9887472279951754,1.3573095347389637
1.376564393467779,-0.9890782385996016,1.1656743726304637
1.375528292895302,-0.9888922971747189,1.1443302524758832
1.3753174905756673,-0.9892175031866829,0.964936472276387
1.3743421670939977,-0.9886477723744181,0.9848722558309984
1.3740444058726478,-0.9883626517295578,1.0037610544407218
1.3739040309013633,-0.9887386026556398,0.7961841951658097
1.3732097397244385,-0.9883824467427361,0.6003276976940273
1.37267507054717,-0.9879806849719517,0.3915246503833479
1.3728088979250779,-0.988373170369082,0.378497551370364
1.3724584450136712,-0.9882953199218338,0.1592543828192192
1.3720843666864295,-0.9883022648616578,-0.04414370431881413
1.372101468538664,-0.9878422169503099,-0.04228224676350164
1.3717266496349274,-0.9878297252973631,-0.23774743540282897
1.3714473592516183,-0.9874456996981125,-0.44009280294536496
1.3713582815833296,-0.9873214489172312,-0.46924171284519084
1.3712196447777585,-0.9871898850948843,-0.6635912925965836
1.3713014774353531,-0.9867422036927671,-0.8520780517053097
1.3712569802010663,-0.9868123011481097,-0.8474547416725908
1.3713269035358646,-0.9863505699227055,-1.0249091177749399
1.3713901277477607,-0.9862567333406556,-1.076364635587613
1.371083966388279,-0.9863231370046418,-1.083427005171245
1.3712100498808297,-0.9857257065953223,-1.2624728198339015
1.3709002056018111,-0.985628133918661,-1.4570885409564043
1.3712946103315138,-0.9855779339834526,-1.469595074378146
1.3710569968454291,-0.9856357539176716,-1.454800953873862
1.3707529044303883,-0.9852802385826706,-1.6558988410010733
1.3711819378418573,-0.9848638171111006,-1.8710204297031725
1.371873404563043,-0.9846703761134527,-2.0872958933869272
1.3722201833566732,-0.9844300067525457,-2.284959491495282
1.3730192881300185,-0.9847320141974051,-2.48692956528639
1.3729745952550219,-0.9845546193078,-2.6716677726766824
1.373378527581005,-0.984590336500999,-2.852909506535501
1.373474873000342,-0.9843141164596174,-3.050855596296842
1.3738212686001376,-0.9839048605677743,3.042142472851015
1.3742434171078821,-0.9837557383836286,2.84289760476934
1.3746944864500417,-0.9841798736954074,2.6058171904883505
1.3746321229060756,-0.9851445245090492,2.4008309836013075
1.3744159398385272,-0.9857829259403509,2.212281956057411
1.3751249221977984,-0.9858132650460157,2.0245960019587965
1.3746754768242246,-0.9860158459928325,1.8520947201424434
1.374650330642105,-0.9860224841715226,1.8341072337823447
1.3746609183370209,-0.9860258808556717,1.8280352357951426
1.37468311473565,-0.9860308416804547,1.821324255811544
1.3747089379032773,-0.9860278692935401,1.821814270347433
1.374049943886166,-0.9865896980299226,1.6457088692615176
1.3742346899016717,-0.9869232630677621,1.4529312641470034
1.3736983845817108,-0.9869464206671811,1.4284074671754228
1.3742610811798757,-0.9875702313127468,1.23478650179707
1.3734200614693015,-0.9874633334847002,1.036270553651233
1.373753040894017,-0.9883500937927957,0.838412157712317
1.3737019598193925,-0.9890027072787148,0.6522138612574663
1.3730350188570541,-0.9886737305276587,0.4324375939652405
1.3724960993986668,-0.9879380279857706,0.24639922545042484
1.3718574433086268,-0.9881856413967298,0.059479285303063956
1.3715301380811165,-0.9874191261711778,-0.14036830630271163
1.3709666431306498,-0.987658096556993,-0.3658434189545693
1.3704269984950688,-0.987324880879501,-0.573247822655198
1.3702202325656785,-0.9870972537145106,-0.7531661742697258
1.3706750443858884,-0.9861995952694496,-0.9476153973341409
1.3704955574043207,-0.9858939955058301,-1.1325883697598786
1.370872989444219,-0.9851115842509006,-1.3262806271848517
1.3709968587638903,-0.9848058135064474,-1.5168508474344629
1.3703774431919988,-0.9844570666271458,-1.708934230076093
1.3704835904220627,-0.9842534790543762,-1.9068386172534932
1.3705939651454293,-0.9843237258263036,-1.9279816506674015
1.3705581920835728,-0.9842736543332725,-1.9359918090818165
1.370775062651526,-0.9837011997110091,-2.1403660521088046
1.3711245394153224,-0.9835528008687392,-2.343675344735539
1.371494196861526,-0.983491227139434,-2.5412501302943733
1.3719620631485783,-0.9836738201315561,-2.75356289990144
1.3720112516271477,-0.9832132705398571,-2.9489043338274312
1.3723430768958251,-0.9830176494239964,3.1397698083043295
1.3723335583542033,-0.9825124731862367,3.136705915964315
1.372772249867764,-0.9827353791868576,2.9292692659661297
1.3730812168739035,-0.9828420165486431,2.7453837848340825
1.3734966986400863,-0.9828514776081315,2.5635336082854323
1.3744246377745502,-0.9825700821895063,2.3747679505473984
1.3747420124027108,-0.9827351521153544,2.174243114696804
1.3753983875703035,-0.9827750798935995,1.9820243440590681
1.3753560759702248,-0.9831942890169769,1.7671183927953582
1.3752424668566188,-0.9832869626366425,1.7514223295080655
1.3751394719045542,-0.983308503352434,1.7486954556249392
1.3750148339302233,-0.9833261628475959,1.7433914578664897
1.374793239997205,-0.9836487986001684,1.554446020330604
1.3744508684064383,-0.9836551329848195,1.5520082469524903
1.3736466569485315,-0.9836327398578106,1.559573947181837
1.3733179380914446,-0.9836458979285447,1.5468864533588509
1.3733002432951507,-0.9836491451044078,1.5435897630937385
1.3733577672042985,-0.9836537293183365,1.5425803545708434
1.3733671747975706,-0.9836542005820299,1.5411427553077415
1.3733664787133215,-0.9836539883093943,1.5403426332876629
1.3733639996872054,-0.9836532735203867,1.5399612635067972
1.3733615307503906,-0.9836522834223465,1.5397898300763948
1.3733593882236426,-0.9836511522614769,1.539721445218801
1.3733575182888171,-0.9836499521483539,1.5397028843488827
1.3733558204843654,-0.9836487199408905,1.5397081239036765
1.3733542201404803,-0.9836474739434452,1.539724594410116
1.3733526721980438,-0.9836462230790629,1.539746275728554
1.3733511518695054,-0.983644971638282,1.5397703020413078
1.373349646196053,-0.9836437216583862,1.5397953155815125
1.3733481486101293,-0.9836424740918447,1.5398206757940285
1.3733466558481664,-0.983641229372684,1.5398460819105069
1.3733451663074716,-0.9836399876885654,1.539871393672233
1.373343679204714,-0.9836387491106534,1.5398965464683214
1.3733421941555297,-0.9836375136553102,1.539921511270857
1.373340710968027,-0.9836362813132997,1.539946275757397
1.3733392295425821,-0.9836350520635724,1.5399708354300061
1.373337749823624,-0.9836338258797565,1.5399951894424666
1.3733362717765902,-0.9836326027332075,1.5400193386415344
1.373334795376957,-0.9836313825944379,1.5400432846484482
1.3733333206050515,-0.9836301654337826,1.540067029428678
1.373331847443581,-0.9836289512217089,1.540090575090722
1.373330375876482,-0.9836277399289568,1.540113923792002
1.3733289058883666,-0.9836265315266014,1.5401370776954135
1.3733274374642608,-0.9836253259860789,1.5401600389490389
1.3733259705894871,-0.9836241232791942,1.5401828096771828
1.3733245052496055,-0.9836229233781221,1.5402053919763556
1.3731309238688574,-0.9839576425898721,1.3599090772715319
1.3734328471145905,-0.9840455296064697,1.3411271949275878
1.3731975571361306,-0.9839764525483413,1.3497543400399712
1.3732127733031978,-0.9840200951376487,1.3466621996066137
1.3733200001379209,-0.9840911659749743,1.3407031119720756
1.3736957083824763,-0.9841655816091933,1.3379585593190009
1.3737372364467688,-0.9841662637688651,1.3392428865190495
1.373678412652181,-0.9841528378426163,1.3394727439338465
1.3736276558833902,-0.9841409922461412,1.3399039720328443
1.3735810838445612,-0.9841304163961653,1.3404760936731368
1.3735365297927817,-0.9841203915305233,1.341166094399076
1.3734921972659313,-0.9841103763193413,1.341966517337812
1.3734481690252545,-0.9841004483618787,1.342830251672412
1.3734045321961712,-0.9840906614775224,1.3437272977653523
1.3733613279019785,-0.9840810403636936,1.3446399346754108
1.373318558600097,-0.9840715899013159,1.3455582221025992
1.3732762107934884,-0.9840623056314902,1.346476695515438
1.3732342644907019,-0.9840531792637545,1.3473924839367664
1.373328091613473,-0.9840635340026972,1.3469684384268736
1.3732739576866015,-0.9840500226573801,1.3479544324481736
1.373189756815836,-0.9840291131159626,1.3496181011209347
1.3730784606411932,-0.9839968597880605,1.352462654533226
1.3730143739296092,-0.9839761256232976,1.3549655719589555
1.3729135385435352,-0.9839477231471557,1.35740675183936
1.372935353417539,-0.9839593171341234,1.3567971791539621
1.3729591009793556,-0.983972764524137,1.3556284162603127
1.3729821538239175,-0.9839863812773877,1.3542799537761574
