-0.028480627095159056,-0.5209571321358103,1.6205503530641767
-0.028373222993087303,-0.5208888028520606,1.5741600694477351
-0.027864734652581016,-0.520879857148519,1.5948519225920894
-0.027831471574481598,-0.5208879257600605,1.5952349382982394
-0.02786508347105181,-0.5208927637534524,1.5936683768177164
-0.02787595592843632,-0.5208939505852657,1.5937108034383765
-0.027871609226768367,-0.5208946065800528,1.5933085520281869
-0.027863006022642568,-0.5208948732786586,1.592971169597137
-0.027852862794282247,-0.5208949869378311,1.5926639533408238
-0.0278422628097913,-0.5208950410857126,1.5923732275605136
-0.027831631643498944,-0.520895072462642,1.5920936352420625
-0.027821132352496614,-0.5208950954088143,1.5918229842798772
-0.027810823749923986,-0.5208951154676457,1.5915602749711986
-0.027802549836845353,-0.5208946575130573,1.5918117561364413
-0.0277900991856812,-0.5208951112817571,1.591054749122349
-0.02778245430187845,-0.5208946755382395,1.5913134552410175
-0.027772335010380584,-0.5208946642217396,1.5910738697863123
-0.027762589404710047,-0.5208946694926802,1.590836294983735
-0.027753109212396748,-0.5208946816107545,1.5906033784206464
-0.027743847116855107,-0.5208946966903869,1.5903759060502738
-0.02773477967593479,-0.5208947131240221,1.590154055184454
-0.027725893430779032,-0.5208947302301612,1.5899377677431799
-0.027717179196078072,-0.5208947477047101,1.589726898524881
-0.027708629710663367,-0.5208947653985717,1.5895212737684248
-0.027700238666476366,-0.52089478322752,1.589320714019252
-0.02769200030237781,-0.5208948011356321,1.5891250428414017
-0.027694308127867155,-0.5208921831296972,1.5918536843668243
-0.027682350836820926,-0.5208919828918332,1.5916610257220516
-0.027671790087514695,-0.5208918978601687,1.5914388540363777
-0.02766191849499415,-0.5208918607971211,1.5912088089801915
-0.027652444345146184,-0.5208918441525779,1.5909791039544416
-0.027643241506342314,-0.520891836448707,1.5907529759831447
-0.027634253387260162,-0.5208918328830696,1.5905316257567066
-0.027625452690688064,-0.5208918314262314,1.5903154245631737
-0.027616824543508636,-0.5208918312012308,1.5901044095631545
-0.027608359426354444,-0.5208918318110873,1.5898984866356922
-0.027600050208791513,-0.5208918330599327,1.5896975131607378
-0.027591890902691367,-0.5208918348374006,1.589501331579623
-0.027583876134120406,-0.5208918370706559,1.5893097828202314
-0.027576000915541934,-0.5208918397044161,1.5891227115085365
-0.02797026474622435,-0.5208850729288688,1.5969863531446677
-0.02802524683564135,-0.5208743505790486,1.600016328080912
-0.02803024322876901,-0.5208683791771916,1.6012098425474406
-0.028027500724613717,-0.520865086880437,1.6016417562493523
-0.028024820215666737,-0.5208628718084471,1.6018188725892253
-0.02802257135190632,-0.5208611400111076,1.6018844195722879
-0.028020640413180913,-0.5208596238628258,1.6019013454658264
-0.028018889827120693,-0.5208582040482004,1.6018971335485452
-0.028017232196418565,-0.52085682781809,1.6018837531387473
-0.02801562114897864,-0.5208554719910563,1.6018664068468949
-0.028014034050620872,-0.5208541264343567,1.6018473510511506
-0.028012460343723514,-0.5208527867349014,1.6018275628334901
-0.028010895233158088,-0.5208514509746732,1.6018074648307978
-0.028009336575038478,-0.5208501183204194,1.6017872397019506
-0.028007783418483406,-0.5208487884094097,1.6017669663324663
-0.028006235341923442,-0.5208474610826823,1.601746678761401
-0.02800469215648964,-0.5208461362694293,1.6017263916550841
-0.02800315377500654,-0.5208448139369545,1.6017061113137636
-0.028001620154565622,-0.5208434940690343,1.6016858404252858
-0.02800009127149123,-0.520842176656566,1.6016655801181583
-0.027998567110442605,-0.5208408616935272,1.6016453308475174
-0.027997047659707636,-0.520839549175232,1.6016250927780364
-0.028087106482696637,-0.5210910967552095,1.4236863899836518
-0.02933268748005313,-0.5209418756030393,1.3997509333597322
-0.030045281098454543,-0.5208299110692969,1.4012038928242934
-0.030744532173232822,-0.5210697864920113,1.1939220177147563
-0.030890256324308425,-0.5214937642955615,1.007378958240135
-0.03092860311560334,-0.521547250471324,0.9873851647449013
-0.03144383828987162,-0.5215169963303987,0.7963761919395805
-0.03167682663992035,-0.5217278829362175,0.5901998071616538
-0.03177539694687709,-0.5219430126895944,0.40466075668627177
-0.031765839174389736,-0.5219298883386189,0.3868408170731427
-0.03174170452269253,-0.5219942822511878,0.3820065009057261
-0.03174602780663519,-0.5220443183682139,0.3690074864873851
-0.03174861201226609,-0.5220602971719428,0.3671693516340024
-0.03175115127142075,-0.5220565244941302,0.3700887032620611
-0.032287057047116215,-0.5225814209904734,0.19649545455692857
-0.032328911286338545,-0.5228643655920739,0.17187596867280858
-0.03260851317656479,-0.5231933508402917,-0.016652437552151886
-0.03297035900015819,-0.5228975715478853,-0.21008106708482624
-0.033032036834414545,-0.5228114922888909,-0.2199799289906385
-0.03299228670270423,-0.5228947960178315,-0.21294271110675114
-0.03321651648725885,-0.5221589122565516,-0.4111445934780157
-0.03337456566783815,-0.521742392482511,-0.6120750266950893
-0.0335169194164231,-0.5219130729109542,-0.6116161826104597
-0.033403404885226015,-0.5212641182933533,-0.7987718429020496
-0.033221057008082526,-0.5206234838855134,-1.0025520730149438
-0.0336466532140599,-0.5205154618755646,-1.014771561304568
-0.03339302201890999,-0.5199035323951567,-1.2197690427158454
-0.033695237422935016,-0.5192517480682889,-1.4053788380592862
-0.033329069108837824,-0.5186291807995053,-1.607352868252501
-0.03330854642541987,-0.518228250444248,-1.8261037865220717
-0.03356004120501318,-0.5176513861400194,-2.0523425106440896
-0.03392439249486891,-0.5173966698500346,-2.0756529129946526
-0.03320119155406433,-0.5175871304563803,-2.23475196353501
-0.03334986244322634,-0.5174745283597331,-2.2281717054708343
-0.03341500615599233,-0.5174081747868652,-2.2233442991121835
-0.033493853502791195,-0.5173405276549929,-2.227229411838212
-0.0335432984860111,-0.5172831970335946,-2.235062410174503
-0.0329245938986761,-0.5174901875180481,-2.4164022499425566
-0.032655099619180235,-0.5171746978421581,-2.6259966056711637
-0.032258887838488584,-0.5175417489109289,-2.832303173210319
-0.03159231568041061,-0.5175714785754139,-3.0424546154616947
-0.03148867461984772,-0.5177861961650884,-3.0670741083626516
-0.03151069535967544,-0.5174884930241014,-3.065880042464557
-0.03154658338011688,-0.5171185810247994,-3.057197157506803
-0.03126203489626269,-0.5168832978712673,3.0522513579958828
-0.030864014486408492,-0.517256541833825,2.831757503038193
-0.030299235632054056,-0.5172084602001954,2.6336564529074273
-0.030517896309279247,-0.5181497267986882,2.4294061764219883
-0.030350597572595294,-0.5183875511504369,2.2371513470018813
-0.030543142937463855,-0.518975983969488,2.030636859744545
-0.030262215519454953,-0.5192924001707541,1.8042866451005772
-0.030503800512221315,-0.5199805371899786,1.610766343132859
-0.029962984245951493,-0.5199574995279822,1.6030429682007161
-0.029604892563676526,-0.5199029432997568,1.6161150404964408
-0.02927072872334784,-0.5198770832925319,1.622691412168763
-0.02920779043543511,-0.5198749292389854,1.6237182830470869
-0.02918499531107743,-0.5198729145762562,1.6245110812393615
-0.02913559184370803,-0.5198730376741507,1.6241770983647532
-0.029168650591176935,-0.5198714043792498,1.6253779209102954
-0.029124594536373297,-0.5198720634530795,1.624848400797007
-0.029122040741499537,-0.519871379939123,1.6252356363951947
-0.029120211352105616,-0.5198707610756503,1.6256087630235316
-0.029118035993166636,-0.519870221391575,1.625955954312022
-0.029103636526794423,-0.51986950651616,1.626164441608158
-0.029110671075403268,-0.5198693669798897,1.6266018982096284
-0.02919515359084205,-0.5201229446762514,1.4481185865176611
-0.02934851578571207,-0.5201074834025833,1.4492091023669538
-0.029196157798430423,-0.5201457240813098,1.4555235116042513
-0.029402440501252437,-0.520071847922427,1.4734433016545636
-0.028832918356772767,-0.520109084428239,1.4736371756774775
-0.028979625042704113,-0.5204397120635138,1.2740101790130398
-0.02874520992116376,-0.5205249555821266,1.2750494963623484
-0.028723634837652997,-0.5209321154443303,1.075737839919262
-0.028933801813367424,-0.5212926125513125,0.8725183072500851
-0.029884866556209057,-0.5209369310949831,0.6854539079208436
-0.02957592942890852,-0.5216605765946405,0.6377466207838708
-0.029459742876098746,-0.5218834013316079,0.6468404942195473
-0.029460704652871258,-0.5218713774292573,0.6455073446674194
-0.02943836599766509,-0.521893318518019,0.6444676717739456
-0.029659664602393648,-0.5221032670902505,0.43899825497294187
-0.029880178180102388,-0.522268288501437,0.2234109368315239
-0.02999653228764541,-0.5220814897778037,0.2043980563497345
-0.0299814530072944,-0.5223143641619533,0.2158210329849124
-0.02994008092761582,-0.5226324170454153,0.23200537623743525
-0.02988563554896881,-0.5228747633745279,0.23813849269342868
-0.029923258276176364,-0.522945664477703,0.21373697126341024
-0.029909894162295413,-0.5229250419791606,0.2181598730864414
-0.02990930508985559,-0.5229566549216267,0.21515770150282096
-0.02990664601817927,-0.5229939914889857,0.21236167222489233
-0.02990357986079732,-0.523033764709044,0.20979646718752487
-0.029899962685972455,-0.5230744229360503,0.20746458240040588
-0.029895876411439593,-0.5231156850170708,0.20535103188757622
-0.029891372774885766,-0.5231574047064076,0.20343958990972857
-0.029886496291425868,-0.5231994726323748,0.20171375642517625
-0.02991108514438246,-0.5230053595467065,0.202944969533365
-0.02990558039923662,-0.5230351251931057,0.2025241117718408
-0.02990101865761143,-0.5230504865982235,0.2025873632923061
-0.02989848260944456,-0.5230581353359733,0.20253144775728127
-0.02989672943831884,-0.5230628173653188,0.20242630724646984
-0.029895225659189943,-0.5230663252323277,0.20229775179767043
-0.029893804385510217,-0.5230697110445871,0.2021520815384603
-0.029892422057410332,-0.523073026763849,0.20199881271626358
-0.029891059156723424,-0.5230763098648348,0.201841028355136
-0.029889708120902445,-0.5230795756677734,0.2016798627104707
-0.029888366065195213,-0.523082830344224,0.20151571239955096
-0.02988703193461055,-0.5230860763215519,0.20134869360109658
-0.02988570539018928,-0.5230893145061521,0.20117881505724455
-0.02988438637386003,-0.5230925451896499,0.2010060436782172
-0.029883074938562137,-0.5230957684155992,0.20083032945446538
-0.02988177118199515,-0.523098984127017,0.2006516149147829
-0.029880475220811113,-0.5231021922253754,0.20046983870449422
-0.029879187180588476,-0.5231053925941053,0.20028493691803115
-0.029877907191959818,-0.5231085851078818,0.20009684357358262
-0.0298766353891411,-0.5231117696362819,0.19990549075609546
-0.029875371909396622,-0.5231149460451515,0.19971080863407822
-0.02987411689286654,-0.5231181141971382,0.19951272542366233
-0.02987287022732308,-0.5231212750244717,0.19931120833354893
-0.029871621361987764,-0.5231244721404554,0.1991079047541928
-0.029870381744547647,-0.5231276937146747,0.19890190989355605
-0.029869146748047946,-0.5231309285712914,0.19869316664800601
-0.029867918136054765,-0.5231341695599057,0.19848140412467868
-0.029866698516506363,-0.5231374069259255,0.19826615978983958
-0.029865488626850355,-0.5231406374366068,0.19804731485658159
-0.029864288904597452,-0.5231438597492539,0.1978247631016174
-0.029863099674960703,-0.5231470730838805,0.1975984056928992
-0.0298619212023933,-0.5231502769511258,0.19736814814115652
-0.029860753719301057,-0.5231534710149266,0.1971338977046937
-0.029859597442060834,-0.5231566550209682,0.19689556160041619
-0.029858452579992027,-0.5231598287585258,0.19665304585665666
-0.029857319340403102,-0.5231629920397499,0.19640625459177127
-0.029856197931460066,-0.5231661446883424,0.19615508954820665
-0.029855088563826543,-0.5231692865332511,0.19589944978073215
-0.029853991451642477,-0.5231724174052136,0.19563923142412734
-0.029852906813119622,-0.523175537134804,0.19537432750886727
-0.02985183487092447,-0.5231786455513274,0.19510462780095744
-0.029850775852457403,-0.5231817424822255,0.1948300186484656
-0.029849729990060837,-0.5231848277527182,0.19455038283392562
-0.029848697521197273,-0.5231879011856103,0.1942655994235801
-0.029847678688608686,-0.5231909626011816,0.193975543613137
