-0.20671725673140454,0.3453306879995409,1.6076512323587528
-0.20605512719402064,0.34529293150409385,1.578228913350158
-0.20552242225599585,0.34527234107144344,1.5670373709804524
-0.20513109380803096,0.34524979016242485,1.5569826377274978
-0.20506168080184034,0.3452524927814036,1.5538021817927201
-0.20503324746017043,0.34525193192832054,1.5536057804160863
-0.20500874188630744,0.34525084440351794,1.5537378204718184
-0.20498503957020098,0.3452499365124147,1.5539640265342975
-0.20496182881961306,0.345249230114329,1.5542580758563909
-0.2049433020722968,0.3452489018983107,1.554692851026278
-0.2049279792624796,0.3452486058657926,1.5551609524118581
-0.20491547236022323,0.34524831686691976,1.5553373750000845
-0.2049059971420752,0.34524812884344325,1.5555742043607188
-0.20489768087517618,0.3452479653624323,1.5558249866399438
-0.20489000559280104,0.3452478146680085,1.5560766311468943
-0.2048827325757964,0.3452476719242369,1.556324867321508
-0.20487573731802616,0.3452475346752411,1.5565689287780498
-0.20486894224700802,0.34524740128089715,1.5568094446025933
-0.20486228922242936,0.3452472703882608,1.5570476245265872
-0.20488754590075398,0.3452490350871879,1.5559472626778312
-0.20488759962570144,0.3452486462300663,1.5562569065097802
-0.20487971965958,0.3452482003213092,1.556477810611169
-0.2048725070094297,0.3452479473182353,1.5567096345832385
-0.20486564719092135,0.34524776985487754,1.5569446738315849
-0.2048905897987872,0.3452495089006581,1.5558565356575094
-0.20489049444896582,0.3452491127601063,1.5561686680444806
-0.2050042081937601,0.34525483106056054,1.5513096030725326
-0.20500675074224337,0.34525509921926345,1.5515138510608195
-0.20500600616242345,0.34525520645393126,1.5516744726168903
-0.20500564934212698,0.3452552427745741,1.5517362148038467
-0.20500540233485515,0.3452552540461924,1.5517613792436329
-0.20500518148596678,0.3452552562792402,1.551772666150761
-0.20500496395893858,0.34525525518266287,1.5517785351104854
-0.20500474478554126,0.34525525283032965,1.5517822221343691
-0.20500452367040709,0.3452552499917934,1.5517850022763366
-0.20500430120593957,0.345255246959866,1.5517873942655056
-0.20500407793706654,0.34525524384922307,1.5517896161249733
-0.20500385421903974,0.34525524070621844,1.5517917623914688
-0.20500363025663723,0.3452552375502108,1.5517938752237412
-0.20500340616094131,0.3452552343895451,1.551795973878189
-0.20500318199016312,0.34525523122792473,1.5517980673235863
-0.20500295777416272,0.3452552280670346,1.551800159802187
-0.20500273352804688,0.3452552249076584,1.5518022533447626
-0.20500250925937671,0.3452552217501668,1.5518043489328837
-0.20500228497190823,0.3452552185947382,1.5518064470448474
-0.20500206066748855,0.34525521544145976,1.5518085479160357
-0.20500183634701438,0.3452552122903753,1.5518106516635717
-0.20500161201090725,0.3452552091415074,1.551812758346772
-0.20500138765936032,0.3452552059948685,1.5518148679970625
-0.20500116329244453,0.34525520285046607,1.5518169806317186
-0.2050009389101764,0.34525519970830515,1.551819096261422
-0.20500071451254703,0.34525519656838954,1.5518212148934987
-0.2050004900995285,0.34525519343072264,1.5518233365335703
-0.20500026567109056,0.3452551902953072,1.55182546118655
-0.20500004122719337,0.3452551871621462,1.5518275888568258
-0.20499981676780246,0.3452551840312423,1.5518297195487178
-0.20499959229287681,0.34525518090259827,1.551831853266341
-0.2049993678023784,0.34525517777621695,1.5518339900138762
-0.2049991432962666,0.3452551746521009,1.5518361297954248
-0.20499891878557971,0.3452551715303385,1.5518382745994004
-0.20475867671297193,0.34491913800625973,1.3742925920999174
-0.205217124206525,0.3449617350415029,1.3466973726040885
-0.2058911474394203,0.3450647320425024,1.3491350633321146
-0.2062690568365587,0.34476556398167824,1.1670075241935143
-0.20757997066840106,0.3452134132004531,1.1498758789878345
-0.2075450471232966,0.3451936737122444,1.1502923924427118
-0.20751413196350735,0.34516825802076895,1.1488090739515522
-0.20748479137293496,0.3451422201954701,1.1468346770293758
-0.2074574395426539,0.3451166270246714,1.1446536922545263
-0.20743170127238816,0.34509154818752685,1.1423707063742643
-0.207407825320912,0.34506693825042,1.1400464009537856
-0.20738302168753028,0.3450413939554026,1.1376291766273046
-0.20735794313116898,0.3450155716506548,1.1351774888421757
-0.20716856093651473,0.3449118032214491,1.1248683334713379
-0.20710408315573783,0.34488978857385355,1.1169469475779257
-0.2072375721494547,0.3449203541017688,1.121315721153519
-0.20710572754045847,0.3448715127037175,1.1272736198638524
-0.20692935109908778,0.3448068418625256,1.136911406221603
-0.20693997654172042,0.34480229374685223,1.1357340354901961
-0.2069580442791807,0.3448049285830049,1.1350329326436648
-0.20698076298133694,0.34481151934741444,1.1346391299856433
-0.20700502038563934,0.3448181024565567,1.1343238207614448
-0.20702915877916564,0.3448259004001203,1.1340577426407277
-0.20705475124799314,0.34483369128490937,1.1338647887265618
-0.20739137139157315,0.34459525884482317,0.9483138121060372
-0.20707045887792427,0.3444581816869095,0.9471999301833007
-0.20686686747152508,0.3443953893499335,0.961897789734589
-0.2073343459435707,0.3446515714025915,0.9688968376824636
-0.20698121864965682,0.3445245900329737,0.9952772860234987
-0.20690538408102177,0.34446684580736564,0.9983592456153008
-0.2066681098045999,0.34379123629517455,0.824539589780908
-0.20753959401732136,0.3441701712596241,0.6311840167438717
-0.2079101334570851,0.3448371627596147,0.6242131912007576
-0.20847148879426597,0.34512991847915825,0.44277497560969825
-0.2083619337074155,0.34488850888403094,0.4660191638947942
-0.20829706827750025,0.3450267271725151,0.5080123162683294
-0.20827304261345567,0.3451881690726611,0.5162684039774391
-0.20816598037940143,0.34506916506048757,0.5207199986400921
-0.20820126856248786,0.34512708194981784,0.5175161851423163
-0.20838137579577595,0.3454146350415531,0.5061476121187176
-0.20838117243198698,0.345343791045367,0.506722910998519
-0.20850319526587627,0.3455147201080914,0.5001634026845739
-0.2084966109463455,0.3455357955550916,0.5000095442661285
-0.20847813496570974,0.34550153238155623,0.5006671954789386
-0.2084805943135596,0.3454991867145356,0.5007049390508573
-0.20849067125746787,0.3455118940371266,0.5008122756713453
-0.2085050670658501,0.34553312556712185,0.5009559948486515
-0.20852204398683546,0.345559413500748,0.5011181539229453
-0.2085405816413241,0.34558873909003335,0.5012908220365121
-0.208557012490865,0.34514596286308,0.32600609615675613
-0.2086686559284747,0.3451558486680031,0.2966158095515235
-0.2089990782891395,0.3452681240116974,0.11092917002221392
-0.20942172188915112,0.34542490139843424,-0.09653926966011706
-0.20936687205648724,0.3458560740146814,-0.10322363091579054
-0.20930363579808803,0.3466123678313697,-0.10998140254576139
-0.20929923723265412,0.3472502879933209,-0.12539735668322735
-0.2094011028435812,0.34765326211030095,-0.31650043625213853
-0.20944030137134761,0.34700049112825726,-0.32042572126354946
-0.20953641245499427,0.34635545769515136,-0.29658868179878795
-0.20949428939653017,0.3463827265073842,-0.29393810375864093
-0.2094564019288872,0.34643036898549445,-0.29048267595870997
-0.20943059423831903,0.34649751018708375,-0.2874884064797082
-0.20941965903715062,0.346531789295079,-0.28816028524582366
-0.20941201543820726,0.34655323844521946,-0.28931697924531447
-0.20940644845953954,0.34656816495318304,-0.29068322037763394
-0.20965548838516418,0.3467346199678491,-0.44781275974687185
-0.2097166122653071,0.34630608698706367,-0.4341573020605521
-0.20960072657886478,0.347249708716507,-0.6514401861003604
-0.20949363498542434,0.3474684683515459,-0.668485560525871
-0.20931087478079524,0.34766484767825484,-0.6567228778055333
-0.2093422710026461,0.3476233033183328,-0.6571239293722154
-0.209344978947573,0.3476212905584057,-0.6583301959594673
-0.20934390703675465,0.3476236618535775,-0.6595035908917125
-0.20934150959109746,0.34762753109048766,-0.6606621850802905
-0.2093386120937738,0.34763195920422,-0.6618144327692352
-0.20933552055150703,0.34763659639453864,-0.662962596798577
-0.20933234856144184,0.3476413121688282,-0.664107180183199
-0.2098915643763643,0.3475431902399401,-0.8270437410726906
-0.2098051825589031,0.3478208583883622,-0.8898924487029137
-0.21031624260386247,0.34747377234146914,-0.8922252730770971
-0.21024784270286503,0.34752455760650225,-0.8998109621372117
-0.2102911065952314,0.34747385111057205,-0.8952747759037628
-0.21037900779857105,0.3473821334152963,-0.8936486965949179
-0.21015080523585236,0.34760346936953374,-0.9051882421984656
-0.21025493034176962,0.3475052625089802,-0.8970918046251214
-0.2101961909840166,0.3475659311360439,-0.8981477855875604
-0.21016674898486973,0.34761685512163243,-0.9051255586212414
-0.2100171569000897,0.34776956049086116,-0.9052686205780393
-0.2099363412423582,0.34782319796869504,-0.9116016136493676
-0.2099226109663243,0.3478459908963249,-0.9070739640064588
-0.20981879776046192,0.34792550561564506,-0.9034834192749139
-0.20958415388004928,0.34809621410647623,-0.8942309721345763
-0.2094979090611594,0.34816927859720254,-0.8905402213646527
-0.20939334813563407,0.34825182508647745,-0.8875595587029457
-0.2092490003616187,0.3483560408877268,-0.8812221883310927
-0.20965794982153985,0.34803071549925535,-0.8855476256142286
-0.20948870765070635,0.34813752825041744,-0.8776375206788382
-0.20953045005024565,0.3480916246570544,-0.873098365359312
-0.2096967518941643,0.3479356779040683,-0.8663295864484535
-0.21012044554318707,0.34759684455601275,-0.872468221378861
-0.21005872716549678,0.3476658144406348,-0.8826361459954176
-0.20992414889800165,0.34777186568204493,-0.8825174607988195
-0.20972669370120456,0.3479554078762764,-0.8905598821088208
-0.20974924234990017,0.34794864457284275,-0.8939962700440524
-0.20986208764252867,0.3478742213722713,-0.8984448364624592
-0.2099239441665401,0.34783903640439345,-0.901049284769635
-0.20997567676270243,0.3478102581465024,-0.9037559851282283
-0.21002529356099298,0.34778386675741424,-0.9066138370594011
-0.2099769897289984,0.3478239568631687,-0.9058511415934588
-0.20987399501553644,0.3479036037200905,-0.9063658790399277
-0.20977951935853373,0.34797828219549004,-0.9103500573018025
-0.2097669964906172,0.3479881569486632,-0.9136793782487317
-0.20980956215262572,0.34795443257311287,-0.91540966083028
-0.20985020109775432,0.34792329318981824,-0.9175071346854192
-0.20989524201725213,0.3478907861671706,-0.9197712085637538
-0.20993673410457506,0.3478754002007381,-0.921884625016604
-0.20992933494348237,0.34788327878334796,-0.9222320720844694
-0.2099054582576362,0.3479014873034254,-0.9218482216881702
-0.20987880225182873,0.3479213152507001,-0.921341721087188
-0.2098517851683712,0.347941286988117,-0.9208133585548596
-0.20982451849555306,0.3479614738732425,-0.9202688929475318
-0.20979682978877523,0.34798198415974524,-0.91970534393834
-0.209768599991052,0.34800289454199795,-0.9191199912699686
-0.2097397492754661,0.34802425801595505,-0.9185107255244289
-0.20971022945866052,0.3480461091500422,-0.9178761485112535
-0.20968001814049872,0.3480684652132596,-0.9172155950111944
-0.20964907298785362,0.3480913560574217,-0.9165276275494545
-0.20961735104120652,0.34811481315300086,-0.9158107095854148
-0.20959909544919492,0.34813015779575834,-0.9155668400919672
-0.20955101904491688,0.3481654473577389,-0.914281670233638
-0.20944287487753327,0.34824231645408515,-0.9107251530767698
-0.2093062471188513,0.34833978223590534,-0.9061030031043436
-0.2094061114989138,0.34828015233997617,-0.9104864664956258
-0.20938481080411653,0.3482952056972085,-0.9104795230231887
-0.20939393535449677,0.348291939597199,-0.9114392626797952
-0.20937581793069776,0.34831135926306694,-0.9114986188241372
-0.2093411795147174,0.34834312075216867,-0.9109608180204475
-0.20929920852514952,0.34838044004623825,-0.9101720526204048
-0.20925400354653437,0.34842023626185054,-0.9092759581748532
-0.20920422986756393,0.34845883365731584,-0.9078834707908192
-0.20922594461939817,0.3484363261862297,-0.9053713702422816
