-1.7752475101752712,0.3289785637191887,1.6203524770043902
-1.7751016691001853,0.32902210674836624,1.5715817906054952
-1.7746420418485649,0.32905164236909706,1.5959177963643016
-1.7746763892162443,0.3290425606786019,1.5918119597162559
-1.7747072024689257,0.32903966398210577,1.591434801439801
-1.7747143777142405,0.3290387701735962,1.5914095348913433
-1.7747102916730535,0.3290382519726713,1.5910603167849897
-1.7747030406138278,0.32903803449117647,1.5907812711213163
-1.7746946167195814,0.32903793757388305,1.5905336206136977
-1.7746858276259743,0.3290378886655606,1.590301787168345
-1.7746769962927489,0.3290378587448983,1.5900795452878156
-1.774671418051933,0.32903774820776316,1.5899999528415434
-1.7746691867921334,0.3290375774681197,1.59001725754344
-1.7746676225191393,0.3290373815431721,1.5900582344573773
-1.7746663000286784,0.329037176889954,1.5901096505615542
-1.774665063416307,0.32903696853711695,1.5901657010116328
-1.7746638565491275,0.3290367578475797,1.5902238498543113
-1.7746626595294637,0.32903654509558294,1.5902829963508933
-1.7746614654440394,0.3290363302738929,1.5903426655796242
-1.7746602719560922,0.3290361133254629,1.5904026539870166
-1.7746590783075553,0.3290358941988832,1.5904628751426
-1.7746578842690999,0.32903567285537416,1.5905232929669006
-1.7746566897809841,0.32903544926538303,1.5905838929545442
-1.7746554948342514,0.32903522340468827,1.59064466982138
-1.7746542994333105,0.32903499525180757,1.5907056222197136
-1.774653103585121,0.3290347647865358,1.5907667504841607
-1.7746660208371061,0.3290368611247732,1.5938506933928986
-1.7746630460749433,0.32903669200359986,1.5939901916436947
-1.774661129724278,0.3290364075367576,1.5940879227047562
-1.7746596532708787,0.32903607317495814,1.5941691596478145
-1.7746583623733585,0.32903571592379255,1.5942437200663981
-1.7746571497268355,0.3290353471022771,1.5943156732587476
-1.7746559700678555,0.32903497144439225,1.594386706812542
-1.7746548043182944,0.32903459091874093,1.5944575212318233
-1.7746536444470071,0.32903420633286673,1.594528408089736
-1.7746524870800804,0.32903381800699993,1.594599489662964
-1.7746513308055127,0.3290334260568542,1.5946708182040377
-1.7746501750371668,0.3290330305122448,1.5947424170389886
-1.7746490195363391,0.32903263136680455,1.5948142975688266
-1.77464786421045,0.32903222859880316,1.5948864662976505
-1.7746467090284028,0.3290318221798569,1.5949589277357914
-1.7746455539850357,0.32903141207856723,1.5950316855984195
-1.7746443990862029,0.32903099826203736,1.5951047433002408
-1.7746432443425157,0.3290305806965018,1.5951781041597586
-1.7746420897667297,0.3290301593475844,1.5952517714839343
-1.7746409353726482,0.3290297341804022,1.59532574860343
-1.7746397811746726,0.32902930515960443,1.5954000388877367
-1.7746386271876091,0.32902887224938393,1.5954746457518112
-1.7746374734266013,0.32902843541347776,1.5955495726594282
-1.7746363199071007,0.3290279946151626,1.5956248231251169
-1.7746351666448574,0.32902754981724835,1.5957004007155637
-1.774634013655921,0.32902710098207105,1.5957763090506378
-1.7746328609566508,0.3290266480714838,1.5958525518046478
-1.7746317085637102,0.32902619104684955,1.59592913270732
-1.7746305564940843,0.3290257298690317,1.5960060555449076
-1.77462940476508,0.3290252644983859,1.5960833241612193
-1.774628253394338,0.32902479489475084,1.596160942458897
-1.7746271023998383,0.32902432101743856,1.5962389144003968
-1.7746259517999061,0.3290238428252262,1.5963172440092364
-1.774624801613223,0.3290233602763449,1.5963959353712245
-1.7746236518588354,0.32902287332847135,1.5964749926356523
-1.7746225025561606,0.32902238193871697,1.5965544200165758
-1.7746213537249973,0.32902188606361793,1.5966342217940421
-1.774620205385534,0.32902138565912425,1.5967144023155384
-1.7746190575583582,0.3290208806805897,1.5967949659972196
-1.7746179102644652,0.32902037108276017,1.5968759173253848
-1.7746167635252703,0.3290198568197629,1.5969572608578442
-1.7746156173626173,0.3290193378450947,1.5970390012254192
-1.774614471798787,0.3290188141116103,1.597121143133425
-1.7746133268565125,0.32901828557151025,1.5972036913631626
-1.7746121825674113,0.32901775217697043,1.5972866518946836
-1.7746110389657064,0.32901721387981825,1.59737003145528
-1.7746098960618626,0.3290166706294691,1.597453833429515
-1.7746087538771118,0.3290161223749909,1.5975380622151227
-1.7746076124357728,0.32901556906490653,1.5976227226909228
-1.7746064717634222,0.3290150106471122,1.5977078199951738
-1.774605331886334,0.3290144470688152,1.5977933594296805
-1.7746041928313396,0.3290138782764918,1.597879346418977
-1.7746030546258078,0.32901330421585695,1.5979657864935333
-1.7746019172976668,0.32901272483184174,1.5980526852837136
-1.7746007808754185,0.32901214006857393,1.5981400485181676
-1.774599645388166,0.3290115498693601,1.5982278820245068
-1.7745985108656261,0.32901095417666854,1.59831619173067
-1.7745973773381525,0.3290103529321117,1.5984049836669487
-1.774596244836747,0.32900974607642963,1.5984942639680095
-1.7745951133930835,0.3290091335494716,1.5985840388752341
-1.774593983039523,0.3290085152901779,1.5986743147390443
-1.7745928538091285,0.3290078912365619,1.5987650980212438
-1.774591725735688,0.32900726132569086,1.5988563952976462
-1.7745905988537332,0.32900662549366605,1.5989482132605533
-1.7745894731985574,0.3290059836756032,1.5990405587214624
-1.774588348806238,0.32900533580561186,1.5991334386137217
-1.7745872257136543,0.32900468181677467,1.59922685999529
-1.774586103958515,0.32900402164112535,1.599320830051773
-1.7745849835793734,0.329003355209627,1.5994153560991635
-1.774583864615657,0.3290026824521491,1.5995104455869844
-1.7745827471076863,0.3290020032974445,1.599606106101348
-1.7745816310967042,0.32900131767312535,1.5997023453682675
-1.774580516624898,0.32900062550563847,1.599799171256819
-1.7745794037354266,0.32899992672024064,1.5998965917825911
-1.7745782924724476,0.32899922124097236,1.5999946151112139
-1.774577182881146,0.32899850899063116,1.6000932495618612
-1.7745760750077655,0.32899778989074435,1.6001925036110167
-1.7745749688996304,0.32899706386154187,1.6002923858962337
-1.774573864605186,0.32899633082192603,1.6003929052200705
-1.774572762174026,0.3289955906894431,1.600494070554099
-1.7745716616569263,0.3289948433802524,1.6005958910431102
-1.774570563105879,0.32899408880909525,1.600698376009285
-1.774569466574128,0.328993326889263,1.6008015349566898
-1.7745683721162073,0.3289925575325634,1.600905377575783
-1.774567279787975,0.32899178064928747,1.6010099137480125
-1.7745661896466554,0.32899099614817395,1.601115153550763
-1.7745651017508823,0.3289902039363739,1.6012211072621945
-1.7745640161607326,0.32898940391941345,1.6013277853664418
-1.7745629329377786,0.32898859600115604,1.601435198558805
-1.7745618521451312,0.3289877800837627,1.6015433577512908
-1.774560773847481,0.3289869560676532,1.6016522740780748
-1.7745596981111547,0.32898612385146286,1.6017619589014243
-1.7745586250041567,0.32898528333200167,1.601872423817562
-1.7745575545962295,0.3289844344042092,1.6019836806628547
-1.7745564869589026,0.32898357696111,1.6020957415201835
-1.7745554221655495,0.32898271089376663,1.602208618725433
-1.774554360291445,0.32898183609123216,1.6023223248743208
-1.774553301413826,0.32898095244050063,1.6024368728293588
-1.774552245611952,0.3289800598264564,1.602552275727039
-1.7745511929671758,0.32897915813182094,1.602668546985294
-1.7745501435630013,0.32897824723709984,1.6027857003112176
-1.7745490974851597,0.32897732702052623,1.6029037497089635
-1.7745480548216812,0.32897639735800377,1.6030227094879868
-1.7745470156629672,0.32897545812304746,1.603142594271524
-1.7745459801018701,0.3289745091867224,1.6032634190053432
-1.7745449482337765,0.3289735504175804,1.6033851989668468
-1.7745439201566848,0.32897258168159577,1.6035079497744469
-1.7745428959713019,0.3289716028420972,1.6036316873972531
-1.7745418757838003,0.3289706137598992,1.6037564284972254
-1.7745408597398655,0.3289696142953458,1.6038821944555142
-1.774539847924442,0.3289686043027825,1.6040090003796805
-1.774538840438302,0.3289675836335486,1.604136862053461
-1.7745378373940957,0.32896655213622905,1.6042657966313134
-1.7745368389102356,0.32896550965651444,1.6043958220934158
-1.7745358451091913,0.3289644560370397,1.6045269570274403
-1.7745348561170757,0.3289633911172423,1.6046592205403178
-1.774533872063642,0.32896231473323934,1.6047926322274655
-1.774532893082405,0.3289612267177169,1.6049272121673386
-1.774531919310785,0.32896012689982523,1.6050629809273271
-1.774530950890263,0.3289590151050747,1.605199959574911
-1.7745299879665337,0.32895789115523116,1.6053381696913638
-1.7745290306896697,0.3289567548682084,1.6054776333870182
-1.7745280792142761,0.32895560605795787,1.6056183733173444
-1.774527133699664,0.3289544445343542,1.605760412699902
-1.7745261943100297,0.32895327010307734,1.6059037753320164
-1.7745252612146294,0.32895208256549086,1.6060484856091368
-1.7745243345879755,0.3289508817185146,1.6061945685438541
-1.7745234146100368,0.3289496673544938,1.6063420497858076
-1.7745225014664416,0.32894843926106376,1.606490955642148
-1.774521595348699,0.32894719722100857,1.6066413130989936
-1.7745206964544282,0.32894594101211494,1.6067931498436414
-1.7745198049875903,0.3289446704070213,1.6069464942876388
-1.7745189211587422,0.3289433851730603,1.6071013755908234
-1.774518045185294,0.3289420850720961,1.607257823686249
-1.7745171772917834,0.3289407698603552,1.6074158693061618
-1.7745163177101593,0.3289394392882508,1.6075755440091002
-1.7745154666800826,0.32893809310020083,1.60773688020788
-1.7745693325053087,0.32893290757505533,1.6063470204641521
-1.7745698262498792,0.3289310511344283,1.6062591294934339
-1.7745535730898412,0.32893145992183187,1.6067881464965417
-1.774546215876507,0.3289308631923914,1.607091784872092
-1.7745426274412572,0.3289298441126087,1.6073092000397964
-1.7745406265465238,0.3289286395975888,1.6074926450889249
-1.7745392977756635,0.3289273483404823,1.607663222347897
-1.774538256657625,0.32892601148566875,1.6078295534556768
-1.7745373417414332,0.3289246461002979,1.607995178456914
-1.7745364853555636,0.3289232591654131,1.6081615626806922
-1.7745356592562116,0.3289218534351564,1.6083293247951127
-1.7745348517674504,0.32892042989095543,1.6084987386285907
-1.774534058172424,0.3289189887688908,1.6086699381161984
-1.7745332766780657,0.32891752998934803,1.6088430009183967
-1.7745325067222673,0.3289160533364499,1.6090179825035331
-1.774531748264589,0.3289145585328289,1.609194930032691
-1.7745310014895601,0.32891304527066095,1.6093738880218869
-1.7745302666828642,0.328911513224434,1.6095549006631131
-1.774529544179923,0.3289099620560929,1.6097380127905478
-1.774528834344762,0.3289083914170002,1.609923270299274
-1.7745281375615534,0.3289068009485649,1.6101107203438476
-1.7745274542314524,0.32890519028230975,1.6103004114494532
-1.7745267847716766,0.32890355903969604,1.6104923935891742
-1.77452612961553,0.32890190683184034,1.6106867182493112
-1.7745254892128435,0.3289002332591759,1.6108834384912145
-1.7745248640306126,0.32889853791108276,1.6110826090136325
-1.7745242545583615,0.3288968203657829,1.6112842866996553
-1.7745236613707263,0.3288950801932175,1.6114885367593044
-1.7745230849480007,0.328893316946952,1.6116954162100157
-1.774522525812821,0.3288915301673164,1.6119049844181064
-1.7745219845248514,0.32888971938161377,1.6121173041955625
-1.7745214616707585,0.32888788410368525,1.6123324410353532
-1.77452095786203,0.3288860238333188,1.6125504628472422
-1.7745204737351465,0.32888413805563577,1.6127714398939037
-1.7745200099525678,0.32888222624047586,1.6129954448170891
-1.774519567203985,0.32888028784177675,1.6132225527053865
-1.7745191462077063,0.32887832229693786,1.6134528411829934
-1.774518747712121,0.32887632902616254,1.6136863905104186
