1.6981273000160702,-0.013867324576599555,1.5811626807581118
1.6985815796612012,-0.013863719416611416,1.5878692961163414
1.699433904620664,-0.013905056489386454,1.5663974801698997
1.6995132802956705,-0.013902938598429058,1.5622922473336753
1.6994255363665534,-0.013898556036263917,1.5634527757909462
1.6993959058324013,-0.013896801620089752,1.563806690531662
1.6993854719305217,-0.013896088001761045,1.5639475645596583
1.6993828189886868,-0.013896550285182172,1.5634996810147441
1.6993795726241603,-0.013895901378256345,1.5639570215884662
1.6993793707214548,-0.013896624769924119,1.5634545904857862
1.699376924861566,-0.013896093897982706,1.5638855019803417
1.6993770005352884,-0.013896869820097978,1.5633711551348404
1.6993746485177486,-0.013896362120551703,1.5637967614267851
1.6993733338099848,-0.013896458146625906,1.5637620956285754
1.6993721483303044,-0.01389658165301693,1.5637201470726192
1.6993710090474499,-0.013896716415928262,1.5636756366107187
1.6993698859740543,-0.013896856272021843,1.5636299808634966
1.6993687685307557,-0.0138969985209858,1.5635838037862473
1.699367652860912,-0.013897141980552488,1.5635373802490282
1.699366537512391,-0.01389728613441232,1.5634908311264906
1.6993654219226342,-0.013897430758226033,1.5634442095239125
1.699364305869227,-0.013897575755609662,1.5633975387734023
1.6993631892637824,-0.013897721086247,1.5633508291418934
1.6993620720721447,-0.013897866734390979,1.563304085168236
1.6993609542825667,-0.013898012695068698,1.5632573088814026
1.6993598358927395,-0.013898158968040364,1.563210501211079
1.699361784085163,-0.01389983553328358,1.5621035841504975
1.6993612866387822,-0.013900128608535673,1.562023062200262
1.6993604015637653,-0.013900342578219984,1.5619626917176122
1.6993593715842459,-0.013900524095541563,1.5619097458652689
1.69935828790807,-0.01390069155955813,1.5618600693685956
1.6995381930221227,-0.014215601028434258,1.385729539998171
1.6997795080384839,-0.014294991119866951,1.373374193304863
1.6995739580433589,-0.014269944014989258,1.382282359573692
1.6995916216349571,-0.014225836293312217,1.4082582784983226
1.700323345002538,-0.014266818078403689,1.4213197616966304
1.7002090003214958,-0.01476153753040098,1.2416069199723865
1.6993338231847515,-0.014467198825184354,1.2390271495109575
1.6990636915319095,-0.014718054048620742,1.0118323203340553
1.698617857337419,-0.01478206420954685,0.7867618663094822
1.6982685032125413,-0.014430922669119337,0.7946375849072511
1.697877431889388,-0.01454972297339642,0.5905206328492217
1.697634448235528,-0.014015501884473978,0.6046890741739432
1.697125090863608,-0.01370895601872571,0.43378549489104407
1.6969594205988991,-0.01308571696887989,0.426103791401594
1.6966036580059425,-0.012121733645648234,0.43999382282785177
1.6966243047967835,-0.011859578913321563,0.4643715180700844
1.6966409477796858,-0.012039949525926092,0.4473970137361537
1.6965607921652703,-0.01196113644928788,0.4460828102638484
1.696502622652154,-0.011901547654193049,0.4432794449718818
1.6966280156197244,-0.012128675684146549,0.4528183934207027
1.6965672150147986,-0.011967732392123938,0.4536800421308328
1.696619019732108,-0.012080307885675953,0.45505854486407454
1.696506631399561,-0.011875223516952875,0.4471366136940466
1.6959986801535736,-0.011335929713193294,0.2663632918097573
1.6959033458202717,-0.010652317396363497,0.257613361600851
1.6955903815027853,-0.010915108353525762,0.07925158669471018
1.6955109859648725,-0.010906491496652656,0.057694711853756124
1.6952133603302362,-0.01062647650273567,-0.12462062528721632
1.6950052562050022,-0.010139391618203047,-0.33331205061247493
1.6945028896040368,-0.010123071688066566,-0.5562770556094319
1.6944205361825457,-0.009786647049390591,-0.7578617271982311
1.6938415193823653,-0.009871045329263936,-0.948666237289185
1.6938520155676557,-0.009302171634095618,-1.1803731059350109
1.694299820528807,-0.009254611700090723,-1.1433048800312726
1.6948608544564288,-0.008764863013620906,-1.333179801497012
1.6948988034458896,-0.008467562805866394,-1.5355937830385846
1.6945263149767251,-0.008077241372055347,-1.7401735120864459
1.6943194491821143,-0.00749817922828525,-1.952528583447697
1.6941110766247627,-0.007414036507583488,-1.9764806342286065
1.694439689463895,-0.007377411187911935,-2.1362625911909383
1.6944327540636435,-0.006589388153491202,-2.322887397352217
1.6955369826457152,-0.007314024865062926,-2.532844989303973
1.6954795313437538,-0.0073824984068003585,-2.5074640932203165
1.6958035585263147,-0.007937865225947433,-2.5047451370259437
1.695602935043129,-0.0077032317129870406,-2.51013907856133
1.69552242232794,-0.007569057222246321,-2.5116631026960574
1.6959637599388901,-0.007798874814971806,-2.709545498094183
1.6962922462469172,-0.008325235720584327,-2.8977367378255963
1.6962771136281256,-0.007995037939685843,-3.0832976188613235
1.6966489488349505,-0.00756857186996215,2.993449545503879
1.697244203486431,-0.007450529172933951,2.794562896092299
1.6969794991911968,-0.008169947491040584,2.7931398489432566
1.697151018602008,-0.007584795684205099,2.7875681455126466
1.6973750940315564,-0.008025506122662538,2.594913960516336
1.6968178804406948,-0.009069834869019435,2.6025363886848316
1.696703691535565,-0.00986179471271106,2.412696321213167
1.697360859885329,-0.00984555446281953,2.225251261120041
1.6969003728581609,-0.010129691404701123,2.2152973859923386
1.6969115315987477,-0.010499997844355381,2.021108242112218
1.6963139415479682,-0.010734256713272104,2.003553026006605
1.6967195542249836,-0.01053469192150704,1.9962871604812924
1.6971758706409896,-0.010393089086264273,1.9900611862986786
1.6973451579221428,-0.01079372009629216,1.7909906424807822
1.6969045718358255,-0.01084330549176124,1.7994960744897572
1.6970315115017611,-0.010954122811031492,1.610355521890865
1.697262415816865,-0.011319186314550424,1.4020891285728658
1.697671133900836,-0.01193116060358758,1.1975728479224075
1.6974679896464608,-0.012392192432089557,0.9933250485478574
1.6972822262413303,-0.012422659032617646,0.9685889916015931
1.6971995769769155,-0.012383430583561858,0.9583584588599121
1.6975043512131038,-0.012603233185290464,0.9685517789221318
1.698382907462798,-0.013856626743343724,0.7994854339016422
1.69823489111469,-0.013727805072337774,0.8010410315215815
1.6975511404274832,-0.01340009327166679,0.6158702970790619
1.696764413622669,-0.012220957353811415,0.6583613526072402
1.696332278256141,-0.01231979889437448,0.45375072993138327
1.6957466102871854,-0.01177438274100004,0.23105693783458664
1.6953006348850401,-0.011964661177388638,0.022178676627873355
1.6949422311402533,-0.011811075661394258,-0.17317584246334317
1.6946373448439522,-0.011208241386548985,-0.3818288523405033
1.694263953020239,-0.010878824987353068,-0.5966486114178836
1.6943891308184302,-0.010113384901280376,-0.8005010627643622
1.6945029521859634,-0.00949629856540927,-1.006823768645741
1.694534425602178,-0.009231938311485563,-1.2010567838011608
1.6941920317071077,-0.009132230787885274,-1.4008076735781745
1.6945837749136474,-0.009099757253786074,-1.4183092252854126
1.6944804056500524,-0.00881718456856791,-1.6036501650810107
1.6939023707599068,-0.008801375217174189,-1.6033854063163138
1.6939677179219967,-0.008292798252335962,-1.8018830393211012
1.693122389282508,-0.008104977133911905,-1.8135102266748477
1.6934218433488066,-0.00820679791495047,-1.7998545079018606
1.6939071832587778,-0.00789237771222479,-1.9665511798839976
1.6947494903691966,-0.008260926332635964,-1.9765463412214461
1.6951981039321484,-0.008228279531367481,-2.1799795847709023
1.6950881327763712,-0.008067717611101193,-2.1971688837850043
1.695544628554587,-0.00798495165663621,-2.3947051805630943
1.6954289513099088,-0.0077959347208730245,-2.3996640440316903
1.6960973215761215,-0.008278172674334231,-2.592512990210804
1.6962377717351365,-0.0076674938925168626,-2.812172005921444
1.696693865843237,-0.007439677460358913,-3.0305786467183706
1.696726682906284,-0.007186270007986466,-3.0452485209893436
1.6968072816718267,-0.007398637712566411,-3.072884664471697
1.6971904585741022,-0.007289369670836285,3.0322992390441175
1.6972931663686883,-0.007980844681861887,2.823862212402813
1.69747039702446,-0.008892045852343673,2.6531720966899823
1.6975753294079325,-0.008664730196950665,2.6541783412293376
1.6977077219764378,-0.009087657840675523,2.437224545325918
1.6974888744500363,-0.00938531803979699,2.438724472941532
1.6972812220242124,-0.009652999814308968,2.4319323374848802
1.6974419298849972,-0.009428941455380029,2.4413020954125
1.6972554025455653,-0.010054739184335732,2.254766021162216
1.6965074533570064,-0.010721487673266165,2.26833316421265
1.6965344937584872,-0.010693823420172829,2.2698240663595053
1.6965513670437185,-0.010673903249161076,2.2712117082074608
1.696553441086852,-0.01067006015923196,2.2716171591077425
1.6967855544057262,-0.010439642901170273,2.282454952367421
1.6967412944380902,-0.010487849449132369,2.2804951827262374
1.696641717162438,-0.010589729967369345,2.275922520071343
1.6965948288401134,-0.010639070159538229,2.27381686061406
1.6966585984027422,-0.010579092659900792,2.2767393571094856
1.6966223632850117,-0.010622781764259494,2.27487577226956
1.6965489059450267,-0.010707285597451382,2.2719445163767884
1.6964347428466942,-0.010808095887695705,2.2678635921126302
1.6964646037323134,-0.010778277215058418,2.268644321643973
1.6959514976950456,-0.011264042077395096,2.2441578000884754
1.6961504294037695,-0.011055963239975753,2.257463601879184
1.6963270951622647,-0.010902636047789366,2.266962304368201
1.6961418335237455,-0.011080745177290165,2.2580983240740964
1.6961545366928075,-0.011068207207411081,2.2587733451721137
1.6961654907989145,-0.011056965501896795,2.259416133584365
1.6961766440107708,-0.011045515854347349,2.2600653334302367
1.6961878884102843,-0.011033975123995232,2.260715102849133
1.6961991781828893,-0.011022390752406156,2.2613636764938576
1.695397132976027,-0.011828462961874838,2.113380665646377
1.6958607453829193,-0.011990080333250995,1.9209775946115257
1.6965505559553462,-0.011913181804254712,1.9136454175206312
1.6967485045283057,-0.011883665977413206,1.9192740300710665
1.6966596119090986,-0.0119234299671356,1.9151349665167774
1.6965679710146842,-0.011965073273254802,1.9105273859518876
1.696490138027248,-0.011999756474532395,1.9064741660745101
1.6965091894201034,-0.011988742011686584,1.906959027675087
1.6965210709068304,-0.01198052254547684,1.907247881524292
1.6965324048121886,-0.011972518269056877,1.907511573713823
1.6965435239435125,-0.01196474655631287,1.907758942516091
1.6971720905523595,-0.011952851741247052,1.7246862788797055
1.6962208707426332,-0.011962312649451072,1.7252655910978676
1.6958216985841876,-0.012001957435036752,1.7314565035531198
1.6960146038502972,-0.011985575117945268,1.7262553192414143
1.696196102769003,-0.011955543088788996,1.7230280414040524
1.696356640105659,-0.011930632541368467,1.7206021738777706
1.6963348006521735,-0.011921991434633301,1.7202405434360073
1.696532076205286,-0.011900681860493957,1.7144490907242236
1.6966619912566545,-0.011886721951770212,1.712745907110128
1.696661798547018,-0.01188500693300402,1.7193231657125285
1.696675569157499,-0.011879472316619432,1.7265790098783333
1.696533589936765,-0.01189978906539597,1.7276225649184132
1.6966192214547593,-0.01230509722327426,1.5527567559229314
1.696385562878169,-0.012309688208259022,1.541847158143449
1.695910456335557,-0.012318237476067409,1.5294978274699105
1.6959825369708268,-0.01265452056181521,1.3486650449309752
1.6964316517942695,-0.012697773685341402,1.3555945756606114
1.6969740792843804,-0.01271442679497097,1.3722547805239977
1.6970758239936425,-0.012771711322526655,1.3730518943911254
1.6967872914744853,-0.012689666642011353,1.378196586499603
1.6967350580282803,-0.012672965309491014,1.3828006448335142
1.696765272362094,-0.012687256174979532,1.3819890311882566
1.6967941500986448,-0.012702688101806364,1.380424206154032
1.6968198513987534,-0.01271808048678404,1.3784757876556795
1.6968427973096776,-0.012733222534678028,1.3763128656724375
1.6968638190135665,-0.01274817191398607,1.3740161893399483
