-1.9969561825191642,0.13168335632696632,1.5863457763799986
-1.9977070475801164,0.13165040276411435,1.5744746260087017
-1.9969485359711072,0.13163097614762076,1.5604371648349349
-1.9965939336616607,0.1316340449709024,1.565714473154439
-1.9965474454065413,0.13163075891949733,1.5646585352864384
-1.9965347915272234,0.1316294850067978,1.564359691686425
-1.9965316873618475,0.13162884626794868,1.5642011012929515
-1.996531466159461,0.13162848524670764,1.5641045962463238
-1.9965321725157212,0.13162824674243823,1.5640359205472476
-1.9965331490223828,0.13162806215302553,1.5639797045676556
-1.996534208138407,0.13162790098965427,1.563928949307434
-1.996535298756086,0.13162774994289977,1.5638805761264387
-1.996536402009116,0.1316276031761458,1.563833230893065
-1.9965375106969079,0.13162745813021964,1.5637863188790508
-1.9965403838143831,0.13162801161044385,1.5642256909447319
-1.9965399584260803,0.13162723576917498,1.5637084609111787
-1.9965426953821221,0.131627753448462,1.5641385078967545
-1.9965422186030664,0.1316269623302378,1.563617859761338
-1.9965449378026743,0.13162747337365927,1.5640463457076914
-1.996544454911556,0.13162667866858715,1.5635250095923283
-1.9965471723450319,0.13162718821305122,1.5639531251483192
-1.9965466897107098,0.1316263921490746,1.563431626362881
-1.9965494077383008,0.13162690116769765,1.5638596008679906
-1.996548926354464,0.131626104160882,1.5633380403831316
-1.9965516453535146,0.1316266128287673,1.5637659180389574
-1.9965529455462794,0.13162651285807692,1.5637303049030418
-1.996550297324961,0.13162484381805628,1.5626185372013592
-1.9965508903260512,0.1316245627199864,1.5625396094791089
-1.9965518106392217,0.13162435605746342,1.5624800386706426
-1.9965528545034503,0.13162417962597434,1.562427440095009
-1.9965539448701293,0.13162401625749937,1.5623778972990001
-1.9965550535048031,0.13162385840996627,1.562329683846396
-1.9965561696941982,0.13162370276945695,1.5622820388654577
-1.9965572892400048,0.13162354787972036,1.5622346277065209
-1.9965584104493104,0.13162339309991583,1.562187303413467
-1.9965595326219627,0.13162323814687232,1.5621400015430196
-1.996560655461206,0.13162308289422586,1.5620926938834379
-1.9965617788375312,0.13162292728432598,1.5620453681190494
-1.9965629026918257,0.1316227712896176,1.5619980189046039
-1.9965640269949358,0.13162261489571678,1.5619506439505173
-1.9965651517305487,0.13162245809399314,1.561903242306238
-1.996566276887853,0.13162230087832322,1.561855813608543
-1.9965674024583961,0.13162214324366583,1.561808357751803
-1.996568528434705,0.13162198518543866,1.5617608747435634
-1.9965696548096987,0.13162182669924583,1.5617133646414783
-1.996570781576427,0.13162166778075804,1.5616658275255648
-1.9965719087279514,0.13162150842566037,1.5616182634861282
-1.996573036257299,0.13162134862962843,1.5615706726182146
-1.996574164157445,0.13162118838831993,1.5615230550196488
-1.9965752924212927,0.13162102769736972,1.56147541078995
-1.996576421041679,0.1316208665523862,1.5614277400295156
-1.9965775500113676,0.13162070494895325,1.561380042839897
-1.9965786793230464,0.13162054288262842,1.5613323193235844
-1.9965798089693272,0.13162038034894233,1.5612845695837743
-1.9965809389427478,0.13162021734340013,1.5612367937247005
-1.9965820692357719,0.1316200538614794,1.5611889918512154
-1.9965831998407875,0.13161988989863166,1.561141164069032
-1.9965843307500972,0.13161972545028267,1.5610933104848863
-1.996585461955938,0.13161956051183105,1.5610454312061828
-1.9965865934504627,0.13161939507865023,1.5609975263413958
-1.9965877252257456,0.13161922914608593,1.5609495959996122
-1.996588857273785,0.1316190627094582,1.5609016402908582
-1.9965899895865005,0.13161889576406116,1.5608536593261289
-1.9965911221557335,0.131618728305162,1.560805653217113
-1.9965922549732453,0.13161856032800257,1.5607576220765882
-1.9965933880307145,0.13161839182779733,1.5607095660179187
-1.9965945213197382,0.1316182227997359,1.5606614851556544
-1.9965956548318402,0.13161805323898068,1.5606133796049855
-1.996596788558459,0.13161788314066894,1.560565249482171
-1.996597922490954,0.1316177124999108,1.5605170949041305
-1.9965990566205976,0.13161754131179196,1.5604689159890661
-1.9966001909385842,0.1316173695713699,1.5604207128555923
-1.9966013254360238,0.13161719727367874,1.560372485623704
-1.9966024601039492,0.13161702441372466,1.560324234413958
-1.9966035949333034,0.13161685098648873,1.560275959347942
-1.9966047299149463,0.13161667698692603,1.560227660548152
-1.9966058650396579,0.13161650240996625,1.5601793381380074
-1.996607000298127,0.13161632725051345,1.5601309922420044
-1.996608135680968,0.13161615150344508,1.5600826229852929
-1.996609271178704,0.13161597516361345,1.5600342304940598
-1.9966104067817718,0.1316157982258461,1.5599858148956005
-1.9966115424805253,0.13161562068494345,1.5599373763178745
-1.9966126782652305,0.13161544253568172,1.5598889148900068
-1.9966138141260705,0.13161526377281077,1.5598404307418907
-1.9966149500531376,0.13161508439105565,1.559791924004533
-1.9966160860364368,0.13161490438511597,1.559743394809841
-1.9966172220658942,0.13161472374966524,1.5596948432904967
-1.9966183581313366,0.13161454247935325,1.5596462695805022
-1.9966194942225097,0.13161436056880305,1.5595976738144801
-1.996620630329068,0.1316141780126143,1.5595490561284038
-1.9966217664405803,0.13161399480535965,1.5595004166588338
-1.996622902546525,0.1316138109415881,1.5594517555435157
-1.9966240386362926,0.13161362641582303,1.5594030729211208
-1.9966251746991786,0.13161344122256302,1.5593543689312968
-1.9966263107243927,0.1316132553562825,1.5593056437148063
-1.9966274467010587,0.13161306881143048,1.5592568974132788
-1.9966285826182044,0.13161288158243084,1.5592081301692615
-1.9966297184647694,0.131612693663684,1.5591593421265184
-1.9966308542295967,0.13161250504956454,1.5591105334295703
-1.9966319899014435,0.1316123157344244,1.5590617042243198
-1.9966331254689773,0.13161212571258882,1.5590128546572257
-1.9966342609207697,0.13161193497836007,1.558963984876013
-1.9966353962452976,0.1316117435260161,1.5589150950294357
-1.9966365314309515,0.13161155134981023,1.5588661852671968
-1.9966376664660257,0.1316113584439723,1.5588172557401063
-1.9966388013387257,0.13161116480270757,1.5587683065999403
-1.9966399360371565,0.13161097042019732,1.558719337999448
-1.9966410705493356,0.1316107752905991,1.558670350092524
-1.9966422048631831,0.1316105794080462,1.5586213430339273
-1.9966433389665263,0.13161038276664952,1.5585723169797716
-1.9966444728471002,0.13161018536049499,1.5585232720869329
-1.9966456064925444,0.13160998718364558,1.5584742085134575
-1.9966467398904006,0.1316097882301404,1.5584251264183555
-1.9966478730281216,0.1316095884939959,1.5583760259618182
-1.9966490058930577,0.13160938796920418,1.5583269073049184
-1.9966501384724695,0.1316091866497354,1.5582777706099902
-1.9966512707535207,0.1316089845295358,1.5582286160403047
-1.9966524027232744,0.13160878160252898,1.5581794437602796
-1.99642692467513,0.13128057807609214,1.3817923871470155
-1.9958419107624839,0.13118778956053168,1.384065265484277
-1.9964182393073218,0.13127400403438055,1.3862216064447472
-1.996300812203968,0.13130898167073757,1.394309274394144
-1.9958831086100064,0.13120160190895244,1.3856062668553446
-1.9965860797964992,0.13132628389605167,1.38521136124293
-1.996139778808604,0.13130105354214075,1.3940298859036413
-1.9961312203973434,0.13125636601227827,1.3817063422221507
-1.9966971058064982,0.13140439581046112,1.3934927689947882
-1.9959307108117987,0.13127617371463488,1.389638157989539
-1.9964299768310785,0.1313154000482879,1.3781758794920391
-1.9964831597002028,0.13140766920064123,1.3938314935499332
-1.9959943519679992,0.13129053502565932,1.3811407549202566
-1.9966360862120043,0.1313883212080367,1.378642485536928
-1.996271423601007,0.13138449146354292,1.3906429942062741
-1.996201316366923,0.13132838765745664,1.3779888718111284
-1.9967751350094605,0.13148017674719595,1.3896848318032617
-1.9960236860358405,0.13136014653300349,1.3866735189244992
-1.9964291183961997,0.13138175705726138,1.374952929247806
-1.9966213396585295,0.13149378301700318,1.390432772990316
-1.9960428948162248,0.1313602568353716,1.3783183910193915
-1.996712416251288,0.13147033477496267,1.375687947963145
-1.9963517274261264,0.13146714589805253,1.387762321443037
-1.996279845249697,0.13141022907897465,1.3751548737988608
-1.9968564982297754,0.13156465116902175,1.3868745507929807
-1.9960796104483307,0.1314299371596647,1.3833047514590149
-1.9965807747706705,0.13147781817247506,1.3722563366738634
-1.996635358428901,0.1315656769393636,1.38796988096174
-1.9962274667778965,0.13145707696012413,1.3759290703646465
-1.996876992862725,0.1315933785585355,1.37928142497248
-1.9962972186156456,0.13151818154014974,1.3840958592717745
-1.9965058668765843,0.1315088088300501,1.3719203866825476
-1.996842840094734,0.13164348986532579,1.387120924313827
-1.9961929220644554,0.13150503992209828,1.3770091740605992
-1.9968865085204166,0.1316126116103534,1.372560367483515
-1.9965186429339508,0.13160737706782719,1.3849008122355437
-1.9964424256143685,0.1315487080685969,1.3722322288651105
-1.9969887819923262,0.13169893782469777,1.385424388538095
-1.996168928300062,0.13155855137083208,1.3827580809803162
-1.9967624921256222,0.1316225518821077,1.3752273674829865
-1.996763527978963,0.1316968590290142,1.3865456251077937
-1.9962620774620878,0.13157325903084105,1.38075121512773
-1.9970311280379334,0.13169984115842653,1.3769220073854522
-1.996620015884808,0.13168379118360957,1.3850555484385103
-1.9965518857516473,0.13162437804014657,1.3784229646684245
-1.9972156444827194,0.13179786110849587,1.386840725065572
-1.9964884533050506,0.13167806107983254,1.3834846643994778
-1.9968614910959221,0.1316962820148635,1.3772425218329174
-1.9970611997645833,0.1318075611954741,1.3925498267261027
-1.9965087409396234,0.13168813768424822,1.3811208229871166
-1.9971239683233277,0.1317680819102229,1.3750699746028
-1.9968659799640789,0.13179511776639966,1.3901927322753755
-1.9966572992787717,0.13171786156610085,1.3774117018914942
-1.9972777359272267,0.13187461742635107,1.385723810917368
-1.9965999558486829,0.1317669205165539,1.386225776385344
-1.9969555268491204,0.13177972537995233,1.374200916577479
-1.9971485582222803,0.1318918768801973,1.3896870632593534
-1.996566855950837,0.1317572553674596,1.377567211499347
-1.9972379339630735,0.13186804469305893,1.3749368041871184
-1.9968770307549495,0.131864699637949,1.387053886260115
-1.9968043597299308,0.1318074528560345,1.3744417259449238
-1.997383764309017,0.1319700345638759,1.3868833171973753
-1.9966131266964136,0.131836570087561,1.3831868071132833
-1.9972082497187864,0.13189748458268127,1.371918082962529
-1.997102985851845,0.1319542249103748,1.3875132650870594
-1.9967569760417037,0.13185478817603313,1.3747714804288846
-1.9974026240421403,0.13199865401130476,1.3793039198366377
-1.9968295812066503,0.13192473116275807,1.3839700857126394
-1.997130861601361,0.1319283813703045,1.371701916083816
-1.9973234503686554,0.13204160828124123,1.387208922323017
-1.9967379561784904,0.13190470086689812,1.3751692389953984
-1.9974111596094297,0.13201741283121363,1.3725291868681164
-1.996968725322363,0.131994182868719,1.3864119187658965
-1.996969182267279,0.13194456576297048,1.3771992938627307
-1.9975093994321893,0.13209906564603127,1.3869872157433227
-1.9967486387309756,0.13196831084946412,1.381794712811863
-1.9972660591334381,0.13201498656312152,1.3759929338544987
-1.9974112202432026,0.13211562579287664,1.3874112039836404
-1.9967671827499334,0.13197925067860972,1.382132517536366
-1.9975878587872142,0.1320965553219932,1.3759445021644738
-1.99728522546957,0.13211250661883897,1.3868765821381501
-1.9970691337748336,0.1320316328121303,1.3803590493873021
-1.9977654158397444,0.13218320129342026,1.3841220977286748
