-0.08568146072156012,-0.23210679278910995,1.590117102989418
-0.08676248578135494,-0.23218957904899323,1.5666995880099561
-0.08749735606745897,-0.23219329985086443,1.5668960970509553
-0.08816053968412962,-0.23218936775182528,1.567504431579294
-0.08770511808723104,-0.23218476249508332,1.5710088747650093
-0.08680620488767568,-0.23217915875417197,1.5789125305043736
-0.08652573656953348,-0.2322059040491648,1.5638007367518632
-0.08665675505246066,-0.2322029140182569,1.5656465777822002
-0.08669736909217833,-0.23220311850627007,1.565222306486885
-0.0867110579353779,-0.23220303914886134,1.5652111943575884
-0.08671610935460719,-0.23220307138158242,1.5651854421307234
-0.08671843294900167,-0.23220315925770213,1.5651499871450147
-0.08671990515791463,-0.2322032734232901,1.5651093995489402
-0.08672111257793311,-0.23220339975188795,1.5650662834538827
-0.08672223711050786,-0.23220353168147082,1.5650219618643229
-0.0867233356494569,-0.23220366622563324,1.5649770695818321
-0.08672442621031123,-0.23220380204292607,1.5649319015533194
-0.08672551459225993,-0.23220393853639903,1.56488659217424
-0.08672660270117934,-0.2322040754425934,1.5648412019390978
-0.08672769117885508,-0.23220421264643598,1.5647957578720277
-0.08672878024688185,-0.2322043500985864,1.5647502719962545
-0.08672986998315561,-0.2322044877787448,1.5647047496579316
-0.08673096041481329,-0.23220462567942057,1.564659193245509
-0.08673205155043459,-0.23220476379877536,1.5646136038411513
-0.08673314339152591,-0.23220490213746817,1.5645679819520466
-0.08673423593683262,-0.23220504069727044,1.5645223278323626
-0.08673370513835466,-0.23220601408005823,1.5638975186212325
-0.08673446477478516,-0.2322062326855066,1.563832942038711
-0.08673543531078526,-0.2322064075858539,1.5637795909392007
-0.08673648441215484,-0.23220656452991012,1.5637303854955238
-0.08673756276410868,-0.23220671370959803,1.563682997695423
-0.08673865262270264,-0.23220685962320217,1.5636363960496458
-0.0867397473730905,-0.23220700425520419,1.563590124146478
-0.08674084446296286,-0.2322071484810536,1.563543980544248
-0.0867419428758261,-0.23220729268763296,1.5634978765061422
-0.08674304219493152,-0.23220743704681646,1.5634517730107895
-0.08674414224442811,-0.23220758163593502,1.5634056529345792
-0.08674524294748438,-0.23220772649077182,1.5633595087903196
-0.0867463442686957,-0.23220787162886702,1.5633133373284156
-0.08674744619022635,-0.23220801705976105,1.5632671371620754
-0.08674854870173332,-0.2322081627894941,1.563220907723289
-0.08674965179609158,-0.23220830882258306,1.563174648804257
-0.08675075546753451,-0.2322084551628919,1.5631283603553507
-0.08675185971085522,-0.23220860181400999,1.5630820423971912
-0.08675296452105921,-0.23220874877942152,1.5630356949814845
-0.08675406989321312,-0.2322088960625792,1.5629893181738745
-0.08675517582237173,-0.2322090436669357,1.5629429120465905
-0.08675628230356014,-0.2322091915959584,1.5628964766751159
-0.08675738933174688,-0.23220933985313494,1.562850012136833
-0.08675849690184409,-0.23220948844197656,1.5628035185103022
-0.08675960500871208,-0.23220963736602024,1.5627569958748202
-0.0867607136471388,-0.23220978662882652,1.5627104443107969
-0.08676182281186404,-0.2322099362339829,1.5626638638990558
-0.08676293249755573,-0.23221008618510208,1.562617254721309
-0.0867640426988244,-0.23221023648582145,1.5625706168601141
-0.08676515341021478,-0.2322103871398057,1.5625239503984785
-0.08676626462620679,-0.23221053815074394,1.5624772554203432
-0.08676737634122177,-0.23221068952235108,1.5624305320103604
-0.08658565852585394,-0.23251929025425688,1.3880856854895673
-0.08628486463032048,-0.23259234899310993,1.3791368285556702
-0.0860181109218253,-0.232590592619355,1.4053159455194086
-0.08549421739506126,-0.23264123343423013,1.4294518530571105
-0.08539533832350563,-0.23308616412846758,1.230273475604558
-0.08659463786341091,-0.2329933497673932,1.0391129668132237
-0.0873487423202934,-0.233011558729422,0.8409491878476753
-0.0869031522666428,-0.2335782794552284,0.7952875396809723
-0.08757281238775932,-0.23342090662618045,0.604732252296019
-0.08779891685877646,-0.23305814148309864,0.6189195627540692
-0.08810890396870216,-0.23317179727676826,0.41443703057839054
-0.08839103436057055,-0.23332543028341315,0.19706955960745745
-0.08840487879693178,-0.23363362675646462,0.18644287111392202
-0.0883963851435687,-0.23371420373324261,0.19287959446128644
-0.0883832845048468,-0.23379826401347553,0.20253908159451062
-0.08839208032113083,-0.23350175053707664,0.2131857050505362
-0.08835908546245182,-0.2336889460558508,0.22265821502750946
-0.08851190010240953,-0.2339801190247169,0.032496013391735364
-0.08853078002791583,-0.23361868993735085,0.021300627074071876
-0.08850802900216642,-0.2333037035620312,0.03077550116872024
-0.0884682016278657,-0.2328445986175149,0.04754601604382497
-0.08846116234576074,-0.23296442682373258,0.04386439682930509
-0.08845897220346081,-0.23303099852996878,0.041110066515290596
-0.08845704491395978,-0.23307963528882028,0.0411763566255222
-0.0886994571961877,-0.23278608102028805,-0.12970749545409133
-0.0895284701642607,-0.23369728727932146,-0.30119333544115073
-0.08989219403806849,-0.2336931360765146,-0.4722025544155154
-0.08980392417237724,-0.2331553414865561,-0.5021885628378863
-0.08993551110372222,-0.23340526581901683,-0.5070084252954907
-0.09009413339730758,-0.23379727135830325,-0.5157472173696068
-0.08965855295635015,-0.23265463175946768,-0.7036859510017821
-0.08930732899270846,-0.2317500729335789,-0.9053764235982016
-0.08936421500576518,-0.23128235528545976,-1.1199751606302344
-0.08951185415429204,-0.23098303396478026,-1.3219030701406065
-0.08855351635437225,-0.2307993035547519,-1.3428186899251637
-0.0888094856161584,-0.23079419078022015,-1.346443136831684
-0.08892543551210307,-0.230524933727595,-1.5312504364052866
-0.08837179286566457,-0.23053832258941415,-1.5191249049674513
-0.0884638304318298,-0.23054510353406146,-1.5200111362686644
-0.08847518242145305,-0.23054251400573844,-1.5212708540535127
-0.08848316709127618,-0.23053970420904238,-1.521427225922678
-0.08857728776881486,-0.23022643156549774,-1.6891507915917021
-0.08857773281788489,-0.2302002254166976,-1.716050454054722
-0.08878563663360241,-0.23018008412418162,-1.7243295453382033
-0.08885682541994677,-0.23014699428797653,-1.7279661013273293
-0.08920462197760352,-0.23009461012023982,-1.729404984802388
-0.08918972672446297,-0.23013571740202143,-1.702060666327847
-0.08917828855896949,-0.23012692888972675,-1.7119122946030136
-0.08943972582059156,-0.229650776568629,-1.8975721162460377
-0.08945395961288663,-0.2290559406660631,-2.085152213155563
-0.08940973735664519,-0.22855635045338746,-2.2775705324280335
-0.08904374555217176,-0.22831649030135645,-2.4853734655881303
-0.08862595314098537,-0.22836325595146748,-2.6877464351524174
-0.0882909866738198,-0.2282629570420244,-2.8790997215330174
-0.08818258759243425,-0.2293468705417017,-2.8816638996887285
-0.08807506404273878,-0.22951556376404275,-2.8876394978476463
-0.08810186611103162,-0.22937700862926644,-2.897994807452329
-0.088114498639234,-0.22924392511058778,-2.904258162374751
-0.08809816303927673,-0.22928291659125064,-2.902310783275038
-0.0880836011581005,-0.22932012034679042,-2.8997596956855762
-0.0880704736633687,-0.22935433733653976,-2.8969232416339152
-0.0880583084768258,-0.22938615414263294,-2.893939904146247
-0.08804674440870847,-0.22941630697896126,-2.890874706122257
-0.08809557779563773,-0.22917439528354952,-2.8975849898780406
-0.08812144855402446,-0.22901412091630935,-2.9004466193793266
-0.08812433605290308,-0.22898317643768737,-2.892526435103893
-0.08814659546771561,-0.22886580538357235,-2.884050478453954
-0.08823482865636374,-0.22854082337957343,-2.869667266813139
-0.08811211756258201,-0.22900743954285804,-2.885245358752423
-0.08769443497746862,-0.22965090166347152,-3.07723018271116
-0.0877024391081848,-0.22988786584614462,-3.0815038278338185
-0.08774630515679448,-0.23013265650775525,-3.0694336460411757
-0.08776283821596516,-0.23048329905115833,-3.0474623219148156
-0.08752501396552038,-0.2302869500740299,3.0602156322199794
-0.0874965721616285,-0.23047886410748353,3.018702100794433
-0.08750321897413511,-0.23023877663623457,3.0222945979607263
-0.08700859661618493,-0.22956604630190464,2.847274275321722
-0.08649035450863903,-0.22946096837680058,2.6364007755798093
-0.08589289277051193,-0.22933429119851936,2.4465407975361666
-0.08624594927365332,-0.22984829359468026,2.4497280447244836
-0.0859624242591798,-0.2294417424257678,2.4580741244070494
-0.0862617488219285,-0.23030896562654551,2.2542039206535907
-0.08577657456893975,-0.23030808761037005,2.0490470349064807
-0.08580638712839893,-0.23070444829675998,1.859564901426822
-0.0855085321420831,-0.23067155570138034,1.856299779692464
-0.08550074635001739,-0.23067687185130828,1.8591983893144588
-0.08551083337952119,-0.2306916998109424,1.8620700143616744
-0.08553152305574947,-0.23071173108460924,1.8647920408336796
-0.0855624746233893,-0.2307361988180111,1.8672343729882441
-0.0856048459785154,-0.2307652817048547,1.869306127301588
-0.0855692056951541,-0.23075093799286592,1.8755180270633462
-0.08546196994356632,-0.23073535259005173,1.8807716989905097
-0.08508325330620693,-0.2306614634599202,1.8902993656005627
-0.08509717447148747,-0.23067075788303448,1.8899690162677125
-0.0850826004745007,-0.23066652899199572,1.8918280370844158
-0.08505031263142157,-0.23065537997431587,1.8946461382046433
-0.08508777813053417,-0.23067664624285875,1.893654586129481
-0.08524330255254717,-0.2307473116456497,1.8883499573578384
-0.08539288668704918,-0.23081348390730272,1.8841184262675241
-0.0854493883039835,-0.23084296947495822,1.8850294302803106
-0.08549792695030878,-0.23086634002602488,1.888117039640019
-0.08564444290295015,-0.23090753751319698,1.8899028724400706
-0.08555025284188846,-0.2308943489198264,1.882416276113091
-0.08527385553929892,-0.2308238393863045,1.8855740468612137
-0.08479037926706752,-0.23066287501479474,1.9018288887754786
-0.08517398069531103,-0.2307715442636531,1.8903832036741832
-0.08500806234556688,-0.23071584662725267,1.8932983482757233
-0.08486606385500083,-0.23065472975165432,1.8979140656959999
-0.08520519684801203,-0.23079071816426056,1.8918742786865719
-0.08513608477979048,-0.23077153456927227,1.892952783806369
-0.08511695606837218,-0.23077391060639424,1.892317363565803
-0.0851117580190588,-0.23078000759177586,1.892272005641509
-0.08511244478108958,-0.2307876588380266,1.892372274838964
-0.08511597018250236,-0.2307960977991797,1.892521904360667
-0.08512085044234276,-0.23080492757208865,1.8926878584061748
-0.08512636869025363,-0.23081394841047484,1.8928589312723947
-0.08513218385253206,-0.2308230626091105,1.8930314144874876
-0.0851381356266393,-0.23083222332149247,1.8932041317178732
-0.08514414939343534,-0.23084140840980252,1.8933767366241998
-0.08515019068067435,-0.23085060752455608,1.8935491415324905
-0.08515624365805806,-0.23085981586572019,1.8937213323871676
-0.0851623010903169,-0.23086903121939537,1.8938933122977024
-0.0851683596827068,-0.23087825256745795,1.8940650861412396
-0.0851744179388942,-0.2308874794412819,1.8942366573674974
-0.08518047518034215,-0.2308967116235211,1.8944080279569715
-0.08518653109929283,-0.23090594901128172,1.8945791989219243
-0.08519258555567197,-0.23091519155363172,1.894750170725016
-0.08519863848511278,-0.2309244392231666,1.8949209435408545
-0.08520468985736396,-0.23093369200311506,1.8950915173994796
-0.08521073965754408,-0.23094294988149905,1.8952618922618436
-0.08521678787768587,-0.23095221284850034,1.8954320680563592
-0.0852228345129463,-0.23096148089527296,1.8956020446975679
-0.08522887955989673,-0.23097075401340625,1.8957718220948707
-0.08523492301575265,-0.23098003219468605,1.8959414001559467
-0.08524096487803971,-0.23098931543098963,1.8961107787896294
-0.08524700514010077,-0.2309986037140525,1.8962799576007483
-0.0852530437193539,-0.23100789702049998,1.896448934257425
-0.08525908061399477,-0.23101719532906362,1.896617715045935
-0.08526511585515768,-0.23102649863713767,1.8967863029796652
-0.08527114946010857,-0.23103580694106213,1.8969546990615433
-0.08527718143701117,-0.23104512023551116,1.8971229035726593
-0.08528321178892484,-0.23105443851399843,1.897290916533846
-0.08528924051627404,-0.23106376176936858,1.8974587378746304
