1.4756781004097081,-0.2093334847566774,1.6205077171844033
1.4758584989039685,-0.2092918835077968,1.572414914747639
1.4762167329820504,-0.20926778080820657,1.5949163226272924
1.4761688072534904,-0.20927642898459886,1.59027592044248
1.4761434164563867,-0.20927878211958156,1.5899681544337458
1.4761393142118246,-0.2092798909772558,1.5895316011447584
1.4761425103569314,-0.20928034591780645,1.5892425985191652
1.476148588358609,-0.20928053790109769,1.5890147565454222
1.4761557466068758,-0.20928062487781252,1.5888134518699293
1.4761622650356752,-0.20928069693959986,1.588695353116126
1.4761648635345879,-0.20928081013027172,1.5886971945497286
1.4761665568293574,-0.209280957505611,1.588729549394953
1.4761679182184233,-0.20928111616370804,1.5887753084283562
1.4761691610101082,-0.20928127900798044,1.5888269860897337
1.4761703623494822,-0.20928144403652602,1.5888813049728756
1.4761715497479524,-0.20928161079392602,1.5889368399134847
1.4761727328459546,-0.20928177924364444,1.588992974866778
1.476173914943711,-0.20928194943553594,1.5890494451145047
1.4761750971340295,-0.20928212142103944,1.5891061377251536
1.4761762797603377,-0.20928229523885397,1.5891630050665377
1.476177462920586,-0.2092824709171844,1.5892200274976107
1.4761786466365778,-0.20928264847788686,1.58927719734053
1.4761798309086134,-0.2092828279394488,1.5893345120199884
1.476181015732009,-0.2092830093187216,1.5893919711356084
1.4761822011015373,-0.20928319263183384,1.5894495752166407
1.4761833870123302,-0.20928337789464665,1.5895073251934007
1.4761704183002096,-0.20928121520924028,1.5925853642666168
1.4761733423376364,-0.20928133373064597,1.5927198725977467
1.4761752342165257,-0.2092815633736478,1.5928128677141564
1.476176698673785,-0.20928184074979655,1.59288945703832
1.4761779834474205,-0.2092821397737025,1.592959381386835
1.4761791927525316,-0.20928244953399916,1.5930266765050645
1.4761803704296492,-0.20928276547419092,1.593093015326801
1.476190260137352,-0.2095855358285416,1.4263160487125672
1.4760386430763877,-0.2096078150441414,1.4104040378950953
1.4756891014647455,-0.2095752782848869,1.3986513738818922
1.4755939277903038,-0.20954976376780818,1.4021306335876573
1.475554292416643,-0.20953945999552637,1.4037050909530895
1.4755439840874909,-0.2095354394805643,1.4043874799758302
1.475539834318112,-0.20953196460914392,1.4049380508122677
1.4755345102954345,-0.2095283230715918,1.405497664098453
1.4755291259981926,-0.2095246993535759,1.4060559214699975
1.4752844685938429,-0.20979100638045325,1.212324783590722
1.4744305810542484,-0.2096484255222427,1.2144304655569744
1.4735129386632801,-0.20930348083848516,1.0265048672369759
1.473153153364758,-0.20926216716098464,1.0068283429486367
1.4732828231421558,-0.20936383389895707,1.0155523385977083
1.4733201756305545,-0.20935395058711262,1.0197862081159441
1.4733031489554118,-0.20932016015953744,1.0225362180946374
1.4732589269137473,-0.20927515888657428,1.0242037598147398
1.4732112248657279,-0.20922848296621885,1.0257003754540988
1.4731408904713985,-0.20920881277565953,1.028749260625803
1.472899139944903,-0.20903808264682133,1.0376441917168808
1.4730520755615404,-0.20911035389268362,1.0381271466978894
1.4724551570776296,-0.20916131834950086,0.8350835435579635
1.472160289564867,-0.20891023175532142,0.8389510876600386
1.4722151169304574,-0.20895505322860985,0.8401080822503727
1.471660262540189,-0.20892398849202404,0.6427338217172162
1.471381432570652,-0.2091029279798473,0.43932147756739515
1.4707730135428214,-0.20880972455572314,0.22744687866773913
1.4702702559945569,-0.20805161233829358,0.017381632008561427
1.4698528053274948,-0.20833604491790655,-0.17926193220423778
1.469785108149065,-0.2086461909007402,-0.17963306693193234
1.469699035518129,-0.20903188855414714,-0.186055920215703
1.4692858413344798,-0.20930111105752364,-0.3728067585994057
1.4689487982120515,-0.20909829146744377,-0.5809519579869913
1.4688321655538357,-0.20873271912592814,-0.7749340551806315
1.468814564269489,-0.20874335798291976,-0.786505307307963
1.468746650254567,-0.20879391330454025,-0.7940316524897765
1.4689178761562132,-0.20865659484022336,-0.7885610366927234
1.4686865765558748,-0.20886848702714744,-0.7939271805581136
1.468137016704978,-0.20899395570526846,-0.9330913572969448
1.4682534750762604,-0.2084947509007351,-1.109049374625953
1.4674445532821891,-0.20879043167149622,-1.1057841885371247
1.4665866699904673,-0.20911068148509848,-1.1087930629717397
1.4663972706261306,-0.20920536072309684,-1.1075536590281303
1.4659905650378573,-0.2093882097540449,-1.08907687667189
1.4659431463457402,-0.20940690857467548,-1.0860330630783523
1.4662396921920975,-0.20892409504798962,-1.2639966016651718
1.4663422459464535,-0.20877363921675776,-1.3083207937949923
1.4663976040786426,-0.20834200379901027,-1.5045579674664655
1.4670558655775146,-0.20833746036056494,-1.4969160920777156
1.467143788721627,-0.20836701828034462,-1.4868596676539312
1.467091569946834,-0.2083845304846433,-1.4872855814971189
1.4669634663586315,-0.20840515173845717,-1.4941729399186572
1.4674250266585949,-0.20810136328578938,-1.6695839272866053
1.4674666103035643,-0.20774664333507847,-1.8841427169702003
1.4680426758896292,-0.20739978431017678,-2.0916361455372363
1.4684169823163165,-0.20718838627829833,-2.323947435548899
1.4688986787394014,-0.20699785542006263,-2.536069972575002
1.4692736157316701,-0.20651863386838015,-2.7702472712783632
1.4698522561223475,-0.207084399920185,-2.9775766513845743
1.469813798346114,-0.20724261516363432,-2.9481005204989392
1.4698429077977817,-0.2072419290578108,-2.945527237063183
1.4704872662746014,-0.20738649465086434,-3.129456743823422
1.4708786070197408,-0.207464930968009,2.982083370899997
1.4708889858298275,-0.20864466112142135,2.7906337803638164
1.4708509708062028,-0.20958261258011654,2.609734536615198
1.470464578905502,-0.21077844790265973,2.4010639186429485
1.470475046434737,-0.21079405489684855,2.403561808666123
1.4706969814853663,-0.21050601984785622,2.4125135195210645
1.4706952847625925,-0.21045347319103544,2.423034211002413
1.4708796253012204,-0.21083145334237077,2.2151876243194293
1.4708051656224708,-0.2109320010625098,2.1942034683184404
1.470714280051924,-0.21139130262158073,2.0098456608879864
1.4704466417767903,-0.21173220932347342,1.8238882022335088
1.4696688868755832,-0.21185922786231307,1.805591724078114
1.4696390867267253,-0.2123112134034361,1.610501561861544
1.468631138501121,-0.2122903623331471,1.6091016555053688
1.4686685303834033,-0.21247116799278423,1.449938284668978
1.4683438653508332,-0.2128533900108315,1.2546963530187132
1.4681357107609976,-0.21311327727898588,1.0481788505589145
1.4673627877261513,-0.2130800357744087,0.8365152943422594
1.4664212328093014,-0.21259055942907132,0.6335376499692006
1.465910882571426,-0.2126756785617425,0.4313630218552093
1.4658421309973504,-0.21275062935256533,0.4090172568580108
1.4654477899230356,-0.21227024570670278,0.21816193460166058
1.4653245969825208,-0.21290589456466522,0.02484271463565155
1.464748190816129,-0.2130978875355896,-0.17852550919701873
1.4647125360338262,-0.212649993913438,-0.38147211441108086
1.4649420913084366,-0.21169261070141218,-0.400105173093922
1.465042825276494,-0.21146828492310618,-0.3960569655111833
1.4651452902937396,-0.21091099581613665,-0.5370883501838949
1.4643086703243784,-0.21138791125224463,-0.6932749682626096
1.4641722611822732,-0.2109823167139232,-0.9021645776170775
1.4642770415864028,-0.21079170154823418,-0.9294459305101814
1.4646956077943079,-0.21006263481643161,-1.1141145012294975
1.4652233896315454,-0.20964556462675854,-1.2980878906223565
1.4656104470095224,-0.20919152847803835,-1.5145839728134547
1.4655674650780828,-0.20881292736859228,-1.7135693819806375
1.4658066408261152,-0.20844223554299224,-1.9052446166494292
1.465420974389547,-0.20834092680173597,-1.9160973244754071
1.466077833302874,-0.20827623607436002,-2.124313447954417
1.4661052566607298,-0.2078115478712103,-2.306863270619096
1.4661252633489341,-0.20733716997480162,-2.5020180118404665
1.466307039973729,-0.20710835608834055,-2.6872730562338853
1.4667730617457935,-0.2072389139803789,-2.8983904167344687
1.4670218660925525,-0.20771725048704262,-3.083759616463556
1.4669654909203864,-0.20690140903995047,-3.07618982581087
1.4669615405764866,-0.20656659691807186,-3.0837342358904523
1.4669527498214985,-0.20604584004006596,-3.0866592440791427
1.466938915143068,-0.20581610546872223,-3.0862045384312426
1.4669279740360053,-0.20563863329747264,-3.085435679262198
1.4669374892924252,-0.20577572702389024,-3.0943510335463555
1.4669583798679704,-0.20597017756086586,-3.103158969484229
1.4669642307755226,-0.20599769565438492,-3.104441931003108
1.4669653333046755,-0.20599085403894046,-3.1042894005539345
1.4669669492457271,-0.20599052380389177,-3.104220299725195
1.4669687166263345,-0.20599171471124395,-3.1041517145152455
1.466970543326555,-0.20599348762591532,-3.104081781485728
1.4669723969058597,-0.20599548321778935,-3.1040103810449553
1.4669742661813199,-0.20599757172816974,-3.1039379403394323
1.4669761474181313,-0.20599970687538222,-3.1038648139432614
1.4669780394404308,-0.2060018724653108,-3.1037912142709247
1.4669799419289844,-0.20600406301543098,-3.1037172529485644
1.4669818548412263,-0.2060062767999666,-3.1036429842686863
1.466983778219392,-0.20600851338639198,-3.103568433013085
1.4669857121296674,-0.20601077277709393,-3.103493609622476
1.466987656644127,-0.20601305511658147,-3.1034185178227367
1.4669896118359844,-0.20601536059442116,-3.103343158274667
1.4669915777786737,-0.2060176894143667,-3.103267530263054
1.4669935545458603,-0.20602004178514352,-3.103191632459967
1.4669955422116019,-0.20602241791801712,-3.1031154632631854
1.4669975408504743,-0.2060248180263172,-3.103039020944013
1.4669995505376472,-0.20602724232544997,-3.102962303711217
1.4670015713742357,-0.2060296937893473,-3.1028852151722117
1.4672200239261726,-0.20603234024692624,3.0133084624730015
1.4672107580685092,-0.20638029385907516,3.013569032131685
1.4671356813035858,-0.20700151930223845,3.0269790662177
1.467143325506149,-0.20706759320590115,3.0204500933253495
1.4671571202267433,-0.20734507033985497,3.0069825190179023
1.4671650674287398,-0.20742932110549714,3.0030124727855574
1.467152394320785,-0.20739175471093843,3.0095469944330118
1.4671386465217748,-0.2074439416060158,3.0063465376334517
1.4671424235875357,-0.20746629825238205,3.00205521186607
1.4671484531929888,-0.20750640986163207,2.9967136091780335
1.467137513486014,-0.20762567150230943,2.9902931983755403
1.4671346839389483,-0.2075817788087296,2.9927774187079352
1.4671330377932936,-0.20753451736142828,2.9952823843045837
1.4676720750571917,-0.20808750138548343,2.816609669388163
1.467705558336197,-0.20804322506414433,2.7928508641919363
1.4677376159637003,-0.20781459304221678,2.793460168317289
1.4676379977538738,-0.208069394306682,2.7885046523620223
1.467617828019848,-0.20809285822557938,2.7918732279007594
1.4675279012986182,-0.20831860524159326,2.7878558021299473
1.4674961108641627,-0.20834983846765226,2.7902401806819426
1.467726379695611,-0.20853020549395804,2.6069511161801087
1.467594416448191,-0.20906624965225412,2.599708055570969
1.4671455123068886,-0.2100258757504768,2.620533218574003
1.4669502032746629,-0.21053780432583752,2.4297697659030724
1.4678324010473935,-0.21028528941303373,2.247760906737905
1.4680985130704711,-0.21026388409494357,2.223493089555765
1.468221743667122,-0.2101726465512084,2.2246799804902566
1.468170350818099,-0.21024323013772891,2.218543009666063
1.4680211275837167,-0.2103711830139075,2.207554087149812
1.4679243549576695,-0.21044794659367347,2.1984072332152067
1.4679169906145924,-0.21046121431646672,2.1952661542295613
1.467866194293886,-0.21050944234186408,2.1911654531593183
1.467814737541898,-0.21055536503728298,2.1878115482075438
1.4677503727055377,-0.21058633987326733,2.1874827857581587
1.4677881205004693,-0.21054371169231456,2.1874981220915015
