-1.937474788397827,-0.15989652922999723,1.6280073130137733
-1.9377789863174189,-0.15996640624704683,1.5475979887665152
-1.9385580284737234,-0.1598861809497382,1.579222448590697
-1.9391485933495085,-0.15994633405086373,1.5633113704993675
-1.9390920817838062,-0.15993648960223714,1.568053440656773
-1.9392434269993033,-0.15995084068414048,1.5628129884119302
-1.9392747376044177,-0.1599552912656543,1.5624081041475704
-1.93928375641097,-0.15995781507657603,1.5617768903504619
-1.939286414985973,-0.15995898230967223,1.561486802882906
-1.9392873635801835,-0.15995955322879288,1.5613460573375137
-1.9392879230459972,-0.15995985971999138,1.561270920758315
-1.939288422680709,-0.15996004902511476,1.5612246258616709
-1.9392889299309448,-0.15996018636238588,1.5611910694126048
-1.9392894508911267,-0.15996030069270878,1.561163156428706
-1.9392899811037276,-0.15996040490604507,1.5611377458864035
-1.9392905164434222,-0.1599605047494335,1.5611134424676367
-1.93929105443405,-0.1599606027885446,1.561089624900058
-1.9392915937810105,-0.15996070017004727,1.5610660161354915
-1.939292133849232,-0.15996079740706365,1.5610424925086093
-1.9392926743372845,-0.15996089472967048,1.5610189987899008
-1.9392932151043671,-0.1599609922414366,1.5609955103109465
-1.939293756084891,-0.15996108998937125,1.5609720160590206
-1.9392942972478981,-0.1599611879951953,1.5609485111253072
-1.9392948385782136,-0.15996128626932085,1.5609249933303138
-1.9392953800678039,-0.15996138481710517,1.5609014617150752
-1.9392959217118468,-0.1599614836416458,1.5608779158666493
-1.939295208410416,-0.15996348967834528,1.5596583253929615
-1.9392949660118135,-0.15996393296196387,1.5595544136396742
-1.9392951683915833,-0.15996419569788725,1.5594957225150679
-1.9392955580064455,-0.15996437859398757,1.5594560234909287
-1.9392960264866435,-0.15996452524909985,1.5594249936500728
-1.9392965290800097,-0.15996465556507836,1.559397914954522
-1.9392970466907953,-0.1599647786220426,1.559372632297377
-1.9392975709826217,-0.1599648985607165,1.5593481623130905
-1.9392980982595742,-0.1599650172690514,1.559324056616295
-1.9392986268657846,-0.15996513560805936,1.5593001108593065
-1.9392991560536832,-0.15996525397076677,1.559276231951081
-1.9392996854834692,-0.15996537253697743,1.559252377504046
-1.939300214999384,-0.1599654913893599,1.5592285282327318
-1.9393007445290171,-0.15996561056633657,1.5592046753761215
-1.939301274037788,-0.15996573008617693,1.5591808149675408
-1.9393018035083007,-0.1599658499579721,1.5591569452242213
-1.9393023329309709,-0.15996597018663467,1.5591330653582913
-1.9393028622997655,-0.15996609077517573,1.559109175035049
-1.9393033916102616,-0.15996621172574133,1.5590852741264547
-1.9393039208587552,-0.15996633304008584,1.559061362598621
-1.9393044500418715,-0.15996645471978663,1.5590374404607275
-1.9393049791563697,-0.15996657676634224,1.5590135077416107
-1.9393055081990718,-0.1599666991812166,1.558989564479323
-1.9393060371668112,-0.15996682196586004,1.5589656107161431
-1.9393065660564224,-0.15996694512171866,1.558941646496276
-1.9393070948647368,-0.1599670686502374,1.5589176718651956
-1.9393076235885702,-0.15996719255286265,1.5588936868689134
-1.9393081522247262,-0.15996731683104368,1.558869691553789
-1.939308680769998,-0.15996744148623201,1.558845685966565
-1.9393092092211586,-0.15996756651988248,1.5588216701541169
-1.9393097375749746,-0.15996769193345234,1.5587976441637221
-1.9393102658281913,-0.15996781772840232,1.5587736080427714
-1.9393107939775467,-0.15996794390619587,1.55874956183892
-1.9393113220197564,-0.15996807046829922,1.5587255056001599
-1.9393118499515298,-0.15996819741618196,1.558701439374578
-1.9393123777695547,-0.15996832475131673,1.5586773632104687
-1.9393129054705114,-0.15996845247517866,1.5586532771564796
-1.9393134330510629,-0.15996858058924598,1.558629181261429
-1.9393139605078535,-0.15996870909500016,1.558605075574328
-1.938955080302137,-0.1603567304753349,1.3810488186768517
-1.9386575101455097,-0.16039125374874952,1.4061003330921735
-1.9394546860326,-0.16029769170471178,1.4114583631187658
-1.9391217158784182,-0.1603027569862185,1.4192472042288202
-1.938954684009555,-0.1603135786032989,1.4129946781014535
-1.9392680664844175,-0.16021557000370626,1.42733753302561
-1.9394845064835977,-0.16017674684108665,1.420548684842266
-1.939055404543938,-0.16021823348035202,1.4322112408831724
-1.9395195008880453,-0.16017162636623397,1.4272250205875952
-1.9397255317832183,-0.16015479718197023,1.4220890585575496
-1.9397662690692568,-0.16015213121229582,1.4251975639703256
-1.9397240231807775,-0.1601568748417656,1.4305198426230699
-1.9396894304464165,-0.1601607258463549,1.434728999603471
-1.9399172271644047,-0.16014455172201456,1.428511164245343
-1.9394634164023437,-0.16021136645145287,1.4313814570421055
-1.939271600588893,-0.16023356082063714,1.4316112740509588
-1.9394739098171476,-0.16019762711439642,1.4251130565912362
-1.9395712094743063,-0.1601722399522355,1.4224619382774832
-1.9391701010880131,-0.1602108707943005,1.4334721551323542
-1.9394952035143331,-0.16018127213716196,1.4312711413377612
-1.9397645012712497,-0.1601652891301165,1.423316333021427
-1.939425639111576,-0.1602023516771006,1.426218861680446
-1.9395816399630978,-0.16017407067396153,1.4209530183857222
-1.9396364589472421,-0.16015223194669995,1.4193855267048678
-1.9399455991147727,-0.16011458227692232,1.4157486057199515
-1.940316114626898,-0.16007976784705358,1.4059683714193258
-1.9401399735034142,-0.16011399980303517,1.4060297564238324
-1.9398374137937873,-0.16014603638369004,1.4099047694596056
-1.9400642937087016,-0.16009725181848528,1.4033388559798319
-1.9400132250192206,-0.16008931695144943,1.4052561094720555
-1.9398946459609903,-0.16010503442836269,1.4134999997419926
-1.9402618120701107,-0.16006760971938266,1.4056654093135907
-1.9398445182529664,-0.16012931112512588,1.4109730203754924
-1.9398060946382756,-0.16012242672412325,1.408582346033375
-1.9399891668092195,-0.16008166232372104,1.4041431109139424
-1.9398171425938613,-0.16009169230541165,1.4092640055060652
-1.939906942580597,-0.16008368089716637,1.4128535223220717
-1.9402221707682508,-0.16005343352164,1.405402447029808
-1.9397272947003743,-0.1601226964042623,1.411891931516041
-1.9398195619891467,-0.1600936107122783,1.4064291327529386
-1.939920024225149,-0.16006646135054556,1.4046549982250363
-1.9396871798448232,-0.16008519566202284,1.4114032443704396
-1.9398734217933549,-0.16006635256343127,1.4127865349739628
-1.9401705130943574,-0.16003899198277444,1.4053481299813653
-1.939634740048661,-0.16011225442446997,1.4125812154464712
-1.9397935736502308,-0.16007922177295736,1.4062560414543637
-1.9398532795105532,-0.1600515447659584,1.4049831362392662
-1.9395595536142063,-0.16007889110026205,1.4133941700567094
-1.9398360713910598,-0.16005036389445093,1.41260571926081
-1.940119621191306,-0.1600250675269884,1.4051795677366676
-1.939542503738368,-0.16010228062831985,1.4131358697629357
-1.9397209310504209,-0.16006498734525457,1.4070181098450965
-1.9397873239622443,-0.16003705588036496,1.4052086093011833
-1.9393071245601732,-0.16068453772424013,1.2118002215828934
-1.9388489646463105,-0.16074365100581955,1.228495455078728
-1.9382519999059296,-0.16088939345381734,1.2397508292641484
-1.9381738771141432,-0.16091929140553182,1.2370208161792435
-1.9385583185171316,-0.16075390799186534,1.2507509141886255
-1.9384490017630953,-0.1607787038469726,1.2524306446139
-1.9383502492598432,-0.16079853657981116,1.2577339906551255
-1.938257981106958,-0.1608159988539429,1.262822282426316
-1.9382838784027296,-0.16080154663641694,1.2626183948821328
-1.9383060513174124,-0.1607885495835498,1.2624791648728744
-1.9383267768677377,-0.16077604550512925,1.2623587680321877
-1.938346855302667,-0.16076374972805377,1.2622445670861304
-1.9383666496838066,-0.16075154212260254,1.2621323400298856
-1.938386321941296,-0.1607393687862588,1.2620208106230408
-1.938405944453296,-0.16072720550057562,1.26190965435824
-1.9384255496276128,-0.1607150413768149,1.2617988254081272
-1.9384451519924575,-0.16070287152201565,1.261688343247698
-1.9384647580620986,-0.16069069374417988,1.2615782325524865
-1.9384843707524022,-0.1606785070696243,1.2614685105943106
-1.938503991360857,-0.16066631107486035,1.2613591873778418
-1.9385236204560812,-0.1606541055851147,1.2612502680463047
-1.938543258278,-0.16064189053815528,1.261141754907865
-1.938562904918146,-0.1606296659227026,1.2610336487303127
-1.9385825604010267,-0.1606174317505689,1.2609259494789826
-1.9386022247208257,-0.1606051880440313,1.2608186567103234
-1.9386218978580283,-0.1605929348301077,1.260711769776233
-1.9386415797869385,-0.16058067213795754,1.260605287925887
-1.9386612704790849,-0.1605683999977132,1.2604992103558774
-1.9386809699047203,-0.16055611843993875,1.260393536233217
-1.938700678033603,-0.1605438274953816,1.2602882647102598
-1.9387203948352303,-0.16053152719487299,1.2601833949267844
-1.9386938596486394,-0.16054082775474574,1.2579262116987855
-1.9386185047718338,-0.16056958021796094,1.253925121775919
-1.9385360133929206,-0.16060133223102077,1.2497436612236092
-1.9384495794404035,-0.16063499833790756,1.2454418001462562
-1.938359269855656,-0.16067064590125021,1.2409915361598767
-1.938371079625554,-0.16067417028642766,1.2403442632623285
-1.938585459706819,-0.16057507980901845,1.2493724779221946
-1.9385915348567733,-0.16056700758449693,1.2493436966805191
-1.9386067728792569,-0.16055544822893433,1.2493459515648255
-1.9386251763610476,-0.16054278903273778,1.2493194566150598
-1.9386449932807517,-0.16052963469709844,1.2492851005031052
-1.9386654434989792,-0.1605162561603504,1.249249298855358
-1.9386861788823757,-0.1605027749982318,1.2492137375342398
-1.9387070437709786,-0.1604892458417645,1.2491786925627621
-1.9387279684377898,-0.16047569327477046,1.2491440940443852
-1.9387489215948945,-0.1604621283768069,1.2491098322546323
-1.938769889178534,-0.16044855615063325,1.2490758260940604
-1.938790864855022,-0.1604349788614002,1.2490420260710149
-1.9388118457648096,-0.16042139753969004,1.249008404462875
-1.9388328306117373,-0.16040781265881074,1.2489749463884372
-1.938853818803999,-0.16039422444030302,1.2489416439765455
-1.9388748100674444,-0.1603806329918714,1.248908493009386
-1.9388958042713464,-0.160367038369686,1.2488754911171418
-1.9389168013497868,-0.16035344060657472,1.2488426368444707
-1.938937801266165,-0.16033983972476287,1.2488099291818993
-1.938958803997203,-0.16032623574163632,1.2487773673372358
-1.93897980952563,-0.16031262867238194,1.2487449506196713
-1.9390008178369538,-0.1602990185311347,1.2487126783900058
-1.9390218289179604,-0.1602854053315474,1.2486805500330658
-1.9390428427560313,-0.16027178908701656,1.24864856494577
-1.939149715576803,-0.16024817986719192,1.2494226668174497
-1.939403984730359,-0.1601194569020035,1.2630844581615654
-1.938958586353611,-0.16027159995901302,1.2660584729312598
-1.9389719292185423,-0.16026047365152832,1.269488677393243
-1.9389363805259214,-0.160252552603092,1.2793652586709063
-1.9388990823192926,-0.16024605988232613,1.2890081992336708
-1.939034385326347,-0.16022753279964538,1.2884919858535588
-1.9390018823714383,-0.16021237541138247,1.291195760768435
-1.9388295598052927,-0.16020391980309717,1.3038437698674867
-1.9387569521638597,-0.1602165180683722,1.3113341636471105
-1.9387468186684167,-0.16021340692728234,1.3130209707392502
-1.9387401388385146,-0.16020191460445324,1.3163802887059528
-1.9387300888135097,-0.16018904024687497,1.3205959005899057
-1.9386749159895227,-0.16019586520737786,1.3216673848767977
-1.9386280727280973,-0.16020118635113026,1.3222686144849085
-1.9385839155422762,-0.16020601763502215,1.3227262940984392
-1.9385406079329368,-0.1602106919967943,1.3231460451540897
-1.9386186349083583,-0.16019232618892604,1.320994303182187
-1.9386831902702655,-0.16017676395653377,1.3205408527315983
-1.9387915182958286,-0.16015933579930788,1.3185493207977723
-1.938788093733217,-0.1601690587547392,1.3233115432921831
-1.938769987041945,-0.16018141558718035,1.329315911597278
