-0.9892905869376613,0.3370054596959175,1.621028316310067
-0.9892458044783098,0.33707782640686296,1.582020168333689
-0.9888868014880583,0.3370852025999528,1.5881131258853218
-0.9888905645803205,0.33708423559367356,1.587849238492965
-0.9888883542926148,0.3370840751757763,1.587891931518113
-0.9888829501804671,0.33708402453853226,1.5878200513237986
-0.9888764697940993,0.337084004715916,1.5876996016206852
-0.9888696772365132,0.3370839918994706,1.587559832940741
-0.988862844706358,0.3370839797431697,1.5874135458566678
-0.9888577165495689,0.3370839266206193,1.587311694841066
-0.9888517898289878,0.3370839314951237,1.5872576663860711
-0.988849311362346,0.337083864249271,1.5872694086075385
-0.9888476727882777,0.33708376166905557,1.5873037903817155
-0.98884634390516,0.33708364678293856,1.587348308157276
-0.9888451277451971,0.33708352721895585,1.587397360285329
-0.9888439518717412,0.3370834053717832,1.587448460479063
-0.9888427899215505,0.3370832819265847,1.587500514275821
-0.9888416324193682,0.33708315704176345,1.5875530432775857
-0.988840476013502,0.3370830307292552,1.5876058397753334
-0.9888393195433741,0.337082902968675,1.5876588142759167
-0.9888381626192715,0.3370827737374343,1.587711928650387
-0.9888370051166667,0.33708264301642527,1.5877651669908965
-0.9888358469994767,0.3370825107896864,1.5878185229687263
-0.9888346882597863,0.3370823770432006,1.5878719943734096
-0.9888335288980126,0.33708224176397533,1.5879255807626746
-0.9888323689167166,0.337082104939495,1.5879792824545238
-0.9888423995710107,0.33708382669416365,1.5904281230794768
-0.9888399250219495,0.3370837501254678,1.5905449737297879
-0.9888382263659004,0.3370835889530138,1.5906270067317394
-0.9888368490347944,0.3370833914062837,1.5906951834180438
-0.9888356067862403,0.3370831773633158,1.590757693131333
-0.9888344211839931,0.3370829551522724,1.5908179413760546
-0.9888332591936426,0.33708272825708596,1.5908773449333766
-0.9888321069089894,0.33708249812897767,1.5909364935568502
-0.9888309584807711,0.3370822653662777,1.5909956331343447
-0.9888298114517775,0.337082030209536,1.5910548666350253
-0.9888286647921052,0.3370817927492302,1.5911142376588967
-0.9888275180721025,0.3370815530128638,1.59117376516096
-0.9888263711144403,0.33708131100146915,1.5912334578767207
-0.9888252238478099,0.3370810667048983,1.5912933203120494
-0.9888240762454611,0.3370808201082238,1.591353355229516
-0.9888229282993843,0.3370805711944156,1.5914135646797243
-0.9888217800094785,0.3370803199454597,1.5914739504293012
-0.9888206313790051,0.33708006634282417,1.5915345141382633
-0.988819482412688,0.3370798103676522,1.5915952574337242
-0.9888183331159145,0.3370795520008418,1.5916561819405972
-0.9888171834944003,0.337079291223077,1.5917172892944254
-0.988816033554055,0.3370790280148398,1.5917785811468872
-0.9888148833009232,0.3370787623564132,1.5918400591682567
-0.9888137327411612,0.33707849422788083,1.591901725048579
-0.9888125818810319,0.3370782236091254,1.5919635804983892
-0.9888114307268976,0.3370779504798265,1.5920256272491309
-0.9888102792852225,0.3370776748194579,1.592087867053601
-0.9888091275625748,0.3370773966072841,1.5921503016862382
-0.9888079755656256,0.33707711582235816,1.592212932943554
-0.988806823301154,0.3370768324435182,1.5922757626444308
-0.9888056707760446,0.3370765464493849,1.592338792630456
-0.988804517997296,0.3370762578183576,1.5924020247663422
-0.9888033649720143,0.33707596652861166,1.5924654609402271
-0.9888022117074252,0.3370756725580951,1.59252910306411
-0.9888010582108661,0.3370753758845254,1.592592953074172
-0.9887999044897974,0.33707507648538576,1.5926570129312134
-0.988798750551798,0.33707477433792227,1.5927212846210055
-0.9887975964045704,0.33707446941913977,1.5927857701546964
-0.9887964420559437,0.33707416170579896,1.5928504715692726
-0.9887952875138761,0.3370738511744122,1.5929153909279392
-0.9887941327864554,0.3370735378012402,1.592980530320539
-0.9887929778819009,0.3370732215622884,1.5930458918639643
-0.9887918228085704,0.33707290243330257,1.5931114777026767
-0.988790667574962,0.33707258038976534,1.5931772900091132
-0.9887895121897108,0.3370722554068924,1.5932433309841538
-0.9887883566615979,0.337071927459628,1.5933096028575682
-0.9887872009995514,0.33707159652264124,1.5933761078885555
-0.9887860452126502,0.33707126257032155,1.5934428483661671
-0.9888862581867127,0.3367593172870464,1.4126029090169472
-0.989257090157657,0.33630417412958635,1.2009540516516577
-0.9892861473702161,0.3363083336935623,1.179513762770323
-0.9893002429680535,0.33633058303131347,1.1816304732983391
-0.9893288399613038,0.33635545990858423,1.1826150446020183
-0.9893478091387827,0.3363759123586828,1.1839121369672418
-0.9893222157140281,0.33637923503108386,1.1873037618433822
-0.9892971430618556,0.3363826392280065,1.1907832140202237
-0.9892976003286168,0.3363902070884573,1.1930943375423242
-0.9892933611714967,0.33639355522426817,1.1945251841512168
-0.9892842294746113,0.33639484723533286,1.195842135638597
-0.9892736471590632,0.336395597107881,1.1970820936311921
-0.9892615850653654,0.3363957101608352,1.1983231101116951
-0.9892686567560002,0.3364029960826172,1.198835835660827
-0.9892789092165026,0.3364113027670529,1.1991416559681867
-0.9892900283800032,0.33641991872592963,1.1993838356316984
-0.9893015807408897,0.33642868752279853,1.1995976591343345
-0.9893133463766692,0.3364375288902682,1.1997984890442657
-0.9893252148882511,0.336446402212115,1.199993077522162
-0.9893371312744985,0.3364552871410999,1.200184421250228
-0.9895172578958775,0.3365221950768855,1.2055550212474502
-0.989433903468421,0.33644265289311953,1.2040298220509735
-0.9892457120243859,0.3363350201646678,1.2010605569185482
-0.9894714196127036,0.33645228758062795,1.2105766199411672
-0.9894026921130666,0.33643304944731245,1.2072452051461826
-0.9894780793549369,0.3364669311435815,1.209156436145014
-0.9894884786834673,0.33647826723663127,1.2092038823110645
-0.9895060197596696,0.3364921654118532,1.209602691610466
-0.9895254823137913,0.3365067198345989,1.2100972367163882
-0.9895456181059332,0.3365214931108917,1.2106232359624998
-0.9895659910481525,0.33653633298477253,1.211158242854998
-0.9895864487893277,0.3365511864538153,1.2116944228108617
-0.9896069381495746,0.3365660351252993,1.2122290475797446
-0.9896274406138046,0.33658087268108544,1.2127611737506965
-0.9896479497848256,0.33659569701627884,1.2132904818574188
-0.9896684635016373,0.336610507495893,1.2138168705637842
-0.9896889810837464,0.33662530399728025,1.2143403147777416
-0.9897095023676858,0.33664008657586764,1.2148608160398158
-0.9897300273700291,0.336654855348438,1.2153783851712912
-0.989750556169507,0.33666961045236876,1.2158930362042761
-0.9901400585817395,0.3368345250240449,1.2304986671974538
-0.9905722919758918,0.33675771264749343,1.0200069792771669
-0.9912198784450578,0.3371105736154899,1.0286995934500316
-0.9914804221571726,0.3367149476026512,0.8612273371593541
-0.9918716010932705,0.3368589866952023,0.795427191521302
-0.9914616939712289,0.3364605440532802,0.7924300761702255
-0.9914180823515738,0.336403345190091,0.7829137335723225
-0.9914487769555328,0.3364376531804973,0.7832792591670784
-0.9915851182867674,0.33660927907307436,0.7987666600545356
-0.9916774022005581,0.3366891274946726,0.7995738946152564
-0.9915368908867312,0.3365470415917925,0.8022414910976838
-0.9913014059801073,0.33635035280836817,0.8103321438777755
-0.9909860634214978,0.33608513712998256,0.8225520216098413
-0.9915150169376379,0.3365159947596334,0.8025333742759496
-0.9917654686840663,0.33627684687317133,0.6237231509685077
-0.9920230284395747,0.33670218296159876,0.6289227202258022
-0.9922159599963407,0.3369563356958099,0.6171846033196228
-0.9922806528415519,0.33703352956726007,0.611450845061367
-0.9922673701554583,0.3370186156804535,0.6104684221208203
-0.9922257215173956,0.33696950839222806,0.6112096088369252
-0.9921717484452269,0.3369060938049852,0.6127937030254372
-0.992118850758733,0.33683271572842277,0.6114722637780813
-0.9922448522542793,0.3368760238847429,0.5777443954530176
-0.9925552344751196,0.3373412907028853,0.5708545614421564
-0.9924710299882141,0.3371851544448168,0.5681070389264606
-0.9926462100796014,0.3374230196246341,0.558094485314945
-0.9926521333649576,0.3374324813041073,0.5573664998443603
-0.9926342822627969,0.33740800827918305,0.5578076730713418
-0.9926170753984892,0.33738429027260314,0.5581899949080121
-0.9926001478217787,0.33736092270168894,0.5585538680434877
-0.9925833197965409,0.3373376949859949,0.5589112353794675
-0.992566542633233,0.33731455536783606,0.5592675341996507
-0.9925497951462665,0.33729148033910955,0.5596245416238953
-0.9925330709281793,0.3372684633162192,0.5599829904431607
-0.992516367473454,0.3372455017075447,0.5603431374276823
-0.9924996840513446,0.3372225948654305,0.5607050869662678
-0.9924830204690491,0.3371997426900669,0.5610688807580787
-0.9924663767569779,0.33717694531830716,0.5614345392041623
-0.9924497530194337,0.3371542029616784,0.5618020744012183
-0.992433149390354,0.3371315158621376,0.5621714955362692
-0.9924165660145458,0.3371088842722592,0.5625428106968854
-0.9924000030416206,0.3370863084491375,0.562916027581985
-0.9923834606235714,0.3370637886518631,0.5632911537482996
-0.992366938913962,0.3370413251406983,0.5636681967047228
-0.9923694401075241,0.33705120741455113,0.5651492187426925
-0.9923945403987104,0.33709953789489877,0.5674401393746177
-0.9924278572969177,0.3371620752993981,0.5701466836958435
-0.9924699084354291,0.33723966347206225,0.5734047721567853
-0.9925163779481225,0.33732511641147,0.5769799484675546
-0.9925635229798817,0.33741129196125064,0.5806056077088164
-0.9923938081723054,0.33710918845745347,0.5690899114263184
-0.9922707756253125,0.3368853854702316,0.5603722004189974
-0.9922589889763902,0.3368721342689985,0.5605930555843411
-0.9922528176431348,0.33685826553862774,0.5610791269018741
-0.9922554523645005,0.336860135571758,0.5620960747777767
-0.9922613450709507,0.33686750019233386,0.5633242040037072
-0.9922686434882306,0.3368772414488575,0.5646495605008415
-0.9922765704252486,0.33688803166388415,0.5660190170514817
-0.992284797509526,0.33689930292334797,0.5674081073511837
-0.9922931848056388,0.33691081069858564,0.5688056426493675
-0.9923016721771013,0.33692244898221996,0.5702065275677323
-0.9923102335920753,0.33693417152705246,0.5716084468847958
-0.9923188577209443,0.33694595804277994,0.5730103488935171
-0.99232933184656,0.33696425857917134,0.5745212663926653
-0.9923280860150878,0.3369735970281162,0.57569796283887
-0.9923145407843416,0.3369624910440482,0.5762418754555904
-0.9922867500450648,0.336905543052768,0.5779886384342234
-0.9922994988230347,0.3369246044919267,0.5780915461244863
-0.9922625248596714,0.3368762599902986,0.5811056596932612
-0.9922223604436653,0.33682406257964803,0.5843699347240775
-0.9921938106813857,0.33679145347173756,0.5876948979214294
-0.992178372770556,0.33677727320581574,0.5909910771526329
-0.992196279859381,0.33679833066509046,0.5904291360169668
-0.9922118337164859,0.33682054773671616,0.5916977818285671
-0.9922261358170039,0.33684398061220705,0.5937413530371121
-0.992239980065837,0.3368683997394611,0.596225455777268
-0.9920127112441202,0.3364936078028358,0.5804437919409645
-0.9918269253173975,0.3361650846254197,0.5678257512600042
-0.9916747543294229,0.3359018689284538,0.5566476283109849
-0.9915298380069206,0.33564990185471605,0.5462375510787744
-0.9914416488360426,0.3355205911214259,0.5359758793867607
-0.9911659632258647,0.33497280525857903,0.515960753825858
-0.991129484171523,0.3349361821790319,0.5094046120415039
-0.9910014366777012,0.3347049529164436,0.4954383491482925
-0.990764909447531,0.33418758549793964,0.477065390280453
-0.9907242990416087,0.3341365952272656,0.47011441342494653
-0.9906280619613617,0.3339547033976666,0.4582822627443367
