0.5745064799961206,0.3595593291682117,1.6208959129787326
0.5745606246789585,0.3596022986921564,1.5765454937368002
0.5747071294604783,0.35962760651659587,1.5841126029781587
0.5751082497157936,0.3596409833738039,1.5955018315676015
0.5751497971619922,0.35963090723917035,1.596298247171341
0.5751486732122423,0.359630350885636,1.5967478729944578
0.5751472930860783,0.35962979719027627,1.596941563518434
0.5751474583450396,0.35962927847306714,1.5970628675830885
0.5751483148160882,0.3596287766502967,1.5971553686481446
0.5751494812503303,0.3596282814430322,1.5972365237933381
0.5751507873592576,0.3596277873899741,1.5973133456228619
0.5751521569092738,0.3596272916811553,1.5973886517850633
0.5751535557087787,0.35962679289206684,1.5974635744777466
0.5751549683962579,0.35962629030020066,1.597538569306631
0.5751563880580445,0.359625783531329,1.5976138206993478
0.5751578115761867,0.35962527238127245,1.5976894046271655
0.575159237537301,0.3596247567281572,1.5977653542905401
0.5751606652979985,0.35962423648892117,1.5978416856858928
0.5751620941149069,0.3596237115927736,1.5979184188047948
0.5751635231949757,0.35962318195068005,1.597995572125134
0.5751649530904229,0.35962264752520373,1.5980731345271408
0.5751663840177732,0.3596221082777168,1.5981511055082303
0.5751678160691177,0.3596215641627085,1.5982294876904644
0.5751692492801563,0.35962101513097133,1.5983082849756556
0.5751706837075906,0.35962046113076485,1.5983875002914247
0.5751721205787783,0.3596199021355291,1.5984671073579702
0.5751379732943874,0.3596185892038024,1.6009920638894062
0.5751235853709001,0.3596159765211871,1.6003234167174514
0.5751170439904626,0.35961441442337133,1.6001099437837811
0.5751146377960227,0.35961334375520093,1.6000767006168666
0.5751142602639409,0.35961249508433424,1.6001161447844987
0.5751148612231631,0.3596117444946349,1.6001850067829346
0.5751159305689307,0.35961103529046423,1.6002659150117298
0.5751172230670849,0.3596103415477687,1.600351935340823
0.5751186217412889,0.35960965139066425,1.6004403125124584
0.5751200711357283,0.3596089593538102,1.6005299576100562
0.5751215450884285,0.3596082628975202,1.600620444174592
0.5751230313043575,0.3596075608175303,1.6007116084274315
0.5751245240209522,0.3596068525190128,1.60080339050762
0.5751260205404486,0.359606137684971,1.6008957715921364
0.575127519597945,0.3596054161246848,1.6009887490604666
0.5751290205962795,0.3596046877044063,1.6010823267188732
0.5751305232486179,0.35960395231564785,1.6011765109631841
0.575132027411568,0.35960320986064154,1.6012713092871547
0.5751335330079302,0.35960246024567893,1.6013667296985583
0.5751350399906091,0.35960170337803243,1.6014627804988637
0.5751365483259246,0.35960093916452746,1.6015594702007776
0.5751380579859141,0.3596001675108662,1.6016568074980728
0.575139568693906,0.35959938832467886,1.6017548149167549
0.5751410798497677,0.3595986015043486,1.6018535320233445
0.575142591901637,0.35959780695036103,1.6019529413175126
0.5751441050220455,0.3595970045666906,1.6020530418854895
0.5751456194721175,0.3595961942686778,1.6021538434538993
0.5751471549432502,0.3595953775666706,1.6022545646120605
0.5751487570042007,0.3595945565084662,1.6023534374489754
0.5751504378525136,0.35959373178200904,1.6024500081410566
0.5751522016327518,0.35959290376487657,1.6025441340327662
0.5751540491750752,0.35959207268386567,1.6026357865081517
0.5751559798455952,0.35959123869380066,1.6027249839277584
0.5751579923662213,0.35959040191454444,1.60281176391661
0.5751600851787094,0.35958956244830986,1.6028961719174901
0.5753289945662422,0.3593934270615083,1.4427549214537865
0.5756396653623465,0.3588470398525374,1.2250336941718187
0.5753276024268976,0.35826941053864103,1.0355423283206533
0.5753269296385046,0.3578332491292062,0.829367292301359
0.5750400422955971,0.35813104597935796,0.8418957595579201
0.5751097043811914,0.3580646616024015,0.8382141580165892
0.5749433804967028,0.35780038067812486,0.6585304670000051
0.5741605674772191,0.35836797419066374,0.44869960752467564
0.5735892546497379,0.35857550359360046,0.25584293659516827
0.5733275903530128,0.3583899365677109,0.05324932671883267
0.5733147826028359,0.3588416869760197,0.048127877964829695
0.5730325785929647,0.35864719495627917,-0.12114607384213658
0.5730932795905463,0.3592122939558542,-0.11935073163607886
0.5728777076439029,0.35913538792556277,-0.3146720379831404
0.5726223611345306,0.3594934266885561,-0.5250846644414368
0.5722675185778718,0.35880654640685533,-0.532221002581906
0.571862296248838,0.3588981079143666,-0.7066102769028678
0.5722545951447028,0.3593515481918462,-0.6912357140775263
0.5722733176105178,0.35947257701502183,-0.7001351588143753
0.5724124337441806,0.3597708603047487,-0.7205454513257326
0.5725227084648921,0.3598943985346576,-0.7220705331642643
0.5722111765593576,0.3594600896274617,-0.7075229851676251
0.572237480403942,0.3595218099446932,-0.7167303613403913
0.5721088891698911,0.35935536775690735,-0.7162273546089335
0.5719571684405385,0.3592192668018,-0.7308584981869937
0.5724266724645215,0.35981240082959554,-0.7531663368756629
0.5726059960650148,0.3603315896009278,-0.933809173917773
0.5728053769031967,0.36081208647284635,-1.1465255727940074
0.5723286062378259,0.36089398063494504,-1.3460004846634075
0.5722663922083365,0.36091298148518464,-1.3675327356231812
0.572632733297807,0.36132987781715564,-1.5644640916367025
0.5725604720672498,0.36140121939184733,-1.589879978864396
0.5724070882863355,0.36175880436451424,-1.7847170400101346
0.572485413934269,0.36175345810244686,-1.8220933034059166
0.5725234204471371,0.361736054878945,-1.822068222093827
0.5722777749407668,0.3620727530859445,-1.987796623415601
0.5724151927196799,0.3619573762526103,-2.0011461357387885
0.5717313647124178,0.3619941650459821,-2.003150812349963
0.5712915219805054,0.3621134689073516,-1.9800685472290156
0.5715386834756674,0.3620037256429531,-1.9719006008416835
0.5715174440024468,0.3620142878554959,-1.9723867012275036
0.5715124516844184,0.3620188670800298,-1.9731836243504655
0.5715097316384372,0.36202232297716186,-1.9739733090737215
0.571507935088742,0.36202532111889757,-1.9747605245846847
0.5715064982493191,0.36202813806772116,-1.9755462275755498
0.5715052046999985,0.36203087905599,-1.976330336021217
0.5715039703716425,0.3620335845395741,-1.9771125842051416
0.5715027626119046,0.3620362700793677,-1.9778927793702026
0.5715663866482507,0.3624464984530935,-2.157980928449486
0.5721516562398511,0.36246447168144025,-2.3763700141307975
0.5727677546062178,0.362293822889424,-2.5818628063044238
0.5728753190904791,0.36218659630317385,-2.6248723959547715
0.5727779853082,0.36243812687535043,-2.6229300385318552
0.5727485335139558,0.3626428918332493,-2.6388162167911244
0.5727094351708029,0.36266909660460744,-2.6362123131177797
0.5728088345958209,0.36253730808066265,-2.6366877010727237
0.5726978712063489,0.3627117623125077,-2.6410187463604022
0.5728675869241757,0.36242981675770086,-2.635673919079736
0.5726323346428633,0.3628215332201441,-2.639019977509321
0.5729178091657994,0.3623217431474764,-2.6369235471597436
0.5726185029606392,0.36286439714460594,-2.6371563423663194
0.5729449023382687,0.36227109742393804,-2.6370487295912537
0.5726125662603542,0.3629163785986754,-2.6399428896676107
0.5728995055629855,0.36236617914926317,-2.640460589023286
0.572718695815581,0.3627240016575602,-2.6396355014238826
0.5728893105544677,0.36238286065843384,-2.6430613667865495
0.5727897721341956,0.3625945283146779,-2.639746952381059
0.5728326808412244,0.3624846519671468,-2.6404531785641843
0.5728364023579824,0.36251534117472806,-2.638698503644575
0.5727941769623877,0.36256776753155595,-2.6435758036813817
0.5729052535937138,0.36239010170513103,-2.6380171982147225
0.5727245395238941,0.3626857868332952,-2.641534006423009
0.5729901023054149,0.36269772663024147,-2.825015874510245
0.5730581284108702,0.3627758830100046,-2.8427771552677776
0.5732180837873451,0.36262404425911277,-2.8798513265322474
0.573234040301034,0.3627217204997755,-2.869640778579099
0.5734759327025944,0.3634904457057906,-3.055907951066589
0.5735483786071627,0.36364795023341306,-3.0819079658698896
0.5735599959657616,0.36389135605915773,-3.093697451708389
0.5735592372424241,0.3639830751129827,-3.0992138715295563
0.5735592601438624,0.36404097805608554,-3.102383858241954
0.5735593231239988,0.36408504562522953,-3.104474916376826
0.5735593314008695,0.3641226504188367,-3.1060550040921835
0.573559307936186,0.3641565131732334,-3.1073710093563145
0.5735553882656428,0.3639382915732527,-3.1029155461314875
0.5735397258378649,0.3637385244753514,-3.094926036329422
0.5735302200562543,0.3636997603428396,-3.091844587565052
0.5735229081615583,0.36366690118686323,-3.0892569223451027
0.5735162763871563,0.36363520278874734,-3.086782858598705
0.5735096485937053,0.3636034259780669,-3.084265486355797
0.5735026886938319,0.3635715773781228,-3.081633708208189
0.5734952126089795,0.3635399881894771,-3.078854658980738
0.5735080238052671,0.36391776492665473,-3.089180108062618
0.5735026342941358,0.36405457308916467,-3.094638388456866
0.573500948265468,0.364135643325153,-3.098074470559773
0.5735003372550052,0.36419361299018854,-3.100510692417928
0.5735000411330241,0.36424108148950307,-3.102424450497846
0.5734916496817072,0.3639131980475795,-3.0947786994133963
0.5734779375483875,0.36382227729229083,-3.089237279801367
0.5734683245658435,0.3637849890855708,-3.08604157256296
0.5734602323235596,0.36375209836061423,-3.0831790708742797
0.573452446237418,0.36372039539819284,-3.080352574218413
0.5734444108187333,0.36368927585922056,-3.077441820106252
0.5734358342324997,0.3636590404075653,-3.0743939833044567
0.5734474894130618,0.3639637787928553,-3.0813088412577803
0.57343851087411,0.3641507416819642,-3.088277461384463
0.5734356505300473,0.3642557883468555,-3.0926633517359186
0.5734345520755936,0.36432950410051906,-3.0957982325745745
0.5734268374067882,0.36405681609647567,-3.089998904649934
0.5733922642111101,0.36413198546307174,-3.079969714223474
0.5733581954885049,0.3642916301758518,-3.073291531147573
0.5733526777446231,0.3642846421188767,-3.0694644795729067
0.573353148749263,0.36422809542334666,-3.0665927530265136
0.5733563029527124,0.36415171537618135,-3.0640990549999416
0.5733611355901886,0.36406365173941635,-3.0617380761327246
0.5733866250747122,0.36421247715104454,-3.0665988425064743
0.5733817912788459,0.36437560048824064,-3.07320048155621
0.5736285880899178,0.3643569228211667,3.0318420052476815
0.5735494759885417,0.3640143941209153,3.0498046853886827
0.5735016321633309,0.36413737886762887,3.069599245992673
0.5735095121067034,0.36440950561402036,3.0756566661379297
0.5735101522445774,0.36450192491436834,3.0764118224239407
0.5735188053604235,0.36468152290236416,3.076795542704063
0.5735281007977502,0.36487726438306395,3.077609213335378
0.5735485250479542,0.36517843824792506,3.0764562802596687
0.5735425270607594,0.36449877238160655,3.0754735960292567
0.5735396945474859,0.3644221939751016,3.077038181313054
0.5735457518247884,0.36442127208311287,3.0772433389469156
0.5735539537329197,0.36443761658953694,3.077275617619281
0.5735626798531747,0.3644593902611447,3.0772574613271146
0.5735714863587265,0.3644826889075497,3.077237738377875
0.5735803194773822,0.3645064808431316,3.077219924084995
0.57358916169777,0.364530431484402,3.0772029370744143
0.5735980074311119,0.3645544361945175,3.0771864388918475
0.5736068549214347,0.36457846217996676,3.077170319027093
0.5736157036055284,0.36460249910113257,3.077154538528726
0.573624553293646,0.3646265436365205,3.0771390808745815
0.5736334039130628,0.36465059465953314,3.077123936632089
0.5736422554279268,0.3646746517313199,3.077109098663505
0.5736511078141974,0.36469871462981335,3.077094560626617
