2.0538559839327033,0.7173745112282931,1.622554327868872
2.0541052697081286,0.7173705966207943,1.5872170482031545
2.053911941203092,0.7173687341978249,1.5856471772936913
2.053367476182021,0.7173784714563266,1.5867668668845882
2.052811993443714,0.7173517847371262,1.5665992940136537
2.0525788659119484,0.7173405460351744,1.5600877365670354
2.052634810527703,0.7173449796214562,1.561839618548926
2.0525660394077434,0.7173381053487569,1.5603409782005364
2.052536823405919,0.7173350948562632,1.5598333732500802
2.0524873307417786,0.7173348832829923,1.5604359413978952
2.052481700514831,0.7173268098181443,1.557546239778898
2.0524894835231784,0.7173231316037989,1.556646190711673
2.0524358432504703,0.7173289937436123,1.5591632885631819
2.052412209433749,0.7173320307738696,1.5601686945573487
2.0523943766969746,0.717334086284053,1.560947687276637
2.0524249120004097,0.7173270216697438,1.5579988342917912
2.052448123050887,0.7173232475833463,1.5568909100857764
2.0524606780363173,0.7173211757819931,1.5561406519482148
2.0524132504454555,0.7173275243887429,1.558709386289736
2.0523930363941134,0.7173307570195157,1.5597276312589754
2.052378455398596,0.7173328395703613,1.560468745464966
2.0524108036104693,0.7173255895514105,1.5574506192947781
2.05243420931285,0.7173217653312104,1.5563272454340131
2.052388349632248,0.7173275460922504,1.5587219659652225
2.0523701934781147,0.7173303751285928,1.5596067269349954
2.0523671009522535,0.7173318591990941,1.5600590741787415
2.052418055008517,0.717331725949474,1.5556614430162228
2.0524642884061697,0.7173294164685771,1.5513501619256833
2.0524739667646834,0.7173294474930227,1.5505206296538678
2.0524783734616903,0.7173296531699485,1.5502281053477953
2.0524802597571696,0.7173299138843512,1.550128791974671
2.052448690488125,0.7171291014985739,1.3621566976581034
2.0517697626106903,0.7169181503252677,1.1565249207067694
2.0523064999184824,0.7166955988737873,1.1431406210856472
2.05255911746089,0.7167519783938023,1.1733522675877168
2.052552817855859,0.7164521478785048,0.9772748195358703
2.0520878191397327,0.7161480641309406,0.8119555614290165
2.0512895719363793,0.7163178270715315,0.5983062247974064
2.0506097302175346,0.7167575746026872,0.39007775134446704
2.050878900609882,0.7168095564349155,0.4311568608388019
2.0505232539318192,0.7169956284650596,0.2617591159033573
2.050503489427116,0.7173218281381272,0.30127446362773913
2.050681876852851,0.7166890772679455,0.30704160401719405
2.0505391747847215,0.7170673107552296,0.298588734931022
2.050033332244755,0.7181107229718027,0.12499683404489789
2.0496440310379618,0.7180691092654321,-0.07650825056462919
2.0492568988791215,0.7180262764713424,-0.27384935345664696
2.049262126506937,0.7182893561029957,-0.29168166087995145
2.048552219045739,0.7188934217866788,-0.4727584970136913
2.048241016576068,0.719146607805498,-0.6506698081868117
2.04797775696639,0.7193418767791693,-0.8387038651337922
2.0476621643463635,0.7195884269780258,-1.0205379798070007
2.047310143486801,0.7198013528230641,-1.2217688287186237
2.047294961284796,0.7199577852619933,-1.2466394020336935
2.0475875797078356,0.7204731025826259,-1.4527670864613411
2.0481173763040124,0.7205925091316473,-1.4859716566647323
2.0478082018334205,0.7206132719051628,-1.5060991651574642
2.0473498524471383,0.7206360576513011,-1.5177711678026171
2.047313332834482,0.7208820822968413,-1.6998436156609988
2.047637490931412,0.7211251966845277,-1.9062229745920212
2.048020314543175,0.7214724569842959,-2.128313284499367
2.0483089078678987,0.7217536064145846,-2.33903423634529
2.0489056278540576,0.7214846551481473,-2.526389692858949
2.0488958713290133,0.7215519592354606,-2.5378659351441835
2.0488198470282852,0.7215456735098603,-2.5266380697045823
2.0491437957315104,0.7208731816724407,-2.5227589071617107
2.049381962152624,0.720807701539944,-2.7060113241909365
2.05002365596678,0.7205158131564084,-2.9051619751261866
2.050060277354501,0.7206416600529544,-2.9257974584131667
2.049961225285948,0.7212842754544219,-2.940386976961654
2.0499693849821616,0.721001978151732,-2.944042240132088
2.0502610836103337,0.7210378599442726,-3.1263890315666085
2.050249213667863,0.7207311997186252,-3.108854938894664
2.05070925151649,0.7207286416227874,2.9865218464579555
2.0508761102672213,0.7203537878481341,2.7832269861848355
2.0508472088012164,0.7200792874699845,2.804385721137008
2.050717299240737,0.7190246723357514,2.637239566898093
2.0507611859001726,0.7188731067253425,2.6152138328925787
2.0512812920285546,0.7185096542666166,2.444794737563574
2.050928918274733,0.7179239402987025,2.261967567484592
2.0501024468482054,0.7170101384483949,2.0750847547169182
2.050732816439913,0.717253680506557,2.072394186064941
2.050392135349413,0.7170361431073837,2.0560966228471567
2.050380926752642,0.7170066836041541,2.0581364009881753
2.0501888321122976,0.7168829382915396,2.0548424187877683
2.049823209832851,0.716477409587407,1.8730194581449469
2.049549741506304,0.7165756190006526,1.895097812033944
2.05009405655953,0.7165886185037467,1.8972062135387302
2.0504940175665514,0.716570636715063,1.9070813454155577
2.050129371421042,0.7164314447805177,1.891726272326875
2.04985761206802,0.7163605637084,1.8838985449148304
2.0493657963356213,0.7161702953404836,1.8642581013542916
2.048993075948064,0.7160153555266651,1.848712655219546
2.0485084051373748,0.7155269642222147,1.6715263278225176
2.0486316850681137,0.7150966167331655,1.4692597526411042
2.0482871768162036,0.7148865204476574,1.265344806684749
2.0481739624492916,0.7145364375868125,1.0309676519938358
2.0481621788273774,0.7139674957314396,0.820065317516963
2.0478467839465666,0.7141299450066602,0.7801336824632115
2.047625085677607,0.7142639257409117,0.7536210971817368
2.047670363990597,0.714256096092983,0.7673680655323387
2.047685966221004,0.7142393114856113,0.7658258925439178
2.0477170381879928,0.7142056171317215,0.7645456107731143
2.0475357239663716,0.7139361913688318,0.5550099277651931
2.0470810343893278,0.714208902478962,0.35927769866210996
2.0470323858557387,0.7138598720451834,0.30442383528302375
2.0470828675650488,0.7138514933802436,0.2889903593858122
2.0466985168372247,0.713515597468033,0.09770122008583029
2.046438691142039,0.7134994289062503,-0.0874755975683605
2.0461286587600425,0.7141711953957973,-0.3053709111198911
2.0457871264263177,0.7146237679011754,-0.5363202495529517
2.0455917876162117,0.7151837560908627,-0.7270303800617972
2.0454706150841724,0.7156071398356264,-0.9459527353552893
2.0454981272559363,0.7158425887589434,-0.9901271565331962
2.0452874264374468,0.7159343865295087,-1.1779246659641929
2.0447394569135384,0.7160437508413431,-1.3765069827959995
2.0450499614849833,0.7161044893886941,-1.3838071567190078
2.04499368123825,0.7160827560393941,-1.3774837107513356
2.0447665335074645,0.7163265777405589,-1.551745018971856
2.044569557750308,0.7163697442413223,-1.573329859544751
2.0445540269350206,0.7164124515615535,-1.5956006799281577
2.0448076694487294,0.7164215603149748,-1.6059517292828585
2.0446033781245774,0.7167710661374149,-1.774281076017422
2.0450972021138676,0.7167424948108221,-1.8133993888003086
2.0451144017014036,0.7173533507689264,-2.0112151502040088
2.045240901510083,0.7172841842765288,-2.0305635546485385
2.0456367515664895,0.7169254279056763,-1.9938603333264278
2.045006172628048,0.7171738208396574,-1.9903069880881614
2.0456000586350593,0.716905585360499,-1.9895645256810228
2.0450501682604068,0.717155390934372,-1.9940082354569946
2.045068154470673,0.7171479494446046,-1.98936203498559
2.0448027968997864,0.7172458407163091,-1.9796196235433132
2.0448455964245573,0.7172251531296662,-1.9801311595919175
2.0448832221279973,0.7172058696283931,-1.9802950078143937
2.044920083035014,0.7171868268007179,-1.9803846649937702
2.0438531360448557,0.7181482010619381,-2.146672908543864
2.0440653248867404,0.7180316929588535,-2.113717805341569
2.044180276362436,0.7179220286727314,-2.0979043890870104
2.0441097600402376,0.7179715293912258,-2.100332639220306
2.0442336689180607,0.7178581933006684,-2.092521164881071
2.0447756308437404,0.7179398683127092,-2.289935272833901
2.0446179017996613,0.717981657932275,-2.26050174941135
2.0441996622507235,0.7183092588835127,-2.245751271437385
2.0443780042425637,0.7182093644932929,-2.2624683656580484
2.043957402448888,0.7185452989086868,-2.2618671185338783
2.043898843918489,0.7186027603758084,-2.264291634650179
2.0439294044302336,0.7185671159133405,-2.2626457921548546
2.0440027562143817,0.7185027244346883,-2.262945981881264
2.044099951895028,0.7184224268018617,-2.264526251290777
2.044200740113941,0.718340020706575,-2.2662889940454187
2.0443020962572813,0.7182570937104801,-2.2681008237904443
2.0443226804650574,0.7182304043899228,-2.266108586241694
2.0443611921358085,0.7181907045527125,-2.264824764148517
2.044401759715475,0.7181493249788958,-2.2635968706068463
2.0444583036535944,0.7181132406501768,-2.2675130537729786
2.0444987261046226,0.7181129755507826,-2.2800102538244684
2.044542218474143,0.7180755943993701,-2.2837302377203206
2.0444474364820295,0.7181406883864804,-2.2756267805429466
2.0445957951869027,0.7180119187364892,-2.27901661299592
2.044503892916918,0.7180730587683676,-2.2703282611963567
2.0446502724114186,0.7179461373723265,-2.2733961719675264
2.0445210769437416,0.7180488973962029,-2.2661463906335046
2.0446047908573393,0.7179881105545001,-2.2714176517470457
2.0446317390692768,0.7179552580365298,-2.269709919315973
2.0447026063979634,0.717891930170287,-2.2699177012081875
2.045351839418589,0.7175463973256735,-2.4052851681497143
2.0453909573405085,0.7175077463477253,-2.4108758487360507
2.045367204465239,0.7175137675971996,-2.4079683656837014
2.045177193189249,0.7177481828656124,-2.4048599469158143
2.044890999680508,0.7181268381733371,-2.408219916209914
2.0446884608105114,0.7183536805203083,-2.4115062348246763
2.0446693548497348,0.7183653464030686,-2.406205208237478
2.0447276145460864,0.7183121224304296,-2.4107259785391286
2.0448626913701653,0.7181870441509226,-2.419359126959315
2.044863069623326,0.7181797330202313,-2.420454810934149
2.044803301412628,0.7182378077120177,-2.4185669798522804
2.044784974850901,0.7182582905955315,-2.4195680833338287
2.04476503818423,0.7182806353950154,-2.4205491687789094
2.044744394744921,0.7183037660016611,-2.4215092721742884
2.044723431038593,0.7183272455080968,-2.4224542083823963
2.0453883639570942,0.7180094921766965,-2.6022481940419233
2.0457149381836945,0.7173888468756523,-2.6182073135840347
2.045618612598561,0.7176754346869035,-2.618607071195176
2.0454991754890286,0.718020985234802,-2.628299765240638
2.0454907537866625,0.7180174086017402,-2.6292158369952183
2.045535486605908,0.7179925541824017,-2.6264013063047678
2.045525271332932,0.7179995174236548,-2.6292227200230265
2.0455723819032943,0.7179717636987799,-2.6270286697029466
2.0455933684024696,0.7179144188308645,-2.6275690939626224
2.0456103488984017,0.7179511024852814,-2.6283836884377827
2.045662762516687,0.7178278928607453,-2.6262714239656537
2.0456485783733185,0.7179308086615667,-2.630027957970429
2.0457327652296415,0.7177404695492449,-2.625086315291389
2.0456865207632755,0.7179114831876291,-2.6318103494570297
2.0458028388399514,0.7176530518969018,-2.623952913423554
2.0457238285979544,0.7178937144473382,-2.633694289612938
2.045844151699029,0.7175523265492006,-2.6245690262014385
2.045715300044324,0.7178789733581302,-2.6346250708535726
2.0458600265689375,0.7175570121365827,-2.622377114915753
2.045746045731461,0.7178682412115764,-2.634447196972951
2.045893224528497,0.717542594353492,-2.623144433470266
