-0.5756848701891141,-1.69408128025942,1.5790837570407574
-0.5765366561779244,-1.6940946879404533,1.5709929638450282
-0.577413069758862,-1.6941067457067711,1.5653455686267195
-0.5782756971429938,-1.694100519000629,1.5651045244341395
-0.5788365531205295,-1.6940855603458134,1.5706911537099875
-0.5793302561328002,-1.694072910778795,1.5853648882177989
-0.5796668478215476,-1.6941015930756111,1.556877782074739
-0.5797648258520507,-1.6940804657257393,1.5700313459093767
-0.5798553698565249,-1.694081119169668,1.575879443420518
-0.5798767522314607,-1.6940805603122253,1.5782400351606147
-0.5798730410750478,-1.6940813785510795,1.5787108696970096
-0.5798682583659541,-1.6940815808905423,1.579010853706986
-0.5798665580484261,-1.694081637106954,1.5791737948435558
-0.5798661945607212,-1.6940816299265493,1.5792654795960213
-0.5798663616034134,-1.6940815977109989,1.5793189415030728
-0.5798667052388297,-1.6940815574145467,1.5793510702796068
-0.5798670739380287,-1.694081516174342,1.5793707326588093
-0.5798674111315174,-1.6940814766664938,1.579382738052382
-0.5798677012685198,-1.6940814396009751,1.5793898221892586
-0.5798679453396902,-1.6940814048988433,1.5793936183759645
-0.5798681500099045,-1.6940813722145884,1.579395149445478
-0.5798683230244562,-1.6940813411562912,1.5793950839848772
-0.5798684714479929,-1.694081311369347,1.5793938747425298
-0.5798686011393074,-1.694081282560773,1.5793918367419053
-0.5798687167319608,-1.694081254499313,1.5793891935457305
-0.57986882179516,-1.6940812270070291,1.5793861060114662
-0.579912657100376,-1.6940775142753268,1.5818653811021943
-0.5799569908378719,-1.6940753902681331,1.5835349579901232
-0.5799889715632365,-1.6940738848160948,1.5847554870168865
-0.5800119450166306,-1.6940727862714846,1.5856432156642242
-0.5798800157348808,-1.6940569288685159,1.585204674053746
-0.579762680974509,-1.6940693568518403,1.5824910585811427
-0.5797394328568023,-1.6940727742950068,1.5817203311163617
-0.579730660135914,-1.6940740703812005,1.5813744375848557
-0.5797279243326039,-1.6940745585626407,1.5812347369375133
-0.5797269718041318,-1.694074733920219,1.5811815085436052
-0.5797265362526636,-1.6940747853616664,1.5811649179769185
-0.5797262445871071,-1.6940747868573873,1.5811639241719972
-0.5797259900045271,-1.6940747679398203,1.5811695874297158
-0.5797257435336935,-1.6940747405844845,1.581178097048298
-0.5797254980994184,-1.6940747097091298,1.5811878253905565
-0.579725252370778,-1.6940746773537916,1.5811980763262607
-0.579725006319914,-1.6940746443715569,1.5812085518466243
-0.5797247601081046,-1.6940746111214073,1.581219124290044
-0.5797245138599081,-1.6940745777551345,1.5812297389422543
-0.5797242676465518,-1.694074544337163,1.581240372344918
-0.5797240215044194,-1.694074510894913,1.5812510144381273
-0.5797237754511154,-1.6940744774400824,1.5812616609073096
-0.5797235294949739,-1.6940744439776705,1.5812723099018975
-0.5797232836399667,-1.694074410509817,1.5812829606284915
-0.5797230378880647,-1.694074377037442,1.5812936127470525
-0.5797227922403478,-1.6940743435609402,1.5813042661124121
-0.5797225466974931,-1.6940743100804847,1.5813149206626163
-0.5797223012600081,-1.6940742765961505,1.581325576371663
-0.5797220559283232,-1.6940742431079732,1.581336233228988
-0.5797218107028396,-1.6940742096159698,1.58134689123058
-0.5797215655839387,-1.6940741761201503,1.5813575503752342
-0.5797213205720038,-1.6940741426205221,1.5813682106629772
-0.5797210756674133,-1.6940741091170897,1.5813788720943418
-0.5797208308705433,-1.6940740756098578,1.5813895346701334
-0.5797205861817737,-1.6940740420988312,1.5814001983911727
-0.5797203416014818,-1.694074008584015,1.5814108632583768
-0.5795409214110464,-1.6942864759335325,1.4238616741603063
-0.5793335113076498,-1.6943270112832352,1.4407808834744147
-0.5790784923677557,-1.6942867784431894,1.455951029585977
-0.5787260213207348,-1.6943280460971397,1.4473365648542016
-0.5788139762713571,-1.6947272378360403,1.2449630382718342
-0.5790508156450984,-1.6947281798616232,1.1933248149144164
-0.5794440421646332,-1.69460605310871,1.1849738931650902
-0.5794851860827536,-1.6945103098476606,1.1928259725076786
-0.5792268251628105,-1.6945917557839958,1.210832333978129
-0.5790715319010492,-1.6946492220683205,1.219771560589016
-0.5788830376276463,-1.6947308893860658,1.2247957531825824
-0.5785344559459714,-1.6948528802368665,1.2362679423289067
-0.5788957302043182,-1.6952061389276896,1.089477245543471
-0.5791553470388829,-1.6950940946377826,1.0935218533097602
-0.5787308607806463,-1.6957464456899258,0.8983452566264447
-0.5791646364160484,-1.6958381532873774,0.6761962748493531
-0.5790577252214262,-1.695892810433639,0.6813082664975163
-0.579485096478414,-1.6957004517434286,0.5027875751073902
-0.5798732758118978,-1.696114643455292,0.3239644444069063
-0.5805348751711082,-1.6959795259753694,0.1312899190733341
-0.5806924997378491,-1.696489909869918,-0.046655221402110515
-0.5809222030745506,-1.69631878881749,-0.2541422742103957
-0.5809816827054946,-1.6962708138039602,-0.2706855422032196
-0.5811414357590307,-1.6956601653842982,-0.46665409795388396
-0.5809161835425213,-1.6951578794721198,-0.5138598367821964
-0.5810356204388206,-1.6954519154224168,-0.5117437478170053
-0.58124756761759,-1.6952043009712892,-0.719417160399144
-0.5812497293899658,-1.6948145991998254,-0.9334556397808357
-0.5815961338367032,-1.6948173667277775,-0.9816066868244556
-0.5819634245758358,-1.6949377147404874,-0.9920558867302705
-0.581989619495198,-1.6949476523699618,-0.9860884849810013
-0.5822203778653932,-1.6950293874066917,-0.9763098734557811
-0.5824408534742865,-1.695166166646296,-0.9720647268846724
-0.5824244686880448,-1.6951509967107599,-0.9714739754730544
-0.5824063693742884,-1.6951356579901262,-0.9701769215333551
-0.5823766066141594,-1.695112220329107,-0.9692133354134588
-0.5823336570655906,-1.695077690088729,-0.9688583587947
-0.5822857303696601,-1.6950389286971397,-0.968724182558232
-0.5822358514515109,-1.6949985214762835,-0.9686692052780468
-0.5821852084288754,-1.6949574755633554,-0.9686423872649501
-0.5821342508467687,-1.6949161631812102,-0.968626336768537
-0.5820831355779841,-1.6948747242640587,-0.9686159487501731
-0.5819665431903219,-1.6948057924314046,-0.9666882932623432
-0.5818291377893641,-1.6943727625369676,-1.1672275694284067
-0.5810963654726576,-1.6938883357947845,-1.1614251944688307
-0.5813518809447097,-1.6940266658956755,-1.1553096899088668
-0.5806607503698237,-1.6933176585980612,-1.3362113103049655
-0.5808123592809262,-1.6931861820861962,-1.5225654767322534
-0.581062549733197,-1.6928246584549924,-1.7350002246965226
-0.5814399167855319,-1.6928295370874336,-1.7441447006976847
-0.5824111059149811,-1.6928089141703113,-1.7454737153830497
-0.5818670208312031,-1.6925028310002654,-1.9376255710355936
-0.5819886392536772,-1.6924959817882055,-1.9408272078199604
-0.5811379618009958,-1.6926245448131292,-2.1541976809019605
-0.5804492419856156,-1.6926939928512215,-2.337725594808234
-0.5798185729497974,-1.6928742881819947,-2.548751001564741
-0.5797384669690725,-1.6924632638288541,-2.745290159011468
-0.5797418423479228,-1.6924910966386153,-2.7704042598208694
-0.5795208499340323,-1.6925848324683102,-2.956602847513139
-0.579519296145819,-1.6923842045117234,-2.989200769454935
-0.5795114088015086,-1.692633964719741,-2.9818867391198283
-0.5795228708950527,-1.6927262887401429,-2.9764983875058917
-0.5795456624361904,-1.6926600172601365,-2.9755987670838318
-0.5795647435375662,-1.6926059481484066,-2.9752615238804614
-0.5795813858252582,-1.692563597716328,-2.9749957322913265
-0.5795971890686631,-1.6925254068142859,-2.97474174228963
-0.5796127401255796,-1.6924884342077382,-2.9744920245548516
-0.5796282103557359,-1.6924518242935531,-2.9742444606424616
-0.5796436458980632,-1.6924153556801702,-2.9739978842189254
-0.5796590590175963,-1.6923789740871709,-2.973751657767918
-0.5796744530850133,-1.6923426663938297,-2.973505468008672
-0.5796898290713396,-1.6923064293902583,-2.973259172764851
-0.5797051872491578,-1.6922702623027825,-2.973012711433852
-0.5793855639115698,-1.6918875004290181,3.121835217666862
-0.5791193810907064,-1.6922003986794083,2.919890114936074
-0.5791146734093577,-1.6924582714797387,2.899614530086971
-0.5791515489597743,-1.6924659243110953,2.901954517738336
-0.5790889553685146,-1.6922499433191538,2.897848595744043
-0.5791710687316671,-1.692263008069464,2.908673029336667
-0.5790857627487973,-1.6918050785648382,2.9216593265962603
-0.5792585675365626,-1.6926080847323624,2.916306620735212
-0.5791208077176565,-1.6920026174344351,2.915084602800349
-0.5792919675530855,-1.6926869543066054,2.9272498891646834
-0.5792126726639573,-1.6922969998486574,2.9157233149216872
-0.5792559298384508,-1.692476606284405,2.9307515153168104
-0.5793020066828833,-1.6926556998995834,2.9202750683267515
-0.579213889951922,-1.6922177021912361,2.9318678608671247
-0.5793711746813937,-1.6929744460640221,2.925548817961076
-0.579225125908393,-1.6922834048626145,2.921770584389225
-0.5793653389211156,-1.6929176543958335,2.9326099599317366
-0.5793140532747414,-1.6926189918545191,2.922255184061678
-0.5792862065252412,-1.6925698428985478,2.9358505051941517
-0.5793543857285928,-1.6929255286257658,2.923833693492645
-0.5792265337847252,-1.6923192303107515,2.929422943138318
-0.5794025826503546,-1.6931586794677858,2.93178319808587
-0.5792872944683775,-1.6925457032369688,2.9225352015298496
-0.5793255442758606,-1.6928119160297876,2.9358939583217505
-0.5793421493642832,-1.692888295528659,2.9235419376942793
-0.5792563151243737,-1.6924498328709083,2.93574597772317
-0.5794088012124498,-1.6932011407751915,2.929232980011363
-0.5792653850333819,-1.6925118524332032,2.925529386131807
-0.5793621529598052,-1.6930513344085085,2.9352727398556553
-0.5793211811055116,-1.692832387232397,2.923214378138388
-0.5792935942017267,-1.6926822522323977,2.937742375896684
-0.5793939553609163,-1.6931610668214088,2.9284895661050627
-0.5792467706088122,-1.6925288405474428,2.9327948056839777
-0.5793842591509236,-1.6932190622534162,2.932766262840173
-0.5792939388244407,-1.692758791587693,2.92344431231102
-0.5793354528638495,-1.6929357591867331,2.938181160471919
-0.5793768715411202,-1.693106339254238,2.9275744809286257
-0.5792694394805796,-1.6926342919678319,2.938529583279054
-0.5793864150649211,-1.693280572908464,2.9292964411384754
-0.5792635315640764,-1.6926715993317005,2.923662671621727
-0.5793733158922816,-1.693184231454373,2.937587367829839
-0.5793535405142707,-1.6930420447642676,2.926846722570159
-0.5792947422522408,-1.6928427584924362,2.9400878578921823
-0.5793831144066036,-1.693318452007475,2.9283387328259587
-0.5792453821289542,-1.6926830232111598,2.9298950516497
-0.5793670507467015,-1.6933269895065528,2.93565789257971
-0.5792958208934005,-1.6929567853653475,2.9241450727917804
-0.5793025974026919,-1.6929669336462967,2.93896204836582
-0.5793726973685209,-1.6932927496589756,2.9288542496329715
-0.5792421885207562,-1.6927042382687847,2.9376866991492347
-0.5793738509898289,-1.693403149984854,2.9314458757215056
-0.5792662213388226,-1.6928734237800211,2.9243691430331813
-0.5793028352251214,-1.6931339399798815,2.937743361144039
-0.5793186952870621,-1.6932089783420352,2.925369866280232
-0.5792337501626023,-1.6927704867939564,2.9375880188787296
-0.579384050118667,-1.6935194240492981,2.93100111069004
-0.5792418890579263,-1.6928308736412798,2.9273276533653734
-0.5793375500034434,-1.6933694429200545,2.937000635262567
-0.5792965450634352,-1.693149836717391,2.9249505582122044
-0.5792693312237206,-1.6929995434921892,2.9394375895213662
-0.579368172116731,-1.6934766116174278,2.930140649436127
-0.5792222178679728,-1.6928448851524638,2.9344645046723317
-0.5793581951384934,-1.6935338256687709,2.934375915024387
-0.5792684151122232,-1.693073418497455,2.9250701283815084
-0.5792719925491933,-1.6931727079533387,2.938745331072502
-0.5793130523787432,-1.693389108287161,2.926455082677215
