-0.6064983844087317,1.0177582369002467,1.6204241950542664
-0.6063089892158646,1.0177663089588418,1.5906610391214182
-0.6064056814251783,1.0177613627991844,1.5872863094667577
-0.6067392078676995,1.0177805315507953,1.5974362017793922
-0.6071851028306801,1.0177595919041718,1.5775944240974715
-0.6075418642764541,1.017748269761001,1.568017387149209
-0.6079050510118659,1.0177296806803313,1.5555974146141633
-0.607790714486279,1.0177439970706224,1.5619055727106448
-0.6077747055271795,1.0177450525791474,1.561048593690165
-0.6077729635843895,1.0177456601547097,1.560534478670417
-0.6077769591892239,1.0177459426295776,1.5602125352610285
-0.6077541121885487,1.017747654095899,1.5615596048110398
-0.607757190427887,1.0177490806879292,1.561131678146391
-0.6077642388571519,1.0177496653414282,1.5607861757347579
-0.6077721928278599,1.0177499771860543,1.5605128241576252
-0.6077799378341631,1.0177501808682212,1.5602822156006875
-0.6077579195553179,1.017751978348634,1.561654906203103
-0.6077619389899793,1.0177533868129491,1.561250333427582
-0.6077693766754328,1.0177539678299323,1.560913156539562
-0.607777501643558,1.0177542793747865,1.5606420682753999
-0.607785325426287,1.017754483374049,1.5604119389016307
-0.6077925593648953,1.0177546390572367,1.5602093948112388
-0.6077696123269539,1.0177564713300924,1.5615937895404626
-0.6077733687256806,1.017757845616216,1.5612080253744303
-0.6077803863101812,1.0177584115260734,1.5608883003394776
-0.6077880394405605,1.01775871145438,1.5606337826174772
-0.6079098093407208,1.0177608986857607,1.5553695287994984
-0.607927494070354,1.017760369179826,1.5547322324664088
-0.607935910074303,1.0177602316432757,1.5544566891144427
-0.6079415188447063,1.017760240848764,1.5542725425446613
-0.607945967011405,1.017760314417959,1.5541265300033458
-0.6079499555608074,1.0177604171802987,1.5539957932461845
-0.6079537819641518,1.0177605342664109,1.5538705733312095
-0.607957572587889,1.017760659445933,1.553746704288901
-0.6079613814763154,1.0177607901510037,1.5536223990168447
-0.6079652321575623,1.0177609253649182,1.553496880010781
-0.6079691353034419,1.0177610647287698,1.5533697974754397
-0.6079730961835185,1.0177612081639982,1.5532409823759896
-0.6079771178106635,1.0177613557130896,1.5531103417181367
-0.607981202268625,1.017761507472444,1.5529778141613846
-0.6079853512727571,1.017761663564164,1.5528433512058077
-0.6079895664073476,1.0177618241242783,1.5527069092121613
-0.6079938492265563,1.0177619892979037,1.5525684460083526
-0.6079982012978877,1.017762159237346,1.552427919437306
-0.608002624221445,1.01776233410144,1.552285286724674
-0.6080071196390117,1.0177625140554254,1.552140504193468
-0.608011689325417,1.017762699250963,1.5519934962736674
-0.6080163350768122,1.0177628898658684,1.5518442111338786
-0.6080210586446934,1.0177630861019606,1.5516926232567188
-0.608025861870701,1.0177632881578205,1.5515386915669105
-0.6080307466593049,1.0177634962362418,1.5513823692992204
-0.6080357149746753,1.017763710546669,1.551223606663896
-0.6080407688415757,1.0177639313063522,1.5510623518628395
-0.6080459103474213,1.0177641587410229,1.5508985514609823
-0.6080511416446898,1.017764393085395,1.5507321505048157
-0.6080564649534388,1.017764634583616,1.550563092542864
-0.6080618825639172,1.0177648834897057,1.550391319605521
-0.608067396839242,1.0177651400680112,1.550216772170158
-0.6080730102181748,1.0177654045936733,1.5500393891185762
-0.6080787252180329,1.017765677353121,1.5498591076912838
-0.6080845444376776,1.0177659586445837,1.5496758634393153
-0.6080904705606706,1.0177662487786305,1.5494895901744814
-0.6080965063585303,1.0177665480787375,1.54930021991807
-0.608102654694154,1.0177668568818796,1.5491076828480492
-0.6081089185253742,1.0177671755391535,1.5489119072448212
-0.60811530090867,1.0177675044164305,1.5487128194356745
-0.6081218050030388,1.0177678438950413,1.5485103437373666
-0.6081284340740458,1.0177681943724932,1.5483044023975499
-0.6081351914980326,1.0177685562632242,1.5480949155346413
-0.6081420807665179,1.017768929999393,1.5478818010761437
-0.6081491054908025,1.0177693160317063,1.5476649746953346
-0.6081562694067373,1.0177697148302898,1.547444349746667
-0.6081635763797304,1.0177701268855974,1.5472198371998969
-0.608171030409974,1.0177705527093663,1.5469913455717026
-0.608178635637868,1.01777099283562,1.5467587808576495
-0.6081863963497067,1.0177714478217157,1.546522046460797
-0.6081943169835898,1.0177719182494462,1.5462810431202583
-0.6081686485034089,1.0177706773931054,1.5468939354923104
-0.608302442510099,1.017415783220438,1.3812997999922303
-0.6075685668898446,1.0173323582651548,1.3887766884362536
-0.6069756546235499,1.017274751993491,1.3977879738794183
-0.6069345323726761,1.0172788174124043,1.4018327590753576
-0.6070040981859356,1.0173043344282233,1.4025797856223758
-0.6070674662560855,1.0173277844857873,1.4031061712466848
-0.6071288943141596,1.017350254365295,1.4034879654034869
-0.6071899813624269,1.0173723784608693,1.4038061870878997
-0.6072512531169952,1.0173943978381925,1.4040929142051974
-0.6068670510351082,1.0167633038458703,1.1992153048081515
-0.6068476162174965,1.0168014776895438,1.1746808636959585
-0.6071949913950747,1.016875673288798,1.1629882334375805
-0.6072309504668106,1.0169380673139126,1.1667338919870998
-0.6075008851158952,1.016560436250267,1.0093805391546824
-0.6081211080532399,1.0162764523777963,0.7506833523036698
-0.6083297319357392,1.0164779256717789,0.7257151595853067
-0.6085708336038055,1.0167516607900664,0.7080976886689753
-0.6089277074081569,1.016516808676114,0.520789821377695
-0.6093036716549072,1.017028787368305,0.5092200291016952
-0.6096515105034633,1.0178540619364989,0.5071244302143019
-0.6096290712944212,1.0177646878345445,0.5135415846065242
-0.6100793135866889,1.0180614462123525,0.3190031318765028
-0.6099789816648402,1.0177835501245287,0.32042334905911807
-0.6100057381221302,1.0173356362849608,0.3135928950349559
-0.6099070822649785,1.0168496271005978,0.30790326118869615
-0.609861044005815,1.0166848844767327,0.3081263024010081
-0.6098533864662298,1.0166382504306444,0.3049403079925828
-0.609859468775052,1.0166454807693663,0.30337682967631163
-0.6098671110662481,1.0166601764856669,0.30216553696258747
-0.6098757444510718,1.0166787912526614,0.3010337454834847
-0.609885314168906,1.0167010277307431,0.29996219171851823
-0.6098956884434227,1.016726446573047,0.29894717629702916
-0.6099067374318705,1.0167546128947471,0.2979854483200395
-0.6099183442825313,1.0167851300003272,0.2970739041125895
-0.6099304042305352,1.0168176377053506,0.29620963005989426
-0.6099428234778621,1.0168518094876147,0.2953898958240144
-0.6106313320555183,1.0172063738604777,0.09258530685036923
-0.6105818221671748,1.0166166553111378,0.09216687432692011
-0.6107866990646592,1.0165267716612159,-0.06293319225814735
-0.6112051232638712,1.0166145146774976,-0.25986634570727274
-0.6116714919160167,1.0164952609922409,-0.44781228804111745
-0.6117396750444176,1.017083620623804,-0.6393973669488644
-0.6114019084876626,1.0179093612889443,-0.8392952669840371
-0.6114677761821019,1.017893781069263,-0.8523568275131234
-0.61150824474672,1.0178487033438166,-0.8495728867338996
-0.6116030491022233,1.0177527130728081,-0.8454976606283892
-0.6117176369894456,1.0176391145322368,-0.840570532310501
-0.611616087960681,1.0177691695847315,-0.8535186654944678
-0.611773531363468,1.0176611081743159,-0.8631272509649045
-0.611770257527633,1.0176664637503332,-0.8626191440779237
-0.6117577981639354,1.017678788823236,-0.8616993369884073
-0.6117444213251485,1.0176918762805738,-0.8607412343324304
-0.611730711668183,1.0177052357537413,-0.8597683811765066
-0.6117168802629931,1.0177186946072458,-0.8587912007804025
-0.6117030026237723,1.0177321929283831,-0.8578142222188189
-0.6116891054942187,1.0177457102698708,-0.856839379962412
-0.6116751982481093,1.0177592397750017,-0.8558674846840708
-0.6116612841467165,1.0177727791693865,-0.8548988666723656
-0.6116473643315763,1.0177863276807835,-0.8539336531272975
-0.6116334392224688,1.017799885010336,-0.8529718862221882
-0.6116195089991324,1.0178134509998318,-0.8520135728610421
-0.611605573763896,1.0178270255290276,-0.8510587054676377
-0.6115916335951127,1.0178406084862825,-0.8501072706059554
-0.6113857151079188,1.017996146400516,-0.8403397691557913
-0.6110598711175037,1.0182380562193178,-0.8238489148212129
-0.6112189364016363,1.0181215998413764,-0.8313841403028221
-0.6112229410701918,1.0181178562763098,-0.8308619955804629
-0.6112330987773172,1.0181072953886698,-0.8301133865276306
-0.6112470135064925,1.0180930445817389,-0.8293981200156385
-0.6112613957027924,1.018078245366016,-0.8286610207260448
-0.6112759458440374,1.0180632491024924,-0.8279177343507116
-0.6112905554177537,1.0180481818107532,-0.8271735309720941
-0.6113051861572155,1.0180330880128217,-0.8264302671400122
-0.6113198245511742,1.018017983464676,-0.8256885951189192
-0.6113344658121944,1.0180028737689806,-0.8249487423192631
-0.6113491082272802,1.0179877609443504,-0.8242107862668695
-0.6113637511670711,1.0179726457439777,-0.8234747516090573
-0.6113783943842545,1.017957528474041,-0.822740644339752
-0.6113930377663029,1.0179424092825948,-0.8220084638751937
-0.6114395620986565,1.017891073164485,-0.8197223907005203
-0.6114131686974612,1.01791934231273,-0.820805533895808
-0.6111939264382703,1.0181542989437782,-0.8311147994966206
-0.6110562915032994,1.0182993917377285,-0.8374380379614212
-0.6108907443196121,1.0184724165663845,-0.8450156945524074
-0.6106486967360194,1.0187190625859377,-0.8560644867278575
-0.6105398332922662,1.0188298034643708,-0.8608386219754571
-0.6102867343708588,1.0190813281386193,-0.8721267652022742
-0.6101066527213619,1.0192557381595857,-0.8799383396551278
-0.6099504416084411,1.0194074437688183,-0.8865873716177364
-0.6096558394614341,1.019686174314881,-0.8994098834350633
-0.6094881579089829,1.019839634645044,-0.9061612340273468
-0.6092883404549095,1.02002347847135,-0.9143514953105366
-0.6089832513629538,1.0202973896622958,-0.9271049971619668
-0.6088575375998801,1.0204149110043064,-0.9362354495724188
-0.6087025696961458,1.0205547097093741,-0.9428771569420599
-0.6083710976286987,1.0208361035554256,-0.9562889572812993
-0.6083396853011837,1.0208726562805415,-0.9569711200387484
-0.6082664243545572,1.020960139901736,-0.9594587587268704
-0.6081688619123982,1.0210173974745973,-0.9621160703603939
-0.6081915891415891,1.0209983141061707,-0.9611924966836314
-0.6082026428857199,1.0209898139069773,-0.9610454923422228
-0.6082065274337294,1.0209876478719693,-0.9611299208515656
-0.6082075934140934,1.0209876301313376,-0.9613055744805612
-0.608207392769761,1.0209885101762188,-0.9615234352271758
-0.6082064435827536,1.0209899242133433,-0.9617676286041497
-0.6082050469727799,1.0209916583777887,-0.9620278841101304
-0.608203380940455,1.0209935852969336,-0.9622977112772476
-0.6082015519139474,1.0209956284531945,-0.9625730644139318
-0.6081996240083392,1.0209977416199458,-0.962851442652811
-0.6081976360383883,1.0209998967682914,-0.963131308145142
-0.6081956115777298,1.0210020768631178,-0.9634117185166461
-0.6081935649740926,1.021004271534939,-0.96369209778192
-0.6081915049730816,1.02100647446504,-0.9639720947053855
-0.6081894369118058,1.0210086818000503,-0.9642514956581087
-0.6081873640508866,1.0210108911884683,-0.9645301711648588
-0.6081852883848751,1.0210131011942918,-0.9648080431775852
-0.6081832111359524,1.0210153109398155,-0.9650850650615205
-0.6081811330549348,1.0210175198879001,-0.9653612093644812
-0.6081790546048854,1.0210197277092057,-0.9656364603456958
-0.6081769760731598,1.02102193420121,-0.965910809413079
-0.6081748976397953,1.0210241392388018,-0.9661842523372891
-0.6081728194192568,1.0210263427441395,-0.9664567875506903
-0.6081707414859253,1.02102854466826,-0.9667284151087646
