-1.4322376563301429,-0.056016196949237,1.6201732062485392
-1.4321369548109892,-0.05597358336393395,1.5703237493019733
-1.4319454059234262,-0.055945214549628836,1.5839638861925773
-1.4315177002351123,-0.05593674334598178,1.5985500912790773
-1.431558859128706,-0.055944711299614085,1.5946141587702185
-1.431578054086936,-0.05594699791353752,1.594211064413518
-1.4315773420180096,-0.05594812229284989,1.5936197292043046
-1.4315702593907436,-0.05594858869990407,1.5932006495573927
-1.4315607008126536,-0.055948786493061606,1.5928568660562625
-1.431553312611636,-0.055948993800302264,1.592656604820106
-1.4315515872837372,-0.055949318844535856,1.592668809537936
-1.4315502073294148,-0.05594964166423339,1.5927130750204899
-1.4315489464631248,-0.05594996253890635,1.5927710233622083
-1.4315477215363162,-0.055950283299302135,1.5928349439589335
-1.4315465061365191,-0.055950605399500745,1.592901543113361
-1.4315452925005425,-0.05595092972451616,1.5929694197018205
-1.4315440786694074,-0.05595125676189103,1.593037980320098
-1.431542864330277,-0.05595158677117709,1.5931069751650824
-1.4315416495534548,-0.05595191989274319,1.5931763001983084
-1.4315404344503504,-0.05595225620799876,1.5932459130752856
-1.4315392191031728,-0.05595259577028934,1.593315797516693
-1.431538003563924,-0.055952938620031124,1.5933859482455817
-1.431536787865022,-0.05595328479189731,1.593456364633063
-1.431535572028078,-0.05595363431815749,1.5935270480238828
-1.4315343560692275,-0.055953987230204054,1.5935980006125525
-1.4315331400020208,-0.05595434355924308,1.5936692249722584
-1.4315485211207444,-0.05595199509465261,1.5972866056529451
-1.4315450847901232,-0.055952296798947705,1.597450098311819
-1.431542980948066,-0.055952745607249096,1.597566545093259
-1.4315414338404833,-0.05595325866293317,1.597664621308595
-1.4315401225722255,-0.05595380172387473,1.597755370276897
-1.4315389114435528,-0.05595436042045733,1.5978433589996663
-1.43153774308218,-0.055954928742818204,1.5979304767771663
-1.4315365932609734,-0.05595550419798275,1.5980175065610858
-1.4315354517691772,-0.055956085771979094,1.5981047745032466
-1.4315343143177863,-0.055956673072586754,1.5981924183550742
-1.431533179117228,-0.05595726596900342,1.598280498282943
-1.4315320454319587,-0.05595786444052733,1.5983690425758152
-1.4315309129706613,-0.05595846851308098,1.5984580664778878
-1.4315297816292745,-0.0559590782326162,1.598547579939875
-1.4315286513828196,-0.055959693653988556,1.598637590806372
-1.431527522239919,-0.055960314836314425,1.5987281061255638
-1.431526394223708,-0.055960941841041875,1.5988191326878713
-1.4315252673638283,-0.055961574731156705,1.5989106772478383
-1.4315241416930877,-0.055962213570862965,1.5990027466164798
-1.4315230172460731,-0.055962858425462204,1.5990953477006238
-1.4315218940585803,-0.05596350936131514,1.599188487520572
-1.4315207721673908,-0.055964166445838646,1.5992821732190226
-1.4315196516101907,-0.05596482974751759,1.5993764120665461
-1.4315185324255457,-0.055965499335922674,1.5994712114654177
-1.4315174146529164,-0.055966175281732276,1.5995665789532767
-1.4315162983326652,-0.05596685765675483,1.5996625222063547
-1.4315151835060826,-0.055967546533953055,1.5997590490428595
-1.431514070215415,-0.05596824198746888,1.5998561674263758
-1.4315129585038817,-0.05596894409264851,1.5999538854692734
-1.4315118484157132,-0.055969652926069334,1.6000522114363411
-1.431510739996171,-0.05597036856556623,1.6001511537484017
-1.4315096332915789,-0.055971091090259564,1.6002507209860781
-1.4315085283493558,-0.0559718205805838,1.6003509218936938
-1.4315074252180469,-0.05597255711831654,1.6004517653832517
-1.431506323947352,-0.055973300786608615,1.600553260538526
-1.4315052245881634,-0.05597405167001497,1.600655416619347
-1.4315041271925986,-0.05597480985452643,1.6007582430659406
-1.4315030318140363,-0.055975575427602405,1.600861749503381
-1.431501938507154,-0.055976348478204214,1.6009659457462566
-1.4315008473279662,-0.05597712909682991,1.6010708418034258
-1.431499758333864,-0.055977917375549587,1.6011764478829331
-1.4314986715990465,-0.055978713406912906,1.601282776368115
-1.4314975871967788,-0.05597951728486569,1.601389840198081
-1.4314965051681434,-0.05598032910746886,1.601497647763433
-1.4314954255716057,-0.05598114897402041,1.601606209111602
-1.4314943484709777,-0.05598197698533576,1.601715535085213
-1.4314932739327644,-0.055982813243881296,1.6018256370077326
-1.4314922020253784,-0.05598365785388636,1.6019365265493501
-1.4314911328189852,-0.05598451092142995,1.602048215671837
-1.4314900663855137,-0.055985372554508944,1.602160716608356
-1.4314890027987224,-0.05598624286309737,1.6022740418584531
-1.4314879421342723,-0.05598712195920098,1.602388204190042
-1.431486884469793,-0.05598800995691006,1.6025032166442588
-1.4314858298849538,-0.05598890697245292,1.6026190925419248
-1.4314847784615334,-0.0559898131242497,1.6027358454908505
-1.431483730283485,-0.05599072853296742,1.6028534893933617
-1.4314826854370144,-0.055991653321577343,1.6029720384544994
-1.4314816440106477,-0.05599258761541315,1.6030915071902945
-1.4314806060953107,-0.05599353154223143,1.6032119104364966
-1.4314795717844075,-0.05599448523227386,1.603333263357498
-1.431478541173905,-0.05599544881833164,1.603455581455625
-1.4312855967570157,-0.05629526683116909,1.4347976765104036
-1.430340586067866,-0.05636562010087939,1.4377082940033015
-1.4300780215612447,-0.05637340355643322,1.4408914484418518
-1.429682104632574,-0.056422903561133546,1.4416781314409717
-1.4294108985390461,-0.05645923004194622,1.4536090844479421
-1.4301578607646228,-0.05641056405787468,1.4484260424264943
-1.4305044036823626,-0.05631599470743853,1.4625403476726118
-1.429929001117225,-0.05636280870508527,1.458020192793849
-1.4294033037141143,-0.05643467274134049,1.4506309009538043
-1.429879197060654,-0.05642373046485516,1.4460798216561934
-1.430456570253608,-0.05633603879521717,1.451301351570171
-1.4301744529740932,-0.05631413075066718,1.4608969941623964
-1.4296028172420177,-0.056392023770435326,1.4516866704898201
-1.4297650127787802,-0.05640874293354372,1.4458254157987849
-1.430434229648128,-0.056349200004319325,1.4425788634863141
-1.4303879018272758,-0.056279398724836865,1.4608270764710258
-1.4298057557381132,-0.05634784971370514,1.4523763838742692
-1.429756147778941,-0.05638448209344279,1.4465327939691965
-1.4304217858468087,-0.056334734357529406,1.4419662684184569
-1.4304918606396777,-0.05625480093969789,1.4601877039453328
-1.4299087825367431,-0.05631870565690287,1.4523896281453337
-1.4297437914228428,-0.05636583564443798,1.4467041362437816
-1.4304111207074215,-0.05632045507853578,1.4412893510153495
-1.4305995506308689,-0.056229780807349174,1.4593604563360092
-1.4300158383164263,-0.05628912389604627,1.4525150566994862
-1.4297194816397099,-0.05634415362984408,1.447058565991817
-1.430405115882328,-0.05630588229531663,1.4407428162120004
-1.4307117844577228,-0.0562044066846469,1.4583228448690906
-1.430128514317625,-0.0562592206247523,1.4527677216332795
-1.4297117525232053,-0.05632244605493577,1.4473647650077925
-1.4303991347256213,-0.05628699506640413,1.4405277894943507
-1.430816786209029,-0.05617383865163815,1.4572108428388988
-1.430246379210289,-0.05622336220169749,1.4531992927362365
-1.429734632731365,-0.056294515398874895,1.4475548917151013
-1.4303933183347752,-0.05627136134019997,1.4400511927729964
-1.4308667490943647,-0.05615594278327124,1.4537764302115228
-1.4303540424444363,-0.05619317530707655,1.4533841462441546
-1.429806159804567,-0.05627029902224806,1.4457884616833467
-1.4303847632484339,-0.05625243233122325,1.4397716930206659
-1.430907230045421,-0.05614459654192855,1.4505303458205783
-1.4310744789724257,-0.056576640619887784,1.2348622267056426
-1.4311893931021555,-0.056531245630131594,1.2108965619610996
-1.4312738232680706,-0.05655032963636907,1.213730136876712
-1.4313909833739762,-0.05653904152999246,1.2231743696671544
-1.432082565332051,-0.05635497539766925,1.2300340980450881
-1.4316792937539125,-0.05639801018528211,1.242373782627377
-1.4318143963197554,-0.056280950831232086,1.23809140997357
-1.4316787686946124,-0.056268930891149316,1.2270165544768197
-1.4324864015594543,-0.05600938677305251,1.2312232869423783
-1.4324993134148416,-0.05602208568910928,1.2378965124567893
-1.4324122036779925,-0.05607099280627424,1.2426288672692278
-1.4325331141427564,-0.05603420748176882,1.238968202452426
-1.4327172042095675,-0.05598251150150555,1.2332797714558963
-1.4322753370606476,-0.056095413231690386,1.2435349541673106
-1.4325232985224414,-0.05603041848961981,1.2370520173204123
-1.4326173263555513,-0.05599856114664277,1.2336410396144835
-1.432350406622094,-0.0560916738110422,1.2374208838872245
-1.4325662638041832,-0.05603173499459595,1.231327631336361
-1.432171700246104,-0.05614980446470756,1.2384307948621875
-1.4324092541383548,-0.056088103814320334,1.23169758384137
-1.432441086951538,-0.05607451306803538,1.2298151602175984
-1.432255585564738,-0.05614339489179434,1.2321526939746597
-1.432476125238032,-0.0560809990898895,1.225833567423396
-1.4320996188887654,-0.056198758350987504,1.2329463388503896
-1.432336461286316,-0.05613227631651286,1.2261756609073868
-1.4322227161997132,-0.05616382978405635,1.2278355787133124
-1.4320598875570245,-0.05625408904971892,1.2239836719515276
-1.4321701681377261,-0.0561550807547763,1.2318821029158922
-1.43179282139098,-0.05622785000105034,1.244855799039152
-1.4315928272040184,-0.05623253784242847,1.2569724932669286
-1.4316256647918368,-0.05620206934585452,1.2619676898493541
-1.4317029809255408,-0.05614033022910737,1.2688402801457135
-1.4316376976729386,-0.056155181381756215,1.275384964104995
-1.4315176556417342,-0.05617917927168825,1.2822486500427197
-1.4315220585171213,-0.05618715128132257,1.28122332955366
-1.4315138492362725,-0.05618210182310107,1.2857620960314302
-1.431585382149345,-0.05616069583894146,1.2873220471574374
-1.4316702299241695,-0.05613443588918812,1.2889664959751521
-1.431760468904031,-0.05610516025137259,1.2908446178020323
-1.4318441311092365,-0.056080217712844355,1.292326923822503
-1.4318695736606544,-0.05608010912851127,1.290502333845404
-1.4318646734208729,-0.05609227164623943,1.2867469580773543
-1.4318670555480408,-0.05610145494144361,1.2832075107356984
-1.431872058485888,-0.05610951534623993,1.279744517355411
-1.4321925740880181,-0.05604244385104587,1.2634478155991498
-1.4322492705781749,-0.05604777046954715,1.2584059650327415
-1.4321009498471045,-0.0560918482586796,1.2621575839797814
-1.4319071194854918,-0.0561456464169014,1.2680916779059543
-1.4319633677093524,-0.056154637034632596,1.2651426864770465
-1.431909450538767,-0.056185878522030414,1.2656363277272642
-1.4318726827624695,-0.05622520079676738,1.2675012715109326
-1.4317535809356046,-0.05626931553139029,1.2729310773009406
-1.4316440701364141,-0.05627735474809621,1.2738979264463834
-1.4316592440238054,-0.05627729359266639,1.2717137378602983
-1.431669289681967,-0.056278875988799895,1.2696157172469922
-1.4316771491799738,-0.05628111771053923,1.267581642250816
-1.4316839480727495,-0.05628365664509471,1.2655969048004534
-1.4316901183464656,-0.056286359917624894,1.2636532969069436
-1.4316958306449235,-0.05628917842515029,1.2617462806431898
-1.43170115648459,-0.05629209374600523,1.2598732114635578
-1.4313371202640888,-0.05637930769487671,1.273024240108287
-1.4313409322714794,-0.05639404144536855,1.2730536617090145
-1.4313567092196167,-0.05641820603334666,1.2720369655615713
-1.4312925182063643,-0.05646079312998722,1.2754274740131113
-1.4310649041436079,-0.05649894372033155,1.2826148741729193
-1.431085111318869,-0.05649701752371754,1.2803840934095603
-1.431036211378473,-0.056508028852583665,1.2757151007103285
-1.4309520972232466,-0.05646159923593809,1.282737895073061
-1.4308177466285519,-0.05642706441389478,1.2922914759004065
-1.4305429138592138,-0.056428769882138206,1.3068349751942185
-1.4310169879393209,-0.05631151061783048,1.2905829638026027
-1.431392903121803,-0.056245188552375404,1.2840192259958714
-1.431390934918238,-0.056248133557086626,1.2864399615110829
-1.4312924524937751,-0.056277414589090406,1.2897238279938286
