-0.9294634650871128,0.04722881073000527,1.6204175787123316
-0.9292985869997987,0.04727216561765896,1.5720125994767848
-0.9288899867772437,0.04729864020656418,1.5955316191722708
-0.9289400646680034,0.04728906674452628,1.5903772321346759
-0.9289714108493758,0.04728689572996222,1.590565955227026
-0.9289760786791915,0.04728567774842045,1.590082306966986
-0.9289729016772609,0.047285176978431,1.5897661424238092
-0.9289666121553283,0.04728496600337129,1.5895199223886196
-0.928959152013563,0.04728487117453705,1.5893041162580357
-0.9289512992187888,0.04728479932075165,1.589124823405645
-0.9289480170304978,0.04728469544863996,1.5891094323080879
-0.9289461198578,0.0472845418927719,1.589135442191382
-0.9289446824614112,0.04728437215745361,1.5891789694855756
-0.9289434101340809,0.04728419669675152,1.5892302279740762
-0.9289421959385256,0.047284018570475865,1.5892849233886155
-0.9289410015817849,0.0472838385400849,1.5893411847755157
-0.9289398135774157,0.04728365671638482,1.5893982019740542
-0.9289386272778053,0.0472834730592334,1.589455626225637
-0.9289374411293385,0.04728328751256802,1.5895133084119695
-0.9289362546363081,0.04728310003201755,1.5895711854129266
-0.9289350676530818,0.047282910585195105,1.5896292310141729
-0.9289338801443131,0.047282719147435655,1.5896874347899341
-0.9289326921067028,0.04728252569830287,1.5897457930534442
-0.9289315035448584,0.047282330219465124,1.5898043049914288
-0.9289303144645839,0.047282132693546336,1.5898629710178354
-0.9289291248713856,0.04728193310354435,1.5899217920749933
-0.9289420321124356,0.047284074905996516,1.5930035021958162
-0.9289390881269138,0.04728394034783397,1.5931396442098193
-0.9289371865124535,0.047283693209680906,1.5932341671385137
-0.9289357170857098,0.04728339760188457,1.5933122460655014
-0.928934429555254,0.04728307993068842,1.593383651859733
-0.9289332185259388,0.04728275124947242,1.5934524333386304
-0.9289320396189619,0.04728241617660272,1.5935202691165784
-0.9289308741597442,0.047282076632006315,1.5935878556778096
-0.928929714298456,0.04728173340422559,1.5936554826713618
-0.9289285567411519,0.04728138680758301,1.5937232713197562
-0.9289274001100528,0.047281036957650194,1.593791273173949
-0.9289262438327681,0.04728068388664865,1.5938595109958147
-0.9289250876752311,0.04728032759176099,1.5939279956715815
-0.9289239315454485,0.04727996805534086,1.5939967332044653
-0.9289227754111115,0.04727960525335952,1.5940657276037133
-0.928921619265027,0.047279239158932146,1.5941349820776085
-0.9289204631106324,0.04727886974378683,1.594204499525948
-0.9289193069559207,0.04727849697887499,1.5942742827434544
-0.928918150810911,0.047278120834621934,1.5943443345039103
-0.9289169946865838,0.04727774128102866,1.5944146575951597
-0.9289158385944407,0.047277358287710604,1.5944852548339288
-0.9289146825463243,0.047276971823910455,1.59455612907232
-0.9289135265543464,0.04727658185849989,1.5946272832009107
-0.928912370630857,0.047276188359977,1.5946987201504328
-0.9289112147884371,0.04727579129646145,1.5947704428928828
-0.9289100590398998,0.0472753906356886,1.5948424544425153
-0.9289089033982874,0.047274986345003836,1.5949147578566016
-0.928907747876884,0.04727457839135562,1.5949873562363077
-0.9289065924892096,0.04727416674128956,1.5950602527274151
-0.928905437249034,0.04727375136094111,1.5951334505212469
-0.9289042821703755,0.047273332216029064,1.5952069528554251
-0.9289031272675146,0.04727290927184825,1.5952807630148247
-0.928901972554992,0.04727248249326243,1.5953548843323702
-0.9289008180476157,0.04727205184469723,1.5954293201899274
-0.9288996637604702,0.04727161729013233,1.5955040740192972
-0.9288985097089206,0.04727117879309383,1.5955791493030849
-0.9287832321852286,0.04697823908746552,1.4252715552931925
-0.9293437603273114,0.04703110902042375,1.4109651728752386
-0.9295656202768076,0.047027145186398264,1.402236554516343
-0.9293448120261227,0.04656893715080453,1.219814974493946
-0.9297649986007883,0.046531897433174756,1.1704585347892233
-0.9300937976213474,0.0467007443649021,1.1971563496625386
-0.9304118872421603,0.0468779613621419,1.2114272078836712
-0.9299207440197763,0.04666399080160446,1.2072322759204637
-0.9304886125462761,0.046928612455336464,1.2109101618236715
-0.9298662619408514,0.04668605980346756,1.2075442715819797
-0.9304723552043187,0.04695140414790559,1.2122376088297302
-0.9298265249942641,0.04670198382135299,1.208221622943765
-0.9305659432726628,0.04697647420207369,1.210452521038289
-0.9298363812207486,0.04674272865381445,1.2100534508439345
-0.9304675894021786,0.0469705509691834,1.2092130876310143
-0.9298461061934724,0.0467756540296797,1.2118627341924395
-0.9303686025887179,0.04695988645409771,1.2104906321797546
-0.9299242641849882,0.046846153458981306,1.2127966289608358
-0.9302778608994456,0.0469562858387451,1.2091421608528152
-0.9299324884497735,0.04687797919493913,1.214489187515299
-0.9301828609171375,0.046946811243011574,1.2102211201036388
-0.9300802197882564,0.04696271551584304,1.212848238084829
-0.9301027150923807,0.04694693217665379,1.208850888205578
-0.9302371134999989,0.04666080801071805,1.0294142023142827
-0.9313784672503872,0.047180757715639905,0.8503235058965025
-0.931816319180115,0.04763461364067072,0.8768852930886097
-0.9320007883750284,0.047829400196030054,0.8835312603614908
-0.932113756704987,0.04793514224767783,0.8788782589571172
-0.9322707135688982,0.04805098238311092,0.8726978188788791
-0.9324270174489998,0.048166888531469686,0.866616770808405
-0.9327073482552047,0.04837362448018656,0.8539302376612301
-0.9324704161497619,0.048161371435767354,0.8536638521410735
-0.9321949641736081,0.04789011159212487,0.8470005684588655
-0.9322197136410142,0.047865159108277044,0.8295625505444355
-0.9322524082374973,0.047946375325441264,0.8479406550024943
-0.9322786726356869,0.04793907430351118,0.8390597702686378
-0.9322373325207096,0.047972751081784844,0.8555023966943854
-0.9318254442921585,0.047626596653200265,0.8598974984888386
-0.9318156735867908,0.04763110190398903,0.8623344187093717
-0.9318504564824569,0.04766947421139685,0.8638134197590901
-0.9319332443928547,0.047742358797599006,0.8630653506372513
-0.9320470668964708,0.047837127608492507,0.8606873376983991
-0.932166449463516,0.04793562244638611,0.8580362746808048
-0.9322044511858408,0.0479746501460352,0.8592461255097716
-0.9322414497402614,0.04801342834917755,0.860642457742389
-0.9322822961455138,0.04805521842084269,0.8619021117582959
-0.93232410606756,0.04809781745382493,0.8631334291688977
-0.9320634765904533,0.04758743596092786,0.730533932085638
-0.9322012675067948,0.04781058244255218,0.7177824571328307
-0.9328404299031917,0.04804583357073011,0.5093553033752162
-0.9329043060715075,0.047660575177301864,0.47299359453309575
-0.9335504547658463,0.04840910496924031,0.26368771503830174
-0.9337645706314982,0.048416354648993964,0.0660121886852328
-0.9337468538541154,0.047973407952600876,0.06055573016734346
-0.934056842421905,0.048241824046056446,-0.12241610270867684
-0.9343829943661449,0.04849027147630242,-0.32744545531032987
-0.9342735450872722,0.04914729027694321,-0.3280278975787114
-0.9342611148430586,0.04894848363974277,-0.3154047107190568
-0.9345018929858888,0.0492395796444207,-0.489396344472095
-0.9350297668936268,0.04834560029672142,-0.532916791228272
-0.9351063464152605,0.048235447668863465,-0.5374410038651201
-0.9350413348350396,0.048268487118703844,-0.531141363776568
-0.9352972215698222,0.04778257271310756,-0.5225842224399507
-0.9353143560036967,0.04749203323867013,-0.5047811018474386
-0.9353175877522766,0.047987202490946596,-0.7035793889487617
-0.9352167946195876,0.04815097871461593,-0.7244793411653744
-0.9352173236598212,0.04813766987663079,-0.7214344371438525
-0.9351665696885956,0.04819032225320981,-0.7196873839920211
-0.93513816331826,0.04821718715009305,-0.7191222778864903
-0.9351000466440235,0.04825728967326264,-0.7182755923893069
-0.9350843555674306,0.048276239721094634,-0.7179812133560725
-0.9350860154917424,0.04827462465404943,-0.7180178740467215
-0.9350946953669051,0.048265722623839484,-0.7181035863053704
-0.9351059337289841,0.04825439084790786,-0.7182849261796905
-0.9351186793267181,0.04824163609498778,-0.7185238670020977
-0.9351323158230298,0.04822804368853783,-0.7187972437678265
-0.9351464803157838,0.04821395626343843,-0.7190910752190528
-0.935160958440089,0.048199575395322644,-0.7193969721118736
-0.9351756232948183,0.04818502007338346,-0.7197099186804273
-0.9351903996446879,0.04817036069534987,-0.7200269228084133
-0.9352052428394344,0.04815563897456534,-0.7203462020885807
-0.9352201263602901,0.048140879654403945,-0.7206666956975063
-0.9352350344474014,0.04812609742419211,-0.720987772651124
-0.9352499577290546,0.04811130101100266,-0.721309057800281
-0.9352648906280832,0.04809649560398617,-0.7216303281854161
-0.9352798298218983,0.0480816842920825,-0.7219514513513478
-0.9352947733277512,0.04806686891714783,-0.7222723486534485
-0.9353097199592335,0.0480520505803946,-0.7225929734371026
-0.9353246690032965,0.048037229943105934,-0.7229132980642087
-0.9353396200282905,0.048022407405227174,-0.7232333062005446
-0.9353997306004467,0.04796243858442587,-0.7253738367158195
-0.9354527086373979,0.047911224292343194,-0.7277445783244534
-0.9354246282947495,0.047931466414727134,-0.7254700566922768
-0.9353169495090596,0.04805286020089657,-0.7281608083090458
-0.935299377658766,0.04805545888826369,-0.7241766258525351
-0.9352738929175508,0.04806780428689462,-0.7200957052700734
-0.9347979716246895,0.04856197069311828,-0.6963411321685522
-0.9348998675803418,0.0484349944429723,-0.6962676722606791
-0.9348170671896173,0.04853081311271218,-0.6991701972845329
-0.934803770865084,0.04852526445498371,-0.6951272208237679
-0.9347099132775639,0.04862887905707604,-0.6952778833442215
-0.9346303089707646,0.04871154311819029,-0.6946781159225508
-0.9345776812622494,0.0487596769728608,-0.6923977032638587
-0.9342110203850219,0.04916829218155608,-0.6779423385175226
-0.9342399872216668,0.04913738612867621,-0.679958980838453
-0.9342577573492684,0.0491320537043932,-0.6845028462855932
-0.9343114063589837,0.0490822291181192,-0.6875016672630024
-0.9344053486413982,0.04897575905284859,-0.6882119783506039
-0.9341823889073866,0.04922368641907684,-0.6782253814789587
-0.9343691100092781,0.04899659262621205,-0.6827963250132554
-0.9343737912131865,0.04897044922211547,-0.6796528502248955
-0.9343920072056224,0.04891207579676028,-0.6715037385468283
-0.9343432460405913,0.04895178864891008,-0.6678480781570262
-0.9342853731692221,0.0490091701177428,-0.6659377060626516
-0.9342042256826724,0.04909508636605227,-0.6628779396237257
-0.9338632523244045,0.04948367523742139,-0.6471950347790159
-0.9339207284327258,0.049391080109806966,-0.6471274366199316
-0.9338797309894389,0.04942538296195701,-0.6453767355221807
-0.9338297268000086,0.04947355842759813,-0.6437737831951186
-0.9337775228941585,0.049524819835594015,-0.6421698300744085
-0.9337244941636756,0.0495772996044961,-0.64058809456753
-0.9336388944978733,0.04968081742865722,-0.6374966202751788
-0.9333868719646506,0.049972163366142464,-0.625500181103252
-0.9333473474206275,0.05001009046948598,-0.6246026928413988
-0.9333171606710033,0.05002688362451254,-0.6223922050638356
-0.9332908425214113,0.05003630548187379,-0.6190946869714613
-0.9332592329843031,0.050054724258849805,-0.6157475072526886
-0.9328803269742381,0.05057422709501215,-0.5998036993463512
-0.9328960308050874,0.05056788085309378,-0.6039169429910587
-0.9329451869088808,0.050514150228179164,-0.6065922773991897
-0.9329906443036189,0.05046360612728061,-0.6097849773236356
-0.9330180521150737,0.050452530043578726,-0.6143357696190646
-0.9327356923218618,0.05080501282875888,-0.6024291157724011
-0.9326905610244358,0.05086635836470913,-0.6011657046070695
-0.9324308503778251,0.051218263656007054,-0.5906506177453715
-0.9323886823422979,0.05129523971503525,-0.595949173234082
-0.9323627322936168,0.05131108824552542,-0.5945292826091942
-0.9323341197339945,0.051336232973551194,-0.5931277461952239
-0.9323186400707861,0.05134313769549924,-0.5908331506180954
