-0.7153854885811328,1.902312471511196,1.621165090164678
-0.7153196685613122,1.902338043193769,1.5799348823970123
-0.7155336643045265,1.9023556117730454,1.581716908058356
-0.7156680329657716,1.9023473552556662,1.5726933245884582
-0.7157188546913303,1.9023505905305798,1.5714215672550151
-0.7157287298154321,1.9023510409922488,1.5709432570602542
-0.7157569059101553,1.9023502926134783,1.570013277459273
-0.7158195133991219,1.902348108924939,1.5681203134539015
-0.7159512386352451,1.9023432899142094,1.5642813442575914
-0.7161842642769705,1.9023205446482152,1.5588849249139243
-0.7163780883026623,1.9023025982618669,1.5563264167043154
-0.716401689215158,1.902303657953858,1.5565876809941688
-0.716445104472358,1.9023058329509561,1.557561680649693
-0.7164800933604173,1.902299008053976,1.5562209896423835
-0.7164698153109347,1.902301691025572,1.5567609623610184
-0.7164569659437018,1.9023027728583366,1.5572191991978632
-0.7164757508285169,1.9022983642303855,1.5562356256900565
-0.7164590213243552,1.9023022350147272,1.55707156837911
-0.7164658345738496,1.9022987894747967,1.556434530123863
-0.7164486549048725,1.9023031019843366,1.5574038998303734
-0.7164524333985821,1.9023000143101192,1.5568476839125498
-0.7164504642446156,1.9022985912843697,1.5565272473171463
-0.7164364993932623,1.9023036471840704,1.5577751277435594
-0.7164319711692728,1.9023015541529724,1.5574092039304506
-0.7164257163729443,1.9023006963332285,1.5572254638817902
-0.716415631854735,1.9023005629734335,1.5572045364294336
-0.7163665721676654,1.9022967370470834,1.5497207725737852
-0.7163551939614624,1.9022939225687165,1.5451174224045132
-0.7163521404539166,1.9022929778875308,1.5433584078336018
-0.7163534098343292,1.9022930056720464,1.542572427309683
-0.7163552801233837,1.902293552963421,1.542233505243889
-0.7163569546722202,1.902294352295503,1.5420965780711158
-0.7163583941783702,1.9022952659867645,1.5420482372743962
-0.7163596833068109,1.9022962294499834,1.542038202871719
-0.7163608910916659,1.9022972137570775,1.5420447332595586
-0.7163620582365472,1.9022982060007545,1.542058325015008
-0.7163632058611059,1.9022992005160015,1.5420748633972086
-0.7163643442215702,1.902300194846391,1.5420925770634035
-0.7163654781063877,1.902301187940205,1.5421107070714641
-0.7163666096954712,1.902302179355582,1.5421289297560707
-0.7163677399650108,1.9023031689137688,1.5421471079138172
-0.7163688693479465,1.9023041565489387,1.542165183987528
-0.7163699980358473,1.9023051422434905,1.5421831343593122
-0.7163711261142287,1.9023061260002894,1.5422009498426907
-0.7163722536223953,1.902307107830797,1.5422186273724439
-0.7163733805796272,1.9023080877500063,1.542236166470372
-0.7163745069965587,1.9023090657742894,1.5422535677445743
-0.7163756328800895,1.9023100419204824,1.5422708322526288
-0.7163767582355031,1.9023110162054986,1.5422879612320761
-0.7163778830673669,1.9023119886461686,1.5423049559857307
-0.7163790073799206,1.9023129592591703,1.5423218178341087
-0.7163801311772462,1.9023139280610062,1.5423385480948077
-0.7163812544633303,1.902314895067991,1.5423551480742477
-0.7163823772421039,1.90231586029625,1.5423716190644252
-0.7163834995174488,1.9023168237617205,1.5423879623416643
-0.7163846212932073,1.902317785480153,1.5424041791658267
-0.7163857425731776,1.9023187454671142,1.5424202707808647
-0.7163868633611278,1.9023197037379895,1.5424362384146255
-0.7163879836607844,1.9023206603079859,1.5424520832791677
-0.7163891034758424,1.9023216151921334,1.5424678065711361
-0.7163902228099593,1.90232256840529,1.5424834094717472
-0.716391341666759,1.9023235199621422,1.5424988931470087
-0.7163924600498308,1.9023244698772082,1.5425142587485106
-0.7163935779627315,1.90232541816484,1.5425295074130896
-0.7163946954089786,1.9023263648392272,1.5425446402631218
-0.7163311298583105,1.901882337873657,1.3432954820482774
-0.7164628244760183,1.901573386365746,1.1302059521879664
-0.717347490922859,1.9017836341625338,0.9425085177341606
-0.7173219240187261,1.9015589743109813,0.8916047900430301
-0.7181011417341011,1.901757782807792,0.7269754838693264
-0.7190361404670126,1.902569299357776,0.5365547249041004
-0.719339773296409,1.9026601825440503,0.3365958881358562
-0.7197607283077762,1.9025055825997306,0.13205415658624853
-0.7201516901740096,1.9027578331320645,-0.06851114483714141
-0.7205552631365162,1.902587493336513,-0.278080571048754
-0.7203575124639862,1.9034430226102326,-0.281551286434576
-0.72040520977444,1.9033544641283264,-0.2774316009459327
-0.7204305633040888,1.9032787528257642,-0.2731126004353469
-0.7204285777434086,1.9032838136165906,-0.27293651693444343
-0.7204268787359386,1.9033217111200882,-0.27398391037095604
-0.7204630653905595,1.9033184389140894,-0.2725323599834001
-0.7204636267235766,1.9035305838549288,-0.2975373189755904
-0.7206975248769699,1.9041295456245197,-0.5077489171750192
-0.7202723115286191,1.904769258791353,-0.49515539257310714
-0.720173642295189,1.9048395741071555,-0.4764236174435038
-0.7201686375805688,1.9048471790371733,-0.4766557334662437
-0.7201644849286384,1.9048528722877727,-0.476739381700672
-0.7201608106290066,1.904857225253426,-0.4767791091106337
-0.7201569527550682,1.9048616972181902,-0.4768064445039582
-0.7201529653650502,1.9048664061854774,-0.47683031588309926
-0.7201489320680458,1.904871205859407,-0.47685270199133356
-0.7201448787776739,1.9048760446615012,-0.4768745057402126
-0.7201408166074074,1.9048809004857075,-0.4768960643168857
-0.7201367503163925,1.904885763871427,-0.4769175027073956
-0.7201326819393166,1.9048906307767721,-0.4769388668457754
-0.7200694244842663,1.9054636777912926,-0.6559341265831976
-0.7198469769783785,1.9062968562432139,-0.8402046093574479
-0.7191524798781069,1.9069722149143375,-0.8337902330229348
-0.7190836998314399,1.9075004840962348,-0.9932532831918418
-0.7197187518172724,1.9072979905362373,-1.0399729223786058
-0.7196703226227579,1.9073374720794258,-1.031492767912921
-0.7199251612263886,1.9072577593790352,-1.024850700837896
-0.7201732558502093,1.9071573298784417,-1.0233493824929691
-0.7201365997010938,1.9071859226114993,-1.023331782531089
-0.720050966436576,1.9072488636033365,-1.025204531717992
-0.7199534831312936,1.907319856498898,-1.0274479637646945
-0.719851953642784,1.9073933416812412,-1.0297956990772772
-0.7198206910864158,1.9074163418274237,-1.0284645583794438
-0.7197671968007195,1.907454673024011,-1.028266535158733
-0.7197494683800796,1.9074682967695746,-1.0262365444329695
-0.7197282873331721,1.9074845377607177,-1.0243504475384044
-0.7197059737691993,1.907501685999136,-1.0225143575600157
-0.7196832340282948,1.907519203802753,-1.0207014554901843
-0.7196603454423466,1.9075368817683622,-1.0189023374366273
-0.7202210122222614,1.9074435927523639,-1.2185833116257143
-0.7204485744146347,1.9074887880950182,-1.2303526745487228
-0.7199049207581545,1.9081784368383576,-1.4057565816279463
-0.7193754896928389,1.9082794575624284,-1.3620166751318803
-0.7189240171961854,1.90832529496856,-1.36096378408871
-0.7189367564838435,1.908326577204879,-1.363227841188896
-0.7189609717914067,1.9083261873822603,-1.365224544218574
-0.7189678727582066,1.908327106171769,-1.3635767899226654
-0.7189664430558116,1.9083288712115503,-1.3612143686894305
-0.7189621701225534,1.9083308840682207,-1.358539140253054
-0.7189569161519944,1.9083329289496,-1.3557027745410546
-0.7189513318085271,1.9083349478694775,-1.3527699260637875
-0.7189456363448458,1.9083369311819096,-1.3497694332183452
-0.7189398983195215,1.908338882785421,-1.346715497329091
-0.7189963861196332,1.9083241274292104,-1.3452747140123846
-0.7192273708728821,1.9082687074331584,-1.3397244656104195
-0.7191869715353832,1.9082698852570954,-1.3341797071834751
-0.7191452716118443,1.9082803580739658,-1.3346851520360736
-0.719141320920533,1.9082828910709746,-1.3351061665862205
-0.7191409242781313,1.9082838801367152,-1.335003572271679
-0.7191410580974466,1.9082843253107162,-1.3347081044405058
-0.7191413923551118,1.9082844815738,-1.3342971933449415
-0.7191417721444414,1.9082844868583078,-1.333816519463969
-0.7191421334636343,1.9082844142486601,-1.3332931384101274
-0.7191424563893931,1.9082843015488344,-1.332743155914148
-0.7191427408052865,1.9082841676500124,-1.3321762120741028
-0.7191429942578926,1.908284021498756,-1.3315981116187756
-0.7191432261956049,1.9082838669514939,-1.3310123729915189
-0.7191434454763205,1.9082837053615558,-1.3304211446071745
-0.7191436594852587,1.9082835369289386,-1.3298257493022234
-0.7191438739978574,1.9082833613835568,-1.32922700946053
-0.7191440933499418,1.9082831783154677,-1.3286254422044126
-0.719144320703137,1.9082829873225085,-1.3280213772482499
-0.7191445583103386,1.9082827880666617,-1.3274150284878499
-0.7191448077443774,1.908282580287218,-1.3268065377636395
-0.7191450700807238,1.908282363795348,-1.3261960017883556
-0.719145346037074,1.9082821384621969,-1.3255834888274232
-0.7191456360768715,1.9082819042061139,-1.324969049101139
-0.7191459404845164,1.908281660981304,-1.3243527213146726
-0.7191462594191906,1.9082814087685935,-1.3237345367840683
-0.7191465929529207,1.9082811475682964,-1.323114522059636
-0.7191469410972724,1.9082808773948727,-1.3224927006031229
-0.7191473038219539,1.9082805982730215,-1.321869093866259
-0.7191476810676881,1.908280310234869,-1.3212437219871287
-0.719148072755091,1.9082800133179676,-1.3206166042418344
-0.7191484787907816,1.9082797075638813,-1.319987759338128
-0.7191488990715731,1.9082793930172,-1.319357205606919
-0.7191493334873406,1.9082790697248448,-1.3187249611270055
-0.7191497819229777,1.9082787377355894,-1.3180910438062348
-0.7191622266964428,1.908274502082518,-1.3170375606575364
-0.7192603251108826,1.9082415781733708,-1.3131543202344118
-0.7193704207604826,1.9082050167112257,-1.3089699173439286
-0.7194827145092395,1.9081671066110282,-1.304893795294203
-0.7195478750937299,1.908151076811513,-1.3070841215727005
-0.7196182638304222,1.908134802750622,-1.3102103381014214
-0.7196857006358057,1.9081193804975618,-1.3129464176602255
-0.7197524699631429,1.9081041470364146,-1.3153822936880906
-0.7198134690404556,1.908090424458812,-1.3175048504864022
-0.7198132728514036,1.9080912840989002,-1.31742528493121
-0.7198140251836568,1.9080914989576472,-1.317127587978468
-0.719814955138179,1.9080913903609242,-1.316693776227691
-0.7198158965826031,1.9080911188344973,-1.3161782014022287
-0.7198167861973827,1.9080907677803038,-1.3156129863048678
-0.7198176089495443,1.9080903792456159,-1.315017217711918
-0.7198183703759348,1.9080899734926007,-1.3144023017749447
-0.7198190830738631,1.908089559578242,-1.3137750970260633
-0.7198197605388326,1.9080891409920322,-1.3131397553249404
-0.7198204146821845,1.9080887186032665,-1.3124988086197436
-0.7198210551061286,1.908088292161129,-1.3118538136599764
-0.7198216891529559,1.908087861028308,-1.3112057364859375
-0.7198223222432929,1.9080874245171928,-1.3105551830181492
-0.7198229582770825,1.9080869820261956,-1.3099025381729679
-0.7198236000025717,1.9080865330798977,-1.3092480503165762
-0.7198242493244593,1.9080860773257404,-1.30859188289337
-0.7198249075201275,1.9080856145217537,-1.307934146093402
-0.7198255754415533,1.9080851445070581,-1.307274916577978
-0.7198262536340886,1.9080846671850282,-1.3066142497180206
-0.7198269424293375,1.9080841825065786,-1.305952187279986
-0.719827642010874,1.90808369045714,-1.3052887622803193
-0.7198283524602959,1.90808319104688,-1.3046240020697895
-0.7198290737892539,1.9080826843035334,-1.3039579303045161
-0.7198298059615743,1.9080821702672535,-1.3032905682120863
-0.719830548908473,1.9080816489869519,-1.302621935409138
-0.7198313025389793,1.908081120517723,-1.301952050430709
-0.7198320667470366,1.9080805849190523,-1.3012809310751616
-0.7198328414163685,1.9080800422535649,-1.3006085946288422
-0.7198336264237588,1.908079492586166,-1.2999350580130138
