0.471717628392243,-0.4169150996634395,1.647103467988631
0.4717126145589128,-0.41709062935171964,1.5251277415139917
0.4710311812382308,-0.41694284057386694,1.5766393654595288
0.47007265717325625,-0.41695584419446347,1.5739324489702797
0.47007200003088856,-0.4169461490479707,1.5767962935471391
0.47007389628135926,-0.41694477618518627,1.5773077076516877
0.4700752676564292,-0.4169433074265964,1.5777913975064337
0.47008023378224006,-0.41694414180671296,1.577631674195912
0.47007816268857605,-0.41694230962040413,1.5781470472546193
0.4700806242591839,-0.41694374798736983,1.5777659920700806
0.4700775608546326,-0.41694219157538753,1.5781828657320347
0.4700796361271504,-0.4169437533423824,1.57775801096155
0.4700764256934767,-0.4169422522361142,1.578155747135558
0.4700784462727149,-0.4169438387477986,1.5777224593698895
0.4700752159105419,-0.4169423485430171,1.5781165684044824
0.47007722931949963,-0.41694394019818887,1.5776816673448548
0.47007399626410584,-0.41694245218877013,1.5780751022252548
0.47007600842961844,-0.4169440451882048,1.5776398714558797
0.4700727745951347,-0.4169425577060969,1.5780331813869233
0.47007478604137326,-0.4169441513287179,1.5775978569485318
0.47007155153063396,-0.41694266406013825,1.5779911416468886
0.47007356224283575,-0.4169442581705912,1.5775557658763908
0.4700703270263421,-0.4169427710564517,1.5779490429266196
0.47007233698010265,-0.416944365628338,1.5775136231751883
0.4700691010430707,-0.416942878656375,1.5779068955148612
0.4700711102294514,-0.4169444736831693,1.577471432953182
0.4700618976670624,-0.41694125648874986,1.5782924699906182
0.4700549309562117,-0.4169415882119876,1.5781084542809916
0.470051590687092,-0.41694179954265426,1.578005050752666
0.4700498066767779,-0.41694193694766274,1.5779434131138252
0.4700486891927775,-0.41694203357869325,1.5779026074897553
0.4700478560879891,-0.41694210889765515,1.5778719686269636
0.4700471436503962,-0.41694217350851537,1.577846201744679
0.47004648202594357,-0.41694223291949684,1.5778227324136997
0.4700458415525869,-0.4169422898976041,1.5778003302228323
0.4700452096987768,-0.41694234579969075,1.5777784150589333
0.47004458119917575,-0.41694240127864174,1.5777567165404027
0.4700439538544093,-0.416942456643757,1.5777351098854269
0.47004332675153904,-0.4169425120395815,1.5777135379996425
0.470042699514171,-0.41694256753278114,1.5776919749546017
0.4700420719882503,-0.41694262315364716,1.5776704090507288
0.470041444111211,-0.41694267891565384,1.577648835035632
0.4700408158578354,-0.41694273482457006,1.5776272505581697
0.4700401872180289,-0.416942790882663,1.5776056545643116
0.4700395581877494,-0.41694284709061874,1.5775840465768167
0.4700389287653565,-0.4169429034484154,1.577562426373253
0.47003829895014504,-0.4169429599557158,1.5775407938432922
0.4700376687417719,-0.41694301661204347,1.5775191489257057
0.47003703814002523,-0.41694307341686065,1.5774974915806497
0.4700364071447466,-0.41694313036960373,1.577475821777516
0.4700357757557892,-0.41694318746969766,1.57745413948981
0.4700351439730162,-0.4169432447165631,1.5774324446927415
0.47003451179628947,-0.4169433021096189,1.5774107373623638
0.4700338792254703,-0.4169433596482839,1.5773890174751024
0.47003324626042103,-0.41694341733197726,1.5773672850075346
0.47003261290100257,-0.4169434751601186,1.5773455399363878
0.4700319791470748,-0.41694353313212795,1.5773237822384916
0.47003134499849814,-0.4169435912474264,1.5773020118907106
0.4700307104551333,-0.41694364950543583,1.5772802288699697
0.47010730355945707,-0.41726746640892065,1.3937673696694608
0.46944753488319774,-0.41726955507073776,1.3570465884344765
0.4695022553044171,-0.4172922753414655,1.3521012814880207
0.46939882968437935,-0.4172639274669206,1.3563588539940317
0.4692931490124865,-0.4172382602586102,1.3600924025302992
0.4692705936807593,-0.41723997485506775,1.360817008520599
0.46846918168665586,-0.4177987003052775,1.1943212100655767
0.4686942842078652,-0.4179340078081887,1.1756134977315233
0.46796400420045986,-0.4176267526539703,1.1919416710334967
0.46744299242325943,-0.41767338442694313,0.9774830189354872
0.4672105039357801,-0.4179920410883573,0.7588417373941588
0.4662755347614094,-0.4173671609920387,0.5685315989863174
0.46580192385473096,-0.41717911468492463,0.3735042514217489
0.4657647286089533,-0.41700411634517526,0.3990352617490487
0.4658227620152665,-0.4171364148198535,0.4027596718751906
0.46577563317549103,-0.41704912719280657,0.3997636754407703
0.4656980917997332,-0.4169001836430846,0.3955592879191621
0.4656291650588732,-0.4167790412299276,0.39238283739151125
0.4656575935667325,-0.4168419432214286,0.39513538167959306
0.4652036076126495,-0.41690666290148637,0.1955620307007059
0.4647513932232702,-0.4165741855532499,0.002324598094561497
0.4644137670000843,-0.41626983437969406,-0.20210462634044904
0.4642794723285217,-0.4169128463475432,-0.22922871500122913
0.4640205015432195,-0.41635700804052495,-0.4261027390813495
0.4641718206595291,-0.41534094559260465,-0.6144029536180436
0.46372315447614304,-0.4152959892071656,-0.7922938302347304
0.46366585130194526,-0.4152358733328284,-0.8090765264593771
0.46367250721281833,-0.4147873962807319,-0.9976784247410246
0.464424649656281,-0.41438408919672604,-1.0019105945257558
0.46465657001830174,-0.41388701403413647,-1.1699255547409415
0.4641898661456988,-0.41377589188780284,-1.3447212171761698
0.46401620859579745,-0.41376486440771687,-1.3481911995606113
0.4642454349748316,-0.4132820118047678,-1.5483870718342354
0.4644860382789756,-0.41285737778434306,-1.7516458847708005
0.46470072214518104,-0.41260758823896143,-1.9230058732116935
0.46506903968633806,-0.4121632714941824,-2.141380928939505
0.46622058021091073,-0.4128182711972528,-2.1656506613675774
0.46676091361144817,-0.4129342408546008,-2.346648741391758
0.4673947978120677,-0.41352147698009706,-2.3600112758403884
0.46823438760377983,-0.414352403264532,-2.3616822690939254
0.4687392669121976,-0.41449032788219836,-2.5272964518835397
0.46927366588540625,-0.4152206417553903,-2.578230890592113
0.469271585753311,-0.41504568597721037,-2.5847149937636735
0.47004373085247014,-0.4156353605098497,-2.8043370474281897
0.47031307167265224,-0.41569017357755383,-3.0048861432961638
0.4702516113112003,-0.41559317085281616,-2.980965032415466
0.470589795267242,-0.41547555505233985,3.107215640610722
0.4709547130242287,-0.4156875151039142,2.90628055721572
0.47108461819466196,-0.41502784392345243,2.901820028406177
0.47142799299817706,-0.4153094388112588,2.6864100043879513
0.4712956102253863,-0.41585933147836357,2.497498902057059
0.4715125440511525,-0.4161122840988453,2.3300701624115674
0.47128187874469507,-0.41692622529131296,2.121053854404621
0.4707359936240246,-0.41746020196854255,1.949411432902783
0.4706771599437462,-0.4175285296799257,1.9350046831671437
0.47074086717071867,-0.41746778538573454,1.9413787079766345
0.4705701950286053,-0.41747329654574017,1.9450430947001838
0.47038550108364763,-0.41793348341651637,1.7307267189596476
0.47027185489710754,-0.4180179274509606,1.7144720731845409
0.46985599814450135,-0.41812517111866027,1.6994465476093694
0.46974190857759046,-0.41822091281718515,1.6986428166362577
0.4694243715327874,-0.4182151947821843,1.708447615637276
0.4694054922984143,-0.41821510437941206,1.7080805209820311
0.46972823121995616,-0.41845240873480705,1.535936684634928
0.4699308797422148,-0.4184727686005553,1.5289061808648852
0.4705816479319299,-0.4184767773219326,1.5270445406401545
0.4700763182509482,-0.41875932362875473,1.3314323223778801
0.4698732445555201,-0.41926449326531035,1.1447966080839422
0.4702856913980336,-0.4193100774125646,1.1334839039330817
0.4696978291915294,-0.41933804641549355,0.9335749911678717
0.4693020426777904,-0.41941284106625276,0.7261406707508788
0.46850949212603266,-0.41884203619421667,0.5435116847273652
0.46822798375241154,-0.4187520593683026,0.3623206138221124
0.46785194235164346,-0.41858372993654575,0.15921063641781708
0.4675391115515104,-0.41880083253889056,-0.037973677944328675
0.4675711177261438,-0.4194290134097437,-0.02622514946972165
0.4672594952069381,-0.41926114912584084,-0.20590015086134714
0.466657498287967,-0.4196147928545469,-0.41724194416676197
0.46657695373138125,-0.41929348117903587,-0.6197458613783412
0.4659368616855236,-0.41931850865735765,-0.8130013126899666
0.4654268022030945,-0.41917596939932367,-1.0085893090743654
0.46491600957439366,-0.419349759097094,-1.0491514880693242
0.46497562624286093,-0.4189321317031103,-1.266737662413672
0.4645909574386572,-0.41903280423348166,-1.2548703124288643
0.4645592818639482,-0.4187516071453752,-1.4589575112098792
0.4646772743284478,-0.41873120861739,-1.4714262161507683
0.4650246583720386,-0.4187124505251277,-1.4775382949501983
0.46550882517622266,-0.4186440259951593,-1.4968778059558188
0.4656019831047192,-0.4186285038992674,-1.5014905151145277
0.46561207344026617,-0.41863200059858297,-1.5036884915850333
0.46559913670133274,-0.4186408792104266,-1.5045868683462433
0.46557629272976847,-0.41865181557121306,-1.505005177846268
0.4655495659106261,-0.41866349439473205,-1.505247825785543
0.4655214320878274,-0.4186754163567761,-1.5054262619817305
0.46529395594468553,-0.4186632756859697,-1.5102819696204397
0.46496301882894703,-0.41865411678709474,-1.5180898846409736
0.46489863414433663,-0.4186547548155796,-1.5199341513437428
0.464846405784196,-0.41865420301215395,-1.5215926628716678
0.46480333114629957,-0.41865324279048843,-1.5229905846005167
0.46476624946345907,-0.41865235197985995,-1.5241906966002532
0.46473435787493983,-0.4186516688430937,-1.5252142898964791
0.4647074144741551,-0.41865119359768976,-1.5260701628369622
0.464685024229547,-0.4186508830576816,-1.5267717958081954
0.4646665831832297,-0.41865069209432504,-1.5273388888445705
0.4646514227211252,-0.41865058599343996,-1.5277932271320385
0.46463891833011867,-0.4186505406523533,-1.5281553766559972
0.4646288168316373,-0.4186505740761722,-1.5284315505845265
0.4646232705281324,-0.41865068578606496,-1.5285657619467587
0.4646182195263048,-0.4186507887696676,-1.528670369857085
0.464613375388346,-0.4186508917906847,-1.5287609754666978
0.4646418659378119,-0.41864821052631596,-1.5281373775851577
0.46466701234747215,-0.41864392499856146,-1.5277632343602257
0.46467583263535706,-0.4186410910755573,-1.527449586384112
0.4646796812627092,-0.4186386800475325,-1.527161527945297
0.46468160801768693,-0.4186364018725568,-1.5268917261677926
0.4646828209033794,-0.4186341529762448,-1.526631450062655
0.464683773146982,-0.4186318969730188,-1.5263745880941457
0.4646846358216063,-0.4186296212009117,-1.5261174177631922
0.46468547400770566,-0.4186273212148887,-1.5258577992345799
0.4646863127646682,-0.418624995329505,-1.5255945189919689
0.4646871619532418,-0.41862264273797484,-1.525326870897419
0.46468802562347605,-0.41862026288476206,-1.525054414794559
0.4646889055868388,-0.4186178552673551,-1.5247768448092769
0.46468980278530636,-0.4186154193796592,-1.5244939197796834
0.46469071782065635,-0.41861295469928506,-1.5242054272007242
0.4646916511611886,-0.41861046068689045,-1.5239111647025425
0.4646926032233201,-0.4186079367879357,-1.5236109305127015
0.46469357440403275,-0.4186053824343465,-1.523304518451565
0.46469456509373563,-0.4186027970456753,-1.5229917151816068
0.4646955756811766,-0.4186001800298716,-1.5226722985597594
0.46469660655493983,-0.4185975307838326,-1.522346036516997
0.46469765810355934,-0.41859484869385993,-1.5220126861738072
0.46469873071472945,-0.4185921331361171,-1.5216719930518194
0.4646998247742431,-0.4185893834771284,-1.521323690303838
0.4647009406645491,-0.4185865990743652,-1.520967497927266
0.46470207876301767,-0.4185837792769431,-1.5206031219401202
0.4647032394399179,-0.4185809234264555,-1.5202302535069214
0.46470442305613086,-0.41857803085796275,-1.5198485680042997
0.46470562996048614,-0.4185751009011651,-1.5194577240215963
0.46470686048671256,-0.4185721328817842,-1.5190573622886814
0.4647081149499979,-0.4185691261231819,-1.5186471045242482
0.46470939364298336,-0.4185660799482525,-1.5182265521994247
