0.994204697290401,-1.6759436954780982,1.6201334844645936
0.99432640831381,-1.6760050556559163,1.564110484021089
0.9944488386689283,-1.6759965794410554,1.5677802554013485
0.9948843306071771,-1.6759719098119994,1.583206034424054
0.995766027577432,-1.6760056000460373,1.5661720047842984
0.995628073350725,-1.6760060781661736,1.5651022050767658
0.9957832481497579,-1.6760237235913684,1.5608728389960758
0.9959019425003239,-1.6760329914787897,1.5587645348545063
0.9959215849652429,-1.6760331366281904,1.558783719405651
0.9959305267087245,-1.6760333293163963,1.5587014221705973
0.9959376142258862,-1.6760333880190896,1.558667890995431
0.9959432635356513,-1.6760333558577298,1.5586687260168024
0.9959477927845328,-1.6760332619824758,1.5586933371377947
0.9959514480017647,-1.6760331268939044,1.5587339229799044
0.9959544202548584,-1.676032965266984,1.5587847638860746
0.9959568581297533,-1.6760327876422811,1.5588417043890395
0.995958877226041,-1.6760326015458422,1.5589017639883078
0.9959605675137357,-1.6760324122814474,1.5589628413947567
0.995961999062067,-1.676032223511712,1.5590234893743682
0.9959632264990408,-1.676032037691451,1.5590827436801669
0.9959642924759555,-1.6760318563927081,1.559139993556934
0.9959652303532969,-1.6760316805485544,1.5591948841516143
0.9959660662797706,-1.6760315106354333,1.5592472433307023
0.9959668208001278,-1.6760313468089387,1.5592970270985498
0.9959675100983314,-1.6760311890043413,1.5593442791391938
0.9959681469590481,-1.6760310370105092,1.5593891010421965
0.9956923285711929,-1.6759915289522145,1.5594370201572472
0.9955347570454831,-1.6759789371896952,1.5629641141250639
0.9955061966900445,-1.6759743256402173,1.563942563760063
0.9954958909557612,-1.6759719314397319,1.5644820857996389
0.9954912915555204,-1.6759707486606426,1.5647462485042467
0.9957223421085457,-1.675984096155161,1.5616921508723152
0.9959079550633831,-1.6759716577845785,1.5567875799474995
0.9957424939353603,-1.6759611960385294,1.5581010690426305
0.995513012435938,-1.6759456682182283,1.5629740258478095
0.9954804330554263,-1.6759394870653264,1.5642907397928107
0.9954686481279917,-1.6759364877898162,1.5649700842658503
0.9954636340655877,-1.6759350107197712,1.565301938729341
0.9956682418349457,-1.675946099902256,1.5627093503389655
0.9958735465279326,-1.675935923739371,1.557967162606529
0.995547758930944,-1.6759190867132132,1.5623905518979353
0.9954697889794463,-1.6759099924403276,1.5644313516107053
0.9954480553961941,-1.6759063207049396,1.565245830282384
0.9954401730484455,-1.6759044005715553,1.5656772405216504
0.9955815580520803,-1.675910985658289,1.5639925301660549
0.9958329985753,-1.6759232144509173,1.5594686989042834
0.9955849507812562,-1.6758906091733674,1.5619024255629503
0.9954538813426208,-1.6758799485370799,1.564726318791236
0.9954269693611618,-1.6758758553108064,1.5656180132649682
0.9954175466687375,-1.6758737084952573,1.5661005562239805
0.9955148550366724,-1.675877817135144,1.5649329703450687
0.995797029033764,-1.6758980865038489,1.5602538360010008
0.9956001258379409,-1.6758597904547936,1.5618206309603808
0.995435671856042,-1.6758485778479222,1.565060970413326
0.9954053656883642,-1.675844191054711,1.566019818520203
0.9953949623096967,-1.6758418999168099,1.5665348468647247
0.9955356738278952,-1.6758482271499617,1.5648707106016733
0.9957861720813318,-1.6758603223735447,1.5603694357814673
0.9959034501365472,-1.676199655049703,1.3874641939986239
0.9953009249457888,-1.6761230378645033,1.343478547911641
0.994703285649161,-1.6760008331782725,1.3328151008342073
0.9946464256984208,-1.6759968208220921,1.334282517786602
0.9945092104678503,-1.675969934151337,1.3381174582769142
0.9944432539404849,-1.6759658520933154,1.339975817850271
0.994048108765446,-1.675858207763308,1.351584178735483
0.9940549974276012,-1.6758163328820948,1.358648772682391
0.9940583540774621,-1.675788854975369,1.361524616930967
0.9942669687926838,-1.676236689499842,1.1786094476153686
0.9944845215105255,-1.676854862271439,0.9851545551636555
0.9946241810243052,-1.6769640394352392,0.967213905792738
0.9944140642506955,-1.6768902651382405,0.9421357394577571
0.9937924228491793,-1.6763350868751097,0.9597958521688309
0.993934607358246,-1.6763535546585635,0.9910989442774211
0.9935032329682391,-1.6764654324757073,0.8055096950799238
0.9928112942903605,-1.6762259797723964,0.6207981173961191
0.9926435048250336,-1.675951846946021,0.596356320790553
0.9927731666987464,-1.676173318960888,0.6002745393132084
0.9928480708190052,-1.6763000337561822,0.5942382727766384
0.9928426954159131,-1.67629300922455,0.5941321555692479
0.992367500359622,-1.6763444590510057,0.3906942567038407
0.9914650338803482,-1.6762308132598747,0.20207133065446348
0.9910645622466216,-1.6762156895954314,0.00840050432373482
0.9906816092564047,-1.6762192817792694,-0.18892152226786502
0.9904225515817521,-1.675870914518506,-0.39245901232801333
0.9905146882995594,-1.6753838179471883,-0.4048454156591062
0.9905084190889515,-1.6747041287773812,-0.5972085135506413
0.9903120079641617,-1.6741306308218635,-0.8063360504796689
0.9897703091284649,-1.674069787355254,-0.9735833574050344
0.9901380803111199,-1.6734967911017544,-1.1540013916485294
0.9907617896696902,-1.6729807192776305,-1.3497525587922468
0.9910894073598471,-1.6729066864665731,-1.321747849993429
0.9917564981239314,-1.6728332597676145,-1.3169404130300375
0.9917330105011554,-1.6728332489266065,-1.3183475835139251
0.991839892021331,-1.6724154154349478,-1.5099295165504794
0.9921777319291123,-1.67205677793919,-1.6941228601336238
0.9920318601215813,-1.6719240326446603,-1.685891744659168
0.9921541344695567,-1.6719819673541791,-1.6629526061954256
0.992813111906873,-1.671729978768482,-1.872134013682927
0.9923660931439159,-1.6716536078961302,-1.8620087071787281
0.9925637948930479,-1.6712957169351372,-2.041788221865431
0.992999712587342,-1.6713670721000355,-2.099387079406651
0.9926638386011887,-1.6705743840990792,-2.2703552262670974
0.9933841101987142,-1.670722848373064,-2.4775446979850777
0.9942135912272845,-1.6714630271975597,-2.656867527657671
0.9948370601774463,-1.6719492270388845,-2.863321442358368
0.9955923618539345,-1.6726018461560819,-3.0643723035948005
0.9960046736259154,-1.6724310733932943,3.0306061565975417
0.9961952007266149,-1.6729581317913877,2.8312038149629464
0.9965291495073045,-1.6732855122190426,2.6467476485682493
0.9970154333969774,-1.673448751970692,2.4348843516149112
0.9970678201776834,-1.6740057831850725,2.2341847934380596
0.9968734125974574,-1.6745101253802321,2.024235163216187
0.9964088848277841,-1.6752307673037523,1.8309691300553745
0.9964016126196228,-1.6758983182061928,1.6522070583281834
0.9965760272335635,-1.6763461592982145,1.4686251073642915
0.9968293087484196,-1.6767997739282192,1.2825663134982008
0.9966136586418245,-1.6767780276540563,1.1024108769435852
0.9957242307930712,-1.6767368945876828,0.9152086312387623
0.9951332708405135,-1.6766465505642014,0.7033961057556523
0.9947336021467857,-1.6765976202963386,0.5090328212982334
0.9944076063705535,-1.6756924019993238,0.5166287801755475
0.9943906411512866,-1.6765169271956977,0.3228184180802708
0.99407692848611,-1.6762460439330022,0.13274903274873023
0.9940855111572046,-1.6764363282241328,0.10562162133079986
0.9938165125145759,-1.676721089595901,-0.06221456942792325
0.9938222478218579,-1.6770903286747114,-0.043241063951874964
0.9934099317186917,-1.6774662824075621,-0.23334341679903728
0.9929383769611072,-1.677212445629726,-0.45816931219938745
0.9928429789765499,-1.6775119564107057,-0.44634760823962694
0.9931648736149632,-1.676415316428724,-0.6419805965362322
0.9928136088401001,-1.6761449083750262,-0.8420164564319744
0.9926879755330253,-1.6761248055194442,-0.8564792467438614
0.9925321425619406,-1.676135449740059,-0.8861184361470359
0.9928529689567587,-1.675807148464047,-0.891122366252465
0.9928414498242348,-1.6758215949474562,-0.879698062346276
0.9927636525606546,-1.6758965091005653,-0.8747354184987407
0.9925694418609531,-1.6760988230019456,-0.861712629416806
0.9925089011155723,-1.6761620887421698,-0.8599460148623445
0.9922662899243986,-1.6764084256657423,-0.8491162809271798
0.9920816825445975,-1.67659890134421,-0.8411368187832283
0.9918564910561228,-1.6768348411231604,-0.8310474543433349
0.9917074195191811,-1.676992658919704,-0.8249935045961218
0.9915965893174911,-1.6771094779561284,-0.8209701186501648
0.9914262050893901,-1.6769383726336653,-0.9820884040372144
0.9915299599560787,-1.676846864306582,-0.9891411039470679
0.9909390960382823,-1.6771453395075886,-0.9869192633383798
0.9910420586877579,-1.677074134951075,-1.0023371921236082
0.9909484356529199,-1.6767116639323107,-1.1795368442974588
0.9908089676047062,-1.6762769681479381,-1.3961434785897158
0.9916160581629858,-1.6761739022226947,-1.3824053026745247
0.9915026431802805,-1.675948460306293,-1.5625382482252088
0.9908661166320265,-1.6759305443568593,-1.57244994094161
0.9907338594066561,-1.6759368352912882,-1.5728411526143045
0.9906804160482878,-1.6759389917714178,-1.573183172438163
0.9906580710812742,-1.6759400204153583,-1.573076872420161
0.9906494993984236,-1.6759406261373082,-1.5727628507713654
0.9906459867729316,-1.6759408713345274,-1.572647007970318
0.9906446599008639,-1.6759409708858397,-1.5726049497406018
0.9906442657693469,-1.6759410088718676,-1.5725934671087418
0.9906442704064997,-1.6759410208061705,-1.572594657750131
0.9906444456927472,-1.6759410217196449,-1.5726010917507125
0.9906446940865631,-1.6759410179749217,-1.5726096899332545
0.9906449738725868,-1.6759410122634841,-1.57261918003528
0.9906452672123871,-1.6759410057226183,-1.5726290385268635
0.990645566479844,-1.6759409988322393,-1.5726390510585462
0.9906458684158336,-1.6759409917945538,-1.57264913039941
0.9906461716280135,-1.6759409846946196,-1.5726592413126859
0.9906464755219151,-1.6759409775681544,-1.5726693696913407
0.9906467798438939,-1.6759409704301345,-1.5726795099520645
0.9906470844858363,-1.6759409632868325,-1.572689659918623
0.9906473894017493,-1.675940956140883,-1.57269981876095
0.9906476945721217,-1.6759409489933956,-1.5727099861738574
0.990647999988795,-1.6759409418448497,-1.5727201620510491
0.9906483056483695,-1.6759409346954635,-1.5727303463623477
0.9906486115495511,-1.675940927545345,-1.5727405391029783
0.9906489176918528,-1.6759409203945577,-1.5727507402789704
0.9906492240752469,-1.6759409132431478,-1.5727609498965123
0.9906495306998025,-1.6759409060911552,-1.5727711679644678
0.9906498375656483,-1.675940898938617,-1.5727813944919737
0.9906501446730158,-1.6759408917855678,-1.5727916294857411
0.9906504520220257,-1.6759408846320432,-1.5728018729560154
0.9906507596129244,-1.6759408774780797,-1.5728121249098435
0.990651067445905,-1.675940870323713,-1.5728223853553098
0.9906513755211678,-1.6759408631689785,-1.5728326543006936
0.9906516838388953,-1.6759408560139142,-1.5728429317547492
0.9906519923993288,-1.6759408488585557,-1.5728532177243844
0.9906523012025988,-1.675940841702941,-1.5728635122199626
0.9906526102489759,-1.6759408345471067,-1.5728738152476314
0.9906529195386431,-1.6759408273910916,-1.572884126815957
0.9906532290718151,-1.675940820234934,-1.572894446932867
0.9906529719053183,-1.675609350461162,-1.7364298977426318
0.9907958943725753,-1.6755942719893295,-1.7616642395778594
0.9906660996077438,-1.6755606103469691,-1.7646121340296106
0.9906639053025152,-1.675550736554052,-1.7656703660171151
0.9905961529520446,-1.6755319004042213,-1.7667726019760956
0.9904931346122985,-1.675503380120816,-1.7691867316211842
0.990400571308675,-1.6754769698640595,-1.7713496746325506
0.9903079319597108,-1.6754500625674298,-1.7735100190876418
0.9902432476309823,-1.6754342559665585,-1.7746167034823015
0.9902452593483344,-1.6754344810423714,-1.7740908680392076
0.9902398448388873,-1.6754329099660674,-1.7738027410588328
