0.47347553498707806,1.071705753521371,1.6202930783262013
0.4736043163070924,1.0717491053423223,1.5711314930887905
0.4740394200842595,1.0717816473377424,1.5939843036142938
0.474087077229774,1.0717741235586047,1.5937462741231032
0.4740549273520345,1.0717700720195236,1.592545065937245
0.47404754058949833,1.071768397227848,1.59189856891886
0.47405042426162014,1.0717677077801564,1.5914884053859104
0.47405561633825916,1.0717678910949477,1.5916826490024516
0.4740649020146683,1.0717678049415882,1.5914132704860695
0.47407445707004925,1.0717677610189085,1.5911589551560559
0.47408400128794165,1.0717677337442022,1.5909145915704888
0.474093362544448,1.0717676942696914,1.5906858706017433
0.4740969663625964,1.07176753134366,1.5906663284200968
0.47409887061712486,1.0717673225703848,1.590695354681692
0.47410031754797466,1.0717670973494766,1.5907425439663034
0.47410160076138075,1.0717668661027406,1.5907977569747915
0.474102826525239,1.0717666318338464,1.5908565520836373
0.4741040327521111,1.071766395259701,1.5909169961103318
0.47410523272069993,1.0717661564619865,1.5909782527064196
0.47410643096867205,1.0717659153824395,1.5910399622241562
0.4741076289926504,1.0717656719534068,1.591101971165098
0.47410882725899123,1.0717654261224558,1.5911642148043015
0.4741100258980016,1.0717651778509323,1.5912266665097192
0.474111224936617,1.0717649271087626,1.5912893159480739
0.4741124243730954,1.0717646738704896,1.591352159746502
0.4741136241993578,1.0717644181129105,1.5914151975044963
0.47410072314161633,1.0717664783996208,1.5945021014354506
0.47410372219526853,1.0717662811900337,1.5946444029102562
0.47410564966953417,1.0717659663890107,1.5947447853870576
0.47410713083898703,1.0717656005336522,1.5948286330222723
0.4741084234186533,1.0717652111116138,1.5949058019630213
0.4741096362952048,1.07176480965585,1.594980378662865
0.47411081546319733,1.0717644009934477,1.595054058259807
0.474111980333675,1.0717639871321065,1.595127544666095
0.47411313908711117,1.0717635688944784,1.5952011311056673
0.47411429516311415,1.0717631466052984,1.5952749407739406
0.4741154500016624,1.0717627203801028,1.5953490265444294
0.47412340375273965,1.0714575345918356,1.4200496882828226
0.4743854822218415,1.0709271775035163,1.2056446732048336
0.4752841473575298,1.0705474801448123,1.1548089765681055
0.47541577500602267,1.0704236786973609,1.1421418926755464
0.4748576729905896,1.070563672395901,1.1431751025376378
0.4745958803047928,1.0702328212921182,0.9650569609981353
0.4744213955235462,1.0699704395780216,0.7902063424257051
0.473992993692309,1.0703745626143515,0.776778380826888
0.47386636386737013,1.0705419963932423,0.7880390068891052
0.4737183855270856,1.070748884579256,0.791069103196814
0.47395532449011996,1.070466344612809,0.7791909544100103
0.47370022300508613,1.0707505775650807,0.7922619976877137
0.473303416549642,1.071181252666162,0.8083434051094577
0.4732291109954434,1.0712625353159382,0.8129656791716221
0.4729800031376711,1.071529001322604,0.8260275276168537
0.4727542108038298,1.071761223338467,0.835970883967809
0.47259255818002766,1.0719293433174064,0.843556120066262
0.47229110741642477,1.072233440613255,0.8580478260053238
0.4721208435633344,1.0724002041216851,0.864507404739876
0.47192208418951126,1.0725971306502342,0.8734873689447523
0.4716105245177384,1.0728955503059119,0.8878361950318211
0.4714137956150052,1.0730783924375746,0.8952711274058693
0.471569346380655,1.072993383225461,0.9056992828133297
0.47061247878089524,1.0733032014225463,0.7017087051564068
0.47029744709573124,1.073296283162459,0.5200712442629669
0.4692241388098401,1.0737779502682412,0.30839349917369036
0.468917543979396,1.074487146894957,0.11063942008713197
0.46859240225394594,1.0740171339801647,-0.08863430543351505
0.46816448153946877,1.0740171662748255,-0.29064477753453233
0.46801080041535553,1.0745956519746425,-0.4846571266506752
0.46802715543209683,1.0752661677164475,-0.6868012934818307
0.46842641435401233,1.0758567480276264,-0.6962947261351125
0.46796859388673456,1.0759505459963483,-0.8935091674594573
0.4687247226258351,1.076548427435501,-0.90661737632113
0.46804980113117567,1.0766008020938378,-1.1245488041046534
0.4681696602451096,1.0767578168145284,-1.3138505181144113
0.4680986045636604,1.077250365241344,-1.507940014146958
0.4677772458222866,1.0772223729595,-1.4920957623582012
0.46814223785880066,1.0772189451316545,-1.481509867296746
0.46879068682512987,1.0771954500111536,-1.460649256303019
0.46890367383166065,1.0771833589194235,-1.4542311935858727
0.4690072536388802,1.077176480387267,-1.4491780517870503
0.46903603420752576,1.0772135140912178,-1.4549116271663145
0.46862153781213545,1.077171956728132,-1.4618851111723925
0.46901696219629674,1.077202173238972,-1.4631799194075419
0.46877445577635674,1.0774535406851988,-1.6445257389053003
0.46952872604001067,1.0774509985928644,-1.667750014085391
0.4698038998985511,1.0774427078898128,-1.6586764242410215
0.4703914590408016,1.077354801125666,-1.6429557116393845
0.4702794170044901,1.0773565093346857,-1.641149305724854
0.47029498537818765,1.0773516884622079,-1.6409802132253408
0.4703105087067782,1.0773461056396214,-1.6401952630618344
0.4703251063958929,1.077340142921018,-1.639091888312128
0.4703396044798444,1.077333988371368,-1.6378498973111346
0.47062876815247945,1.0778297263567451,-1.8202559159269174
0.4710701324729637,1.0776450646704683,-1.835214432534731
0.471431250814263,1.07781232584291,-2.047118201314531
0.4718897493881311,1.0779241585619013,-2.253463396496072
0.47264869791021313,1.0776891099387476,-2.4684227519298823
0.4731438404832063,1.0774944048715023,-2.6482994644351523
0.4734394419184905,1.076771955152452,-2.673228524355229
0.4735522255779438,1.077264695632064,-2.8847574287884283
0.4740005273946156,1.0767989371797586,-3.08287528530689
0.4743895043828541,1.0767726479441584,2.993674025193082
0.47431314833555543,1.076262138780546,2.992342871502869
0.47437230903687433,1.075840347066221,2.804148608085511
0.4744216641989553,1.0757057872582605,2.7754210219942412
0.47447228683461634,1.0758520968169873,2.78105679511943
0.47451590811569894,1.0758395357095176,2.7815157834901596
0.47457712466155727,1.0762948738815736,2.798322363666431
0.474647916507421,1.0767049975481724,2.813184501864326
0.47457858197323105,1.0765302477491476,2.81073677623569
0.474542750331581,1.0764752671637354,2.8119871532561413
0.47454169049500744,1.0764791990333908,2.8161701710636113
0.4745385036240122,1.076482831361868,2.8195921477144315
0.4745125435641718,1.076419513296166,2.821456144629554
0.47448797636158413,1.0763602010600317,2.8235126201916274
0.4744637953232889,1.0763019369352285,2.8256859797231217
0.47445633866282766,1.076282887025439,2.826184876122886
0.4744199706162162,1.0762836673681164,2.827974717866334
0.474178417561617,1.0756123045815977,2.850925777242907
0.4741736188220499,1.0756609278674587,2.8546382415267915
0.4741648332598601,1.0756550995891079,2.8556607743621516
0.47415391379976507,1.0756364721595701,2.8557539849267153
0.4745736617801579,1.0751563710827101,2.6980662486537144
0.47396999663849204,1.0744174987192394,2.6992012004437016
0.4740325762366882,1.0745083177208425,2.7148173554816464
0.4737244188140818,1.073735018011103,2.7201495888556466
0.4736793921601802,1.0736738493116589,2.72316548599073
0.47367554193246475,1.0736669760618114,2.723108173683997
0.47367278803445145,1.073661750402029,2.7227650401331456
0.4736704025802414,1.073656643150127,2.7222946485108808
0.4739515017232265,1.0731732319689236,2.5160224410683347
0.47442970164993525,1.0731463592589705,2.334826400075125
0.47510608606312893,1.0736131888647433,2.304045155107649
0.47526935786488606,1.0737352588067444,2.2959228912132867
0.4753158631977898,1.073787435237694,2.301843870211774
0.4755650820386065,1.0740570019775386,2.3237796223099143
0.47567280206399687,1.0741961725801876,2.3407959170641104
0.4756456371399055,1.0741776024895644,2.3451143488649193
0.4758549068840025,1.074422450652013,2.361712841946974
0.47595772780370055,1.0745419722424563,2.3697122328620916
0.4760082652107825,1.0746196053882946,2.3793273313607384
0.47579581930012793,1.0744086439731235,2.385295140685716
0.47578379225467443,1.0743431187650512,2.3654619913670842
0.4757202040417384,1.0743376790130472,2.3857484126245847
0.4757650978191562,1.0743759305298202,2.3836025182205436
0.47573300955056314,1.074346978987164,2.3851235034906932
0.4756893363840619,1.0743051537967794,2.3864376160300744
0.4756322109711435,1.0742481041275374,2.3871462047931127
0.47550771259238334,1.0741083474821986,2.3835072002462283
0.47539422271450155,1.0739810095118838,2.3803907213220836
0.4753601218057972,1.073950050877701,2.382226224794745
0.4751732769613992,1.073764248467761,2.3898896739020197
0.4749402823759743,1.0735386459315486,2.4003397178933645
0.4751485759290156,1.0737405906466415,2.3902085128022876
0.4748940928533432,1.0734947359107274,2.4016825232742485
0.4750909302540522,1.0736856926856662,2.3918825256154537
0.4748948161240659,1.073495248250886,2.400400803227617
0.47503551841657826,1.0736327984013516,2.3934807789687853
0.47488885516859475,1.0734774699580718,2.393598058419812
0.4746728770269583,1.0732081999374774,2.3817339484851776
0.4749351290435838,1.0735064357883994,2.39158613194133
0.47473702183631966,1.0732723983443364,2.385719612613391
0.4747472130148411,1.073262456752871,2.3783302794763426
0.4746683910681215,1.0731937678320342,2.3814033321299846
0.474742742707578,1.0733444658389042,2.3950946958090835
0.47474979292912484,1.0733562458473855,2.3969816918540454
0.4746122804501599,1.0731877476536233,2.3907806003612184
0.47446451240490933,1.0730135472291409,2.384894011297876
0.47450185559448793,1.0730502733732554,2.3849718266766673
0.4745684539518514,1.0730941554753175,2.3767571743057823
0.4746830038945806,1.0731890309052896,2.369241464844014
0.47474109533659387,1.0732275189375804,2.3625257055172306
0.4748022342793405,1.0732635445625802,2.3540563964020906
0.47514758453938916,1.0735986702963478,2.3509799281985324
0.4749232003059817,1.0733860771036463,2.3590487087572884
0.47500442934159726,1.0734806707350733,2.3606384363788244
0.47498528795063216,1.073446045076444,2.355749120702571
0.4751311765042641,1.0736104686530423,2.3597252140095564
0.47501403045976764,1.0734595996914462,2.348545342665119
0.4752598500133813,1.0737393586949702,2.358244850196673
0.4750171347943556,1.0734653733326658,2.3474228406393776
0.4750683718585886,1.0735811165205846,2.371472754035407
0.4748764823058154,1.0733346893740603,2.354221394427135
0.4750805069512371,1.073575455731923,2.3695917140017
0.47483065298864796,1.0732907488495618,2.358544514527429
0.47499056234910453,1.0734801298352739,2.3721495693734997
0.47476563737517313,1.073229632787518,2.3643455456381286
0.4748942696819655,1.0733795051171786,2.3754774186594596
0.47486063054934335,1.0732944991951938,2.3584342104243645
0.4752877675698273,1.073715371596255,2.3558148397589473
0.474911328242863,1.0733502775825094,2.3597984233271307
0.47530022692339097,1.0737278648302944,2.3563723076432974
0.4752909869070431,1.0737251070205882,2.3586018276493426
0.4752525519857216,1.0736882227918843,2.3600585780484984
0.4752058631291219,1.0736429709807858,2.361370874065517
0.4751325022125516,1.0735684505937486,2.3612505752804434
0.4749774344780436,1.0733994634993038,2.356073384217615
0.47490846372060014,1.0733283213062983,2.3558224394332203
0.4748675619686411,1.0732890590930573,2.3573520365631313
0.47482332861737436,1.0732461028070808,2.358724244336287
0.4747782893523132,1.0732023285991188,2.360066800799288
0.47473292980030896,1.0731582225412528,2.361396265850876
