0.5209798494258479,2.1732695428372804,1.6209704632949442
0.521168019058314,2.173298294457687,1.572500648897704
0.5214712892898531,2.1733226539831123,1.5945906198658222
0.5214377829819786,2.173315175805708,1.5901682368188266
0.5214188040061762,2.173313400733586,1.5900033658425496
0.521417412209901,2.173312528847216,1.5896235690828078
0.5214217796887739,2.1733121702068074,1.5893554352959158
0.5214283911902298,2.173312017044809,1.5891340046223474
0.5214358205142867,2.1733119456562204,1.5889334370395667
0.5214434952028106,2.1733119067119038,1.5887436003402085
0.5214502523619495,2.1733118555839273,1.5886293955478994
0.5214529562560933,2.1733117525829977,1.588632289409337
0.521454690604217,2.173311610402708,1.5886649452980555
0.5214560678079408,2.173311455005605,1.5887107281152024
0.5214573165412923,2.173311294678935,1.5887623265590558
0.5214585199706873,2.173311131888087,1.5888165268619994
0.5214597079580183,2.1733109672691313,1.588871927795836
0.5214608910614936,2.1733108009290127,1.5889279222495738
0.521462072939631,2.17331063284536,1.588984248820817
0.521463254825124,2.1733104629775157,1.589040795797526
0.5214644371160235,2.173310291291059,1.58909751598795
0.5214656199316321,2.173310117759538,1.5891543899030622
0.5214668033021181,2.173309942361866,1.5892114099109895
0.5214679872310762,2.173309765079944,1.589268573443501
0.5214691717151442,2.1733095858971616,1.5893258800929335
0.5214703567496483,2.173309404797576,1.5893833303762233
0.5214574161467389,2.1733115759282393,1.5924634041048484
0.5214603332871502,2.1733114622391243,1.5925979519893527
0.5214622226431841,2.1733112376862174,1.5926906544479584
0.521463686038209,2.173310965543434,1.592766850318395
0.5214649702482234,2.173310671845026,1.5928363525131952
0.5214661791694708,2.1733103674789955,1.592903218071185
0.5214673565366378,2.1733100569907093,1.5929691248963054
0.5214685207458485,2.1733097422685406,1.5930347672963863
0.5214696795261816,2.1733094240881297,1.5931004331149141
0.5214708361193342,2.173309102759303,1.593166242347999
0.5214719918807861,2.173308778396943,1.5932322457436698
0.5214731473737987,2.1733084510343113,1.5932984655143632
0.5214743028291271,2.1733081206704346,1.5933649121341966
0.521475458338048,2.1733077872898865,1.5934315912633785
0.5214766139333146,2.173307450871054,1.5934985066005198
0.5214777696231004,2.1733071113895774,1.5935656610566626
0.5214789254052015,2.1733067688197787,1.5936330572382018
0.5214800812729835,2.1733064231352595,1.593700697645644
0.5214812372178674,2.173306074309142,1.5937685847553809
0.5214823932303624,2.1733057223141734,1.5938367210536117
0.5214835493004906,2.1733053671227567,1.593905109050594
0.5214847054179735,2.173305008706969,1.5939737512867334
0.5214858615720576,2.173304647038586,1.5940426503756797
0.5214870177366528,2.173304282090214,1.5941118110663044
0.521488173908213,2.1733039138326267,1.5941812353999962
0.5214893300813837,2.173303542236152,1.5942509251601986
0.5214904862463041,2.173303167270974,1.5943208826890878
0.521491642391786,2.1733027889070407,1.5943911105779718
0.521492798506132,2.17330240711401,1.5944616115490833
0.5214939545773746,2.173302021861214,1.594532388404062
0.5214951105933449,2.1733016331176382,1.5946034440018797
0.5214962665416695,2.1733012408519077,1.5946747812495732
0.5214974224097644,2.1733008450322746,1.5947464030987155
0.5214985781848279,2.1733004456266123,1.5948183125442792
0.5214997338538291,2.1733000426024076,1.594890512624645
0.5215008894035066,2.173299635926754,1.594963006421959
0.5215939918578015,2.1730079295697027,1.4242710686703561
0.5210446571021501,2.172729882769436,1.2204204091428823
0.5205685137300201,2.172317266707305,1.0321987273079056
0.5198151923310056,2.17231032850689,0.8088680416069195
0.5194030206119991,2.1723074019911244,0.6096484502522224
0.5196340508394067,2.171518254185806,0.42577915303000996
0.5195434883020897,2.171567057330268,0.2324112422363173
0.5193788369177127,2.171280531808907,0.041887779858028065
0.5189071325580128,2.1706980707970773,-0.16289680643474558
0.5182949044072531,2.170446905711187,-0.3615129535233993
0.5176712616135887,2.1706872361938356,-0.5474840012471803
0.517551832394042,2.1712505758261456,-0.7412265982423597
0.5185175252138565,2.1723615721939473,-0.7649782507012395
0.5190009802620632,2.1730542561081307,-0.8980003772023301
0.519289427083305,2.1732617337235576,-0.8913978216092754
0.5199463621309109,2.173739261694251,-0.8885405264407349
0.5200927960743474,2.1738806974737637,-0.8955558284308754
0.5203230535250396,2.1740960527472857,-0.905406869408496
0.520615522662809,2.1743601095589855,-0.9177267881226417
0.5207597273599098,2.1744911160046074,-0.9235049388195332
0.5209866805669366,2.174692801403058,-0.9326451863374404
0.5215746327949325,2.1754552938633642,-1.107590509727488
0.5226551091933874,2.1757826136233045,-1.1440183915438038
0.5231759407284816,2.1760219205925857,-1.1403385926656247
0.5228251012827508,2.1758389044345994,-1.1391023986387003
0.5230154107995669,2.175919085184664,-1.1372521765560504
0.5229709796078964,2.1758657202306257,-1.1324822280181812
0.5233085116503436,2.1760408096176187,-1.1431550080826456
0.5229480354224197,2.175906481701285,-1.1465573931140096
0.5228893723279376,2.1758392967939657,-1.1476777581438453
0.5227944730056517,2.1757412224497856,-1.1429120532086665
0.5224046000059309,2.17543454025995,-1.1206050873522557
0.5222369619928469,2.175382086056963,-1.1265370689855096
0.5223806893316959,2.1754677308851895,-1.134371119670303
0.5223413690524688,2.175443915530959,-1.1338160769765089
0.5223032279663804,2.17542097735986,-1.1333480882344893
0.5222671577298544,2.175398461740221,-1.1328777283572686
0.5226386928450446,2.1757230280530466,-1.3098777877296135
0.523034366233005,2.1761049945963844,-1.5192032805841584
0.5227685564713302,2.176470878352772,-1.7092640050544714
0.5238651329190159,2.176400020884191,-1.7253562418899508
0.5242417024890205,2.1763201564474883,-1.7197973901829757
0.5238049047463784,2.1763476233386383,-1.7119865091734487
0.5238410397414875,2.1763299755440872,-1.7122889033953788
0.5238822977466567,2.1763116175533685,-1.7122096012358379
0.523927343203014,2.1762927244230474,-1.7120810447405772
0.5239738113464875,2.176273630869567,-1.711937889893428
0.5240208265824715,2.1762544600698015,-1.7117903191114208
0.5240680611609231,2.176235257876839,-1.711641119260908
0.5241153911104285,2.176216041543892,-1.7114909452256113
0.5241627690233244,2.1761968176377366,-1.7113398917184655
0.5242101765633137,2.176177588689935,-1.7111879334999311
0.5242576065503904,2.1761583556921855,-1.7110350346181675
0.5243050561302802,2.1761391190425674,-1.710881168261912
0.52425306328146,2.176142452038867,-1.7140261879744476
0.5241254665796206,2.1761621610143265,-1.7194251592648864
0.524002402909447,2.176181948745532,-1.7245995285464972
0.5238560089526951,2.1762059961685956,-1.7292476622029016
0.5241912158879607,2.17614052513379,-1.7106097691795068
0.5240883663776811,2.176152785979486,-1.7111497301305265
0.5240302332513015,2.176160399540912,-1.7136591521647975
0.523993804950344,2.1761646230132934,-1.7157867383105654
0.5239658543130892,2.17616811155347,-1.7177342052142939
0.5239412956610771,2.1761713510961163,-1.719587042217885
0.5239180890913596,2.1761745177150393,-1.721389304902203
0.5238954796797048,2.176177665416458,-1.7231611736055394
0.5238732120144101,2.1761808049042903,-1.724911541336698
0.5238512202478948,2.1761839325019063,-1.726643989826759
0.5240828623197119,2.1761314550814768,-1.7215810976807033
0.5245294963420603,2.176028720712995,-1.707562543832088
0.524441871083019,2.1760437694484365,-1.711286761955564
0.5246620255572405,2.1760373156852832,-1.7237108721788161
0.5247917437820209,2.176028863174486,-1.730395021489653
0.5248562419442261,2.176025807127387,-1.7330820280887431
0.5248251723542048,2.176020622780817,-1.7287680396188938
0.5247643986090051,2.1760135386255492,-1.7222201428811945
0.5246293850698244,2.1760435516978958,-1.7197055576894247
0.5241713705576435,2.1760666937395783,-1.7048953487987997
0.5242458588073261,2.1760562564608463,-1.7037688041419246
0.5243736415262932,2.1760426334314085,-1.7068802019187845
0.5243149378309349,2.176050427415287,-1.7063627216565813
0.524278742004565,2.1760554445392954,-1.7063855587985006
0.5242505528010528,2.1760597071175134,-1.7065896559566684
0.524225897672688,2.1760636300694425,-1.7068754592405335
0.5242028778479374,2.176067391573812,-1.7071986367052487
0.5241806777146268,2.1760710689289913,-1.7075391801437838
0.524158944611469,2.1760746957875474,-1.707887967074922
0.5241375256123172,2.176078286743458,-1.708240797338399
0.5241163545939916,2.1760818480056807,-1.7085957150170312
0.5240954034002134,2.1760853820686767,-1.7089517947988633
0.5240746605807511,2.1760888897705404,-1.7093085877298149
0.5240541220760223,2.1760923712061286,-1.7096658663287476
0.5240337871091046,2.176095826134983,-1.7100235066131129
0.5240136563620089,2.1760992541648747,-1.7103814331658784
0.5239937311603307,2.1761026548350175,-1.7107395934154015
0.5239740131059917,2.17610602765413,-1.7110979455337065
0.523954503910442,2.1761093721180207,-1.7114564527191456
0.5239352053181714,2.176112687717835,-1.711815080487394
0.5239161190711832,2.176115973944009,-1.7121737953869822
0.5239100502114576,2.176114157809137,-1.7117040714567124
0.523911376228304,2.176111253336797,-1.7111892154418349
0.5239141851379894,2.176108877925675,-1.7108770918905842
0.523917895902147,2.1761065530912176,-1.710648488580809
0.5239219952287686,2.176104222301241,-1.7104624703377136
0.5239263051505129,2.176101883240558,-1.7103022205455707
0.5239307287225677,2.1760995310576865,-1.7101568386628552
0.5239352154352723,2.1760971601766834,-1.7100192278067246
0.5239397408253319,2.1760947651600047,-1.709884737769019
0.5239442946469044,2.176092341051758,-1.70975029166453
0.5239488741297977,2.1760898834547633,-1.7096138233007474
0.5239534802210071,2.1760873884836305,-1.7094739144784552
0.5239581155502917,2.1760848526700975,-1.7093295610651766
0.5239627833747058,2.176082272859031,-1.7091800220556912
0.5239674870667206,2.176079646112578,-1.709024722130794
0.5239722298952243,2.176076969628875,-1.708863188710631
0.5239770149575246,2.1760742406762072,-1.708695011245729
0.5239818576306485,2.1760714585990772,-1.7085203074772748
0.5239868340682597,2.1760686269416585,-1.7083410489346775
0.5239919496450813,2.176065735892516,-1.7081558473892227
0.5239971879948604,2.176062781084084,-1.7079636472764321
0.5240025335943117,2.176059760943882,-1.707763862442115
0.5240079748582964,2.1760566743977243,-1.7075560822815539
0.5240135043957102,2.176053520120993,-1.707339959100286
0.524019116372865,2.176050296190268,-1.7071150009925316
0.5240248070417887,2.1760470005337202,-1.7068808090629095
0.5240305771613633,2.1760436308151756,-1.7066371358252441
0.5240364285187992,2.1760401842952866,-1.7063836818452056
0.5240419250585041,2.176036666386491,-1.7060964980414832
0.5240473687487485,2.1760330425264356,-1.7057857030392614
0.5240529051659031,2.176029310069628,-1.705460114495455
0.5240585365264936,2.1760254646800017,-1.705119311443839
0.5240642656124171,2.176021501390406,-1.7047627479007488
0.5240700956847437,2.176017414768534,-1.7043898020861983
0.524076030406686,2.176013198995208,-1.703999801152684
0.5240820737715609,2.176008847900151,-1.703592033172655
0.5240882300454633,2.1760043549769668,-1.703165753352246
0.524094503724175,2.1759997133875757,-1.7027201875920381
0.5241008995010203,2.1759949159612333,-1.7022545348463871
0.5241074222422096,2.1759899551908854,-1.7017679689958145
