-0.10111490924630198,1.11842528773611,1.6093002310184514
-0.1010084198266183,1.118421558692965,1.599525400339045
-0.10040756599742592,1.1183851536933733,1.5798732347837383
-0.09997081375514517,1.118366401519884,1.569447959023738
-0.0995282228126801,1.1183402028418676,1.5571403874450624
-0.09942247541701413,1.1183407068615256,1.5538509444187536
-0.09939682087037299,1.1183403903638223,1.5535070286423807
-0.09937246553749896,1.1183392732135946,1.553280916505934
-0.09935205004339306,1.1183388297967516,1.5553592639673617
-0.09932665167440195,1.1183373360230158,1.5547501522823735
-0.09930195900053938,1.1183364932598383,1.554418995294847
-0.09927860748766454,1.1183360560436924,1.554294996073538
-0.09926583299954243,1.1183362936219954,1.5544875826139102
-0.09930578780839439,1.1183466986857742,1.5549693451223399
-0.09934412634953105,1.1183494538630336,1.5558434273647619
-0.09937558916852267,1.1183507851832641,1.556511111815349
-0.09940438035903437,1.1183519041060868,1.5570241483883895
-0.09941435434508461,1.1183491065002504,1.5558293267191436
-0.09942817507506818,1.1183511507922455,1.5566426974039058
-0.09944541192517437,1.1183524827963638,1.5572256560722184
-0.09944683218812832,1.1183497170079026,1.5560549348782051
-0.09945440698749773,1.118351733412213,1.5568659830228924
-0.09945074019151674,1.1183492913379443,1.5558450405797968
-0.09945560084659431,1.1183514810348818,1.5567413218435906
-0.09947307617121237,1.118352971727561,1.5573832807935872
-0.09947723770353166,1.118350254498576,1.5562171468748822
-0.09937043779659888,1.1183368089063046,1.5489260066956443
-0.09933690150683233,1.1183380608120572,1.548900287962008
-0.09932212072037609,1.1183387671526475,1.5488971234950275
-0.09931587553484929,1.118339262341437,1.5489088157901298
-0.09931310386830021,1.1183396721419083,1.548928646921853
-0.09931174694715013,1.1183400467622204,1.5489522533724172
-0.09931096603056755,1.118340406394812,1.548977508575554
-0.09931041944154433,1.118340759200667,1.549003451419478
-0.09930996798380078,1.1183411084882091,1.5490296615112027
-0.0993095549440166,1.1183414556024778,1.549055958187134
-0.09930915721273362,1.1183418010926482,1.5490822647268003
-0.09930876537259528,1.118342145184891,1.5491085488933385
-0.09930837558589331,1.118342487974155,1.5491347973195533
-0.09930798628894942,1.1183428295020326,1.5491610045905557
-0.09930759684498208,1.118343169788395,1.5491871686248375
-0.09930720699504658,1.1183435088442555,1.5492132887317547
-0.09930681663422408,1.1183438466770046,1.5492393647982596
-0.09930642572039393,1.1183441832925392,1.5492653969499204
-0.09930603423703477,1.118344518696129,1.5492913854097288
-0.0993056421780567,1.1183448528927713,1.5493173304399528
-0.09930524954161697,1.1183451858873363,1.549343232317701
-0.0993048563276109,1.1183455176846235,1.5493690913253026
-0.09930446253662555,1.118345848289388,1.5493949077457265
-0.09930406816953095,1.1183461777063488,1.5494206818614278
-0.09930367322731176,1.1183465059401947,1.5494464139532829
-0.09930327771099025,1.1183468329955848,1.5494721043005049
-0.09930288162159975,1.1183471588771496,1.5494977531805498
-0.09930248496017847,1.118347483589493,1.5495233608690135
-0.09930208772775763,1.1183478071371908,1.549548927639617
-0.09930168992536514,1.118348129524792,1.5495744537643699
-0.09930129155401804,1.118348450756818,1.5495999395133022
-0.09930089261473168,1.1183487708377633,1.549625385154805
-0.09930049313979479,1.118349089775858,1.549650796259233
-0.09930009314448364,1.1183494075746274,1.54967617408504
-0.09929969260411191,1.1183497242354583,1.549701514541761
-0.09929929150862493,1.1183500397620194,1.5497268165836338
-0.09929888985395698,1.118350354158451,1.5497520799989923
-0.09929848763883582,1.1183506674290333,1.5497773048759595
-0.09915992548689735,1.1179938586065183,1.3651702237304284
-0.09962370762804883,1.117855038121355,1.1507275139067779
-0.10005442035614735,1.1177539339088138,0.9334932315715052
-0.10013289942710032,1.1178588510008363,0.9144027356700224
-0.09964884049880542,1.1175630624616202,0.9199849821639186
-0.09975442883532436,1.1172158905591565,0.7106842576955643
-0.09983153909708584,1.1171960996444534,0.694016740384439
-0.10081326436772162,1.117816189087597,0.4809869247753521
-0.10122414561433844,1.118517512962498,0.26694070087994126
-0.10184018288357857,1.1184188034936033,0.07746754608730122
-0.10185664356517864,1.1191028716172033,0.07234815858240658
-0.10184230661506163,1.1190622090670246,0.07436264560265039
-0.10213613732229938,1.1191394294746109,-0.116144749096813
-0.10217331201341076,1.119252091135956,-0.13759659889370604
-0.10224749227022793,1.1188557025653858,-0.14693238494229227
-0.10228492180805623,1.1183119105950468,-0.15463213677297874
-0.10226721417598068,1.1183988437242975,-0.15200104652892896
-0.1022484111932176,1.118485318907366,-0.1495995074044288
-0.10223140808854143,1.1185672762344325,-0.14755472204110537
-0.10224087467001917,1.118554889477508,-0.14860002840570216
-0.10253247159009697,1.1187917985211928,-0.3240473032292356
-0.10227614108094273,1.1199000868919267,-0.3272861674488034
-0.10237801786243067,1.119531552143634,-0.3097993634481669
-0.10239141287425575,1.1196890766005085,-0.3199059283155936
-0.10235647768042219,1.11999619845901,-0.33515452913112986
-0.10245032657196565,1.119637526762635,-0.31946718515821126
-0.10248402295969981,1.11959103606794,-0.32635749827283833
-0.10248109570089513,1.119546306221497,-0.3344490225147532
-0.10242552989833664,1.1196033607384586,-0.33271956588017565
-0.10235593937195597,1.1196996634477416,-0.3272083275829905
-0.10263668939757643,1.11983766438838,-0.5079326860954344
-0.10315276570811731,1.1198554946152504,-0.7319914548241035
-0.1030980917700621,1.1198083143750992,-0.7184943016749111
-0.102746033428083,1.1206399527406996,-0.9168435588910843
-0.10266315896401933,1.1205717105979296,-0.8968256536029479
-0.10256152956222625,1.120630295834523,-0.8849803957718143
-0.1023410191581594,1.1207891669178656,-0.8724878851695154
-0.10229903549773145,1.1208314556544512,-0.8706207853175442
-0.10209223132542189,1.1209925611040874,-0.862195528531047
-0.1019326955135596,1.1211240081975462,-0.8558451394754784
-0.10180027170426192,1.121232721492641,-0.8515793848117688
-0.1014688674037483,1.1214968754647026,-0.8379850470365799
-0.10145542153600008,1.121518129255082,-0.8390064641085759
-0.10115249068367153,1.1217660408589216,-0.8268431871114603
-0.10146236132153479,1.121494021842825,-0.8301822448890208
-0.10133106650958962,1.1215746545335359,-0.814198269968798
-0.10144214314662856,1.121534568727893,-0.8337316874945652
-0.10137646451223681,1.1215814122211463,-0.8302036551392188
-0.10137219015776672,1.121586073505971,-0.8303971580863835
-0.10135293894324833,1.1216028830072935,-0.8300281666699825
-0.10132964339497721,1.1216229653009897,-0.829506493261624
-0.10130523121732199,1.1216439682639854,-0.8289430882727928
-0.10128050752057165,1.1216652441266288,-0.8283681119017687
-0.10125569378595839,1.1216866142548882,-0.82778973131144
-0.10093528778559781,1.1224140663174687,-1.0247999165663904
-0.10115485969283598,1.1223792752105965,-1.2191849686491494
-0.10184849715133626,1.122352797307613,-1.2241838061811054
-0.10263256609714443,1.1221579419440921,-1.2117902856376652
-0.10295944057288682,1.122035949904704,-1.199098653335932
-0.10257526116865699,1.1222201039065294,-1.2099087186108426
-0.10281685967614938,1.1221318345077607,-1.1997666685849364
-0.10241373593351862,1.1223184834826168,-1.2104797124192608
-0.10266525522879764,1.1222314065059678,-1.2005293140357187
-0.10244986030556538,1.1223360771336115,-1.204926555300877
-0.10251229704327948,1.1223317056741542,-1.2012928925081896
-0.1024692988861131,1.1223602599756237,-1.19994710526195
-0.10260111572453613,1.1221272465497576,-1.388783664739296
-0.10346989907092886,1.1220665725394126,-1.3930889175566374
-0.1039924790471461,1.1219490872585187,-1.3834158817067888
-0.1035965534748601,1.1222874043526099,-1.5561588626924754
-0.10368822444231254,1.122255651473303,-1.5291448266953525
-0.10340225400977567,1.12225069388091,-1.5222928951562558
-0.10344792637137878,1.1222500069806338,-1.523420212495899
-0.10347734131471072,1.1222506997474826,-1.523992236875799
-0.1034875595128115,1.1222525499694822,-1.524076753174182
-0.10349131083575414,1.1222548253121136,-1.5239495188257366
-0.10349261888620374,1.1222572674429179,-1.5237254022473148
-0.1034930089251467,1.1222597884765482,-1.5234557676073446
-0.10349304508555436,1.1222623606746738,-1.523163231955086
-0.10349293064703761,1.1222649766126025,-1.5228576285640518
-0.10349273614819113,1.122267635322653,-1.5225431568088668
-0.10349248434346411,1.1222703376956076,-1.5222215454179642
-0.10349218122559699,1.1222730850620297,-1.521893441985756
-0.10349182709087937,1.1222758788111318,-1.5215590202370886
-0.10349142036340299,1.1222787203209383,-1.521218244272557
-0.10349095885586336,1.1222816109673448,-1.5208709830426381
-0.10349044015281358,1.1222845521447637,-1.5205170596565003
-0.10348986170803011,1.1222875452827181,-1.5201562724194033
-0.10348922085597285,1.1222905918570791,-1.519788403631211
-0.10348851480114869,1.1222936933975842,-1.519413223091878
-0.1034877406037514,1.122296851493255,-1.5190304893140638
-0.10348689516577873,1.1223000677967676,-1.518639949734474
-0.10348597521793615,1.1223033440283894,-1.518241340479167
-0.10348497730678757,1.1223066819798122,-1.517834385919165
-0.1034838977816618,1.1223100835180553,-1.5174187981171277
-0.10348273278094887,1.122313550589533,-1.5169942762066455
-0.10348147821755571,1.1223170852243414,-1.5165605057209448
-0.10348012976334027,1.1223206895407978,-1.5161171578769492
-0.1034786828323959,1.1223243657502628,-1.515663888815781
-0.1034771325630685,1.1223281161622674,-1.5152003387991524
-0.10347547379859226,1.1223319431899708,-1.5147261313600637
-0.1034737010662146,1.1223358493559716,-1.5142408724055465
-0.10347180855469064,1.1223398372985018,-1.5137441492694852
-0.10346979009002623,1.1223439097780248,-1.5132355297132825
-0.10346763910929667,1.1223480696842776,-1.5127145608719457
-0.1034653483673401,1.1223523200524814,-1.512180764490459
-0.10346247066538898,1.1223566847755926,-1.5116293938679275
-0.10345913370461382,1.1223611570281466,-1.5110616154886543
-0.10345554366709567,1.1223657197663377,-1.5104789448501807
-0.10345176281569034,1.1223703684815132,-1.5098816581402164
-0.10305656385043084,1.1223869996613738,-1.5004167607490526
-0.10300116932121836,1.122377588747776,-1.5000185163125965
-0.10303739091521338,1.1223669770637625,-1.5014626472902561
-0.10307989618184939,1.1223572568760993,-1.5025183296768607
-0.10312585327625858,1.12234729101463,-1.5035373744954061
-0.10317312596506739,1.1223373912363372,-1.5045611399975265
-0.10322087343223543,1.1223276783732359,-1.5056026916992336
-0.10328039824186294,1.122315751588871,-1.5058397725222215
-0.10327904896955896,1.1223036328947942,-1.5030159750282812
-0.10324017154316759,1.1222950235812479,-1.5003475423287262
-0.10318742830149753,1.1222876600945588,-1.4976931036967807
-0.10312758473978857,1.1222807266077184,-1.4949614555753061
-0.103036417613871,1.1222755062297227,-1.4915682650830122
-0.10316272751391989,1.1223239300012229,-1.5009129262836074
-0.10338438080796432,1.1223053335427178,-1.5029790432547498
-0.10348837952255184,1.1222999178510762,-1.5044700193267466
-0.10356466169373117,1.1222977864774242,-1.5059124838592501
-0.10362604189480094,1.1222972224053593,-1.5072998398321524
-0.10367909455882529,1.1222974163187922,-1.5086229879306736
-0.10372687761227167,1.1222979965529722,-1.5098733381302758
-0.1037665228236282,1.1222994737780796,-1.5110085039616803
-0.10373838323479656,1.1223075963536093,-1.5113927110180674
-0.10372435501030919,1.122313668939716,-1.511252635155293
-0.1037163499048523,1.1223188574273113,-1.5108629356882037
-0.10371081611511593,1.1223237129268155,-1.5103574945482408
-0.10370623679924303,1.122328473908688,-1.5097940949713198
-0.10370196686476225,1.122333243464973,-1.509197342076881
