-1.002102686231153,1.7020898288957214,1.622471192626297
-1.0021006601925315,1.7022555377512012,1.570024680629269
-1.0022765652190033,1.7022779690773278,1.5690324369562652
-1.002398402684381,1.7022802653488778,1.5643949527820544
-1.0026569787398698,1.7022729363934819,1.5570571251841798
-1.0028298501060517,1.7022617689603752,1.5518018711084947
-1.0028411208871086,1.7022683875052311,1.5546795082608535
-1.0029872440494405,1.7022674761862648,1.5535460297752213
-1.0030692039890807,1.702268149815291,1.5534580158382714
-1.0031177236812057,1.7022693299701421,1.5538363171887937
-1.0031499012743532,1.7022705622128855,1.5543453491538672
-1.003173411880138,1.7022716813248195,1.5548596467844875
-1.003191821035439,1.7022726493181477,1.5553336795595951
-1.003206859696703,1.702273472389446,1.5557550064141277
-1.0032194435317485,1.7022741691339165,1.556123947606597
-1.0032301147053477,1.7022747593648426,1.5564451934735588
-1.003239232919505,1.7022752607019267,1.5567244854573155
-1.003247059792348,1.702275687911102,1.5569673843015683
-1.0032146507827278,1.7022720704703131,1.553329760820871
-1.003270405570735,1.7022759557559848,1.5550367830748695
-1.0032802417916538,1.7022761231714698,1.5553678174858596
-1.003286372218948,1.7022763597415307,1.555649345085145
-1.003292475963129,1.7022766544434187,1.5558766791818341
-1.0032980655175574,1.7022769445710413,1.5560674575758764
-1.0033030168684318,1.7022772089196434,1.556230826948074
-1.003307341000247,1.7022774424594787,1.5563722119890102
-1.0031212247622057,1.702262823654778,1.547944627298824
-1.002994783922315,1.7022544617880686,1.5435805775235067
-1.0029765506985644,1.7022551394808936,1.5430192526782907
-1.0029692202691547,1.7022558360817475,1.5428288279938052
-1.0029663641648712,1.7022565396940479,1.542777279562462
-1.0029652785724779,1.702257244312457,1.5427794833671966
-1.0029648904697743,1.7022579474634778,1.542802369451101
-1.0029647768621335,1.7022586482772837,1.542833112103575
-1.0029647714086491,1.7022593464837246,1.5428667558753337
-1.0029648087761205,1.7022600420152958,1.5429013875393587
-1.0029648632821855,1.702260734871236,1.5429362726608657
-1.002964924851575,1.702261425068235,1.5429711282968233
-1.0029649896343595,1.7022621126305018,1.543005849563747
-1.002965056154878,1.7022627975766105,1.543040397899174
-1.0029651236802295,1.7022634799258205,1.5430747550399984
-1.0029651919223974,1.7022641596996624,1.5431089154515139
-1.002965260763694,1.702264836919344,1.54314287822022
-1.0029653301169483,1.7022655116043337,1.543176642972197
-1.0029653998388333,1.7022661837751485,1.543210207513949
-1.0029654700069668,1.7022668534557364,1.5432435767934645
-1.0029655406515106,1.7022675206661806,1.543276753831965
-1.002965611861279,1.7022681854296529,1.5433097450309416
-1.0029656836941856,1.702268847763349,1.5433425550744766
-1.0029657560554122,1.702269507683455,1.5433751812744043
-1.0029658289059327,1.7022701652087422,1.5434076240166097
-1.0029659022260546,1.7022708203579946,1.543439884539596
-1.002965976003839,1.702271473149859,1.543471964394879
-1.0029660502304953,1.7022721236027916,1.5435038652404773
-1.0029661248984942,1.7022727717350399,1.5435355887596511
-1.0029662000493687,1.7022734175664846,1.5435671382646405
-1.0029662758386138,1.7022740611150278,1.543598520413181
-1.0029663521361813,1.702274702393668,1.5436297326296793
-1.002966428880584,1.702275341419893,1.5436607749686262
-1.002966506043861,1.702275978210968,1.5436916484320142
-1.0029665836113886,1.7022766127839473,1.5437223543707803
-1.0029666615738033,1.7022772451556851,1.543752894257836
-1.0029667399238908,1.7022778753428385,1.5437832696016192
-1.0029668187188876,1.7022785033646637,1.5438134851181526
-1.0029418414246727,1.701924659692638,1.3437657009788235
-1.0033318007135503,1.7015755942811697,1.139383176699303
-1.0040475978828038,1.7017902754504637,1.087744062682774
-1.004704288085655,1.701791796310553,0.8822978184471529
-1.0048713022582565,1.7014761091167148,0.6890139633138557
-1.0052444097805973,1.7012999736711008,0.48619666323883587
-1.0053930664710982,1.7017560687756368,0.4649285942256122
-1.0055752763449415,1.7012588919032177,0.2761904133700415
-1.0055025330894587,1.70093346536161,0.287667253218991
-1.0055117571030625,1.7012503289823635,0.29528303404525896
-1.0055866738586252,1.7017989840735506,0.3112623367148526
-1.005415845094923,1.7013340640399262,0.30497472641528267
-1.0053374599233547,1.7012067519953633,0.30479795370611246
-1.0059057451584539,1.701560222890224,0.1079976091155194
-1.005908495500612,1.7018295207424172,0.12176468849636292
-1.0059128539019166,1.7022501058007034,0.14584369372403203
-1.0059977026821503,1.702965393548258,0.15334887789430887
-1.0060668501694896,1.7030141113222064,0.14592857948216775
-1.0059579187887524,1.7023345978605084,0.15363085314441904
-1.0060400463370966,1.7030688866222268,0.1516581351885789
-1.0059861790330424,1.7028254314040963,0.14524356093864
-1.0059748848923158,1.702734793417968,0.1384241555358082
-1.0059356987466452,1.7026038074329837,0.14160584629495998
-1.0059875567421266,1.7028227537276743,0.13272896121064365
-1.0059478242190936,1.7025037665427807,0.1358064344717397
-1.0059573579544068,1.7024754277690912,0.13217960593398861
-1.0063519768501403,1.7026445330223994,-0.051906218729673693
-1.0065910356849894,1.7025001927411467,-0.24930671407201668
-1.0067959874020729,1.7016599864707997,-0.2453365475445994
-1.0067918206199198,1.7016049150489014,-0.25345110249120306
-1.0066798562813448,1.7019278204828991,-0.23776464288347368
-1.0066728755189887,1.701860837048146,-0.23674045778608954
-1.006637255245252,1.7019697585953655,-0.23009993558854913
-1.006608401521886,1.7020842046775748,-0.22890935528154857
-1.0071283804503761,1.7022773851490942,-0.4068862837838713
-1.0071880659523116,1.7019637230446831,-0.38838889991911235
-1.0071955192495716,1.7023713587037255,-0.5758308289656486
-1.0074074635959085,1.702159097523775,-0.6074032483979989
-1.0075725946726353,1.7019938109713781,-0.6139097404971455
-1.0077842511471273,1.7017335692765647,-0.6222970757866942
-1.0079330676490528,1.7015596014719794,-0.6280811432938909
-1.0079829779173162,1.7015007184427815,-0.6289349389189856
-1.0081246889190747,1.7013366769346823,-0.635237093959702
-1.0082271237816411,1.701226976110908,-0.6396712949807517
-1.0082898193983858,1.7011535475927921,-0.6417712949664105
-1.00839860317274,1.701029068001984,-0.6465031712659259
-1.0084885289052417,1.7009254096395428,-0.6501541245883493
-1.0084866504853256,1.7009243796675628,-0.648980139684832
-1.0084829159232906,1.700925780304721,-0.6477055690049133
-1.0084784193001757,1.7009281448612394,-0.6463880220311684
-1.0084736454341943,1.700930848236969,-0.6450550721603416
-1.0078528170738654,1.701951495400418,-0.7945140636738312
-1.0084558825824868,1.7020530598738517,-1.009085275105389
-1.0085561293285015,1.7020282679865169,-1.0100147052570823
-1.0088231204167553,1.7018765557260875,-1.0015096758379896
-1.0089083438652904,1.7021930434601418,-1.2221586668414457
-1.0087635704130877,1.7022300895314846,-1.2210490293606642
-1.008654014290284,1.7022516687276674,-1.2129641090525758
-1.0087492741603779,1.7022339989056603,-1.2138236204053596
-1.0089403528740433,1.7022137688006056,-1.2184886875147292
-1.0093451009756733,1.7021479892625984,-1.229669003235946
-1.0093736428648346,1.7021300448240244,-1.2323380861647737
-1.0092675468848988,1.7021595801831715,-1.229063335396138
-1.0092690653369603,1.7021617684949133,-1.2300922142416029
-1.0092776653671718,1.7021584573403712,-1.229933911181565
-1.0088249768313222,1.7022902356770298,-1.2277228469701866
-1.008710393176281,1.7023560842540983,-1.2487337855645566
-1.00903807979799,1.7022713306957775,-1.2479905465177512
-1.009105416314797,1.7022760755328197,-1.2494185335165942
-1.00903966538142,1.7023386384830956,-1.2527148533416808
-1.0089236764362721,1.7024105611101463,-1.258395444514655
-1.008450574038438,1.7025756911636947,-1.2744639900835297
-1.008533281151524,1.702564742063337,-1.2721002268379182
-1.0085313742495687,1.7025974190646767,-1.2719413995939532
-1.0084499264116489,1.7026618078490126,-1.2762036143300117
-1.008241039592072,1.7027151715087674,-1.2829266525424816
-1.008256121331152,1.7027067484464327,-1.2801144375658495
-1.0082659775862177,1.7027009447499264,-1.2776415081248544
-1.0082726278598548,1.7026966049216683,-1.2753652670971676
-1.008277736711958,1.7026930061020404,-1.2731903234672897
-1.0082819764104856,1.7026898569145252,-1.2710791328110802
-1.0082856226659238,1.7026870380900825,-1.2690164520414156
-1.0082887931844389,1.7026844988530216,-1.2669956394274928
-1.0082915424149208,1.7026822157678003,-1.2650133911203556
-1.00816764186205,1.7027300924029893,-1.268434032645399
-1.0079541059490715,1.7028253627638823,-1.277069197073871
-1.0079645655940945,1.7028522226057539,-1.2764666674057559
-1.0078880340097223,1.7029138786627664,-1.2805895858041918
-1.0076692240458576,1.7029735656864733,-1.2881176026919543
-1.007682365393998,1.7029655036325682,-1.285372556632292
-1.0076934912242634,1.7029590435285085,-1.2828007670802932
-1.0077012779206451,1.7029540692435907,-1.2804240659038086
-1.0077074549107516,1.702949851163399,-1.2781500604675113
-1.007712716550412,1.7029460965850693,-1.2759423898082205
-1.007550357740713,1.7029298067966798,-1.278982271217689
-1.0074692611806673,1.7029151576156152,-1.2875884627271044
-1.0073819116451461,1.7029062103390358,-1.297320553425196
-1.0075825718627527,1.7028389025814208,-1.2964433475876302
-1.0077078840934734,1.702797133196629,-1.2943079853033856
-1.0077689090656683,1.7027749342515857,-1.2930512367152436
-1.0078201621893341,1.7027577329620776,-1.2927610013217865
-1.0078668786268503,1.7027427423820127,-1.2928656021286553
-1.007911607040485,1.7027287116796863,-1.2931312789552594
-1.0079555504178532,1.7027150766440395,-1.2934639792054754
-1.0079241684755018,1.702713072903794,-1.2910821236521535
-1.0079155672591897,1.7027071185583538,-1.289428962387721
-1.0079186431907408,1.7026982512018958,-1.2880619957342947
-1.007922979615375,1.7026888649674272,-1.2866715607907913
-1.0079266316884716,1.702679584230301,-1.2852368384030015
-1.0079287670873125,1.7026707003583417,-1.2837528252860464
-1.0079289324199403,1.7026623724435703,-1.282215571395997
-1.0079268447575302,1.7026546988106164,-1.2806211511936005
-1.0079222976924738,1.702647750517646,-1.2789654647759263
-1.007694957065162,1.7027678905992814,-1.296636183794213
-1.007894324162504,1.702706075083523,-1.292714401107707
-1.0079047949784048,1.7027180451097337,-1.2998439352772382
-1.0079052103492336,1.7027209186057461,-1.2979105394910067
-1.007900279553333,1.7027236997942634,-1.295145181126989
-1.0078940882385707,1.7027263269428152,-1.292069774606218
-1.0078874919460445,1.7027288972650647,-1.2888807396833417
-1.007880732008962,1.7027314785395604,-1.2856545473096666
-1.0078738686170043,1.7027341089553283,-1.2824212520646459
-1.0078670552810536,1.702733747429814,-1.2787928275760057
-1.0080958711928238,1.7026713065405894,-1.2776858332527616
-1.008110791552642,1.7026593007345252,-1.2716841648244264
-1.008074841034533,1.7026730018663185,-1.2717051268812802
-1.0080569992154282,1.7026808628775643,-1.2707184042822615
-1.0080790017593422,1.7026734105655266,-1.2680272460649074
-1.0080040942724964,1.7026847849212101,-1.2643634528842704
-1.0079083525532606,1.7027251639007377,-1.2688202624126594
-1.0078238985324721,1.7027582742857532,-1.2734358091505227
-1.007744195644935,1.7027891478265285,-1.2778835334268592
-1.0076941888894746,1.7028022674221923,-1.2788074519424877
-1.0076550707512935,1.7028058840860187,-1.2773370993864976
-1.0076354671837635,1.7028022639584925,-1.276218786644959
-1.0076294803814296,1.7027946601613984,-1.275309893472918
-1.0076282996635684,1.7027850420962753,-1.2744406435140407
