1.3551367314106304,0.37401371515219356,1.5795138772009396
1.35512156937141,0.37401917462471995,1.5837529244079913
1.3546883978241924,0.37399774820670445,1.5705049170573169
1.35416584532015,0.37400818193007795,1.568487298737458
1.3543900211441708,0.374006773818569,1.5680425476287285
1.3542127335764749,0.3740308759848249,1.575035440058221
1.354088918932674,0.3740412576243616,1.578773301996014
1.3540688145425794,0.37404293790958876,1.5790609849093127
1.3540594417664151,0.37404444184852415,1.5794454551882204
1.3540539680785242,0.37404518804619336,1.5796721716653357
1.3540502209268255,0.3740455790073887,1.5798093316881823
1.3540472531216305,0.37404580962693224,1.5798985210911156
1.3540446346605988,0.374045966604519,1.5799628846023306
1.3540421695983336,0.37404608859951805,1.5800147757929182
1.3540397686035324,0.3740461934562944,1.5800606049437724
1.3540373909650687,0.3740462897266836,1.5801036306762155
1.3540350180861278,0.3740463816029608,1.580145484887548
1.3540326414111417,0.37404647115917855,1.5801869764515928
1.3540302569481066,0.37404655942537224,1.5802285039866455
1.354027862785225,0.3740466469161972,1.5802702638834658
1.3540254579624489,0.374046733892835,1.5803123537013495
1.354023041956544,0.3740468204924399,1.5803548230288715
1.3540206144449647,0.37404690679177904,1.5803976983069548
1.3540181751970377,0.37404699283834497,1.5804409948717937
1.354015724023564,0.3740470786654935,1.5804847227706893
1.3540132607533912,0.3740471642997791,1.5805288895605407
1.3542622561673292,0.37403168914909196,1.5764334369319069
1.3544146381546958,0.3740306811795782,1.5721848292392975
1.3544603593682387,0.3740316609137949,1.5704770529335885
1.3544783637801585,0.3740321147293161,1.5696122664688876
1.3542636301801585,0.37405237844057926,1.5751254101210992
1.3544133771174942,0.37381421416445565,1.4099107674476037
1.3550163028053506,0.3737176582634623,1.39411696633969
1.35520459659111,0.37372139082515476,1.3954043675413843
1.3557964124116302,0.373689318341766,1.4135802041519927
1.3558177661666593,0.3736914206958605,1.4134892517230562
1.355776447339504,0.3737050889845238,1.4130893842084193
1.3557154180689313,0.3737220951727609,1.412312560590396
1.3554175688517545,0.37365067537960384,1.2442153387016643
1.3553892470867737,0.3732473182052112,1.0310942088289936
1.3545738249674126,0.373340576719434,0.8270030651315045
1.354170793055993,0.3733549297833273,0.6440186873820279
1.35353384060903,0.3738512092466319,0.4508274010181273
1.3538119556906325,0.37326164212589086,0.4570072137063991
1.3528758665252696,0.37379394736691307,0.24711320805578604
1.3528991284316476,0.37349958241236053,0.2204637523321998
1.3527072504414572,0.37432611113209335,0.21762331571000587
1.3526766376845702,0.37435089640178165,0.21129864513300972
1.3526830927866191,0.37429604508409897,0.21407783302578748
1.352692676327409,0.37423470523775115,0.21565902137932538
1.352400710896604,0.37405432943212985,0.041395616127658574
1.351945456187815,0.3738474433910892,-0.15628491898070934
1.3515442478039519,0.3738200886565846,-0.38333664674049084
1.351533217822632,0.3748968433077214,-0.5596706468870907
1.351624188143462,0.37529779927992796,-0.5601038079695921
1.3518359273733094,0.37585661330323833,-0.5626544462679671
1.3518013194389438,0.3762027925507045,-0.7178248683557861
1.3521102711138397,0.3769369241394245,-0.9080508703389337
1.3520707136291281,0.37746724722996045,-1.1332464633028285
1.3521236582414269,0.37789459620553595,-1.3236092703285955
1.3520213968380468,0.37798996666619594,-1.3461591694218036
1.3524284943116671,0.37830969816224375,-1.5374033584091271
1.3534460162929793,0.3782914830466817,-1.5375965300499335
1.353361134939583,0.3782875402454097,-1.5425654324219846
1.353312308960514,0.37828610446967637,-1.5448695043465992
1.3530570853542725,0.37840174402979665,-1.726271122790839
1.3533576305493442,0.37836577204283584,-1.7403762726933865
1.3535559227793512,0.3785318381150368,-1.9013501525455183
1.3547673272983474,0.3782160816271959,-1.9091026758251681
1.3547029217794646,0.3782348982239202,-1.9130555209019335
1.3545809663848631,0.3787170971049049,-2.0925029268316413
1.3545123421347058,0.3791980410279813,-2.279585147169381
1.3546353326228355,0.3789550280852334,-2.2540670971296843
1.3553691486122434,0.3787383877238676,-2.431793492578702
1.3552130689731325,0.3789354609455536,-2.428423243071278
1.35590717325151,0.3785099171109119,-2.613873621571032
1.356425216931472,0.3782093682505081,-2.820576149992602
1.356484134218023,0.37851358559986764,-2.846926568175046
1.3566351523008853,0.3780413666578006,-2.85938151260835
1.3568857754973236,0.3778628886463415,-3.0427999904110563
1.3568834376535952,0.3778668494630671,-3.0544506803449276
1.356939258631383,0.377017185206687,-3.048668223937588
1.356975925322521,0.376653890533358,-3.048863218004003
1.3569981233038464,0.37638516021268326,-3.0522467316754374
1.3569508153886989,0.37641564007644823,-3.038048352452857
1.3569257252312739,0.37591987566966767,-3.026913012580168
1.3569136645270488,0.37590250942608405,-3.0220060556125556
1.3569043595858787,0.3758869453352671,-3.0175132494059453
1.3568953926697884,0.3758762325889338,-3.013235239454007
1.3571623349726176,0.37583643341913037,3.0973072496312453
1.3571656501514855,0.37534675101805615,3.081405161073626
1.3575711715940477,0.37530358609289405,2.871723394327755
1.3576931484936787,0.37543358228008034,2.8711428036184405
1.3578939515907937,0.37490666095837927,2.675880085298111
1.3579937595997191,0.37444710681274207,2.4971018890793975
1.3578543669890566,0.3737252192899778,2.2908192502954416
1.3581242254597492,0.3733891578473452,2.090908836492665
1.3582319335390225,0.3733163851596155,2.0834752461067843
1.3585559980334478,0.37349354100218146,2.0827006518318085
1.3586138487139763,0.37352798425333467,2.0778157727633477
1.3584607811149199,0.3734355670376372,2.0750419729759693
1.3584408053971047,0.37340955399241743,2.0700828970032252
1.3584353828653752,0.37340285069900525,2.0717256722000377
1.3584185430417284,0.3733897925207982,2.073615020328937
1.3583973457123606,0.373374274384889,2.0755978375791346
1.3583745009116626,0.3733577859325061,2.0776105147542627
1.3583510468562534,0.37334089961247263,2.079628160128845
1.3586777903390852,0.37316118059673065,1.8786602773339087
1.3587108836321031,0.3731129833859191,1.6941389274789642
1.3590119963840186,0.37279700009286787,1.4944211770941203
1.3591729771509964,0.3726265046457671,1.2875461147036664
1.359229843551992,0.37262691797078923,1.3153461486726061
1.3594902945725866,0.37222279232869465,1.1329246352292535
1.359087476081816,0.37181315341792454,0.9349855585412734
1.35858085895536,0.3716897791000933,0.7220434697806115
1.3585651143929625,0.3717241861773869,0.7332608395556487
1.3581129878505311,0.37184094377983384,0.5259033887872326
1.3579019381077628,0.37197674198961306,0.5046688089078702
1.3583365285107953,0.37104330089106313,0.48928614014649896
1.3581901051238627,0.3708887325524668,0.30203146748447407
1.3582327210250558,0.3704841548684903,0.3038887627065623
1.3579952114536593,0.3705735418390291,0.11000082948823729
1.3576715410801585,0.37016593882596216,-0.08662615335157077
1.3577186715848149,0.3709691893823254,-0.08817833380106542
1.3577137530971384,0.3708965903728747,-0.09098620120687294
1.3575208875057891,0.37089030776882964,-0.28908725501052046
1.3570163941355478,0.37083310285267634,-0.4816568891276515
1.356811479875296,0.37135066243923653,-0.687455782388211
1.3566661514252454,0.3710721104883364,-0.678330938995859
1.3565659959339753,0.3709418699218764,-0.6724357802434956
1.3568754120810496,0.37146391285572095,-0.8495641573138337
1.3569922065698783,0.37169933055804294,-0.8707765649105421
1.3573764393435959,0.3721045166590397,-0.8847726670397146
1.3573293510126168,0.3720404313878669,-0.8698452557461904
1.3576748134872938,0.3723082178206309,-0.8654394878370527
1.357669831031787,0.3722968950434351,-0.8584295164774939
1.3576932625286702,0.3723262044656353,-0.8663472883160782
1.3577143702010006,0.37233165868507667,-0.8582225326311324
1.3576622705073795,0.3723074755381978,-0.8707853962143098
1.357535729202782,0.37219793965723447,-0.8666355277924964
1.3574728767007977,0.3725766458194737,-1.0603881837564384
1.3581482536483391,0.3727904151613178,-1.06659223219299
1.3589943538104472,0.3731119108695232,-1.0529687117013635
1.3592633758732,0.37332454979401725,-1.0653576772364661
1.3590175721345465,0.3731662645533271,-1.061696735050398
1.3590163442150174,0.37315854128913095,-1.06294759781384
1.3590102622329272,0.37315048724186395,-1.0643035626408353
1.3590471688380865,0.37317342103994966,-1.0679014981575115
1.3590957724848467,0.37320433916314405,-1.0720713237105088
1.359148623479077,0.373237895728584,-1.0764275524457079
1.3591389561447758,0.3732271469424093,-1.077627166227489
1.3591461170737522,0.37322905785486105,-1.0796946805029857
1.3591199309120434,0.37320843898883066,-1.0800979238749555
1.359096757387781,0.37318987257301695,-1.0806081203806552
1.3590745863299498,0.3731720263881666,-1.081156104917696
1.3590527955241667,0.37315446710224426,-1.0817172347583164
1.3590708861870349,0.37354399639800967,-1.2682571056341632
1.359118587791313,0.3735639815480377,-1.2810000920731277
1.3587871022738756,0.3735007361495827,-1.292334895588055
1.3584600512124099,0.37348293870049354,-1.3009846532238745
1.3580819748821102,0.3734058098157804,-1.313204351433675
1.3582613998608282,0.3733997461212139,-1.303871772151488
1.358028741190938,0.373317361352553,-1.298333995043247
1.3579082344471647,0.3733107076234164,-1.2958949578370182
1.3579917118994447,0.3733745044399287,-1.300065376736654
1.3582521488359274,0.37341673857509516,-1.3044003861511357
1.3581948245790623,0.37339411394683975,-1.3022263840453838
1.3581812692330941,0.3733822665094301,-1.2999805737120609
1.3581777270030206,0.37337434273046577,-1.2979342461820702
1.3581795165391568,0.37336832896754896,-1.2958629634398209
1.3581834547833778,0.3733634522191103,-1.2938611263507889
1.3581890599060744,0.37335878726102006,-1.2918868529599565
1.3581953352320806,0.373354545663607,-1.289955629410093
1.3581933307585061,0.3733461964915469,-1.2885368251581877
1.3581717898763168,0.3733343331174825,-1.2878910335574723
1.3581511963756536,0.37332281496401115,-1.2872700599021196
1.3582879698402435,0.37336748419234284,-1.291727076415115
1.3584527485432627,0.37343423108001633,-1.298345727979539
1.3582515573360359,0.3737146378682414,-1.4815623119925965
1.357999564243773,0.3736793839625912,-1.4717720330788204
1.3574853056194365,0.3736131737117448,-1.4455167937788032
1.3572781598798176,0.37358084949102077,-1.4371907197064935
1.357173355639201,0.3735579038506336,-1.4312597416777975
1.3576602234782937,0.3736343721221591,-1.443291420359348
1.3575320691780446,0.37361487319575304,-1.4337620480504207
1.3573398230504854,0.3735815157877714,-1.4250137675452375
1.3576962153681074,0.3736336405588011,-1.4346091368452871
1.3577559099520398,0.3736460135606388,-1.4292760029810903
1.3575887553827544,0.37361555936048413,-1.4190554362926953
1.3578154046134356,0.37364434132841334,-1.4245457906203702
1.3577631542635291,0.3739820373717692,-1.6129527770284535
1.3581075221434045,0.37397607897095436,-1.6312382781679589
1.358881375343071,0.3739521467085778,-1.637130579277176
1.3589064624880123,0.373943506307162,-1.6334846119686972
1.358732088258481,0.3739404464499291,-1.6284122580954112
1.3585817371020368,0.3739401597903974,-1.623560435874192
1.358493009983159,0.3739391779848294,-1.6203885457680605
1.358428373465636,0.37393798600824973,-1.6179880817310575
1.3583759966051818,0.37393680732414203,-1.6160195244637983
1.358322694150836,0.3739352636420948,-1.6140077500804444
1.3587615556936614,0.3739514210391119,-1.6263783309823536
