-1.3304707743597992,0.722168123244822,1.6215881157057703
-1.3302230936185706,0.7222657673654505,1.5745662588927147
-1.3297969881748404,0.7222737407591517,1.591642139168432
-1.3298685153139649,0.7222653637338142,1.5885841853967588
-1.329897969873734,0.7222625336967607,1.5880624564087975
-1.329907543053129,0.7222619713504239,1.588372154222167
-1.3299033032240795,0.7222610105895079,1.5875631421744096
-1.3299009837129687,0.722261361793717,1.5879886941981651
-1.3298943510979995,0.7222613115688702,1.587828904906137
-1.329887480023958,0.7222612835192048,1.5876709188246083
-1.3298805679157268,0.7222612669432888,1.5875611438146506
-1.3298776139943143,0.7222612090831769,1.5875581391724674
-1.3298757950791578,0.7222611038261316,1.5875864397584232
-1.3298743980755723,0.7222609824706009,1.5876286575016298
-1.3298731546568012,0.7222608552949125,1.5876770740474535
-1.3298719662177678,0.7222607255085304,1.5877282676653612
-1.329870796909329,0.722260594022318,1.5877807338819232
-1.329869633863798,0.7222604610439021,1.5878338157439895
-1.3298684725365553,0.7222603265879646,1.5878872282057364
-1.329867311356781,0.722260190628106,1.5879408484427264
-1.3298661497980133,0.7222600531362278,1.587994624032693
-1.3298649876922541,0.7222599140895467,1.5880485329763914
-1.3298638249906913,0.7222597734698257,1.5881025663743358
-1.3298626616823004,0.7222596312616001,1.588156720951863
-1.3298614977671488,0.72225948745087,1.5882109958456279
-1.3298603332481096,0.7222593420243287,1.5882653912265665
-1.3298706671921476,0.722261068777306,1.5907194931070514
-1.3298681575968367,0.7222609803498244,1.5908333218304536
-1.3298664467762802,0.7222608075008462,1.590914769031842
-1.3298650637231717,0.7222605984370876,1.5909833167428389
-1.329863817325371,0.7222603729341447,1.591046568182627
-1.3298626278193808,0.7222601392454416,1.5911077022462985
-1.3298614618851587,0.722259900812411,1.5911680494646103
-1.3298603055984184,0.7222596590645093,1.5912281674319126
-1.3298591531401316,0.7222594145893972,1.5912882903864598
-1.3298580020797368,0.722259167622351,1.5913485172650284
-1.3298568514036901,0.7222589182510352,1.5914088903880252
-1.3298557006912077,0.7222586665012075,1.5914694283885802
-1.3298545497695438,0.7222584123725942,1.5915301399950923
-1.3298533985698027,0.7222581558539093,1.5915910298005216
-1.329852247066606,0.7222578969291437,1.591652100677781
-1.3298510952528453,0.7222576355801971,1.5917133547911888
-1.3298499431291149,0.7222573717879803,1.5917747940200164
-1.3298487906992935,0.7222571055328734,1.5918364201360589
-1.3298476379686919,0.7222568367949175,1.5918982348783275
-1.3298464849432776,0.7222565655538931,1.5919602399841923
-1.3298453316293528,0.7222562917893515,1.5920224372029568
-1.3298441780334198,0.7222560154806266,1.592084828301503
-1.3298430241621255,0.7222557366068366,1.5921474150669754
-1.3298418700222407,0.7222554551468843,1.5922101993080282
-1.3298407156206524,0.7222551710794555,1.592273182855638
-1.3298395609643583,0.7222548843830159,1.592336367563562
-1.3298384060604702,0.7222545950358078,1.5923997553087947
-1.3298372509162142,0.7222543030158476,1.592463347991991
-1.3298360955389326,0.7222540083009226,1.5925271475378147
-1.329834939936089,0.7222537108685866,1.5925911558953632
-1.329833784115265,0.7222534106961574,1.59265537503852
-1.3298326280841655,0.7222531077607139,1.5927198069663984
-1.3298314718506203,0.7222528020390914,1.5927844537037035
-1.3298303154225912,0.7222524935078783,1.592849317301184
-1.3298291588081648,0.7222521821434136,1.592914399836081
-1.3298280020155644,0.7222518679217808,1.5929797034124566
-1.3298268450531459,0.7222515508188068,1.5930452301617284
-1.3298256879294064,0.7222512308100562,1.5931109822430725
-1.329824530652983,0.722250907870828,1.5931769618439324
-1.3298233732326534,0.7222505819761517,1.5932431711804056
-1.3298222156773478,0.722250253100783,1.5933096124978248
-1.329821057996139,0.7222499212191998,1.5933762880711182
-1.3298199001982576,0.7222495863055979,1.593443200205417
-1.329818742293086,0.7222492483338865,1.5935103512364934
-1.3298175842901678,0.722248907277684,1.59357774353134
-1.3298164261992087,0.7222485631103132,1.593645379488653
-1.3298152680300757,0.7222482158047977,1.5937132615393368
-1.3298141097928078,0.7222478653338559,1.593781392147123
-1.329812951497614,0.7222475116698969,1.5938497738091342
-1.32981179315488,0.7222471547850159,1.5939184090563967
-1.3298106347751695,0.7222467946509887,1.5939873004544831
-1.329809476369229,0.7222464312392675,1.594056450604067
-1.329808317947992,0.7222460645209745,1.5941258621415446
-1.3298071595225802,0.7222456944668977,1.5941955377397157
-1.3298060011043134,0.7222453210474851,1.5942654801083347
-1.3298048427047056,0.7222449442328395,1.5943356919948122
-1.3298036843354764,0.7222445639927125,1.5944061761848642
-1.3298025260085493,0.7222441802964997,1.5944769355032138
-1.3298013677360623,0.7222437931132343,1.5945479728142478
-1.329800209530366,0.7222434024115805,1.5946192910227626
-1.3297990514040328,0.7222430081598289,1.594690893074673
-1.32979789336986,0.722242610325889,1.5947627819577401
-1.329796735440873,0.7222422088772845,1.59483496070236
-1.3297955776303345,0.7222418037811452,1.5949074323823342
-1.3297944199517444,0.7222413950042017,1.5949802001156057
-1.3297932624188487,0.7222409825127784,1.5950532670651474
-1.3297921050456436,0.722240566272786,1.595126636439754
-1.329790947846382,0.7222401462497156,1.5952003114948903
-1.329789790835576,0.7222397224086308,1.5952742955335262
-1.329788634028007,0.7222392947141607,1.5953485919070653
-1.3297874774387273,0.7222388631304931,1.5954232040162666
-1.3297863210830712,0.7222384276213659,1.5954981353120885
-1.3297851649766563,0.72223798815006,1.595573389296735
-1.3294331223580391,0.7219386499869072,1.4306192750435685
-1.3297659521003162,0.7219637293857242,1.4132737617777957
-1.3300910185090271,0.7220018009330774,1.4065935889856414
-1.331150107199868,0.7221314786796398,1.4110631113179684
-1.3312388994813267,0.722131949339922,1.4170081876609466
-1.3313500449884597,0.7221360648872672,1.4201627364070584
-1.3317137995711947,0.7221593709248589,1.4273408087194808
-1.3324267801783285,0.7222723248562045,1.4451274622968866
-1.3322224632628799,0.7222637722238258,1.4464550565208583
-1.3322013777080313,0.7222635400482872,1.4479494841491016
-1.3321953067392367,0.7222638952778359,1.448651087147088
-1.3321960958142842,0.7222647566519329,1.4490380028727081
-1.3321996019848032,0.7222656581117985,1.4492876930992855
-1.3321962384210229,0.7218823419694628,1.2646562077112937
-1.332509421343442,0.7215426770674007,1.0396928559545984
-1.332283272293927,0.7214566990833351,1.061897588618283
-1.3330335351447138,0.7218566449598658,1.0708675622937696
-1.332686186843159,0.7216805514166937,1.0773145360270808
-1.3326949175796279,0.7216449133478273,1.0778782391805355
-1.3324280750651034,0.7215960233020721,1.089682619967747
-1.332189341064659,0.7215651207615142,1.1122659972859734
-1.332688062255761,0.7216937606860665,1.0886824142419147
-1.3325531095045409,0.7216005605062881,1.0784701624869377
-1.3325301711492468,0.7216017991937854,1.0808721305575044
-1.3324544611335396,0.7215777449048963,1.0860590177154585
-1.3326055017071852,0.7213156528645792,0.9265080986762928
-1.3324132123605104,0.7211634598981398,0.9186783560866
-1.3325320649416268,0.7212956419886803,0.9312803402539765
-1.3324375375147834,0.7212560450563616,0.9405432036609483
-1.332413833438103,0.7212453727672408,0.9436411791840194
-1.3324383900833017,0.7212630122635814,0.9437120639962348
-1.3324490592449796,0.7212706656663173,0.9437831594140041
-1.3324541176003182,0.721274241214895,0.9438420978437703
-1.332423940301964,0.7212566739192967,0.9451267777785871
-1.3324294912718448,0.7212617979172171,0.9448872592718514
-1.3324346181461857,0.7212666525713948,0.9445621610260655
-1.3324400385893014,0.7212717371611357,0.9442356766307421
-1.332445532188101,0.72127687679646,0.9439067857600939
-1.332451058552764,0.7212820422670507,0.9435770972348919
-1.332456601659148,0.7212872219733226,0.9432472487353548
-1.3324621551518652,0.7212924113090493,0.9429174929980314
-1.332467716508432,0.7212976084422995,0.9425879301093179
-1.3324732847257994,0.7213028126417074,0.9422585996219573
-1.3324788594032468,0.721308023612504,0.9419295170844502
-1.3324844403788256,0.7213132412331209,0.9416006885264402
-1.3324900275852356,0.7213184654506986,0.9412721162033005
-1.3324956209926917,0.7213236962396381,0.9409438008737093
-1.3325012205862823,0.7213289335851596,0.940615742703153
-1.3325068263569853,0.7213341774767771,0.9402879416220908
-1.3325124382981126,0.7213394279057123,0.9399603974678314
-1.3325180564038963,0.7213446848638662,0.9396331100411511
-1.3325236806689325,0.7213499483434151,0.9393060791283185
-1.3325293110879606,0.7213552183366485,0.9389793045102304
-1.3325349476557689,0.7213604948359007,0.9386527859656709
-1.3325405903671672,0.7213657778335313,0.9383265232728564
-1.332546239216968,0.721371067321911,0.9380005162099556
-1.332551894199986,0.7213763632934205,0.9376747645553657
-1.3325575553110292,0.721381665740446,0.937349268087598
-1.3325632225449033,0.7213869746553812,0.9370240265855636
-1.3325688958964113,0.7213922900306257,0.9366990398284716
-1.3325745753603488,0.7213976118585842,0.9363743075957542
-1.33258026093151,0.7214029401316696,0.9360498296672118
-1.3325859526046833,0.721408274842298,0.9357256058229667
-1.3325916503746535,0.7214136159828944,0.9354016358433952
-1.3325973542361986,0.7214189635458874,0.9350779195091541
-1.3326030641840938,0.7214243175237123,0.9347544566012586
-1.3326087802131124,0.7214296779088116,0.9344312469010498
-1.33261450231802,0.7214350446936328,0.9341082901901177
-1.3326202304935784,0.721440417870629,0.9337855862504213
-1.332625964734547,0.7214457974322608,0.9334631348641389
-1.3326317050356797,0.7214511833709945,0.9331409358137395
-1.332761472175804,0.7215320990671888,0.9287670263275299
-1.332643733720639,0.7214500541501792,0.93260103274306
-1.3323574974944334,0.7212525139380204,0.9433096829345265
-1.3320033583785629,0.7210218738067555,0.956146602970179
-1.3318442508770612,0.7209128085778927,0.9617635561694658
-1.33158555044122,0.7207423883002462,0.9710058311809304
-1.3314478077876903,0.7206591825064492,0.9757513198373462
-1.3314588392915914,0.7206674800670161,0.9749938995781128
-1.331469783764896,0.7206758861744522,0.9740838449279007
-1.3314816551296293,0.720684979036049,0.9731630443428478
-1.3314939695894563,0.7206944212348586,0.9722440325173287
-1.3315065089496292,0.7207040552193105,0.9713298512203139
-1.3315191698841797,0.7207138036083331,0.9704206231386435
-1.3315319011337103,0.7207236265916139,0.9695157457757765
-1.3315446760933618,0.7207335027933819,0.9686145871722471
-1.331557480385463,0.720743420304092,0.9677166584210557
-1.33157030597358,0.7207533722798107,0.9668216203943165
-1.3315831482427491,0.7207633546824341,0.9659292494354799
-1.331596004484936,0.7207733650704634,0.9650394015208719
-1.3316088730817464,0.7207834019293008,0.9641519846500107
-1.3316217530488683,0.7207934642902428,0.9632669398125052
-1.3316282041476963,0.7207988346098183,0.9626566499365418
-1.3312500319019882,0.7205628119659558,0.9763117130193782
-1.3311229609078092,0.7204708290344789,0.9802988127644828
-1.3307107515959478,0.7202305726987387,0.9966689453808218
-1.3307351424838403,0.720217245293895,0.9952693095247985
-1.3307474167234115,0.72018960106993,1.0013850827634294
-1.3307570014766794,0.7202704613067251,1.0139713612445898
-1.3306545657893425,0.7201716407539613,1.0047227530030303
-1.3307442228522968,0.7202329093693522,1.0091197903171527
-1.330787427641778,0.720261615954756,1.0118995695628106
