0.8533092371457154,0.26986074661066345,1.6204308848098254
0.8534898655465695,0.2699031910628499,1.5723901762366919
0.8538526233153897,0.26992736503622256,1.5949403780077351
0.8538032438890599,0.2699185922003392,1.5902678298868396
0.8537771652162696,0.2699161752596975,1.5899411095632319
0.8537727540632413,0.26991503977460024,1.5894972633865823
0.8537758042820218,0.269914573867918,1.5892058625307595
0.8537818054119131,0.2699143774145945,1.5889776073223132
0.8537889159175157,0.26991428862757355,1.5887766692505492
0.8537950301694183,0.26991421198004883,1.5886735791996738
0.8537974954363312,0.2699140934472795,1.5886790332453522
0.8537991384024043,0.26991394470817787,1.58871294267591
0.853800481373929,0.26991378598127863,1.5887593643157605
0.8538017174388075,0.26991362347926595,1.588811310204358
0.8538029162877668,0.2699134589153226,1.588865724277634
0.8538041027113178,0.26991329265576103,1.588921278883675
0.8538052853680849,0.26991312471221635,1.588977400617549
0.8538064672089392,0.2699129550292566,1.5890338432924846
0.8538076492045963,0.2699127835550083,1.5890905019882828
0.8538088316568188,0.2699126102513431,1.5891473325200167
0.8538100146498133,0.26991243509060037,1.5892043167228604
0.8538111982010882,0.26991225805128455,1.5892614475478781
0.853812382309708,0.26991207911512277,1.5893187226856234
0.8538135669707052,0.2699118982653925,1.5893761418466086
0.8538147521788296,0.26991171548604803,1.5894337056049108
0.8538159379292458,0.2699115307612878,1.5894914149075428
0.8538029671324212,0.26991369414355315,1.592569358169947
0.8538058907325635,0.26991357624219026,1.5927038013899568
0.8538077823758168,0.26991334726323324,1.5927967373843046
0.8538092466947097,0.2699130705744322,1.5928732701249024
0.8538105313782252,0.2699127722515679,1.5929431386542126
0.8538117406171553,0.26991246320173284,1.5930103779634506
0.8538129182403649,0.2699121479795577,1.5930766606659537
0.8538140826743177,0.26991182847797757,1.593142680605104
0.8538152416582356,0.26991150547479675,1.5932087262131829
0.8538163984374623,0.2699111792807552,1.5932749180908772
0.8538175543688975,0.2699108500109842,1.593341307411477
0.8537118266180268,0.2695983320798931,1.4122246487603332
0.8535816944524848,0.2693647547916381,1.2023580641707234
0.853670305341854,0.26877863549942327,1.0033783883814562
0.8532814750373942,0.2689584898763901,0.974821672103824
0.8532118057106737,0.2683771813098025,0.7439565090911787
0.8524626839356879,0.2686934350139173,0.5566174810771196
0.8518961660274382,0.26967925030764806,0.5419576744667863
0.8517198148477173,0.2702392860234873,0.5643971235495229
0.8516059849205374,0.2703727015786969,0.5682833813917706
0.8514498779336486,0.2705518068115535,0.5626220298785424
0.8514463979400977,0.2705646935308476,0.563343711931973
0.8514443230860653,0.2705681720520462,0.5618913227832452
0.8512762971962367,0.27070649612721276,0.5127088928097626
0.851547572305926,0.2702252656631336,0.5239309061867633
0.8516438855861247,0.27000601110998845,0.5342373544331191
0.8510938499461504,0.27034368894913646,0.36790323978753453
0.8507481405425157,0.27094574197614363,0.3213825461435876
0.8507269547332534,0.27090602299316985,0.32847496816971883
0.8507258049012917,0.27096981968126815,0.33200117835374754
0.8506357191057742,0.27114940318504976,0.32676282362562037
0.8506225486741644,0.27118395937128525,0.32503306451024894
0.8506310093822517,0.2711609571527348,0.3247937839106884
0.8506626419425557,0.27107750834971167,0.32712085240670596
0.8506915169218218,0.2710003282885099,0.3292585731072487
0.8507564812858577,0.27044221352627834,0.1555247466110955
0.8507257259048124,0.2712872234916974,0.1455394808356276
0.8504454323666645,0.2710027971805919,-0.04003494897359325
0.8503850115426115,0.27118748397446,-0.07728601019456569
0.8503799270462009,0.2711991629439208,-0.08141898206642571
0.8503752868804596,0.2712140260708363,-0.08543152313481486
0.850371021468626,0.27123211847628353,-0.0893043294754684
0.8499370202194894,0.2719210421799335,-0.28379562088514665
0.8497365646818287,0.27240243562670335,-0.48897883633562267
0.850418239140769,0.27370035118250813,-0.49402459359652034
0.8500542381649481,0.2734647856274455,-0.6989630916640935
0.8501985693773102,0.27375865467109095,-0.7093595151307821
0.8505411443395303,0.27424394317912754,-0.7173932654142609
0.850645825705951,0.27430078538994057,-0.7023241723489396
0.8506267876376531,0.27482482489971344,-0.8853532372254578
0.8504325061728238,0.27519126046221015,-1.0809457520093708
0.8513574264657466,0.2761144004827857,-1.2970113040255116
0.8509921136000889,0.27603999288067754,-1.318747686530301
0.8511105803337895,0.2760664862578215,-1.3187849229141118
0.8510945955198128,0.2760740311671855,-1.3248790965357815
0.851073669588233,0.27607297724154817,-1.3244149304923818
0.8510736104276806,0.2760739327363122,-1.3216142301924776
0.8510774326084928,0.27607555119324245,-1.3185256025241325
0.8510826484254056,0.276077403239724,-1.3153182814809075
0.8510883927259434,0.276079355511984,-1.3120608955551563
0.851094371155449,0.2760813718359974,-1.308782298259477
0.8515422753452478,0.27672305117908275,-1.496816201436147
0.8515788366231025,0.2767581031050114,-1.5101345657595107
0.8516178803253781,0.276881672570829,-1.6713264592231358
0.8516932507401134,0.27684744879063594,-1.6715660938203427
0.8516618085604051,0.2772584524661738,-1.873180265561007
0.852237138459711,0.27719244359936296,-2.0600821455535985
0.8522531613578972,0.27704770364660714,-2.0266697528656574
0.853436651591781,0.2766854546233078,-2.210633072610585
0.8539029692339151,0.2763019803403106,-2.21809046196586
0.8535808426658529,0.2765047144042917,-2.2111176191617794
0.8534748041098279,0.276554438142094,-2.2261727097068085
0.853826536605478,0.27652593427969135,-2.3934668223917352
0.8542069937205529,0.2760508431263808,-2.3915141341076986
0.8542631748403658,0.27598811397705664,-2.3879159265810026
0.8545741023118769,0.27594170814585733,-2.561936725140713
0.8546393340413866,0.2758668755899412,-2.5681517673693257
0.854747974032037,0.2756683241053873,-2.557089439418551
0.8547832180356966,0.2755809712700201,-2.553260638330614
0.8551124857386875,0.274978207618069,-2.535964854579279
0.8550868816488688,0.2750250287429142,-2.5390565716427513
0.8551017326459768,0.2750045046104518,-2.5396447724513713
0.8551103115005924,0.27499335009561526,-2.540203172562039
0.8551162891983226,0.27498597348422854,-2.5406583754940524
0.8557406921833063,0.27454995018146916,-2.7324982387259027
0.8562604876288158,0.2734490121297726,-2.9237621446832676
0.8561256426290906,0.27341562826543403,-2.897409941185274
0.8561715192963634,0.27394717590544065,-2.8928676515174168
0.8566417251102786,0.27384974778392784,-3.087127399538632
0.8567872263916276,0.2730408133290008,-3.0947689482095218
0.8567969185506807,0.272385116159322,-3.0818961362748785
0.8567937333270715,0.2720781412440235,-3.0777876463048415
0.8567972615533014,0.2719475047553284,-3.0797335638062684
0.8567757093921181,0.27214646629329253,-3.0777845772343735
0.8567505806619654,0.2723123595943663,-3.074103519152705
0.8568227604892333,0.2721508894837433,3.040145290093653
0.8567527156893361,0.27147028318263267,3.0272398915563716
0.8567132848999625,0.271316449356065,3.035787797944755
0.85692860609129,0.2709260294941708,2.8659853621497415
0.8570316480282646,0.2712862096282268,2.8512990502642928
0.8572881968472655,0.2711462522176955,2.6743036679585472
0.857435396557683,0.2707282843191927,2.47223587216428
0.857856854539799,0.27068498725274964,2.282789726505558
0.857526637796421,0.27001434620690745,2.0849761692858997
0.856878504947036,0.26954066004821053,2.0528411289769983
0.856629921121464,0.26937439250991324,2.0480971166039783
0.8567212326844702,0.2694072400681032,2.042400795515012
0.8567938632568051,0.26941742815293157,2.0310392044300825
0.8566134545180707,0.26934019289658123,2.024741030649845
0.8567432612859963,0.2693941789819212,2.0261384157092177
0.8567264250620537,0.2693926232392034,2.025317102107122
0.8566851362033119,0.26937063552193535,2.022238230606499
0.8567541418278681,0.26919646354756954,1.8309602115047965
0.8565869413521527,0.2688328038927509,1.6396902206234467
0.8574367846435633,0.2688692538912843,1.6262443956255388
0.8577998601708061,0.26889816292504665,1.6340664801026834
0.8582796674533631,0.2689409935588899,1.655521352141552
0.8583279254713201,0.2689281565752357,1.660324946424762
0.8582992442894718,0.26890631227100564,1.6626310427471391
0.8583024923010393,0.26889436196154276,1.66377122492339
0.8584341629347899,0.2689020634300614,1.6643253762826435
0.8585710067343844,0.2689103591278648,1.6638756360879674
0.8585353643603724,0.2688999328938585,1.6581208552438738
0.858581243016055,0.2688995010619142,1.6540485048477707
0.8585339706809717,0.26888940855730564,1.6538431347430012
0.8585044699279435,0.2688805735837337,1.6540937039817054
0.8584833134933293,0.26887230340680224,1.654558623433645
0.8584659974009077,0.2688642511143184,1.655127982483751
0.8584503622329238,0.2688562463276725,1.6557511111458683
0.8584353651017781,0.2688482048736955,1.6564044072898694
0.8584205004192658,0.2688400848038483,1.6570768377117593
0.8584055218778032,0.26883186482802035,1.6577632540270184
0.8583903082149241,0.26882353373394213,1.6584612744226566
0.8583747983571639,0.26881508520762354,1.659169819810357
0.8583589601349184,0.2688065153058707,1.6598884243511427
0.8583427752293659,0.268797821227236,1.6606169101425017
0.8583262319508431,0.2687890007164844,1.661355233582184
0.8583093217855552,0.26878005177708997,1.66210341276215
0.858292037750463,0.2687709725330092,1.6628614931266545
0.8582743736135079,0.2687617611625775,1.6636295311983837
0.858256323526878,0.26875241586715015,1.6644075868347257
0.8583591681190809,0.26875562663475994,1.6622707290958736
0.8585518798393751,0.2687683621883156,1.6578412868329584
0.8586127200271025,0.2687742394159946,1.6551660351706587
0.8581222715381853,0.26874073815557004,1.6611278127195739
0.8578416113938481,0.26871693802656693,1.6617754419195727
0.8575893254597814,0.2686795014398123,1.659425557259407
0.8581631821106075,0.2686977444747094,1.6584110747642056
0.8584791407915,0.2687195144891412,1.6553446996401242
0.8583207781371077,0.2687236291626208,1.6565185256768358
0.8582337557619796,0.2687148763191383,1.655989989420044
0.858109539207067,0.2684785384080007,1.484087257050805
0.857981114422239,0.26851340931826917,1.4902613467498786
0.8578455398414003,0.26853546954032353,1.4940452086556617
0.8576826461292337,0.2685397183341419,1.5030201042959406
0.8576589457338463,0.26854468487663646,1.5075698182243247
0.8576870223983237,0.2685414992895012,1.5082994351978025
0.8577065180374474,0.2685382448934898,1.5087903928881303
0.8577243278955443,0.26853502245605004,1.5092478935485516
0.857741380534142,0.2685318221808271,1.5096848990566927
0.8577580012977837,0.26852864431750334,1.5101071190470348
0.8577743016987917,0.26852549165935025,1.5105173715026745
0.8577902981035181,0.2685223650773289,1.510916553466893
0.8578060124137832,0.26851926370791035,1.5113051807865754
0.8578214595066378,0.2685161869502673,1.5116836966947627
0.8578366410148888,0.2685131329990703,1.5120519319914258
0.8578515732906189,0.2685101014356423,1.5124104437895247
0.8578662684765441,0.2685070933043716,1.5127600010694706
0.8578807388627475,0.2685041094350835,1.5131013286923285
0.8578949970747568,0.26850115149726506,1.5134353134090381
0.8579090359821988,0.2684982184403658,1.51376179992926
0.8578237262930906,0.26849143232683387,1.5108607319378355
0.8577491323031641,0.2684827262604957,1.5075508080203759
0.8576760341153925,0.2684731644890609,1.5039806594894576
0.8576013012960965,0.26846303774083735,1.5001631980781955
