-1.7138174297268964,0.03745431239803758,1.5862853559263197
-1.714383699431112,0.03741058802848781,1.567210611924472
-1.7134176034683548,0.037402252242901536,1.5643788024988043
-1.7132607846474877,0.03740495062595112,1.564594252217682
-1.7132281146257626,0.03740641489923518,1.5649718175267595
-1.7132199370925176,0.037406937400836185,1.5650941084175425
-1.7132185519743603,0.03740708044002836,1.5651178744724394
-1.7132189989655553,0.03740706402220975,1.565101634926293
-1.7132199865259523,0.03740697981036977,1.5650687450323888
-1.713221058098478,0.037406866165189775,1.5650288116322248
-1.7132221451277851,0.03740673957717381,1.5649858097039289
-1.7132232342675773,0.037406607223932624,1.5649414556440289
-1.7132243232038293,0.03740647223574697,1.564896493927443
-1.7132254119923669,0.037406335979274764,1.564851248557524
-1.7132265009810512,0.037406199051080155,1.564805860895485
-1.7132275904194143,0.03740606171097082,1.5647603927346796
-1.7132286804451808,0.03740592407134654,1.564714871135238
-1.7132297711261748,0.03740578618002889,1.5646693079736047
-1.7132308624932004,0.037405648056528525,1.5646237084825632
-1.7132319545588623,0.03740550970793336,1.5645780749862208
-1.713233047327176,0.03740537113587,1.564532408534644
-1.7132341407981742,0.03740523233955676,1.564486709619992
-1.7132352349700695,0.037405093317141494,1.5644409784902464
-1.7132363298402227,0.03740495406628825,1.5643952152866432
-1.7132374254055915,0.037404814584434315,1.5643494201039743
-1.7132385216629298,0.03740467486890271,1.5643035930167999
-1.7132380162135645,0.037403699999039745,1.5636787782961326
-1.7132387727147504,0.03740348031448921,1.5636141290049148
-1.7132397445302678,0.03740330417271455,1.5635606517098921
-1.7132407963507446,0.0374031459044841,1.5635112968045533
-1.713241877863251,0.037402995354886476,1.5634637497989174
-1.713242971011629,0.037402848042150855,1.5634169848406998
-1.713244069081745,0.037402701989239714,1.5633705479408124
-1.7132451694889528,0.03740255632405502,1.56332423872397
-1.713246271205869,0.03740241066119588,1.5632779689315546
-1.7132473738118672,0.03740226482940496,1.563231699759318
-1.713248477129557,0.03740211875157197,1.5631854141844395
-1.7132495810813702,0.037401972391948944,1.5631391047675205
-1.7132506856314593,0.03740182573294451,1.5630927682825941
-1.7132517907616402,0.037401678764928135,1.563046403355606
-1.7132528964612634,0.037401531481751016,1.5630000094263445
-1.713254002722898,0.037401383878779004,1.562953586292503
-1.713255109540482,0.03740123595202798,1.5629071339091571
-1.7132562169085135,0.03740108769778476,1.5628606523008275
-1.7132573248217045,0.0374009391124412,1.5628141415230432
-1.713258433274814,0.03740079019242109,1.5627676016454117
-1.713259542262603,0.037400640934146544,1.5627210327438097
-1.7132606517797877,0.03740049133402619,1.5626744348976254
-1.7132617618210315,0.03740034138844655,1.5626278081878604
-1.7132628723809469,0.03740019109377184,1.5625811526969697
-1.713263983454069,0.037400040446340925,1.5625344685082043
-1.7132650950348904,0.03739988944246681,1.5624877557055838
-1.7132662071178275,0.0373997380784381,1.5624410143740806
-1.7132673196972337,0.037399586350516725,1.5623942445992611
-1.7132684327673962,0.03739943425493977,1.5623474464675753
-1.7132695463225476,0.03739928178791757,1.5623006200660299
-1.7132706603568406,0.03739912894563595,1.5622537654826218
-1.7132717748643738,0.03739897572425368,1.5622068828058255
-1.7132728898391734,0.03739882211990549,1.5621599721252348
-1.7132740052751945,0.03739866812869871,1.562113033530877
-1.713275121166335,0.03739851374671598,1.5620660671137196
-1.7132762375064228,0.037398358970013285,1.5620190729653145
-1.7132773542892072,0.037398203794622456,1.5619720511783306
-1.7132784715083837,0.037398048216548116,1.561925001845915
-1.7132795891575705,0.037397892231770084,1.56187792506215
-1.7132807072303184,0.03739773583624124,1.561830820921678
-1.7132818257201097,0.03739757902589063,1.5617836895202866
-1.7132829446203572,0.03739742179661995,1.5617365309542526
-1.7132840639243991,0.037397264144306996,1.5616893453209872
-1.7132851836255063,0.037397106064801525,1.561642132718252
-1.7132863037168806,0.03739694755392937,1.5615948932449188
-1.7132874241916463,0.03739678860749063,1.5615476270006827
-1.713288545042856,0.03739662922125955,1.5615003340860487
-1.7132896662635018,0.03739646939098397,1.5614530146020937
-1.7132907878464851,0.03739630911238751,1.5614056686510724
-1.7132919097846457,0.037396148381167144,1.5613582963358172
-1.7132930320707507,0.03739598719299501,1.5613108977601657
-1.7132941546974871,0.03739582554351719,1.5612634730286403
-1.7132952776574735,0.03739566342835412,1.5612160222466436
-1.7132964009432452,0.037395500843101774,1.5611685455206066
-1.7132975245472712,0.03739533778332939,1.5611210429575428
-1.7132986484619428,0.037395174244581365,1.5610735146654457
-1.71329977267957,0.037395010222376776,1.5610259607532573
-1.7133008971923982,0.037394845712208725,1.5609783813305507
-1.7133020219925843,0.03739468070954533,1.560930776507966
-1.7133031470722122,0.03739451520982939,1.5608831463969481
-1.7133042724232899,0.03739434920847843,1.56083549110987
-1.7133053980377504,0.0373941827008845,1.5607878107598938
-1.713306523907442,0.03739401568241457,1.5607401054611736
-1.7133076500241404,0.037393848148409695,1.5606923753285815
-1.7133087763795374,0.037393680094186685,1.5606446204780788
-1.713309902965251,0.037393511515036615,1.5605968410264175
-1.7131324041318563,0.03707240602524215,1.3832814040654833
-1.7129033060156749,0.03700019203834103,1.3712177040062674
-1.7131059367608554,0.03701004480892667,1.3751140049519683
-1.7131053256612536,0.036998682407078085,1.3846893643383889
-1.7128515465411314,0.036952420401231444,1.3934226281468887
-1.712290502582201,0.03687524318557426,1.4101086362746889
-1.7121162525311997,0.036835875614246394,1.4132364020823278
-1.7122057290341637,0.03683861153431881,1.4154686297791381
-1.712294622837789,0.03684012061887452,1.4177689058371272
-1.7123742860575537,0.03683972458619321,1.4199634647065502
-1.7124503563373834,0.03683886801069473,1.4222169437716246
-1.7125260017781954,0.036838032275987184,1.4245586526587624
-1.7123675546156931,0.036870348071132486,1.4474504724544712
-1.7117345510929196,0.036807269181964156,1.4421041388065117
-1.7116601382735084,0.03676466212362698,1.4281796888458758
-1.712279893800057,0.03681962608103647,1.4239987407069794
-1.7121886650031757,0.036890177242916884,1.4435481143969289
-1.7115303609354675,0.03679059294526815,1.4339331458495763
-1.7119193436148736,0.03679151562964974,1.4246963735609726
-1.7124298098495383,0.03690548624935755,1.4353126756849364
-1.711897631447365,0.036859235565518976,1.4379665899025902
-1.7116769521040827,0.03679364178067372,1.426279153113965
-1.7123282964399769,0.03685228613715945,1.4207356673765885
-1.7122354554328683,0.036924274043331894,1.4404331595673194
-1.711571863417326,0.036822158766854136,1.4310102729251977
-1.7120929964707567,0.03683680357530778,1.4221719867910616
-1.7125610444106996,0.036961358926867284,1.436659644563312
-1.7129634905052407,0.0364348542541878,1.2251004284501499
-1.712823999075648,0.03645479064952798,1.210947181612647
-1.7125560816447365,0.03638441266376369,1.2051891437175042
-1.7125129332823585,0.036379705277449055,1.2118781540463546
-1.7125124930317959,0.036372381749967445,1.2099218563322516
-1.7125039486069182,0.03636055279770566,1.2074333659394585
-1.7124923638251721,0.036347034324073615,1.2047621116748994
-1.7124796364255226,0.03633290945659347,1.2020436549448728
-1.7124655500892318,0.03631818917346004,1.199306868113306
-1.7124518281834211,0.036303716482802895,1.1965896329425865
-1.7123560825227058,0.03627721351221677,1.1916268231930478
-1.7123959985912436,0.036300350370041125,1.1921916917876854
-1.7124182887694737,0.03631800644504096,1.1922255536572604
-1.7124426213601818,0.036336384926816755,1.192386390722563
-1.712467318185076,0.03635483171930781,1.1925696911230774
-1.7124921476226196,0.03637331547864659,1.192761252442853
-1.712517016388527,0.036391801145292606,1.1929550259658626
-1.7125418907487635,0.03641027607294187,1.1931489674154723
-1.7125667584390212,0.03642873569887949,1.1933423901466806
-1.7125916149901341,0.03644717839744752,1.1935350665178264
-1.7126164587840376,0.0364656036180252,1.1937269233684926
-1.712641289253566,0.03648401120646219,1.1939179392226758
-1.7126661062220625,0.03650240115590969,1.1941081097635795
-1.7126909096591405,0.03652077351456058,1.194297436308274
-1.7127540669404748,0.03654251048186905,1.191513558548243
-1.7129886798518372,0.036604982054763716,1.1876250639570636
-1.713101015821876,0.036640142313984256,1.1877184093193422
-1.713039094753836,0.036631805698977775,1.1905395720219627
-1.712917115369624,0.03659025519349351,1.1947650524534745
-1.712781784219934,0.036543544110832035,1.199008015336269
-1.7127152452165733,0.03652243861025798,1.200883366774453
-1.712730886275394,0.03653082663836681,1.2001608063278792
-1.712746092523855,0.03653897371684289,1.199395025577889
-1.7127609987491137,0.036546987524269166,1.1986097412947077
-1.7127757472368517,0.036554950633467836,1.1978154612748477
-1.7127904266705214,0.03656291225062511,1.1970174560742006
-1.712805089399126,0.03657090065229439,1.1962184031729424
-1.7128197652708026,0.03657893167715884,1.1954196770012986
-1.7128344708719405,0.03658701400902435,1.1946219888425131
-1.7128492152059254,0.036595152301686217,1.1938257089034066
-1.7128640030256743,0.03660334897131981,1.1930310304399998
-1.7128788367342531,0.03661160520422135,1.1922380542611868
-1.7128937174486887,0.03661992151574283,1.1914468326028906
-1.7129086455878286,0.03662829805737074,1.1906573920601684
-1.7129236211942558,0.03663673478428948,1.1898697456365845
-1.7129386441094465,0.036645231546371775,1.1890838991015824
-1.7129537140686035,0.03665378813740352,1.1882998543555352
-1.7129688307518254,0.03666240432164708,1.1875176112154433
-1.713039940742781,0.03666793748918236,1.1854236112266345
-1.7137323216921678,0.0368935641221987,1.1616097442573692
-1.7131691542011591,0.03674563329223862,1.1797740869463273
-1.7127911095280113,0.036623183166758264,1.1932062554037808
-1.712813674570144,0.03663104236792784,1.1937941337416356
-1.7127053212427155,0.03659415572842931,1.197456902769753
-1.712587760959839,0.03655630348656787,1.2019344119252928
-1.7124933914544749,0.03652821851374376,1.2059257604578104
-1.712531813426015,0.03654669255176604,1.2061395594812332
-1.7125707004831126,0.036565737154333935,1.2065209076080445
-1.7126105853274458,0.03658522975202765,1.2069518674015751
-1.712650904542667,0.036604910166421666,1.207410698462447
-1.7126914432141003,0.03662467608950675,1.2078864592962326
-1.7127321167295462,0.03664448531077913,1.2083735067711132
-1.7127728970850788,0.03666432261719132,1.2088692215873504
-1.7128137772966137,0.036684183281488515,1.2093724865243238
-1.7128547566745864,0.036704065971929295,1.2098828611904857
-1.712874486502925,0.036714181019713375,1.2095209629759673
-1.7128894804312684,0.036721920567919404,1.2088199788741525
-1.712904059934668,0.03672939343983274,1.2080502321369426
-1.7129183937444001,0.03673674337665724,1.2072507035960653
-1.7129326147526025,0.036744059938919646,1.2064389843276835
-1.712946803214663,0.03675139222213154,1.2056228985694502
-1.7129610027729634,0.036758765491291964,1.2048059018366784
-1.7129752356891361,0.036766192173133094,1.2039895106828022
-1.7129895127684067,0.03677367813442388,1.203174386870908
-1.7130038389872133,0.036781226006558164,1.2023608175611764
-1.7130182164588204,0.03678883686565629,1.2015489266120747
-1.7130326279722747,0.03679650162483856,1.2007380397195635
-1.7130470624875769,0.03680421481614548,1.1999277855859447
-1.7130615333742027,0.03681198334343216,1.1991187297069288
-1.7130760478613005,0.03681981088871512,1.1983111701005835
-1.7130906097107734,0.03682769933197579,1.1975052626764557
-1.7131052207711863,0.036835649563792434,1.1967010889111158
