-1.8358715484631054,0.6202807290310371,1.6206084083876262
-1.8356920049197036,0.6203167366998461,1.57204615774692
-1.8353681274596636,0.6203400172642619,1.5941579041811291
-1.8354136254711793,0.6203317347744279,1.5896750933724415
-1.8354377682130236,0.6203295971698634,1.589468528884532
-1.835441486733356,0.6203285812723803,1.5890808532176257
-1.8354382897515629,0.6203281661546216,1.5888180448652873
-1.8354323785378786,0.6203279910527296,1.5886066384254105
-1.8354254552113551,0.6203279112401822,1.5884175227855726
-1.835419614930936,0.6203278452508527,1.5883303375477156
-1.8354172004053697,0.6203277362649411,1.588338139299447
-1.8354155781009207,0.6203275979354547,1.5883726135134133
-1.835414244213014,0.6203274498282879,1.5884188393983287
-1.8354130132457378,0.6203272980063437,1.588470257718431
-1.8354118181627093,0.6203271441664704,1.5885239979703236
-1.835410635074359,0.6203269886866996,1.5885788124309603
-1.8354094556153377,0.6203268315911529,1.5886341619771938
-1.8354082769241358,0.6203266728328748,1.588689815056974
-1.835407098054096,0.6203265123650852,1.5887456729566705
-1.8354059187081302,0.6203263501526627,1.588801694092135
-1.8354047388017436,0.6203261861698215,1.5888578613607005
-1.8354035583163169,0.6203260203963661,1.58891416812016
-1.8354023772518022,0.6203258528150495,1.5889706121885947
-1.8354011956124505,0.6203256834100483,1.589027193285415
-1.835400013402967,0.6203255121661626,1.5890839119424731
-1.8353988306277482,0.6203253390684176,1.5891407690425534
-1.8354117232493545,0.6203275215248217,1.5922213108285324
-1.8354088097060208,0.6203274168792766,1.5923547270675742
-1.8354069231350207,0.6203272021060947,1.5924465491569826
-1.835405461590011,0.6203269401172976,1.5925219478405497
-1.835404178581373,0.6203266567820548,1.5925906668873406
-1.8354029704891301,0.6203263629170271,1.5926567435390875
-1.83540179374898,0.6203260630379194,1.592721851365738
-1.8354006300550374,0.6203257590214619,1.5927866845881322
-1.8353994717221478,0.6203254516392195,1.5928515317446468
-1.8353983155287361,0.6203251412000439,1.592916513410386
-1.8353971601280152,0.6203248278190769,1.5929816806674983
-1.8353960049601814,0.6203245115303234,1.593047055873152
-1.8353948497956074,0.6203241923337353,1.5931126495281749
-1.8353936945431522,0.6203238702148894,1.5931784672527156
-1.8353925391697656,0.6203235451532066,1.593244512669187
-1.8353913836668085,0.6203232171253797,1.593310788593106
-1.8353902280359353,0.6203228861068029,1.5933772975248501
-1.835389072283192,0.6203225520721642,1.5934440418527493
-1.8353879164165543,0.6203222149956905,1.5935110239370789
-1.8353867604448943,0.620321874851246,1.5935782461450376
-1.8353856043775512,0.6203215316123719,1.5936457108653257
-1.8353844482241544,0.6203211852522996,1.5937134205145398
-1.835383291994557,0.620320835743953,1.5937813775401468
-1.8353821356988007,0.6203204830599477,1.5938495844219478
-1.8353809793471094,0.6203201271725867,1.5939180436731237
-1.8353798229498879,0.6203197680538569,1.5939867578409066
-1.835378666517723,0.6203194056754239,1.5940557295072777
-1.8353775100613825,0.6203190400086264,1.5941249612896156
-1.8353763535918282,0.6203186710244722,1.594194455841317
-1.8353751971202064,0.6203182986936324,1.594264215852372
-1.8353740406578622,0.6203179229864362,1.594334244050095
-1.8353728842163415,0.6203175438728644,1.594404543199721
-1.8353717278073907,0.6203171613225451,1.5944751161051383
-1.835370571442967,0.6203167753047477,1.5945459656095085
-1.8353694151352367,0.6203163857883767,1.5946170945959912
-1.8353682588965854,0.6203159927419655,1.5946885059884994
-1.8353671027396197,0.6203155961336713,1.594760202752371
-1.835365946677172,0.6203151959312677,1.594832187895161
-1.8353647907223052,0.6203147921021396,1.5949044644673909
-1.835363634888319,0.6203143846132758,1.594977035563336
-1.8353624791887555,0.6203139734312626,1.595049904321813
-1.8353613236373996,0.6203135585222775,1.5951230739270106
-1.8353601682482923,0.6203131398520815,1.5951965476093228
-1.8353590130357293,0.6203127173860133,1.5952703286462124
-1.8353578580142693,0.6203122910889811,1.5953444203630558
-1.8353567031987403,0.6203118609254556,1.5954188261340576
-1.8353555486042465,0.6203114268594627,1.5954935493831874
-1.8353543942461714,0.6203109888545756,1.5955685935850985
-1.835353240140184,0.6203105468739071,1.595643962266024
-1.8353520863022503,0.6203101008801014,1.595719659004855
-1.8353509327486344,0.6203096508353269,1.5957956874341142
-1.8353497794959082,0.6203091967012669,1.5958720512409275
-1.8353486265609562,0.6203087384391116,1.5959487541681303
-1.8353474739609863,0.620308276009549,1.5960258000153467
-1.835346321713533,0.6203078093727562,1.596103192640028
-1.8353451698364671,0.620307338488391,1.596180935958632
-1.8353440183480054,0.6203068633155819,1.5962590339477853
-1.8353428672667131,0.6203063838129188,1.5963374906453787
-1.8353417166115167,0.6203058999384429,1.5964163101519062
-1.8353405664017115,0.6203054116496383,1.5964954966315807
-1.8353394166569699,0.6203049189034197,1.596575054313684
-1.835338267397349,0.620304421656124,1.5966549874938027
-1.8353371186433016,0.6203039198634986,1.5967353005352234
-1.8353359704156855,0.6203034134806913,1.5968159978702283
-1.8353348227497464,0.6203029024633042,1.5968970858978602
-1.8353336756673257,0.6203023867655315,1.5969785696777357
-1.8353325291802345,0.620301866340008,1.5970604524645153
-1.8353313833087193,0.6203013411390453,1.59714273843823
-1.8353302380752883,0.6203008111144461,1.5972254321612338
-1.8353290935034108,0.6203002762174296,1.597308538407659
-1.835327949617134,0.6202997363985782,1.5973920620895221
-1.8353268064409913,0.6202991916078022,1.5974760082254498
-1.8353256639999989,0.6202986417943147,1.59756038192796
-1.8353245223196717,0.6202980869066118,1.5976451883989888
-1.8353233814260408,0.6202975268924555,1.5977304329290092
-1.8353222413456725,0.6202969616988578,1.5978161208976251
-1.8353211021056843,0.6202963912720664,1.5979022577750266
-1.8353199637337614,0.6202958155575481,1.5979888491236605
-1.8353188262581663,0.6202952344999744,1.5980759006001173
-1.835317689707766,0.6202946480432054,1.5981634179572115
-1.8353165541120333,0.6202940561302736,1.5982514070459115
-1.835315419501071,0.6202934587033675,1.5983398738175962
-1.8353142859056262,0.6202928557038148,1.5984288243261962
-1.8353131533571068,0.6202922470720643,1.5985182647304743
-1.8353120218875985,0.6202916327476695,1.5986082012963299
-1.8353108915298848,0.6202910126692693,1.5986986403992036
-1.8353097623174606,0.6202903867745702,1.5987895885265326
-1.8353086342845568,0.6202897550003261,1.5988810522802275
-1.835307507466155,0.6202891172823204,1.598973038379283
-1.8353063818980118,0.6202884735553437,1.5990655536624523
-1.8353052576166713,0.6202878237531751,1.5991586050909188
-1.835304134659499,0.62028716780856,1.599252199751159
-1.8353030130646935,0.6202865056531885,1.599346344857815
-1.8353018928713147,0.6202858372176737,1.5994410477566383
-1.8353007741193037,0.6202851624315284,1.5995363159275358
-1.835299656849507,0.6202844812231417,1.5996321569877137
-1.835298541103708,0.6202837935197547,1.5997285786949085
-1.8352974269246445,0.6202830992474366,1.5998255889507143
-1.8352963143560406,0.6202823983310577,1.599923195803959
-1.8352952034426298,0.6202816906942659,1.6000214074542012
-1.8352940942301905,0.6202809762594574,1.600120232255401
-1.835292986765568,0.6202802549477507,1.600219678719598
-1.8352918810967087,0.6202795266789578,1.6003197555207036
-1.8352907772726887,0.6202787913715557,1.6004204714985155
-1.8352896753437535,0.6202780489426561,1.6005218356626865
-1.8352885753613417,0.6202772993079753,1.600623857196976
-1.835287477378126,0.6202765423818014,1.6007265454634931
-1.835286381448049,0.6202757780769642,1.6008299100071448
-1.8352852876263561,0.6202750063048004,1.600933960560204
-1.835284195969639,0.6202742269751192,1.6010387070469698
-1.8352831065358728,0.6202734399961678,1.6011441595886786
-1.8352820193844566,0.6202726452745955,1.6012503285084108
-1.8352809345762573,0.6202718427154159,1.601357224336297
-1.835279852173655,0.6202710322219684,1.6014648578148105
-1.8352787722405866,0.6202702136958799,1.601573239904233
-1.8352776948425926,0.6202693870370234,1.6016823817882708
-1.8352766200468689,0.6202685521434763,1.6017922948798984
-1.835275547922313,0.6202677089114776,1.6019029908273195
-1.8352744785395851,0.6202668572353839,1.6020144815202355
-1.8352734119711527,0.6202659970076232,1.6021267790961762
-1.8352723482913542,0.6202651281186492,1.6022398959471031
-1.8352712875764532,0.6202642504568922,1.6023538447261887
-1.8352702299047028,0.6202633639087088,1.6024686383548694
-1.8352691753564072,0.6202624683583319,1.6025842900301677
-1.8352681240139874,0.6202615636878165,1.602700813232041
-1.835267075962049,0.6202606497769864,1.6028182217312719
-1.835266031287452,0.6202597265033776,1.6029365295973705
-1.8352649900793871,0.6202587937421797,1.6030557512068653
-1.8352639524294487,0.6202578513661775,1.6031759012518711
-1.8352629184317126,0.6202568992456885,1.6032969947488502
-1.8352618881905503,0.6202559372490132,1.603419047948429
-1.8352608618376192,0.6202549652435393,1.6035420806322398
-1.8352598394481965,0.6202539830909266,1.6036661063606015
-1.8352588211185679,0.6202529906503468,1.6037911401591205
-1.835257806954302,0.620251987778411,1.603917198208448
-1.8352567970658673,0.6202509743290292,1.6040442974125577
-1.8352557915673258,0.6202499501532632,1.604172455218762
-1.8352547905760395,0.6202489150991976,1.6043016895455298
-1.8352537942126907,0.6202478690118286,1.6044320187581471
-1.8352528026013983,0.6202468117329655,1.6045634616651792
-1.8352518158698434,0.620245743101135,1.6046960375244943
-1.8352508341494178,0.6202446629514864,1.6048297660536586
-1.8352498575753518,0.6202435711156968,1.604964667442421
-1.835248886286862,0.6202424674218736,1.6051007623665243
-1.8352479204272951,0.6202413516944526,1.605238072002268
-1.8352469601442805,0.620240223754096,1.605376618041874
-1.835246005589885,0.6202390834175839,1.6055164227093335
-1.835245056920775,0.6202379304977036,1.605657508776965
-1.8352441142983913,0.6202367648031346,1.6057998995826483
-1.8352431778891205,0.6202355861383297,1.605943619047561
-1.8352422478644836,0.6202343943033921,1.6060886916947397
-1.8352413244013313,0.6202331890939472,1.6062351426683337
-1.8352404076820423,0.6202319703010106,1.6063829977534634
-1.835239497894735,0.620230737710851,1.6065322833970603
-1.8352385952334906,0.6202294911048482,1.606683026729332
-1.8352376998985822,0.6202282302593458,1.60683525558616
-1.8352368120967144,0.6202269549454982,1.6069889985324264
-1.835289759713199,0.6202219207469345,1.6056140481286016
-1.8352903178111295,0.620220114236889,1.605523037557219
-1.8352744698031984,0.6202205323482398,1.6060352490456362
-1.8352672662878156,0.6202199813411823,1.6063274412307256
-1.8352637223774777,0.6202190241742038,1.6065355613256362
-1.835261717319457,0.6202178891947944,1.6067104665039031
-1.8352603630788271,0.6202166714881009,1.6068727886609568
-1.8352592864687636,0.6202154106366266,1.6070308933287505
-1.835258330979378,0.6202141230496276,1.6071882083224425
-1.8352574310825682,0.6202128154418878,1.6073461497844235
-1.835256559446471,0.6202114904712577,1.6075053132881996
-1.8352557047667017,0.6202101490968196,1.6076659603148937
-1.8352548624610936,0.6202087915647603,1.6078282168121174
-1.8352540307671863,0.620207417820149,1.6079921541556503
-1.8352532091072162,0.6202060276787038,1.6081578221265425
-1.8352523974038892,0.6202046208983013,1.6083252623342277
-1.8352515957944657,0.6202031972086395,1.6084945136836917
-1.8352508045115397,0.6202017563234511,1.6086656146110776
