0.6957517877077641,-0.21973825474422534,1.5808500921514874
0.6949113982149389,-0.21974824627915387,1.5752522508793179
0.6939500782519737,-0.2197772543275141,1.5658381620125787
0.6930727631433283,-0.21977424685633276,1.5660901916536547
0.6926527654425954,-0.21975873729302065,1.5735610568289982
0.6923448300205147,-0.21974243963065568,1.592430489276969
0.6912926941441293,-0.21983089230592331,1.568831757919712
0.6910780404458349,-0.2198357052425314,1.5694343032451645
0.6910926547497144,-0.21983905755317543,1.5686478851654957
0.6913591244065407,-0.2198563244243198,1.5642678561905363
0.6915326194913199,-0.21986588391427775,1.5600361673692362
0.6915961761763949,-0.21986509116184327,1.560004374474278
0.6914366085221842,-0.21985881652988382,1.562355736049031
0.6912124937096925,-0.21984330127029472,1.5671081994567506
0.6912006863215224,-0.21983709472656482,1.568267167739567
0.6911937072791858,-0.21983603568515184,1.5681496786664937
0.6911899809293212,-0.2198353166225687,1.5683140491766074
0.6911886684706996,-0.21983495223064786,1.5683963192382222
0.691188063309122,-0.219834782153583,1.568432820033589
0.6911876452097814,-0.21983471481424763,1.5684449414120845
0.6911872659460612,-0.2198347009666758,1.568444313820885
0.691186888054824,-0.21983471472285387,1.5684370889313242
0.6911865048078678,-0.2198347426518101,1.5684264697188997
0.6911861167780168,-0.21983477784043548,1.5684141083631353
0.6911857255480671,-0.21983481674778138,1.568400852258099
0.6911853323394218,-0.2198348575656634,1.5683871344947198
0.6911849379071048,-0.21983489937250422,1.5683731759311916
0.6911845426779304,-0.21983494169918258,1.568359089039387
0.6911841468825692,-0.21983498430709456,1.5683449310447706
0.6911837506425956,-0.2198350270749581,1.568330731046659
0.6911833540211302,-0.21983506994116508,1.5683165038357547
0.6911829570506324,-0.2198351128744472,1.5683022569269742
0.6911825597476736,-0.21983515585895858,1.5682879941365309
0.6911821621206574,-0.21983519888669115,1.5682737174009223
0.6911817641738159,-0.21983524195362053,1.5682594277012638
0.6911813659092437,-0.2198352850577476,1.5682451255331178
0.6911809673279534,-0.2198353281981026,1.5682308111453256
0.691180568430402,-0.21983537137423906,1.5682164846613664
0.6911801692167734,-0.21983541458597683,1.5682021461410787
0.6911797696871027,-0.21983545783327174,1.5681877956118664
0.691179369841355,-0.21983550111614916,1.568173433084703
0.6911789696794629,-0.21983554443466993,1.5681590585622587
0.6911740982598762,-0.2201657465147202,1.3741607632203183
0.6902290537090713,-0.22003516134832568,1.3758175456433797
0.6907727849676881,-0.2201335985850274,1.3929421748414426
0.6899942179771694,-0.2200069719816966,1.3881470397365172
0.6906326571236392,-0.22007145641933565,1.3910192994246178
0.6906221213368833,-0.2200372728620959,1.3907290511295085
0.6906180397317241,-0.21999594857920374,1.3924948280136347
0.6904945699190927,-0.21992933961644115,1.3972500504072018
0.6901174270418752,-0.2198599664920279,1.394791459868145
0.6900998475338683,-0.21987666108986845,1.3967161228850729
0.6898679868666295,-0.22012984130142882,1.194961683641854
0.6894863921699813,-0.2200576150825096,1.1755517058617404
0.6896930685516376,-0.2201243672637104,1.1857366534485507
0.6899051164236559,-0.22021143291348458,1.1971323427766873
0.6900231044893235,-0.2202409059355321,1.2049862722543612
0.6895581155554166,-0.22052639430944615,1.004696209659018
0.6898253029157,-0.22063729176976482,0.9804022106572939
0.6902638977989936,-0.220847933095279,0.9809588614556165
0.6902639687886316,-0.22086040334304918,0.9793790882373091
0.6902896517440295,-0.22089089381033877,0.977871876473317
0.6903243530753422,-0.22092750860591517,0.9764642406157372
0.690362029984687,-0.220965917321324,0.9751104203775657
0.6904011420272553,-0.2210051610436443,0.9737970381735427
0.6904410030263386,-0.221044841561578,0.9725099176099766
0.6907917500421475,-0.221299098511595,0.9649492454903231
0.6903798305922901,-0.22140657543385614,0.7708071271706647
0.689210076104162,-0.22015812087913056,0.7710403968736248
0.6886304119082948,-0.21992630579115421,0.5993187111097866
0.6882520237599747,-0.21946918904486595,0.4138062604179091
0.6880452985934642,-0.21925636473777485,0.22622967548324982
0.6879284227633233,-0.21813888941955456,0.2343200637283951
0.6880185213714873,-0.21876884043477485,0.2343648693028243
0.688009616225298,-0.2184179892918667,0.2464924361513472
0.688087103316836,-0.21881181611687464,0.23708296309088325
0.68807147620514,-0.21850444436829444,0.24921281513410645
0.6881696528204928,-0.21892655502968272,0.2412684684649659
0.6881865978881051,-0.2188726072315912,0.25420258061655254
0.6881955758149125,-0.21900287508139804,0.24596382104515016
0.6881772606442246,-0.2189604322679337,0.24767757218870326
0.6881613849147894,-0.21892073474564785,0.25015693057387006
0.6881474437128339,-0.21888501178287056,0.25299738774670594
0.6877646211177254,-0.21867611359198175,0.0707636164920725
0.6877487527554009,-0.21900910971917562,0.0592854909335724
0.6877408930100147,-0.21931165355856916,0.05505259730828376
0.6872972976041388,-0.21913727203962657,-0.1470468015008337
0.6866105450254756,-0.21925234042671216,-0.3513148806698051
0.6864692980639395,-0.21905393585318841,-0.5548116842847529
0.6862372292792275,-0.21861261235552618,-0.7748531529083461
0.6859467974443139,-0.21828353376034304,-0.9855519969595002
0.6864520866882976,-0.21779975238931468,-1.1838341701469484
0.686059207453836,-0.21793671804231807,-1.1994508925066543
0.6862834402814143,-0.21783465252069195,-1.209572169637188
0.686301566013887,-0.21783311069154945,-1.2132397139523339
0.6869364150479971,-0.21739135027544595,-1.4065434753744828
0.6867293158664122,-0.21707042454364484,-1.5926459236356114
0.6864188021080023,-0.21707953712878825,-1.5791374792816122
0.6863857293138601,-0.21672336512958007,-1.7756941073956416
0.6870167816936985,-0.21640891270909088,-2.0011139238368236
0.6878055285122596,-0.21640673766495772,-2.223279506841079
0.6881058688995144,-0.21652117980616556,-2.2311002251224354
0.688132445551109,-0.21597018722378208,-2.422331823330709
0.6886098311455369,-0.21656895119476932,-2.4194335869557833
0.6887378537719375,-0.21631440915550154,-2.612512108494188
0.6890086782944956,-0.2167459580129408,-2.6171134966628467
0.6888889632024949,-0.21655344295457585,-2.609478515114196
0.6896096325498974,-0.21736307334164243,-2.799494445255224
0.6900113049176222,-0.21711562039657945,-2.9835773459555757
0.6904421572044263,-0.21725162813591362,3.098459661427842
0.6908955109776179,-0.21692451221330372,2.91171073859477
0.69112916721314,-0.21731100110187973,2.703470912186428
0.6916106932339762,-0.2175118069224294,2.4719926671733266
0.6915848106934008,-0.2175084090191076,2.4461131357465136
0.6914979967101327,-0.21810205260411933,2.2360252341683844
0.6904486991754117,-0.21900375440831438,2.2279726372905237
0.6908089510406291,-0.21874768200564543,2.222381097296145
0.6908136529141453,-0.21873058777572513,2.224733619140289
0.6908346702984158,-0.2187092914055119,2.223520995747244
0.6908654846354453,-0.21868022916049606,2.222513826782558
0.6909100985092195,-0.21863913456135126,2.2221255761476963
0.6909796902415372,-0.21857700080428474,2.222962806682747
0.6910509487158102,-0.2185140223595639,2.2238915353766195
0.6910517359866954,-0.21887325906063135,2.016026889809301
0.6900473823670827,-0.21943905784231016,1.8207122897583206
0.6902916085612778,-0.21938791514499387,1.6338916514548647
0.6906343360867598,-0.2197096767433512,1.4327699186045515
0.6901453241133175,-0.2196531655113036,1.4360219179963132
0.6900159156218432,-0.2199831810222752,1.2288724270724938
0.6903987877150837,-0.22002626877388975,1.2040099145617638
0.6900581665179579,-0.2198209779008705,1.2369838727662932
0.6900029243409131,-0.21981759223452918,1.242862560084418
0.6902163601056251,-0.21986828206202913,1.2502719201173782
0.6898468912747446,-0.22025206976679593,1.0652435510116494
0.6893550511995632,-0.22027610219539323,1.0365260927213062
0.6892056838146832,-0.2206903440929909,0.8579549319844055
0.6886335228602303,-0.2207516662992863,0.6615783798671996
0.688129341508973,-0.22052326419347085,0.4811159845299133
0.6875334240534126,-0.22024628876383157,0.27342821001040046
0.6871760558356482,-0.22003010672479184,0.0667764687661682
0.6868022525183177,-0.22026058424601297,-0.13736917062895604
0.6868094216766345,-0.21999724857417002,-0.1528203304463683
0.6866445426724199,-0.21993634284784933,-0.37711352426006606
0.6869433755579202,-0.21896164887838002,-0.39265480785022205
0.6869069397421769,-0.2191846602413885,-0.3806090423210549
0.6868677977235501,-0.2192366754463182,-0.3852674081993381
0.6868724749182971,-0.21925783451627787,-0.3780168582176255
0.6868639963694957,-0.21926135779110228,-0.3800202744470817
0.68685212196517,-0.21927061769210393,-0.3824349720877187
0.6868389855431828,-0.21928198510932304,-0.38499659709925504
0.686825409316383,-0.21929412492348427,-0.38759512904271826
0.6868116971426621,-0.2193065287492034,-0.3901941523201494
0.6867979616012717,-0.2193190027086408,-0.3927818380165544
0.6867842444968795,-0.21933147278750895,-0.39535447162535675
0.686848241029807,-0.21920530687867665,-0.3915749481579875
0.6869537140957751,-0.21898994010082967,-0.38421542446417145
0.6870646060834616,-0.21875781004975212,-0.3763695109467841
0.687066534479402,-0.21878807780991635,-0.37900124950870134
0.6870874891333222,-0.21875428087592091,-0.3788110432860422
0.6871054679538123,-0.21873093690592565,-0.37877592589424325
0.6871237509729197,-0.21870658516797478,-0.3786406098589271
0.6871421344260884,-0.21868192970995648,-0.3784717306011283
0.6871605399102595,-0.2186571813741849,-0.3782917668378006
0.6871789411971961,-0.21863241098594652,-0.3781084974907683
0.6871951135097994,-0.21858995363641695,-0.37855558030858544
0.6872909992110994,-0.21821759607720875,-0.3891463177569066
0.6873267081159544,-0.21814346399122814,-0.38478735281287735
0.6873108526211,-0.21824433393087161,-0.37086871233754726
0.6872298551693419,-0.21832436932865087,-0.3798146587281876
0.6874333483826035,-0.21789936654712955,-0.3645622328050481
0.6874738109802773,-0.21787382246703166,-0.3665777005218
0.6876039638347006,-0.21764099027982428,-0.3584121475534079
0.6876364489697778,-0.2175896380740571,-0.3585465101492855
0.687665965697701,-0.2175461527315936,-0.3584543493350929
0.6876945419218619,-0.21750522231368352,-0.35829894925151234
0.6877227172538201,-0.21746534592948566,-0.3581195826999623
0.6877507116938335,-0.21742591208825293,-0.35793164232172764
0.6875814378635502,-0.21715864293223458,-0.5292778343154481
0.6882118101491109,-0.2159284093161977,-0.5522641319962709
0.6883244023007556,-0.21561547807330605,-0.5395826735034146
0.6885610566752867,-0.21534640431847613,-0.5325808745125555
0.6885081170902557,-0.2154239512999689,-0.5347737723838751
0.6883173895222114,-0.2157781440914955,-0.5473200087883936
0.6880850873321749,-0.2161892700991909,-0.5651308690735104
0.6882588022694861,-0.21593279399910015,-0.5574449508852117
0.6882365334166705,-0.2159575240276399,-0.5580785122819146
0.688204291791028,-0.21601742310559705,-0.5571751432836457
0.6881985421103991,-0.21601833619631242,-0.5580257906302317
0.6881715434229517,-0.2160636830506702,-0.5574534608577665
0.6881508652239801,-0.2161076411647784,-0.5568818488285621
0.6881922805924154,-0.21602475511215805,-0.5613460205173634
0.6882194791635761,-0.21596574188384862,-0.5653463676848279
0.6882465459974154,-0.21590724471717626,-0.5691584696935585
0.6880871610459618,-0.21619736134886908,-0.5592752221687699
0.6880509133450983,-0.21622419241944485,-0.5583340570095167
0.6880465608819065,-0.21618348062723972,-0.5604351004891335
0.6879625924546647,-0.2162596035117312,-0.5572920363405597
0.6878702746395128,-0.21639351169638882,-0.552710177059729
0.6877952731058907,-0.21652826042094417,-0.5488177024037435
0.687743825497159,-0.21664304760545244,-0.546143052183985
0.6876780780243406,-0.2167951041804521,-0.5431653632038276
