-0.13186241943702795,-1.2979393988716692,1.6210194695480928
-0.13215015782169523,-1.2978982128835217,1.5833055163820586
-0.13238561072379426,-1.2978998013960112,1.5821099428284278
-0.13282265609226052,-1.2979243155712408,1.5766474035470117
-0.13340408668577014,-1.2979824703620366,1.5616449503045986
-0.13358490803997075,-1.2980116235623316,1.5548251727151101
-0.13348452727880922,-1.2980032245140936,1.5585580924996933
-0.13361488315538467,-1.2980197687662118,1.5531607095912834
-0.13364815587804213,-1.2980258047334952,1.552386682336385
-0.1336577417976453,-1.2980294016327665,1.5515056127173517
-0.13366043444842676,-1.298031266365464,1.5510902273810847
-0.13366119231231605,-1.2980323135973058,1.5508890012953729
-0.13366148326813262,-1.2980329810266367,1.550785074402685
-0.1336617002233129,-1.2980334761900054,1.5507246232913205
-0.13366192603737867,-1.298033893875378,1.5506836409799751
-0.1336621682701735,-1.2980342770956215,1.550651395210062
-0.13366242100600095,-1.2980346453163738,1.5506230789754463
-0.13366267869285126,-1.298035007332081,1.550596535966929
-0.13366293793994716,-1.298035367111916,1.5505707978901122
-0.13366319694504622,-1.2980357264463505,1.5505454296358498
-0.13366345480985686,-1.2980360861430962,1.5505202356184995
-0.13366371110077802,-1.2980364465668603,1.550495127923028
-0.13366396561105395,-1.2980368078827442,1.550470067055612
-0.13366421824143998,-1.2980371701659381,1.550445035304354
-0.13366446894275125,-1.2980375334511396,1.5504200247578863
-0.13366471768884353,-1.2980378977548093,1.5503950319148776
-0.13366562447279212,-1.2980434935942509,1.5471654597019269
-0.13366418604121266,-1.2980448719765427,1.546934995773075
-0.1336633167701815,-1.2980457542760377,1.5468310686260682
-0.13366282109051048,-1.2980464222006793,1.5467755293360346
-0.13366248998504215,-1.2980470025218198,1.5467402945952236
-0.13366223598854593,-1.2980475432470506,1.5467145170912704
-0.1336620174816959,-1.298048066509953,1.5466930341202931
-0.13366181430005689,-1.2980485823441963,1.5466735129352354
-0.1336616169115281,-1.2980490952999921,1.5466548979777466
-0.13366142087740435,-1.298049607441316,1.5466367110961263
-0.1336612241497471,-1.2980501197044039,1.5466187355542742
-0.13366102578892244,-1.298050632513828,1.5466008730775964
-0.13366082536511106,-1.2980511460619766,1.5465830791039465
-0.13366062268188608,-1.298051660435865,1.5465653334341098
-0.13366041764934894,-1.2980521756746806,1.5465476269219658
-0.1336602102261257,-1.2980526917959019,1.5465299554364014
-0.13366000039295337,-1.2980532088071486,1.5465123171222348
-0.13365978814061547,-1.2980537267115617,1.5464947111565452
-0.13365957346448754,-1.2980542455102475,1.5464771371850348
-0.13365935636204157,-1.2980547652033823,1.546459595065573
-0.13365913683171363,-1.2980552857907182,1.546442084752183
-0.13365891487239787,-1.2980558072718102,1.5464246062423619
-0.13365869048320891,-1.29805632964612,1.546407159553019
-0.13365846366337616,-1.2980568529130645,1.5463897447096802
-0.1336582344121971,-1.2980573770720336,1.5463723617414855
-0.13365800272901215,-1.298057902122404,1.5463550106790653
-0.13365776861320136,-1.2980584280635408,1.546337691553362
-0.1336575320641736,-1.2980589548948012,1.5463204043954297
-0.1336572930813652,-1.2980594826155347,1.5463031492359227
-0.1336570516642458,-1.2980600112250824,1.5462859261051967
-0.13365680781230632,-1.29806054072278,1.5462687350331306
-0.13365656152506786,-1.2980610711079559,1.5462515760493438
-0.13365631280208076,-1.2980616023799314,1.5462344491828866
-0.1336560616429186,-1.2980621345380208,1.5462173544624087
-0.1336558080471843,-1.2980626675815314,1.5462002919161604
-0.1336555520145099,-1.2980632015097646,1.5461832615719178
-0.13353737061038057,-1.2984377388640258,1.365143024721952
-0.13288756883808187,-1.29851433733482,1.366407791792606
-0.13210364228562768,-1.2986539198900338,1.365049365503989
-0.1317045742619186,-1.2987534873046445,1.3615851938456736
-0.13213972365505144,-1.2986786948112243,1.370599971923975
-0.13216904348947678,-1.2989594104364153,1.1797538632885771
-0.13212076293043626,-1.2994639790730307,0.953232711363713
-0.13170810771205205,-1.2997808958182322,0.9252747358519205
-0.13221614178488456,-1.2998821303834243,0.6954862887549967
-0.1325486475234901,-1.2995045264662652,0.6836353958605337
-0.13295499684767215,-1.2994345322197263,0.4827676414158575
-0.13300439716937104,-1.2993241155162167,0.4348866511633052
-0.13304471339388863,-1.2992169302390109,0.4430620202327638
-0.13290486914458496,-1.2996682610682306,0.4371798221448655
-0.13318835727416453,-1.3001270313290096,0.24186241743795509
-0.13331758695032153,-1.2990840719898038,0.24727200181325873
-0.13339172330664875,-1.2987347429295495,0.23469406876657858
-0.1334749423792523,-1.2982545960464094,0.22035010049047912
-0.1337248807233457,-1.298101246013164,0.044269323476596255
-0.1341429047170132,-1.2981687648309694,-0.1609524051592785
-0.1340421605128024,-1.297725625880919,-0.14518919233511843
-0.13441436747502106,-1.2972480368230224,-0.335836461693358
-0.1346378578190815,-1.2970913357373621,-0.5514001918645337
-0.13435150735408757,-1.29619107908866,-0.7250497365736919
-0.13396315626713215,-1.2957902062043474,-0.7262754424190653
-0.13346320846976661,-1.2949105035526691,-0.9115640799578348
-0.13349820894307476,-1.2945472658560433,-1.1200651416316723
-0.13394995183577507,-1.2945353183518946,-1.1558926981882758
-0.134011120634762,-1.2942041891739207,-1.3320959318793997
-0.13385039138289598,-1.2936904829221425,-1.5307357890627984
-0.13365122130005308,-1.2932934427492249,-1.7374692673596346
-0.13474072560894618,-1.2931143611266733,-1.742532110326678
-0.13462621699500155,-1.2931418591957635,-1.7377375686245835
-0.1346197095376287,-1.29313119286837,-1.7407045410526745
-0.13461400145238903,-1.2931184257158674,-1.7445514811142202
-0.1346081596313881,-1.2931046207387435,-1.748889268831996
-0.1342751786695251,-1.2928386026628147,-1.9100317534802331
-0.13496882752628958,-1.2926966317280615,-1.904212859287475
-0.13484450122990813,-1.2921122557771014,-2.0925990332700652
-0.1352788714318371,-1.291811994652754,-2.092774954887093
-0.13490528703210505,-1.2920296371806959,-2.0978602229464762
-0.13419284024351175,-1.292250033724743,-2.292049111281613
-0.13394182684006564,-1.2918694959631822,-2.5002430498475627
-0.13405261446029937,-1.2914125209629308,-2.5401548994982117
-0.1335258482956656,-1.2918498108476972,-2.7486005161514044
-0.13287623114909639,-1.2924942259438172,-2.9678029254163367
-0.13250489156003012,-1.292515363161387,3.115747246429892
-0.1322039127832546,-1.292618650431438,2.9087321504572543
-0.13195631987887918,-1.293281847184201,2.698251252043838
-0.1315967451779201,-1.2937737802644078,2.4790784988518064
-0.13164995207791558,-1.2938029508784883,2.485275321581218
-0.13156218170851214,-1.2935669266191365,2.494864538500057
-0.1313869778682213,-1.2932861057907494,2.5077057447231197
-0.13043856337786977,-1.2925569436129043,2.3429817751202773
-0.13094033099299884,-1.2930918301217613,2.3422548894505364
-0.13106774142206742,-1.293193299117887,2.351734013193664
-0.1311362568402075,-1.2932531671943348,2.3553688192832167
-0.13164635079863193,-1.2940002267119564,2.1693040975401168
-0.13184352059479149,-1.2941995433552784,2.1533688399563338
-0.13175260823383633,-1.2941200844186185,2.1633845575632247
-0.13178178241626334,-1.2941426014488886,2.1647155307772765
-0.13192706397315468,-1.294654287283429,1.9629797604941917
-0.13242021404761498,-1.2950570512453319,1.7714902849188345
-0.13173915418570403,-1.2949706124037692,1.7754602010652525
-0.13166800867843345,-1.2956100393565435,1.5885512012480743
-0.1309698266074344,-1.2956333727319749,1.591846328112707
-0.13078871689807245,-1.295640915448069,1.5970175063360341
-0.13082304761225372,-1.295645845834894,1.594414462456449
-0.13085249730946638,-1.2959113017378838,1.406992196375926
-0.13105905775142124,-1.2959695003816516,1.3780670501845973
-0.13062917612701422,-1.2959937805866704,1.371340570360371
-0.13070818841759685,-1.2959685481689691,1.3751335317758655
-0.13075616119789057,-1.29595895817038,1.3766286737993014
-0.1307420373710175,-1.2959703983279072,1.375315368360789
-0.13072157403616402,-1.295984733519283,1.373336903986619
-0.13070039253749233,-1.2959998689313381,1.3710478243690953
-0.13067986191052527,-1.2960151820528079,1.3685936286357896
-0.13066010174669176,-1.2960305218899144,1.366037837195982
-0.13064094657263572,-1.296045873447602,1.363410316450607
-0.13054906508969183,-1.2960493948340375,1.3633335290501145
-0.13072516928989153,-1.2959981048215083,1.367466949709166
-0.1308931821833911,-1.2959490801923876,1.3714622217937158
-0.1309561765022375,-1.2959203904930612,1.3734437412760314
-0.13116723196838534,-1.2958641001536109,1.3787392870328856
-0.13138088294992323,-1.295809438363868,1.3839313367469535
-0.1314871071402369,-1.2958036856732444,1.380482346222343
-0.13149209744473492,-1.2957967938289996,1.3839629517751044
-0.13149504887783098,-1.2958030320641198,1.3817324492589946
-0.13148917688655096,-1.29581137556235,1.3797471931174001
-0.13146863646912485,-1.2958213145518662,1.3784897382159162
-0.13145674654886108,-1.2958297191529007,1.3769150157468442
-0.13144966673377032,-1.2958373145920516,1.375139275972572
-0.1314451313366266,-1.2958445089052115,1.3732321882139742
-0.13144204183920138,-1.2958514640938623,1.371237219030596
-0.13144016631627425,-1.295858253027226,1.3691693179313105
-0.1314389806958225,-1.2958649787778274,1.3670425603086613
-0.13146891554816895,-1.295857974981917,1.3661709286651713
-0.1316890133021578,-1.2958181022908495,1.3693729080500388
-0.13163002731647433,-1.29584114611266,1.367615877784173
-0.13159351658965807,-1.2958601855322196,1.365480300858959
-0.13156524127306032,-1.2958774549325331,1.363140736208544
-0.1315414565744698,-1.2958938241496167,1.3606567429958583
-0.13147254010970125,-1.295889301977711,1.3588850792544185
-0.13151568877532854,-1.2958654543241945,1.3591468379639462
-0.13156224522939253,-1.2958405052729942,1.3597565810492667
-0.1316096384800727,-1.2958153041657299,1.3605283805839732
-0.1316569271376453,-1.2957901836327523,1.361375022437467
-0.13170381387537342,-1.2957652639114792,1.3622551599970139
-0.13175023792863286,-1.2957405817867118,1.3631488770922022
-0.13265079268922436,-1.295527077294032,1.3772713196711086
-0.13200528428161712,-1.2956371329892535,1.3680181813685388
-0.13248609899543748,-1.2955150806114917,1.3809163930030008
-0.13206888835553596,-1.295584955384114,1.36580622302838
-0.13249516289378577,-1.2954757215139392,1.37526587959571
-0.13217018427264118,-1.2955239781558507,1.3623248715979104
-0.13254618055747025,-1.2954328484534434,1.3697565077235383
-0.13259150701333258,-1.2954166488950822,1.362979573739334
-0.1328004931659449,-1.2953566289628597,1.3721732373459392
-0.13286045674849298,-1.2953473244635092,1.373601999425565
-0.13282515511351814,-1.2953662344685355,1.3712408407096612
-0.13279853340070094,-1.2953830138197955,1.3688385808621872
-0.1327760155664813,-1.2953988952417728,1.3663644745396468
-0.1327555556841813,-1.2954144029658936,1.3638208254752826
-0.13273619508963694,-1.2954297687870786,1.3612168070014135
-0.13279829123307232,-1.2954169648068539,1.3615154874129427
-0.13305185025368452,-1.2953477464150585,1.3682547763358994
-0.13330897260117805,-1.295318341801773,1.365421623591609
-0.13317305707482296,-1.2953479969993849,1.365394541012443
-0.13312219615208015,-1.2953657678759412,1.3641116007561738
-0.1330982240274598,-1.2953778473082935,1.362431057788823
-0.13308545851712217,-1.295387387399318,1.3605136283891217
-0.13307837008814422,-1.2953957094230117,1.3584267889132817
-0.1330741476821993,-1.2954033981390887,1.3562271896433
-0.13307199510929238,-1.295410681326118,1.3539404119571197
-0.13307098964091255,-1.295417758761205,1.3515885492843644
-0.1330706693301317,-1.2954247256792124,1.3491860345322078
-0.13307078839672823,-1.295431629322343,1.346741877416955
-0.1333287214818284,-1.29537663076736,1.34954311797067
-0.1332877922236987,-1.295392699662105,1.3493580892172352
