0.9771896500529735,0.9473130734923778,1.621631477589078
0.97743599488271,0.9474107025629076,1.5745758210964453
0.9778601788319896,0.947417800357973,1.591460648933028
0.9777870767848059,0.9474093533828983,1.5884223687262864
0.9777569751006442,0.9474065016140331,1.5879122993879864
0.9777458565179956,0.9474059214803534,1.588264376427505
0.9777385535084948,0.9474047008221519,1.5877619900580835
0.97773705250769,0.947405009063341,1.588357065368973
0.9777435895313125,0.947404446723607,1.587774438064907
0.9777421982337176,0.9474047563565167,1.5884476044029727
0.9777435426897774,0.9474041756141344,1.5879514580521636
0.9777432746186594,0.9474044778061005,1.588586420758138
0.9777463148049237,0.9474039173875891,1.5880443196256029
0.9777460830117547,0.9474042119523333,1.5886756710659218
0.9777525074249876,0.947403633193207,1.5880695007479597
0.9777460963135863,0.9474039355930277,1.588819495224458
0.9777521872674946,0.9474033798319363,1.5882133342700022
0.9777491041976991,0.9474036711684637,1.5889016315809783
0.9777578714048847,0.9474031704961106,1.5882575431627997
0.9777612793752164,0.947402980203521,1.5882449182800311
0.977753260770807,0.9474032345485849,1.589025975907652
0.9777614227934527,0.94740274392208,1.5883873184542843
0.9777631981470399,0.9474025676374654,1.5884173994923085
0.9777649588877075,0.9474024434533164,1.5884487480907996
0.9777644234791891,0.9474022498084794,1.5885262130218452
0.9777663383600834,0.9474021327804121,1.5885595282799692
0.9777531892595482,0.9474042922037047,1.5916050023650439
0.9777543142110383,0.9474041331879313,1.591762182772908
0.9777555130308486,0.9474039276172161,1.5918609998059665
0.9777567117620125,0.9474036997830678,1.591935147814099
0.9777579154430558,0.9474034593757504,1.5919983088114538
0.9777590861917773,0.9474032114618808,1.5920576240978672
0.9777602755636856,0.947402962147685,1.5921141324886958
0.9777614376964381,0.947402705403633,1.592171037512791
0.9777625180614895,0.947402444212253,1.5922302217859015
0.9777636682018023,0.9474021835605003,1.5922873898503285
0.9780651670093575,0.9471136641647852,1.4278635053458888
0.9779311919863596,0.9471245054763449,1.416539078050673
0.9774542308269154,0.9468119153610809,1.225130657610291
0.9769725739655012,0.9465290455434526,1.018996308006992
0.9768716698693304,0.946537134255615,1.0086132081749308
0.9768887555107835,0.9465536767041175,1.026250635509705
0.9770884345169815,0.9464734389932797,1.038024950577644
0.9773548943803332,0.9462736077002821,1.0554692009371014
0.9765150885995665,0.9466370480426691,1.0461258388570513
0.9760135556280672,0.94685429892648,1.0331512956476896
0.9759772734858382,0.9468747786935655,1.0342013400987722
0.9760112369363024,0.9468457166878695,1.032772805644934
0.9760192144139096,0.9468338798691964,1.0317898635977238
0.9755815084366662,0.9468315050316262,0.8638748049412899
0.9750325260684459,0.9469144572938661,0.6508167471897949
0.9749647449203499,0.9468809690968115,0.6338331722138019
0.9748566764063408,0.9468702809146226,0.6014445808740743
0.9746533041350178,0.9471209076885118,0.5874911433842581
0.9747554279694671,0.9469888371867097,0.5922128296395229
0.9748024089144327,0.9469289635861559,0.5941676837032236
0.9748307744565582,0.9468931120420669,0.5952157799052185
0.9745797608244705,0.9472226141344128,0.582633309135698
0.9747006555403664,0.9470628110004454,0.5881105226216431
0.9747522167051865,0.9469955307968626,0.5901906490348092
0.9741079044906962,0.9474698065966085,0.40314322549031206
0.9739152778025703,0.9486308734464024,0.3888120604774552
0.9736101853365866,0.9489732787355346,0.2045538638063817
0.9735641678955502,0.9491584056802721,0.20326747844697035
0.973225428523829,0.9493056577226111,0.008054590758062514
0.9728866675765191,0.948943635217255,-0.16702147309315613
0.9724242345652301,0.9491355799818223,-0.3794867338788464
0.9725972466074653,0.9502878145702482,-0.5536947550155225
0.972140938965508,0.9504901778394315,-0.7414409017157817
0.9717195254341395,0.9506626001794286,-0.9249597553112946
0.9711181206982831,0.9502633755601951,-0.9309432285613484
0.9710426600214701,0.9506008116001989,-1.1212190601961596
0.9707948589565528,0.9509569190647014,-1.3009690038325084
0.9706587023508506,0.9509795596054589,-1.3307451689784366
0.9703635056757497,0.9509361442030525,-1.3467463867416491
0.9703533813806705,0.9509356221151781,-1.3455310271061527
0.9706470887604159,0.951362688198201,-1.5455995193106027
0.9703662070259825,0.9513811234122549,-1.5554803378464663
0.970256271307519,0.9513736134654218,-1.5548652209842677
0.9702149236365124,0.9513710260434783,-1.554754400787299
0.970004123065915,0.9517390994190316,-1.7330819658988588
0.9699961384185763,0.9519893610904934,-1.9520875173740662
0.9700942945764469,0.9523498314426277,-2.1486285949369694
0.9698858209847067,0.9523525078614353,-2.1680972751443126
0.969246965520207,0.9527553049206097,-2.1608939924948545
0.9692401992558588,0.9527716268550361,-2.1622900964876495
0.969212624453178,0.9528032200278731,-2.1637115754041867
0.969177774408135,0.9528396627627498,-2.1650776792696678
0.9691402688443337,0.952877725562297,-2.16640032204592
0.9691014918478821,0.9529165385448779,-2.1676891257618767
0.9697611415764956,0.9527749354471127,-2.361628803824105
0.9701635762369438,0.9528940032566899,-2.5396465501679772
0.9702015838603872,0.9530914512338152,-2.7271515780006967
0.9701677989437596,0.9534466403202427,-2.730373822849516
0.9705680691550447,0.9531196831901546,-2.9101472092045197
0.9708469983152717,0.9519544224955013,-2.9299292229797427
0.9711667333696669,0.9516553797877609,-3.1183439222838514
0.971590970811267,0.9516595653782837,2.955820897912171
0.9718095130336506,0.9508421067783391,2.7568868659977617
0.9716136640963353,0.9501417486001222,2.5722155014388424
0.9715942399229575,0.9498673855892745,2.547714880617481
0.9718574053713627,0.9496467710066384,2.362204656164188
0.972290623291573,0.9500685266194292,2.3692131905001923
0.9721658094466001,0.9499468341974671,2.3728189022497737
0.9721011553743287,0.9498842639471516,2.376140782774443
0.9720542354280293,0.9498402417434655,2.379366366971085
0.9720605230384151,0.9498461227072211,2.380459914183686
0.9723597963363123,0.9501149234796269,2.367033457375805
0.9727016755949889,0.9504054553756606,2.3506725918691638
0.972881141431129,0.9505589990211483,2.342980265943154
0.9732102398344541,0.9508351837696296,2.3286140268751954
0.9734099904418966,0.9509983036380905,2.3204783922642815
0.9736776180764845,0.9512171878489207,2.3094301733571596
0.9735966759053455,0.9509342982972029,2.1302672053526517
0.9732377003904892,0.9507073217073295,2.113245382726249
0.9726049078992568,0.9500425182050011,1.9387159823923412
0.9721044181007065,0.9497081737385404,1.8984287656442544
0.9723075551837298,0.9497392616135459,1.905040521321544
0.9721977061918444,0.949670225489354,1.9075116325137502
0.971956840267427,0.9493528965829038,1.7332574743278484
0.9717839066141788,0.9493096570556961,1.7294770299198594
0.9714834843052232,0.9493271247892651,1.740439045123364
0.9710875013514554,0.9493154737645911,1.7452860617423622
0.9711038044268966,0.9493207752625378,1.7463179507282118
0.9711182172200417,0.9493253832547859,1.7472369994061197
0.9711330499436819,0.9493299027445599,1.7480760479760158
0.9711482345565601,0.9493343307005885,1.7488400761605853
0.9711637247245116,0.949338670461754,1.749534839887391
0.9707696624594652,0.9489790193586564,1.5724875792275776
0.9707434046444527,0.9484694645864357,1.364175432628067
0.9711533715150896,0.9478154499766439,1.158202817609473
0.9702666559437806,0.9481006501004293,1.140418206057917
0.9697319606837896,0.9483302688973527,1.1373201359225498
0.969473167105194,0.9482551072565604,0.9548574061092838
0.9698833974710424,0.9480542650754796,0.9621328083446461
0.9704623661812573,0.9476327713615795,0.9387460136697336
0.9706678163693546,0.9474367569536004,0.9244168683669334
0.9707186192866625,0.9473860110663982,0.9223207895425382
0.9709064293727135,0.9472138660675101,0.9136856979927219
0.9709506116443003,0.9471626307670968,0.910598115151657
0.9708655668093535,0.9467400362647163,0.738473501944713
0.9705323310482721,0.9470048030382298,0.7231873214765718
0.9702670481497133,0.9473262327197136,0.7196813792687151
0.9693305758858628,0.9484935357917207,0.7415226313135641
0.9690837513428294,0.9487600938483024,0.7439487345680414
0.9691778472249419,0.948668872809208,0.7490603256530048
0.9689539975162047,0.9488786164627843,0.7382955004866939
0.9690489133886959,0.9487671879961966,0.7372601731016524
0.9692653498335159,0.9485092522890434,0.7308010731685373
0.9690545252704618,0.9487436811892198,0.7384739423883333
0.9688581404779004,0.948955060940355,0.7387399590861782
0.9687335712215942,0.9491340763973916,0.7525452334354437
0.9690775449451298,0.9487795562547509,0.7572147599949879
0.9687673170284303,0.9491171000406244,0.758410558616316
0.9690313558881312,0.9487966315639346,0.7497444050002309
0.9688937134232978,0.9489862353410989,0.7662649378922566
0.9689266199194266,0.9489161367069888,0.7489344699948545
0.968757498225273,0.9491129768660757,0.7553479145443306
0.9689407601219744,0.9488913410130564,0.7451761005661943
0.9688516984350123,0.9489690990690068,0.7403131496115011
0.9689696696362813,0.9489138340001851,0.7651951250683457
0.9686667437560462,0.9492216141432523,0.7633117250790683
0.9685748283409947,0.9493185562684834,0.7648592973749252
0.968737597043253,0.9491242354690059,0.758003134148041
0.9688854236393178,0.9489700982864561,0.758184125141912
0.9689034250424902,0.9489419377844305,0.759920443058191
0.9689938058750169,0.9488593228608051,0.7653205015114307
0.9689937740847011,0.9488404298258043,0.7592797830262701
0.9686278596617767,0.9492194037120076,0.7524574052119345
0.9688660897004653,0.9489580028132245,0.7506703647139835
0.9688250416611653,0.9489827837181734,0.7441017839355228
0.9688649648343274,0.9489616049404072,0.7522270401550011
0.9688096973455572,0.9490644410530016,0.7664651398837034
0.9686880897300584,0.949192175013645,0.7693494174584952
0.9686076564031599,0.9492692175839459,0.7685468595922674
0.9688254922723513,0.9490084028173781,0.7585411805852816
0.9688891857207561,0.9489679129878202,0.7683575529380804
0.9687041345752584,0.9491577761307027,0.7691069373682269
0.9685156100964758,0.9493303136737166,0.7610854844847311
0.9682425416808109,0.9495622482593191,0.7420853536535584
0.9683797260910044,0.9493390890380753,0.7262708875515728
0.9682435781880019,0.9494759138772604,0.7246528570963875
0.9681215706322007,0.9496075728252751,0.7214288829805833
0.9680905315458186,0.949639891796251,0.7194141399440064
0.9678256558522776,0.9498779005968251,0.700926227521076
0.9682043718417126,0.9494641447443061,0.7149274866833815
0.9681297328543615,0.949536640348595,0.7114085662850411
0.9680698147641865,0.9496033045210772,0.7101572421649472
0.968086197718877,0.949588309428312,0.7104391544737213
0.9680951534421374,0.9495823633828805,0.7112774630328811
0.968104477576885,0.949575989973221,0.7121221008100431
0.9681139352976689,0.9495694454711333,0.7129676008347654
0.9681234372327996,0.9495628320843721,0.7138124111073919
0.9681329485108151,0.9495561921282636,0.7146562062391596
0.9681424550401581,0.9495495439164139,0.7154989967306193
0.968151950872598,0.9495428957460654,0.7163408561090355
0.9681614333662956,0.9495362515377483,0.7171818487304362
0.9681709012804469,0.9495296132062205,0.7180220180667674
0.9681803539967454,0.949522981704706,0.718861390350991
0.9681897911870742,0.9495163575072606,0.7196999802317523
0.9681992126647866,0.9495097408416404,0.7205377952090866
