2.265381388335936,-0.19804414125730133,1.6222204113778234
2.265065584788542,-0.19799984808986143,1.5836012532555936
2.264714479213926,-0.19801837191034852,1.5787090956749918
2.264102216647493,-0.1980577405651011,1.5703997881338365
2.2637129399209703,-0.19810808618462775,1.5576823485836817
2.2638667457645134,-0.19810213014627387,1.5616582434861441
2.2636676773708984,-0.19811891875910467,1.5556115969797513
2.2636216997661,-0.19812659177307734,1.5543790325303237
2.263608452965837,-0.19813087032567253,1.5533087921527984
2.263605369747856,-0.19813180732701505,1.553513907830615
2.2636038285005045,-0.1981338395171924,1.5526412307163058
2.263603870387548,-0.19813346017154138,1.553183969633598
2.2636035486869788,-0.19813370711575648,1.5531636291979545
2.263603154781386,-0.19813396460880117,1.553139288568592
2.2636027417779947,-0.19813422632605054,1.5531140153943916
2.2636023244487227,-0.19813449047131762,1.5530883269914249
2.263601906958081,-0.19813475619675686,1.553062453403437
2.263601490424279,-0.1981350231073954,1.5530364983483216
2.263601075121645,-0.19813529102164146,1.5530105087214183
2.2636006611069823,-0.1981355598567736,1.5529845059129308
2.263600248467296,-0.19813582953451703,1.5529585119568219
2.263599837149525,-0.19813610003983154,1.5529325292900718
2.2635994271249666,-0.1981363713892729,1.5529065539938043
2.2635990183940167,-0.19813664359127456,1.5528805845401212
2.2635986109627315,-0.1981369166507526,1.552854620299313
2.2635982048382535,-0.19813719057102175,1.552828661043327
2.2637580075800185,-0.1983886814663858,1.3751294850669515
2.2633058394524816,-0.198747214137391,1.157163860082979
2.2623719362477703,-0.19878165823480484,0.9726864355688657
2.262257408148766,-0.19919547217527622,0.8030221081557702
2.262050307891669,-0.1995334403847667,0.6195112060105936
2.261065911258272,-0.19866239321193907,0.42507650573637074
2.260740838252658,-0.19886475491345126,0.19731621919682787
2.260374039582926,-0.19867162721257076,-0.0077154997284174884
2.25994618692503,-0.198711734794546,-0.2137820383118381
2.259522999471498,-0.1986154119791217,-0.4066368088611213
2.2590118369933867,-0.19851591245722275,-0.5630871182435387
2.258610155722237,-0.19809507399745135,-0.7850119090115047
2.2584152015021903,-0.19781463262965346,-0.9900124966802303
2.259481630326826,-0.19680462811786184,-1.180488538127182
2.2595963125348804,-0.19669336835185866,-1.3548494910271087
2.259123138224493,-0.1965202108033682,-1.5483864619625325
2.25868595029167,-0.1961159492067907,-1.7546662425302073
2.259130206633528,-0.1957448829773472,-1.9805052326065928
2.260589125125425,-0.19602045278665287,-2.1802173808984047
2.260527575393058,-0.1954605058398717,-2.361030942788134
2.2609935322054695,-0.19548382760119115,-2.5793723720097947
2.2614327929488285,-0.19537824567115977,-2.774984931147065
2.261843264143157,-0.1952980900919081,-2.9773418122355086
2.2620830464773505,-0.19566250087346573,3.1206665818589183
2.26263862569521,-0.19543964219091425,2.912729598640801
2.2629057559121013,-0.1958769191844679,2.715192944028278
2.2632056372198472,-0.19636479921733743,2.5076642439724597
2.2632849025773867,-0.19685188181804755,2.293156052402242
2.2633652089748013,-0.19729191893464468,2.078517871478179
2.2633296998925596,-0.1975754055445552,1.8644557698148374
2.263637333366294,-0.19795057087072868,1.6776232318090711
2.263411432643867,-0.1983225964282626,1.4793883161864085
2.263909576392713,-0.19884846146560478,1.266069909829188
2.2638810846407713,-0.19926617928934268,1.0552634337984799
2.263258978276306,-0.19923515196896946,0.8422657408861745
2.2629518248449303,-0.19954138453994646,0.6516731606547423
2.262920366200108,-0.1999755505323166,0.4475723547481002
2.262269007510461,-0.19921672579318145,0.2510426309724045
2.2620473966338572,-0.1988745926784912,0.05941901087679364
2.2616933121376523,-0.19905392040559627,-0.14798989859437217
2.261375331731661,-0.198805918389777,-0.3583067707828113
2.2615692175078554,-0.19797680260131956,-0.5516078959008534
2.261171012249782,-0.1975988501595268,-0.7764201540658464
2.261059135652765,-0.19711230807605384,-0.9763055231914349
2.261043647862617,-0.19660128020201803,-1.1736821848959778
2.2607102794405365,-0.19608801572840695,-1.3546852277563493
2.260858205788733,-0.19531709975666486,-1.533005719842266
2.261195257916784,-0.19498085066841164,-1.7141697809143515
2.2611322451637608,-0.19459972645914692,-1.9213887525679776
2.2615855116139967,-0.19424817102839406,-2.1344184115932405
2.262666722615306,-0.19461647766644105,-2.3392360931846587
2.262847951959667,-0.19404912201201185,-2.522324793005078
2.263383882344361,-0.19410109103067227,-2.722564913010642
2.2635902611909717,-0.19379940938912021,-2.918621384528606
2.2643793359204434,-0.19414113954631992,-3.1224065589689847
2.2647259859563103,-0.19402867348966882,2.966072309486831
2.265139162426937,-0.1944681673690896,2.7541968253222398
2.2654617404276443,-0.19456334917797785,2.5615639988638677
2.2654621358448614,-0.195204916191036,2.352404861672486
2.265313084402287,-0.19608491550075108,2.1448277780124014
2.2650291246740477,-0.1966691170153723,1.930052770032251
2.2651172700953697,-0.1970804288169039,1.7115904809731317
2.264815993877771,-0.19770335066341907,1.5198069666224796
2.2646489303957824,-0.19814527877786173,1.3262937141581985
2.2638538100678782,-0.19809013567571898,1.1054149933997293
2.26374763952394,-0.19846784108227555,0.9079217232797422
2.2632154125311112,-0.19846287809978685,0.6964358388192423
2.2631787538544472,-0.19889441573466832,0.5079025623288015
2.262837615794258,-0.19875847854894316,0.30981477624072856
2.262669108074064,-0.19841471393080437,0.11597379150084518
2.262312604836151,-0.1990926256215825,-0.07204635306103044
2.2618571808966625,-0.19889403537841766,-0.2868288919738925
2.2620284940730895,-0.19920476869172501,-0.47598657748941586
2.262086028770255,-0.19855292767044494,-0.6712026873271199
2.2617416173864404,-0.19823788399101416,-0.8859768337137363
2.2616503553244174,-0.19789407479006788,-1.0696420204937815
2.262113149623648,-0.19722798029648234,-1.3039762351822526
2.262506528921025,-0.19686929385520394,-1.490060365349543
2.2621115685499413,-0.1965443335094574,-1.6856370980086897
2.2621969397755333,-0.1964154847722526,-1.911081070377096
2.2621353882138853,-0.1960333547657723,-2.119409286238931
2.2621459036621765,-0.19557410663815872,-2.286061934972624
2.263117710799018,-0.19600466508332456,-2.510684203959836
2.2639042804504927,-0.19657716880624412,-2.6852440689365964
2.2645173452150966,-0.19666403958467485,-2.892765183067759
2.265011729034626,-0.19661007956419213,-3.10049049697992
2.26532632361748,-0.1967658570269154,2.9992550486689837
2.2656696022741287,-0.1969504314167592,2.790213582029989
2.2656665903501323,-0.1976581502029635,2.5670863365846324
2.264772264777416,-0.19902834195021585,2.4037996861832576
2.2648161271390177,-0.19953855077873178,2.1726430709827578
2.264629261908809,-0.20012589300448266,1.979937594614872
2.2643571035662187,-0.20038884523437264,1.8071433562561667
2.2643105216060215,-0.20071021036372053,1.605126937833911
2.264257609239824,-0.20110248813913087,1.4010221392426667
2.263882580853021,-0.20141499209704797,1.2043825015731533
2.2633244053088397,-0.2016281521478784,0.991471225245919
2.2629082705644104,-0.20165192164968962,0.8157557692486719
2.262447612898441,-0.20150564918629732,0.6277826976069562
2.261907692995688,-0.20143327988712745,0.3999481066765301
2.2614900095156085,-0.20119805569678517,0.20834860711638267
2.2611299728261947,-0.20101549660623855,0.012491894204780472
2.2607293959699137,-0.200844065722316,-0.18484451343009553
2.260175265936988,-0.20049769098841777,-0.3976466251763824
2.2595695204151864,-0.2006940403408686,-0.5821437476823875
2.2592999167279952,-0.20039790563377918,-0.7649495788472827
2.2585000904480985,-0.20048461318826377,-0.9606867434028756
2.2586313800470865,-0.19990599628524044,-1.1723702415591064
2.2583108391795697,-0.1998927715176354,-1.3631583056751393
2.258044296677053,-0.19930995198303028,-1.5592596931104834
2.258008302574288,-0.19907293901036283,-1.7443235091637417
2.2579538886129313,-0.1986287665099496,-1.9572967504208811
2.258463670498272,-0.1989109055152272,-2.1527983253166556
2.2593637173788825,-0.19905812653875246,-2.3293576000602356
2.2594824096700656,-0.19860117458302365,-2.5198142714453544
2.2602614199054027,-0.19939365214250093,-2.710955920139888
2.260988874752093,-0.19986712600459222,-2.9032763019269363
2.2612364806177916,-0.1998880654661576,-3.0997388033340694
2.261553348446418,-0.19930042783897306,2.9894848650564447
2.2622268265970455,-0.19935707839148728,2.780051539713518
2.2620336798160787,-0.20012039652058455,2.5816204792184605
2.2625576459056793,-0.2003445284922329,2.393804514515105
2.2626043223020043,-0.20087631180454318,2.185688939314178
2.2628683956793654,-0.20092062145922512,1.993858211889554
2.262837901721787,-0.20138676793616966,1.7814343847137775
2.262812942235497,-0.20192510765832747,1.582523064325791
2.2629383892474486,-0.20229697701888946,1.3998407622606397
2.2626248490773664,-0.20257271623607537,1.1983565723924112
2.262091370934383,-0.2026541571289506,0.9951959166759884
2.261421628872818,-0.2024582006779819,0.8108138459524483
2.2610583285320476,-0.2025779718476139,0.5989381046752116
2.260363245533633,-0.20208204768015167,0.38124741494016207
2.260249685586583,-0.20255464025315253,0.15944421069769818
2.259767516452643,-0.20297529697581587,-0.02322687820612256
2.259325267394518,-0.20289931971441097,-0.23383107542392761
2.2587452138105872,-0.20306616826419907,-0.43300498984972957
2.2587792795682486,-0.20235613555148943,-0.6427692688173787
2.2583540351702673,-0.20233363903437376,-0.8423920690273656
2.2586809456054,-0.20161895629728066,-1.0472681585666084
2.258777479924036,-0.20084035570542336,-1.2494732644786728
2.2586606000324556,-0.20033596448001226,-1.4528950477135296
2.2584146602250748,-0.19991917876754986,-1.65480124678853
2.258403081249492,-0.1995865591521942,-1.841303483127824
2.2587616650873454,-0.19911913328030023,-2.0382946444645755
2.259309301361915,-0.1989337573667096,-2.2447881163846635
2.2590330841370125,-0.19821542831343034,-2.404361072557193
2.2593466314012796,-0.19793406822774776,-2.6090454981618048
2.2598128823787547,-0.19783886509437557,-2.7987386036766235
2.2606017302922883,-0.1979719248105586,-2.9731952165619324
2.2611571077822905,-0.1983204732598397,3.111618326597311
2.261508810290455,-0.1986978108269775,2.912662393240758
2.2615654865530703,-0.19930935897983756,2.694287795187209
2.261902354726937,-0.19920773196538108,2.5023655810567047
2.2621099506258835,-0.19949072417550068,2.322450879312679
2.2623578999161595,-0.1998244487287201,2.133880287924002
2.262181564190287,-0.20017819010413151,1.9371957343946116
2.2613412859235953,-0.20078428042488042,1.7521347842914945
2.261509573398361,-0.20097414300703614,1.5572119061929472
2.261620932982901,-0.2014636608880227,1.3390220835878317
2.261109702365763,-0.20172103311652714,1.138199813340495
2.2608435236554727,-0.2022755266386597,0.9445195386037315
2.260226555502964,-0.20217216311993072,0.7662427168374538
2.259411053221929,-0.2016508982136698,0.6130223563307565
2.2592102506594545,-0.2018959840143156,0.41993876949606684
2.2588152157337946,-0.201939491743334,0.22044122497547738
2.2586469215341336,-0.20242910846113454,0.016461252753898963
2.258265260376225,-0.20300082713524029,-0.18483555989050818
2.257807823267551,-0.2027722483861512,-0.36669974204566774
2.2575483033015904,-0.2027197968337298,-0.5534994582137536
2.2569676600141646,-0.2027911129455196,-0.7350833810624022
2.2562323300038933,-0.2029369479850597,-0.913990642405575
2.2564732965978473,-0.20211374103179286,-1.1243729289599633
2.2562238428583377,-0.2016252650962158,-1.343626034389609
2.2559378244082033,-0.20143907677835496,-1.526431435295135
2.2559111809530386,-0.20113023156483842,-1.7094874884858828
