0.013545313451083068,0.5412324858313929,1.6314746670192635
0.01404272781690917,0.5410988569271125,1.532587091997974
0.014921067186408395,0.5412067905908802,1.5691763052158756
0.01515029699831189,0.5412001588544643,1.573035538031762
0.015131163044682037,0.5411983357129607,1.5716713100457524
0.01514115755831965,0.5411977873757382,1.5709334818078302
0.015144687536196301,0.541197678826724,1.5706628795043232
0.015146474365758198,0.5411976328608763,1.570561450737972
0.01514762134724421,0.5411976218779133,1.5705348862616075
0.015148537994014145,0.5411976288827935,1.5705412457276737
0.015149373410859876,0.5411976447292738,1.5705620302586993
0.015150181034320517,0.541197664808284,1.570589123739194
0.015150979684690613,0.5411976868845693,1.5706189780808213
0.015151775846798556,0.541197709901047,1.5706500463098587
0.015152571688976189,0.5411977333666459,1.570681655376922
0.015153367904748699,0.541197757056248,1.5707135129766279
0.015154164700441149,0.5411977808676958,1.5707454923569315
0.015154962129498887,0.5411978047549865,1.5707775386313703
0.015155760201430946,0.5411978286975144,1.5708096280651953
0.015156558915255235,0.5411978526860695,1.5708417504103473
0.015157358268705944,0.5411978767165203,1.570873901251433
0.015158158260215457,0.5411979007869853,1.5709060786931468
0.015158958888993419,0.5411979248965718,1.5709382819284001
0.015159760154765885,0.5411979490448197,1.570970510619713
0.015160562057554098,0.5411979732314532,1.5710027646322846
0.015161364597530801,0.5411979974562748,1.571035043919064
0.015162167774944951,0.5411980217191159,1.5710673484709137
0.015162971590083297,0.5411980460198165,1.5710996782954658
0.015163776043245501,0.5411980703582169,1.5711320334079326
0.015164581134741017,0.5411980947341533,1.5711644138270826
0.01516538686488001,0.5411981191474559,1.5711968195736097
0.015166193233974291,0.5411981435979479,1.571229250669394
0.01516700024233315,0.5411981680854464,1.5712617071372958
0.015167807890267638,0.5411981926097604,1.5712941890009917
0.015168616178085945,0.5411982171706927,1.5713266962848806
0.015169425106096122,0.5411982417680384,1.5713592290140632
0.015170234674602398,0.5411982664015853,1.5713917872145036
0.01517104488391053,0.5411982910711142,1.5714243709128197
0.015171855734324172,0.5411983157763981,1.5714569801363225
0.015172667226142382,0.5411983405172032,1.5714896149131186
0.015173479359668177,0.5411983652932879,1.5715222752719105
0.015174292135198464,0.541198390104403,1.571554961242038
0.015175105553029746,0.5411984149502921,1.571587672853423
0.015175919613460117,0.5411984398306908,1.5716204101364515
0.015176734316782903,0.5411984647453272,1.5716531731219423
0.015177549663291623,0.5411984896939211,1.571685961840979
0.015178365653276474,0.5411985146761845,1.5717187763249019
0.015179182287029611,0.5411985396918215,1.5717516166049794
0.015179999564838925,0.5411985647405271,1.5717844827124323
0.015180817486992276,0.541198589821988,1.5718173746781285
0.015181636053777932,0.5411986149358827,1.5718502925324545
0.015182455265480102,0.5411986400818802,1.5718832363050506
0.015183275122384052,0.5411986652596407,1.5719162060246226
0.015184095624772216,0.5411986904688143,1.5719492017187362
0.01518491677292944,0.5411987157090422,1.571982223413423
0.01518573856713744,0.5411987409799554,1.5720152711330577
0.015186561007677618,0.5411987662811745,1.5720483449000966
0.015187384094829472,0.5411987916123098,1.5720814447348728
0.015188207828875396,0.5411988169729609,1.5721145706551798
0.01518903221009483,0.5411988423627168,1.5721477226762979
0.015189857238765897,0.5411988677811553,1.5721809008106777
0.015337984092995796,0.5408945179507725,1.3923532110210333
0.014389085212406899,0.5407771220653985,1.1929253465005343
0.013632554047290912,0.5407133206156647,0.976955439626682
0.013744008073687362,0.5400285881162985,0.7747121576793826
0.013172915082901025,0.5404971399270991,0.7439092676288682
0.013270645842964564,0.5404368330646608,0.7608453436341285
0.012796163333929748,0.5403194068079049,0.5807368530015398
0.01287854030590413,0.5400728830574839,0.6109981994123171
0.013181541787303063,0.5393713366623751,0.5842507680795079
0.013648380615545656,0.5386386813384713,0.5910776653124882
0.013381746990509265,0.5390219465888637,0.574933828277749
0.013158899331134078,0.5393270980970641,0.564613405791934
0.012877156989449834,0.5392140862605678,0.37926795796459756
0.01273629262045859,0.5396028027212608,0.3899354501449013
0.012872171482446454,0.53911494930825,0.40450154313645986
0.012625410691673552,0.5394964803079777,0.39626143399674013
0.012825293401362198,0.5390250031842769,0.4028694720501438
0.012746794780943677,0.5391253853263891,0.3826449933645325
0.012714411024481906,0.5392725581138977,0.38519869961214936
0.012696529156669379,0.5392628296950068,0.3767406320150077
0.012691401242867053,0.539267860923637,0.37906726678490366
0.012680982246191614,0.5392857436259099,0.3816562109702637
0.01266847647308054,0.5393087015682607,0.38436937339706323
0.01265511660144332,0.5393335548960906,0.38711795603046134
0.012641374609618526,0.5393590977535998,0.3898684589809282
0.01263031376184285,0.5393812180888427,0.3924322657087211
0.012685017279720425,0.5392213804173709,0.38710519915088865
0.012767719702252583,0.5389698616201626,0.378449661957675
0.012820031347413507,0.5388646848013544,0.3749074361135152
0.012840468968066676,0.5388073347448324,0.3738180328597108
0.012617253814537944,0.5386171347365045,0.1644452811361753
0.012535281659900307,0.5388951923661307,0.1472734070981147
0.012161912593532042,0.5386901601428955,-0.052032742463243804
0.012165060091860358,0.539018368055941,-0.06296187232616547
0.012186371648356394,0.5392337805964559,-0.058154721080223265
0.012231866745026987,0.5396232037166584,-0.04533524747423233
0.012274459311094551,0.539991520365894,-0.034556061580913094
0.01228501649371152,0.5399790150630561,-0.03130827451442269
0.011965775252014843,0.5402454990347682,-0.22703064201742704
0.012131668964530527,0.5412353316395498,-0.22494055138442515
0.012231850972997841,0.5417876734126187,-0.20963018681887616
0.012275554205788318,0.5418537437855235,-0.2008685240451966
0.012281969184253656,0.5418849070697351,-0.19817574832864177
0.012266217588440195,0.5418543180143246,-0.1994822438676622
0.01224994730572805,0.5418261600211368,-0.20139559743719412
0.012233923989156034,0.5418012734365808,-0.20361964744941127
0.012218211093807017,0.5417789441875338,-0.20602069530635872
0.012202714443167464,0.5417583471237336,-0.20853369445783387
0.012187334726110216,0.5417388620995343,-0.21112484524539446
0.0122458887143666,0.5419465206998892,-0.20572257580581182
0.01231222829571622,0.5421953540365863,-0.1993004675172126
0.011892882109195979,0.5425272533926716,-0.36214966790795183
0.011818624644684767,0.542333705572145,-0.3237961022308384
0.011734174991162893,0.5418189148331579,-0.32915702687372433
0.011717436851778831,0.5418737763250476,-0.3269008925059836
0.011705210093567783,0.541718605601831,-0.326282802335556
0.011046153645217832,0.5416754351354609,-0.5285957911082435
0.010806917077024589,0.5415948316044509,-0.5625265257667008
0.01109428795228157,0.5421758671450051,-0.5782041855831289
0.010968817038728354,0.5419351164433373,-0.5741341936328235
0.01085213970277322,0.5423906884300409,-0.7593631369226463
0.010591804079071222,0.5421559261496058,-0.7689510733880343
0.010019363405933164,0.5417427021514429,-0.8096378506443576
0.009691434366305292,0.5414490243292563,-0.8121488283020487
0.009669126049832897,0.5414061183183476,-0.8006923058063923
0.0096551745009528,0.5413927127017887,-0.8020384608940572
0.009622696543209864,0.5413625563132227,-0.8032406981203347
0.009585282640173887,0.5413273201893972,-0.8043764121952877
0.009545750951795827,0.5412897561168484,-0.8054505063957186
0.009137246811541763,0.5414666844313778,-1.019761642073566
0.008923522219461442,0.5414046082159226,-1.0433552056081803
0.0091403965944592,0.5415052225326933,-1.0323477937061196
0.00953004994121696,0.5420168428289572,-1.214276909524743
0.009263585516952503,0.5420332887007384,-1.225105017486344
0.009324315927946568,0.5421265854734971,-1.2453680639584985
0.009544661566506797,0.5421522419160546,-1.424355777779092
0.009648832157171218,0.5420936091595818,-1.4338032577090538
0.01055934798600023,0.5421663701362399,-1.4280244646632878
0.010222801275136154,0.5421941195778907,-1.4398837936502413
0.010204145184132487,0.5424590545627543,-1.6220644972028961
0.009523574044429344,0.5424492283608547,-1.622602296378904
0.009187165017661286,0.5424400989546075,-1.6101922254179766
0.009389745717166787,0.5427156112806426,-1.800519622432
0.009554731205724908,0.5426479301898594,-1.815667737475989
0.009115742359146597,0.5426914325654307,-1.7986013876295137
0.009775676532112457,0.542618366209939,-1.8079810709059532
0.00990568945293373,0.5425799532377084,-1.7824992955645969
0.010153618926462675,0.5425287804626981,-1.7910407429790924
0.010154340966586477,0.5425524531360095,-1.7922537249088406
0.010053034758973877,0.542600534816589,-1.7914770922958958
0.0099032536364487,0.5426584061031935,-1.7902717984223944
0.009782367399692321,0.5426832351486539,-1.787289780292341
0.009713063256903555,0.5426917480405036,-1.7847629209458322
0.009755389895815345,0.5426985940558741,-1.7856708298130728
0.009723178098564848,0.5427168816007777,-1.7831206145247325
0.009512962108863005,0.5427311362626818,-1.7742416015835767
0.009491878567162696,0.5427327043277964,-1.7741232959005335
0.009517969761327369,0.542733402130618,-1.7774963627944755
0.009546121184442754,0.5427351313183169,-1.7815368806452774
0.00957339242546483,0.5427374471802515,-1.7858175636502045
0.009373547196605606,0.5427681034964741,-1.7809235586924903
0.009274403561550954,0.5427861205392883,-1.7759446451344205
0.009298493044080362,0.5427920045450582,-1.777110361187188
0.009284232542071709,0.5428086559872322,-1.775872502186732
0.00922425753076205,0.5428261444915412,-1.772094298263599
0.009010138466528539,0.5428357743550554,-1.7626196673010692
0.008968327148597495,0.5428362540434187,-1.7606154626153308
0.00899755619132127,0.542835645467435,-1.7638288182126265
0.009031073887748988,0.542836043768723,-1.767920363467154
0.009065202695438104,0.5428368183046237,-1.7722971403063625
0.008929757885212542,0.5428575193111677,-1.7701586036166763
0.008839054425592697,0.5428727417556649,-1.7659469504398482
0.008858461287582924,0.5428756056657545,-1.7667173793646198
0.00886509614495738,0.5428895811163938,-1.766807093348691
0.008813950096461097,0.5429043061547064,-1.7635826372859114
0.008744653267171408,0.5429171770334036,-1.7589960053520675
0.008490876718777064,0.5429170474609025,-1.747456359060055
0.0085249298249543,0.5429137192114369,-1.7494786817970989
0.008560696748256604,0.5429139726107154,-1.7534393448724435
0.008599021028112896,0.5429149223940172,-1.758007606968897
0.008637155577296534,0.5429160925396814,-1.7627488353517444
0.008326614823964183,0.5429513047303915,-1.7538427508402308
0.00840469218570237,0.5429500896790426,-1.7556151738085781
0.00840312649846957,0.5429495802373415,-1.7544195719253417
0.00843371610042877,0.5429598529441052,-1.756392015431505
0.008397048575352485,0.5429718290126334,-1.7541342065369663
0.00833560294814805,0.5429817349338213,-1.750061856235475
0.008290759388290875,0.5429822406941948,-1.7458264766468101
0.008310882414476424,0.542974807574744,-1.744341389254533
0.008311362672291654,0.54297501344278,-1.7438490194838923
0.008342796920080896,0.5429836937664853,-1.746111395343153
0.008312835924761003,0.5429928838006868,-1.744361400707158
0.008051630272233793,0.5429921716134751,-1.7328795325425548
0.00809135750325927,0.5429854557078028,-1.7335054041375393
0.008132475000548792,0.5429856502821505,-1.7375180092491527
0.008176583350686174,0.5429869167359674,-1.7423240685178618
0.00822049684572818,0.5429885585627393,-1.7474032623874929
0.007867922786018316,0.5430220500221623,-1.7376023783457706
0.007856785789529473,0.5430217695013541,-1.7359880651444801
0.007897089170950392,0.5430247202824331,-1.7364103814521792
