-0.14790535699745938,0.0564828241964731,1.6199636831235267
-0.14814450172246374,0.05650451372479502,1.575256481034846
-0.14846981855964203,0.05653813649823633,1.5867274273312837
-0.1489042216265419,0.0565053096438007,1.5768059290181982
-0.14953391008838254,0.05644132429465202,1.5593029920670831
-0.14954168037282606,0.05642759844947457,1.5580898958940137
-0.14960391138758836,0.056425624437308024,1.5565320446020752
-0.14967384106320197,0.05641460568591161,1.5538302929562882
-0.149692476060616,0.05640896323989372,1.5524017353420658
-0.1496970273845108,0.056407350481840875,1.5524404567113965
-0.14969833065773208,0.056406171350764686,1.5521933757212927
-0.14969882398818413,0.05640546560100162,1.5520668989740807
-0.14969914874307746,0.05640497811016123,1.5519957196783147
-0.14969946033135242,0.05640458985211326,1.5519494876948352
-0.14969978519661492,0.05640424628539146,1.5519145217054573
-0.14970012145364353,0.05640392252438814,1.5518846500683687
-0.14970046393039152,0.056403607244102635,1.5518570861030185
-0.1497008089479296,0.056403295299149156,1.5518305706308821
-0.14970115442661897,0.056402984353965506,1.551804534417611
-0.14970149929523965,0.05640267334870183,1.5517787200709519
-0.14970184302640813,0.05640236180212729,1.5517530112094164
-0.14970218536570173,0.056402049495275726,1.5517273552339899
-0.14970252619046695,0.05640173632800168,1.5517017284017902
-0.149702865440218,0.056401422253976465,1.5516761200265852
-0.1497032030833813,0.0564011072512422,1.5516505253303698
-0.14970353910171003,0.05640079130887738,1.551624942208934
-0.14970489998598993,0.056395265627436825,1.54839672932211
-0.14970410751656815,0.05639387157584118,1.5481427258154101
-0.1497034754245482,0.05639300437794058,1.5480235783179073
-0.14970314680755512,0.05639238374062937,1.5479659117858175
-0.14970297279240385,0.05639185757406276,1.5479279736312912
-0.1497028658703627,0.0563913731711989,1.547900050159118
-0.14970279236945316,0.056390907198630144,1.5478766711479703
-0.1497027340569976,0.05639044907382803,1.5478553579215626
-0.14970268175256046,0.05638999400734163,1.5478349939162883
-0.14970263102793652,0.05638953983004649,1.5478150749892141
-0.14970257979751259,0.05638908555913171,1.5477953731815346
-0.14970252709216633,0.05638863074919559,1.547775785334561
-0.14970247246469837,0.05638817519837983,1.5477562647549994
-0.149702415709109,0.05638771881522293,1.5477367903174601
-0.14970235673009036,0.056387261558317234,1.5477173524800814
-0.14970229548291658,0.056386803408952045,1.547697946950122
-0.1497022319459222,0.056386344358712634,1.5476785718140733
-0.14970216610795078,0.0563858844038575,1.5476592262369122
-0.1497020979626272,0.05638542354276753,1.547639909872197
-0.14970202750576903,0.056384961774791284,1.5476206225949456
-0.14970195473419987,0.05638449909972017,1.5476013643803743
-0.149701879645213,0.056384035517549974,1.5475821352487773
-0.14970180223632978,0.05638357102837428,1.5475629352408335
-0.14970172250519406,0.05638310563233526,1.5475437644061807
-0.1497016404495131,0.056382639329600956,1.5475246227983475
-0.14970155606704016,0.05638217212035547,1.5475055104723363
-0.14970146935556403,0.056381704004795204,1.547486427483764
-0.1497013803129055,0.05638123498312523,1.547467373888074
-0.1497012889369104,0.05638076505555962,1.5474483497406009
-0.14970119522545203,0.05638029422232045,1.5474293550963443
-0.1497010991764348,0.05637982248363783,1.5474103900099156
-0.1497010007877862,0.05637934983974984,1.5473914545356304
-0.14970090005746126,0.056378876290901894,1.5473725487272898
-0.14970079698344133,0.05637840183734754,1.5473536726383776
-0.14970069156373236,0.05637792647934775,1.5473348263219273
-0.1497005837963738,0.056377450217171506,1.547316009830599
-0.14997438167460767,0.056043596251039926,1.3531886618509146
-0.1503538229939097,0.055367022037000814,1.166412893613902
-0.15100145920986172,0.055241039859136074,0.9560510907619247
-0.15105002595359188,0.05460423922347836,0.7665772359983092
-0.15115752740023103,0.05475415354323186,0.7757693823764732
-0.15089116448275736,0.05440478354202928,0.7591872161491512
-0.15084993309637143,0.05436792314723783,0.7613017385078068
-0.1508317138599193,0.054344055101286357,0.7636160044663238
-0.15074503763169741,0.05424983901121814,0.7687445564920382
-0.1506668642762135,0.054174167168740524,0.7743530926036808
-0.15052528672286739,0.05405491445411948,0.7837202493780795
-0.1502208819758998,0.053744895967441725,0.7851369557134698
-0.15024980943043656,0.05377349102191436,0.7861787461996754
-0.15028021511128709,0.05380422959241035,0.7878666149208349
-0.1503102191541988,0.053835092189613895,0.7897943284231678
-0.1503394178193383,0.053865447584702096,0.7918305698930767
-0.15036798063586262,0.0538953327520024,0.7939178450105313
-0.15039334817945507,0.05392194762259085,0.7958878497639913
-0.15033414239784154,0.05387393511747062,0.8001223566816771
-0.15068296289071628,0.05367437997670314,0.6072689506944146
-0.15054099653619388,0.053316747000121005,0.591585483737778
-0.1506654759779331,0.05354676008453923,0.6008608020322954
-0.15137749877435372,0.05383068180583408,0.39243741111626723
-0.1518144598768864,0.05381466074688626,0.201447915210038
-0.15183074592616383,0.053834512557871375,0.17174016067869027
-0.1519050953464655,0.054408917211636314,0.18218483241631941
-0.15220706590300856,0.054441646491286175,-0.0006544828756128185
-0.15217287146880523,0.05440520431453459,0.028997824434185568
-0.15246854431028314,0.054532702403875304,-0.1460321148549739
-0.15313142849397954,0.054775936109659314,-0.3430400729872035
-0.1530494380653674,0.05596854817997594,-0.5472692001957277
-0.15306339019708048,0.05641816634506981,-0.7427576519673363
-0.1527918588631317,0.05682245190154093,-0.7532310958292192
-0.15269961424035303,0.057170867501335175,-0.9091036710580775
-0.15290614940729397,0.056982843402914755,-0.894610650571881
-0.15355223045555313,0.05660636275891686,-0.9172536081529613
-0.15411282705614235,0.05641262901349705,-0.9549204436010605
-0.15389957463402376,0.0569676736384667,-1.1542936564928294
-0.15371086841882106,0.05710204736259427,-1.1500934830400276
-0.1535284220703162,0.05705113438340449,-1.1349730837577188
-0.15304524873237246,0.0573128295107892,-1.1448424120139915
-0.15332237655784506,0.05722021889796844,-1.1742694543213337
-0.15263652284033005,0.057451358820892175,-1.1801416168972239
-0.15263217767902149,0.05746408173623619,-1.184378277266016
-0.15265929032264539,0.05745771919873059,-1.1857354788121068
-0.15283777747507984,0.05735465732425808,-1.177897368491703
-0.15285251257464916,0.057671668056031675,-1.3679267656670513
-0.15303911063622522,0.05791708082375233,-1.5646133367634958
-0.15359107400443506,0.057900623869706666,-1.567840526089186
-0.15392460859916085,0.0582779289745411,-1.7484629328598964
-0.1534738351142054,0.05851623187866597,-1.9492943265865816
-0.15415127949403343,0.05871226551396789,-1.9563945483155316
-0.1541353012244041,0.05872023024034004,-1.9609259018495206
-0.15402872711455165,0.05922022940075822,-2.1321845709841907
-0.15349652004490488,0.05886379308905886,-2.128005873141432
-0.15294091389419265,0.05849651330411236,-2.113893453459822
-0.15334687560078822,0.05872739417770208,-2.111733731392436
-0.15329370429870953,0.05869869452265257,-2.111512635200713
-0.1532917288878274,0.05869040549634539,-2.1076365914673407
-0.15320346569352086,0.058701655438042545,-2.1086701743164107
-0.15268195505585358,0.05862762819610294,-2.278551342298217
-0.15242852845840962,0.058442099275991574,-2.276100532132346
-0.1524718408230381,0.05850809374185637,-2.2754273091476604
-0.15212211495839498,0.058263345487275915,-2.294757605148162
-0.1509179836140949,0.05748177958156435,-2.4779630122304335
-0.1506821535427458,0.057914849280271595,-2.7232428432768567
-0.15048992285058677,0.0575048504973565,-2.7392713039815484
-0.1504651143144778,0.05749262271682688,-2.74934926506965
-0.1504529100177109,0.0575334261390546,-2.763118535700567
-0.1506391922949106,0.05788441945781366,-2.7533651104082986
-0.1503104466024584,0.057649745229732624,-2.9514136536575517
-0.1501969300852275,0.05672532041765656,-2.93064302171603
-0.14981413325766704,0.0568015994734068,-3.1248108676808455
-0.14975478138811238,0.05673299637381388,3.1401643068914122
-0.14942290436488162,0.05671637252625949,2.960779531467592
-0.14947125444553436,0.05660711203371331,2.973502886806785
-0.14943391019769636,0.057123004656220784,2.9914860753391443
-0.14942748043725226,0.05721356937888966,2.9919893846051786
-0.14944528617795422,0.05709404463596583,2.988323236822676
-0.1494625752018418,0.056913380591462906,2.983981744809932
-0.14946070099551853,0.05683638149186781,2.9805669564886554
-0.14944925546291093,0.05688033946238607,2.9824751062671404
-0.149435785881559,0.05694159253017628,2.9844490118819014
-0.14942172940886458,0.05700887637963166,2.986451655832566
-0.14940762079263065,0.05707837582776463,2.988425895699285
-0.1494063581556849,0.057328560444505135,2.9976469609260907
-0.14942265776624505,0.057244998385525346,2.997064663042264
-0.149443713697652,0.057134445014064054,2.99586651938836
-0.149467604727731,0.057008675895427234,2.9944981991650224
-0.14946225619195386,0.05713012360292411,2.997339136659512
-0.14943843823765807,0.05756583242897508,3.010012853031028
-0.14945476872664828,0.05733531543299888,3.0020257269734136
-0.14944639010226413,0.05735928668734354,2.997330199346397
-0.1494375128372353,0.057386103761892085,2.9927169289154745
-0.14942864844401715,0.05741234630910249,2.988203366268488
-0.14941944805704024,0.05744217039402406,2.9840846556589997
-0.14947021292208212,0.05729274986828621,2.99616164600856
-0.14946572545454936,0.05756944307413433,3.0016375496432093
-0.149495505035472,0.05739203294446262,2.9988328195867604
-0.1495155926267311,0.057293773452498926,2.9975996164432095
-0.1495343244755876,0.057202758336127896,2.9962415305246393
-0.1495523653282756,0.05711575930432762,2.9948614687382054
-0.14946140875131217,0.0577823662199825,2.997001026992836
-0.14944796548268094,0.057479201661202815,2.9963959796072066
-0.14941643263044901,0.057553303197528764,2.9970808480484448
-0.1493860788442028,0.05769299490387861,2.9969730912320616
-0.14936454423074488,0.0578072896155926,2.999133833066548
-0.14935601279835556,0.05801228968941247,3.0055309924358626
-0.14935037725254494,0.058140395373181254,3.008867661641083
-0.14936110334323266,0.058077928898662486,3.007649052401276
-0.14937652755586314,0.057988199280882224,3.0058614801615158
-0.14939418681384323,0.057886290441148944,3.00396981547105
-0.14941519713844986,0.05812000440555802,3.023277181388262
-0.14943037430924783,0.05799942284752454,3.0155888353448193
-0.14944429316581892,0.057937511371027255,3.0179488880436924
-0.14947924665848739,0.057664124445923726,3.0293276608126116
-0.14950689602900136,0.05764797079816813,3.0357204772874815
-0.14947679773851344,0.05786095530718873,3.032790925153409
-0.14943069523510183,0.05848956637957042,3.0327623475908596
-0.14942760043583328,0.058415145773574456,3.051293039828994
-0.14946374029188683,0.05816238083176458,3.0546243747073207
-0.14948126901126782,0.058011014903473906,3.05613412307015
-0.14946606482790112,0.05840490988299471,3.0553871976102203
-0.14947320917657927,0.05849264572730673,3.056430301292831
-0.1494740914005795,0.05836596973591604,3.0575125766044358
-0.14947725263072714,0.05830485910925294,3.0578669313920233
-0.14948155718441186,0.0582509313320196,3.057888285314418
-0.14949100893431083,0.058174352129553755,3.058281264842796
-0.1494976063495717,0.05812006014753992,3.0583360584799903
-0.14950151503141743,0.058079305119961504,3.0581011466919055
-0.1495041078171483,0.058044600951616426,3.0576930172819696
-0.14950601968252758,0.058012709402635344,3.0571780748025095
-0.14950758140410225,0.05798201805940839,3.0565940072019795
-0.14950896753387932,0.05795170524197575,3.055961659439796
-0.14951027115207818,0.05792134177073313,3.055292142384123
-0.1495119831105117,0.05752740177737539,3.045237594966047
-0.14949266515664203,0.057478371238538196,3.0412818888257958
-0.14945630275050664,0.057630091147632345,3.0386557949962385
-0.14945873571022283,0.05771134379333338,3.0407617681635437
