-0.4122195069579648,-1.204923903792496,1.6224607516570606
-0.4121283455648534,-1.2048980765608055,1.581106646855268
-0.41230776880253606,-1.2048788570314748,1.5843001945816773
-0.41234556940911626,-1.2048824576524082,1.5789940453005011
-0.41246000131002986,-1.2048873726480502,1.5744858320547317
-0.41265251360220995,-1.2048938251889758,1.568509996898591
-0.4129616904201828,-1.2048702771671054,1.559273032747421
-0.4131928411644232,-1.2048866446274653,1.5576822897367575
-0.41319321082251187,-1.204888526887975,1.5579153524735927
-0.41327313947198,-1.2048928616973598,1.5573454546568788
-0.41330562190169473,-1.2048946290098237,1.557148519721337
-0.4133195439277206,-1.2048952824565942,1.5570837974150116
-0.4133257128656999,-1.2048954940767655,1.5570690955511768
-0.4133285783399165,-1.2048955359848699,1.5570705660005497
-0.41333001449760626,-1.2048955172476183,1.5570754373638414
-0.4133308142974246,-1.2048954799885547,1.5570794256786071
-0.4133313184312587,-1.2048954395505784,1.5570814644499704
-0.41333167721515296,-1.2048954008677593,1.557081600202254
-0.41333195965143005,-1.204895365019152,1.557080188720502
-0.41333219915653563,-1.204895331791671,1.5570776098341355
-0.4133324129945462,-1.2048953006427991,1.557074181784382
-0.4133326107204067,-1.204895271034011,1.5570701479314792
-0.41333279797272676,-1.2048952425249568,1.5570656864640289
-0.41333297825921883,-1.204895214782572,1.5570609249078915
-0.4133331538489544,-1.2048951875643372,1.5570559533864334
-0.41333332624955443,-1.2048951606971945,1.5570508351354897
-0.4133046612024426,-1.2048984140632102,1.549072059157544
-0.4133011044878826,-1.204900176903838,1.5465402672595865
-0.41330206478899845,-1.2049007625087906,1.5453995975196095
-0.4133037210064763,-1.2049006911430542,1.5448979768011577
-0.4133051763113856,-1.204900299890083,1.544681231215559
-0.413306369505155,-1.2048997606180696,1.5445902329194836
-0.41330739068660644,-1.2048991551772936,1.5445539529505545
-0.41330831824132974,-1.2048985208151215,1.5445412722846013
-0.4133091990804772,-1.2048978740789786,1.5445387018115908
-0.41331005772742185,-1.2048972222140422,1.5445404357344026
-0.4133109061461335,-1.2048965683618573,1.5445439877049962
-0.41331174993723885,-1.2048959138748083,1.5445482969243334
-0.41331259165261097,-1.2048952593314834,1.544552912138636
-0.4133134324333973,-1.2048946049777736,1.5445576418688873
-0.41331427278304916,-1.2048939509171641,1.544562405061694
-0.4133151129214983,-1.204893297192402,1.544567167507867
-0.4133159529441333,-1.2048926438204024,1.544571914837427
-0.4133167928921381,-1.2048919908071218,1.5445766410713049
-0.4133176327832678,-1.2048913381538826,1.544581343775193
-0.4133184726252015,-1.2048906858600534,1.54458602201047
-0.4133193124213106,-1.204890033924185,1.5445906754689729
-0.41332015217312223,-1.2048893823444908,1.544595304107653
-0.4133209918813827,-1.2048887311190486,1.5445999079945452
-0.4133218315465075,-1.2048880802458886,1.544604487243897
-0.413322671168767,-1.2048874297230268,1.5446090419888632
-0.4133235107483768,-1.2048867795484814,1.5446135723699161
-0.4133243502855233,-1.20488612972028,1.5446180785299866
-0.4133251897803822,-1.2048854802364597,1.5446225606125301
-0.41332602923312606,-1.2048848310950706,1.544627018760581
-0.41332686864392093,-1.2048841822941752,1.5446314531163432
-0.4133277080129371,-1.2048835338318478,1.544635863821231
-0.4133285473403434,-1.2048828857061755,1.5446402510157107
-0.4133293866263046,-1.2048822379152584,1.5446446148392483
-0.41333022587098567,-1.2048815904572083,1.54464895543035
-0.4133310650745534,-1.204880943330149,1.5446532729265279
-0.41333190423717264,-1.204880296532217,1.5446575674644625
-0.41347714936866375,-1.2052322175609709,1.3388544703901795
-0.4136952306124542,-1.2052841826543084,1.3133172805643953
-0.4137181862351362,-1.2052421727514573,1.3309629064061972
-0.4133517084715018,-1.205711693962055,1.147143519913678
-0.4135350147553145,-1.2055301127782037,1.1830518420639153
-0.4134625382121108,-1.20554524795427,1.1776954667820352
-0.4138516507384476,-1.2053594398936527,1.1923021524136643
-0.41368618927112305,-1.2054006709750542,1.1868516287801034
-0.41376556369818934,-1.2053214648879556,1.1917688444665595
-0.41387183607282096,-1.2052803075926755,1.1939178591426514
-0.41392432258648026,-1.205260583322158,1.1935718555556245
-0.41400391618282156,-1.2052253669159914,1.1945594171831373
-0.41412693605925704,-1.2051697457413866,1.1972796842425122
-0.414260089962655,-1.2051096614766639,1.2004296498122855
-0.4143458011747579,-1.2050639266981926,1.2017058439572061
-0.41431330206281364,-1.2050682909931973,1.1988778260179727
-0.41495566557468777,-1.2048547488567978,1.0470103896528047
-0.4155578396848737,-1.2047619708769157,0.8452626321693001
-0.4160700573499204,-1.2042410643024835,0.8465577871663277
-0.4160575234958249,-1.2042540720359494,0.8452982881788661
-0.4165456663502273,-1.204297641371641,0.6793911170976236
-0.41712742584225715,-1.2040893480560497,0.4860576161863584
-0.4176918776956793,-1.2037274538659992,0.30079076888597983
-0.4177757776562334,-1.2037516644875554,0.2692850159789335
-0.417931543770387,-1.2031276630072023,0.2585054202541235
-0.4178788522787093,-1.203336496611797,0.2632111488781368
-0.4180374363099504,-1.203790565578996,0.07571258999907064
-0.41802358337129353,-1.2042923651779847,0.05939003823711723
-0.41811442761544176,-1.204446726474229,-0.12437017320239811
-0.41813857757243056,-1.2049900638241187,-0.13519228865330277
-0.4184743704018719,-1.2044760470074423,-0.36418998908014627
-0.41848548874481223,-1.2048424218842362,-0.38320745936225176
-0.41851112955003617,-1.20489443758242,-0.38051659289109685
-0.418493485293555,-1.204856217882751,-0.3798762603314257
-0.41847884569148436,-1.2048249955700485,-0.37919039461839654
-0.418465049799515,-1.2047957462638268,-0.3784799202080715
-0.4184515234558494,-1.204767107016714,-0.3777569516354335
-0.4191390691773287,-1.2053491392041715,-0.5779268849560413
-0.4187849677398958,-1.2042790996726906,-0.7663438183125217
-0.41829365653903033,-1.2037243960115862,-0.7673113157045675
-0.41835226201690606,-1.2036992415816168,-0.7903059567868056
-0.4184059050718682,-1.2037374935654521,-0.7916361448391289
-0.4186596828953802,-1.2035748248023985,-0.9751645733017303
-0.41806256065321845,-1.2027644303407268,-1.1513325000679773
-0.4188512204673035,-1.2028891099876338,-1.3464935023964661
-0.4189493410493935,-1.2025213062334597,-1.538075730964126
-0.4187711633029174,-1.202224795672711,-1.7117292339757801
-0.4191372608694518,-1.2022032250594248,-1.689719765552605
-0.4188811101263503,-1.2019058984331228,-1.9011524736875494
-0.41839741306494466,-1.2019964085162909,-2.1095344377336596
-0.4179464367723665,-1.2020584940622903,-2.251176576436174
-0.4174802565323917,-1.202391161123703,-2.26331413046264
-0.41660836967701637,-1.2028999281201487,-2.4359160729571427
-0.41669396703966916,-1.2029587931460861,-2.394377226862803
-0.41655457909888993,-1.2027237954789913,-2.562497896562788
-0.41655684302127743,-1.202804294740382,-2.5484739999358657
-0.41668305931793104,-1.2025619017578917,-2.5403108049177363
-0.41667372280014775,-1.202574101081223,-2.5405496847920594
-0.4166710765540872,-1.2025765144408984,-2.5402464008554095
-0.4166705596126311,-1.2025765451979171,-2.539756240114917
-0.4166712433865284,-1.2025752340261637,-2.5391612533560943
-0.4166726024579737,-1.202573170334599,-2.53850762086818
-0.4166743695019004,-1.2025705711870494,-2.5378225239844894
-0.4166762507533798,-1.2025678695302227,-2.5371164580559653
-0.4166781888253199,-1.2025651225654757,-2.5363986838797334
-0.4166801544642906,-1.2025623573881403,-2.535674418334976
-0.4166821323768406,-1.202559587550902,-2.5349466541205774
-0.41668411464645877,-1.2025568196804175,-2.53421711009198
-0.4162736610363905,-1.2026119293359523,-2.7398748325858038
-0.4161493623997133,-1.2031301823286444,-2.751277728961967
-0.41600526147183553,-1.2035325998017437,-2.752408735247787
-0.41595787585848165,-1.2035832417121906,-2.76482619414576
-0.4159875631923346,-1.2034034681730839,-2.768560075174778
-0.41591534686987824,-1.2034727986504223,-2.771091483527366
-0.4158190673491348,-1.2037006211998182,-2.7790494289130776
-0.4158242779725926,-1.2036949989509442,-2.776744348342246
-0.41582669026110153,-1.2036888269353683,-2.774786151787876
-0.4158054234300736,-1.2037455180632457,-2.77559040761422
-0.415653221533188,-1.2041496829200333,-2.789336836542554
-0.41562559173251856,-1.2042234937848417,-2.7890855991115635
-0.4157016389466263,-1.2039323311135093,-2.775648445620178
-0.4156319322216119,-1.204067147469263,-2.779701110835919
-0.41554088773319736,-1.2042591978636479,-2.784964543481205
-0.41553850665580877,-1.2042661255891889,-2.782102798436654
-0.41553509754113743,-1.2042747505814273,-2.7794434737767233
-0.4155314078696417,-1.2042836484795296,-2.7768539856676693
-0.4155275714803073,-1.204292672774255,-2.774300354485128
-0.41552364284877197,-1.204301758195622,-2.7717699897269363
-0.41551964405524555,-1.204310876445365,-2.7692581849245963
-0.4154734159879527,-1.2045190046243872,-2.759601609436956
-0.41554478962790375,-1.2042958720877015,-2.7672631591484484
-0.41555947359841533,-1.2042676557274994,-2.7647873490116326
-0.4155750435128183,-1.2042413319543088,-2.763262971737983
-0.41560080264337956,-1.2041854673121035,-2.762932959726908
-0.4156312094075167,-1.2041165034545425,-2.763055020003508
-0.4156636351388898,-1.2040419640219588,-2.7633413609978636
-0.41569687563631685,-1.203965182596082,-2.763681987477235
-0.415730397657635,-1.2038875982654174,-2.764035790809604
-0.4157534250141766,-1.2039489480798367,-2.760595248514264
-0.41581694577311124,-1.203757439089452,-2.7683846820538607
-0.4158409544901762,-1.2037051299877075,-2.767635572035133
-0.41591594107550495,-1.2034934084296862,-2.759842034394123
-0.416015329809366,-1.203225627143969,-2.7527747025939613
-0.4160264064602509,-1.2029219798995268,-2.769090103785306
-0.41614018458738444,-1.2025414506711205,-2.7886195102700335
-0.4161129576171185,-1.2026203088289682,-2.7933514974399483
-0.41616211866255737,-1.2025751682289156,-2.7879950343148256
-0.4161300842458413,-1.2026879777776442,-2.7898086632182655
-0.4160144898537763,-1.2029051461517646,-2.799781096877286
-0.41598044502857434,-1.2029587705903362,-2.801138244180954
-0.4159354280500791,-1.2029770682778693,-2.801671404693685
-0.4158567679659766,-1.2031345532889783,-2.807781453382479
-0.41584151306076733,-1.203207649494809,-2.808439068154789
-0.41584711613622427,-1.2031963834151285,-2.8060625822869505
-0.4158483762762652,-1.2031936732972242,-2.804261598190209
-0.41584778406774575,-1.2031945766766206,-2.802695089973991
-0.4158463491407422,-1.203197077020084,-2.8012312623514735
-0.41584448155856496,-1.2032003496920705,-2.799818980609882
-0.4158423483139017,-1.2032040569815519,-2.798438287330105
-0.41584001814128696,-1.2032080594098673,-2.797081251101602
-0.4158095177358867,-1.2032955885091126,-2.799054912804231
-0.4156685417614954,-1.203693745649342,-2.8124535272741356
-0.41576371892149655,-1.2036364955190242,-2.797154301224567
-0.41581337427220855,-1.2035386164082027,-2.8053760315937075
-0.4159167472907612,-1.203321379049399,-2.806967806318532
-0.4159325452902014,-1.2032449530269067,-2.808727539313474
-0.4159371338334522,-1.2032144283379558,-2.8092027552019743
-0.4159617574596112,-1.2031477098980279,-2.8069401879135034
-0.4159849095676732,-1.2030875454836354,-2.8044568216686856
-0.4159773229783158,-1.2031296741414588,-2.8053956225762886
-0.4158452613018614,-1.2034731067874058,-2.8168237938454803
-0.4159079422998634,-1.2032720854001437,-2.8134043690824133
-0.4159058600912183,-1.203258861255288,-2.8162314869450418
-0.41591118139102917,-1.2032260781466253,-2.818991677073388
-0.4159263791992878,-1.2031691959164597,-2.8208852511213145
-0.41594199399356324,-1.2031115165603838,-2.822658557061995
-0.41595772364966715,-1.2030533100670417,-2.8244075672179627
-0.4159660524825656,-1.2030265260009174,-2.8242492886387947
-0.41595602209517524,-1.2029790435045393,-2.823255060965706
