1.0557525497069187,1.2359650418869714,1.5890304681178207
1.0547482857860389,1.2359048763566183,1.5701486483150031
1.0541653197267118,1.2358961632785128,1.5667661496090175
1.0548749515829867,1.2359111556795674,1.580882588914297
1.055571723365717,1.2358702599034028,1.5609508462077453
1.0554947466353013,1.2358773167461579,1.5634093782335239
1.0554656292535747,1.2358801836674607,1.5640523578935823
1.0554556117309706,1.235880767048205,1.563851902718281
1.055452113537791,1.2358812190235187,1.5639514742599927
1.0554505533460605,1.235881388142064,1.5639865546565268
1.055449689557419,1.2358814263220954,1.563991031575642
1.0554490595751558,1.2358814047477897,1.5639814149495415
1.0554485101412612,1.235881355995899,1.5639653598034973
1.0554479894496471,1.235881294876164,1.5639463728049412
1.0554474793207014,1.2358812280952562,1.563926049687369
1.0554469731056026,1.235881158682851,1.5639051136262276
1.055446468269069,1.235881088005257,1.5638838915056894
1.0554459638064109,1.2358810166778122,1.5638625308346863
1.0554454593063136,1.23588094497724,1.5638410981075925
1.0554449545961324,1.2358808730277113,1.5638196232806587
1.055444449602209,1.2358808008847,1.5637981198463478
1.0554440288712599,1.2358814462670438,1.5642741886556044
1.0554433569810828,1.235880764796948,1.56378127910532
1.055442976655335,1.2358813517694107,1.5642424478559402
1.0554423295971862,1.235880644801243,1.5637434254917508
1.0554419597386473,1.235881220214244,1.5642018356731302
1.0554412156371582,1.2358796253747362,1.563097857319584
1.0554409209550784,1.2358793429759294,1.5630249740276803
1.0554405186135312,1.2358791747127056,1.5629814310590906
1.0554400574721334,1.2358790558337518,1.562949719511077
1.0554395682308602,1.2358789590869468,1.5629233189241074
1.0554390657129296,1.2358788722087681,1.5628992998563702
1.0554385569112068,1.2358787896767045,1.5628763439700462
1.0554380450753345,1.2358787090030778,1.5628538577458173
1.0554375317006712,1.2358786290668562,1.5628315739158898
1.055437017471113,1.2358785493625448,1.5628093721110654
1.0554365026984418,1.2358784696619216,1.5627871981195496
1.0554359875247807,1.2358783898616725,1.562765027528494
1.0554820132287268,1.2355736342659522,1.3805028817422282
1.0547243248754756,1.23537314123493,1.16412144926344
1.0544244641244966,1.2353381990681183,1.1415372868777132
1.0540653846794308,1.2354071171434025,1.1448474691289805
1.0544069609668176,1.2353796868518176,1.183344712715238
1.054377330175357,1.2353855154275337,1.1821270321146067
1.0543835362544007,1.2353752914885836,1.1811392812093575
1.0538410939773322,1.2351337119082584,1.0000447142816098
1.053816483820599,1.2345996223935811,0.8494803534409574
1.0532690452013658,1.234888309807417,0.7087454735923827
1.0535013672435962,1.234554413866239,0.7091153650096402
1.0532881039040507,1.234427147958238,0.5232907999458266
1.0535962688652043,1.234029660584685,0.5375461571878649
1.0539617130418988,1.2335804348768695,0.558837924989423
1.054065444893139,1.2334731803614123,0.5555513360294558
1.0539917955944735,1.2335482305630017,0.5506892455206303
1.0541157873850735,1.233365405620126,0.5573249102744942
1.0541217620683083,1.2333635866991413,0.5576607608351574
1.0541292684164951,1.233350033934932,0.5566326626154051
1.0541416986790637,1.2333295873216914,0.5555817106184086
1.0541597125283337,1.2333025521855168,0.5551944784032509
1.0541700518272754,1.2332822648573558,0.553743517669023
1.054180173031829,1.2332618128605728,0.5520695604941711
1.054196664656091,1.2332349631695885,0.551187748799964
1.0542067207228574,1.233214171846037,0.5495248107544428
1.0542218574947215,1.2331885367300233,0.5484194033749751
1.0540428617883617,1.2328857157641369,0.32948395927725915
1.0534761943647364,1.2325245387062682,0.14464884199664288
1.0531631334891798,1.2322711477067172,-0.058164632236104616
1.0527340071603037,1.232357460895213,-0.27739886140743003
1.0522795499443225,1.232415534906917,-0.5094201606870912
1.052596499479002,1.23375785116467,-0.7117250183169735
1.0525693027246918,1.233830333177209,-0.7309999779902477
1.0527362670150746,1.234436865020463,-0.9295870837310843
1.0525023790949464,1.234363442208078,-0.9539790742563535
1.0523514137170575,1.2343788563240405,-0.9658901973497456
1.0520032778730621,1.2342469305700785,-0.9776653272497793
1.0520349448660309,1.234820106808482,-1.1687763062914882
1.0521012978985305,1.2354515502631116,-1.3583915139840153
1.0523738383986483,1.2354516651449001,-1.3493948749788145
1.0522626054401738,1.2353862186928286,-1.3455690633930508
1.0523552959976101,1.2353890304699515,-1.3506995789085898
1.0521140618657485,1.2352750541076498,-1.3418309576391194
1.0517789372849518,1.235183526580128,-1.336684990775437
1.0517754520205393,1.2351882177256732,-1.3397999931774744
1.051805777424218,1.2352005333403788,-1.3425292617703843
1.0518000844937105,1.2351995008215066,-1.3430515061624986
1.051788393264118,1.235195365919142,-1.3427911116806632
1.0517818054828993,1.2351925391421514,-1.3425412059077564
1.051816084557395,1.2351882701930086,-1.340499184495333
1.05184381616767,1.235180282639667,-1.3396156943497577
1.051853852689505,1.2351738770536949,-1.339946998170414
1.0518566339603275,1.2351676361834811,-1.3406296327123326
1.051856285797047,1.2351612259545381,-1.3413917777611468
1.0520682217163397,1.2354191433492965,-1.5026592688124782
1.0515994850863826,1.2356940339702713,-1.6907542355569316
1.0518351724730812,1.2356824432162274,-1.692878023291433
1.051842907342227,1.2356727730684924,-1.6906629599534428
1.0516636542245894,1.2362662898368395,-1.8789483470531916
1.0519256681623415,1.23689043499312,-2.103444210359688
1.0522537868796125,1.2366391240445693,-2.113763954621286
1.0532424140776864,1.2364931798663237,-2.3156358511388806
1.0544296778100943,1.2354922943030382,-2.3548240896221806
1.0549613443358392,1.2354204167657232,-2.556534213821298
1.0559922991927637,1.2339322572569886,-2.57321132066809
1.056585909913663,1.2335615852464183,-2.7955276437075955
1.0567727840577839,1.232689921961835,-2.7797384688132576
1.0567379410461586,1.232729254721895,-2.776394689697387
1.056700683778225,1.2327780777383146,-2.7735815186839803
1.056673779233467,1.2328087524222673,-2.771719976771022
1.0567154278263093,1.232664901658567,-2.7737153624963744
1.0565686017127485,1.2329557052401061,-2.766721237458779
1.056492453179024,1.2331202875221168,-2.7309727963652946
1.056458157325836,1.233081691042572,-2.7365722623489366
1.0564645052224315,1.2329805051826996,-2.748793991836116
1.0569082434341308,1.2325906204537633,-2.9235176082835186
1.056931767392726,1.231935380068128,-2.926845407659503
1.057168145009782,1.231963137839652,-3.1170196957588105
1.0572104569378233,1.2313978069497247,-3.133868634912268
1.057536423954679,1.2317500127588628,2.9702070148154847
1.0574550585471658,1.2311031563574242,2.958784569433927
1.057410292893787,1.2305555798381702,2.9534327567283927
1.0574110826944523,1.2305544413720775,2.9533451913518
1.057414851094368,1.2305750347404263,2.9534868861463126
1.057415856044252,1.230596711119691,2.953652676523434
1.0574120186699612,1.2305988210501109,2.954080562466382
1.057407091394833,1.230595234248816,2.9545672965664322
1.0574016456858164,1.230588894735142,2.955059275017618
1.0573959026852677,1.2305809263032248,2.955534930439663
1.0573899531083615,1.2305717775790794,2.955986590023903
1.057583673660549,1.2301913788299288,2.7647867638385883
1.0575521115245443,1.2297324741064966,2.754028525433658
1.0572925054760833,1.2289824228611326,2.762545179940458
1.057118862307191,1.2285015637687353,2.793363692996891
1.056972849731697,1.228250553103646,2.789409965917167
1.0569567682923766,1.228263948466143,2.7886480091371904
1.0568535322585761,1.2280890580130017,2.7877060387866552
1.0569169012317956,1.2283324385119803,2.803213433569589
1.0569219908958365,1.2286894498809877,2.814966015613313
1.0569610156132405,1.2289896592476361,2.826831985644487
1.0569363150327955,1.229091100171967,2.837381319243596
1.0566751810464496,1.2281841724628224,2.83834849617275
1.0570020648308245,1.228341211296609,2.6460720726491567
1.0573127145116965,1.22913303572637,2.642084159732511
1.0572762695202051,1.2291199208486432,2.643079942128201
1.0572232294346848,1.2284987735159918,2.4943701188411382
1.0575969740323803,1.2289641176141044,2.4958764234921613
1.0579402430539109,1.2295089925427272,2.51368055040674
1.0580501264995668,1.2296515150207115,2.5172636857340587
1.0581925881960568,1.2298470231758873,2.5239913087285677
1.0583780298778038,1.2301285653066967,2.532457165341735
1.0582609410122004,1.2299636899942643,2.5387521963866986
1.0581677814900616,1.2298592120243066,2.542362580581685
1.058334097994281,1.2300623557410364,2.536246554706316
1.0580570413624188,1.2297044117068427,2.542145076054917
1.0583257387474447,1.2300773186438556,2.540176321033962
1.0581146014741898,1.2297596160849216,2.5379921670974266
1.058226618843185,1.229975745254353,2.546449409164237
1.0582647678269657,1.2299783753136888,2.536262686387097
1.058037658569982,1.2296958714119854,2.5430473787732373
1.0582895262080658,1.2300373630303862,2.539010957003976
1.0580282600639899,1.2296536810008516,2.5388187587756366
1.058222746603294,1.2299913321058062,2.5475439087618383
1.0581914042215794,1.229890923158236,2.536909383599843
1.0580209581636584,1.2296917586361715,2.544088909122177
1.0582533973177617,1.2299979523137248,2.537975343653227
1.0579399126013616,1.2295448433089968,2.5397129127850735
1.058191341003302,1.2299442506152836,2.5461126760742503
1.058115126601148,1.2297995906680539,2.5376869109289673
1.0580072404743195,1.2296924943931755,2.5452391090204456
1.0582174449771495,1.2299592200353624,2.537067369808678
1.0578648955343954,1.2294790885490003,2.542627426947423
1.0581543235307735,1.2299025961594912,2.544838674171353
1.0580361411855874,1.2297046082823642,2.5385896094386884
1.0579963296645052,1.2296978320802923,2.5464909954205663
1.058157173239225,1.229884159634478,2.5375640645227295
1.057836146655668,1.229461753969175,2.543579241883726
1.0581176683409468,1.2298621871327882,2.5437424574143703
1.057954651348669,1.2296062069292157,2.539615396522654
1.0579880454240407,1.2297075409560774,2.5478410861180523
1.058090673906156,1.2298066459572423,2.5382715747978577
1.0578132077498803,1.22944860653646,2.5447327406620257
1.058081361115655,1.2298229049457654,2.54282739419782
1.0578708581938345,1.2295046181129925,2.5407656941841394
1.0579822081047414,1.2297214115370216,2.549289571413639
1.0580208976354626,1.2297250290673531,2.539189982349009
1.0577936473627045,1.2294410556857822,2.546075730517411
1.058045352153314,1.2297846948222997,2.5421000372707283
1.05778495965304,1.2294000714118603,2.5420454527886123
1.0579786414914962,1.2297392597395254,2.55084040239354
1.0579480726713792,1.2296395196431715,2.540315421857858
1.0577772763274722,1.2294389515834583,2.5476048311697026
1.0580096004581148,1.2297475317606446,2.541570522900342
1.0576971500103731,1.2292927921730132,2.543463212187337
1.0579477087344242,1.22969446875505,2.549929837871976
1.0578724093314105,1.22955035179886,2.541648846071286
1.057763938410357,1.2294421077943753,2.549320044521801
1.057974072445379,1.2297114184269982,2.54125286196977
1.057622422966217,1.22922885434025,2.5469851606604754
1.0579111751155408,1.229655505427176,2.549262257068645
1.0577941196042917,1.229457764200662,2.543196111749513
1.0577534652862157,1.2294503592247226,2.551225652519767
1.0579146867571183,1.2296393638424172,2.5424240315666418
