-1.492415814346741,0.23470175180059397,1.6205113115320702
-1.4922368409450264,0.23474415077836125,1.5723124895247853
-1.491872606700825,0.23476863746995258,1.5949217087102805
-1.491922073820089,0.23475986007007776,1.5902296698059724
-1.4919482140207907,0.2347574330570834,1.5898927969109078
-1.4919526927071136,0.2347562924720466,1.5894452652258502
-1.4919496970205726,0.2347558241907687,1.5891530718486078
-1.4919437419502364,0.2347556266718678,1.5889252105941358
-1.4919366725224148,0.2347555374195524,1.5887251335546662
-1.4919297838842795,0.23475547026406787,1.5885925926169653
-1.4919270185491142,0.2347553676054193,1.5885896919396802
-1.4919252644289676,0.23475522589554804,1.5886198522298873
-1.4919238815027516,0.23475507137420826,1.5886645075879484
-1.4919226315459995,0.23475491220356504,1.5887155624531195
-1.4919214282402349,0.23475475073331764,1.588769468060577
-1.4919202407288625,0.2347545875263285,1.5888246797231786
-1.4919190581651618,0.23475442264937255,1.5888805291458705
-1.4919178768197565,0.23475425605961867,1.588936728903144
-1.4919166954497192,0.23475408770647002,1.588993156239016
-1.491915513660261,0.23475391755085515,1.5890497592818187
-1.4919143313363636,0.2347537455642225,1.5891065165600562
-1.4919131484507648,0.23475357172458802,1.5891634196001885
-1.4919119650014936,0.23475339601350942,1.5892204654734585
-1.491910780992736,0.2347532184142855,1.5892776536148292
-1.4919095964295421,0.23475303891099622,1.58933498446878
-1.4919084113166823,0.23475285748801908,1.5893924589145265
-1.4919213051621478,0.23475502711378823,1.5924731226477695
-1.4919183811530186,0.23475491296686038,1.5926072668071782
-1.491916489486981,0.23475468794785945,1.5926998941418007
-1.4919150252008826,0.23475441533350844,1.5927761173191797
-1.4919137405305811,0.23475412115570993,1.5928456743774053
-1.4919125312750547,0.23475381630171452,1.5929125997086306
-1.4919113536095683,0.2347535053173989,1.5929785656046842
-1.4919101891126825,0.23475319009199186,1.5930442657372268
-1.4919090300485234,0.2347528714018665,1.5931099884395596
-1.491907873173572,0.23475254955734923,1.5931758542463519
-1.4919067171317828,0.23475222467361173,1.593241914278976
-1.4919055613596497,0.23475189678406158,1.5933081909728917
-1.4919044056262718,0.23475156588777565,1.593374694926862
-1.4919032498402887,0.23475123196932862,1.5934414318694072
-1.4919020939688954,0.2347508950070755,1.593508405537229
-1.4919009380038997,0.23475055497660707,1.5935756188640036
-1.4918997819474975,0.2347502118521896,1.5936430744711858
-1.491898625806328,0.23474986560736233,1.593710774870667
-1.4918974695889853,0.2347495162151836,1.593778722548589
-1.4918963133049763,0.23474916364833134,1.5938469200001864
-1.4918951569642949,0.23474880787914099,1.5939153697445072
-1.491894000577239,0.23474844887961943,1.5939840743306826
-1.4918928441543404,0.23474808662144706,1.5940530363410317
-1.4918916877063386,0.23474772107597586,1.5941222583925685
-1.491890531244167,0.23474735221422594,1.5941917431379828
-1.4918893747789568,0.2347469800068802,1.5942614932665393
-1.4918882183220343,0.23474660442427966,1.5943315115047128
-1.4918870618849245,0.2347462254364178,1.5944018006168656
-1.491885905479358,0.23474584301293502,1.5944723634059905
-1.4918847491172724,0.234745457123113,1.5945432027143254
-1.4918835928108185,0.23474506773586878,1.5946143214241453
-1.4918824365723595,0.23474467481974903,1.5946857224583815
-1.4918812804144839,0.23474427834292366,1.5947574087814393
-1.4918801243500055,0.23474387827317977,1.5948293833998914
-1.4918789683919673,0.2347434745779154,1.594901649363306
-1.4918778125586964,0.23474306722453003,1.5949742104501956
-1.4918766568740636,0.23474265618049878,1.595047071449959
-1.4918755013409728,0.23474224141141134,1.5951202342766777
-1.4918743459704884,0.23474182288272277,1.5951937015678996
-1.4918731907761278,0.23474140055960888,1.5952674763420895
-1.4918720357723143,0.23474097440690178,1.5953415618112607
-1.4918708809738912,0.2347405443890433,1.595415961299823
-1.4918697263959948,0.23474011047005441,1.595490678209578
-1.491868572054029,0.23473967261351586,1.5955657160050072
-1.4918674179636715,0.23473923078255407,1.595641078207392
-1.4918662641408813,0.2347387849398302,1.5957167683928597
-1.4918651106019158,0.23473833504753047,1.5957927901921003
-1.4918639573633359,0.23473788106735735,1.5958691472908244
-1.4918628044420124,0.2347374229605206,1.5959458434305873
-1.4918616518551377,0.23473696068772876,1.5960228824098026
-1.4918604996202323,0.23473649420917975,1.5961002680847167
-1.4918593477551518,0.23473602348455228,1.5961780043705422
-1.4918581962780955,0.2347355484729962,1.5962560952426925
-1.4918570452076132,0.2347350691331234,1.5963345447378272
-1.4918558945626148,0.23473458542299777,1.596413356955087
-1.49185474436238,0.23473409730012548,1.5964925360574154
-1.4918535946265614,0.23473360472144514,1.596572086272724
-1.4918524453751991,0.23473310764331715,1.5966520118952439
-1.4918512966287278,0.234732606021513,1.5967323172868508
-1.4918501484079876,0.23473209981120494,1.5968130068783997
-1.4918490007342282,0.2347315889669546,1.5968940851711306
-1.4918478536291258,0.23473107344270172,1.5969755567381325
-1.4918467071147898,0.23473055319175268,1.5970574262257777
-1.491845561213774,0.23473002816676852,1.5971396983552086
-1.4918444159490865,0.23472949831975307,1.5972223779239048
-1.4918432713442011,0.23472896360204032,1.5973054698072433
-1.491842127423068,0.23472842396428195,1.5973889789601388
-1.4918409842101317,0.23472787935643405,1.5974729104186842
-1.4918398417303316,0.2347273297277442,1.5975572693018647
-1.4918387000091233,0.23472677502673772,1.5976420608132438
-1.491837559072489,0.23472621520120357,1.5977272902428967
-1.4918364189469497,0.23472565019818042,1.5978129629690174
-1.4918352796595806,0.2347250799639418,1.5978990844600955
-1.491834141238023,0.23472450444398119,1.5979856602765303
-1.4918330037105003,0.2347239235829967,1.5980726960728897
-1.4918318671058315,0.23472333732487569,1.5981601975997897
-1.4918307314534471,0.23472274561267803,1.5982481707059812
-1.491829596783406,0.23472214838862038,1.598336621340575
-1.4918284631264096,0.23472154559405872,1.5984255555552136
-1.4918273305138188,0.23472093716947143,1.5985149795062696
-1.491826198977671,0.23472032305444127,1.5986048994572393
-1.4918250685507013,0.23471970318763746,1.598695321781124
-1.491823939266356,0.23471907750679696,1.5987862529628314
-1.4918228111588139,0.2347184459487054,1.5988776996017118
-1.4918216842630054,0.2347178084491772,1.598969668414134
-1.4918205586146327,0.23471716494303593,1.5990621662361875
-1.491819434250188,0.2347165153640934,1.5991552000263134
-1.4918183112069807,0.2347158596451287,1.5992487768682333
-1.4918171895231518,0.23471519771786642,1.599342903973698
-1.4918160692377036,0.2347145295129544,1.5994375886855958
-1.491814950390518,0.2347138549599409,1.5995328384808458
-1.4918138330223836,0.23471317398725125,1.5996286609736294
-1.4914539580014026,0.23441473171274826,1.4383843591640701
-1.4908813917048014,0.23431958471353445,1.429046726056627
-1.491059014615695,0.23438991728660785,1.4542820724197147
-1.4906656650725858,0.23436493533303304,1.472428731519674
-1.4903696717843868,0.23434469804297056,1.482131976107765
-1.4906580107970435,0.23434852616434265,1.477082455747483
-1.4907922115013237,0.23433609966600089,1.4734539631129284
-1.4908869690791784,0.23431730195099673,1.468507820374788
-1.4904903691904228,0.23427332159972936,1.474076624790912
-1.4903113109420711,0.23424922390596883,1.4761412338515798
-1.4905644857264473,0.23424762758740422,1.471141078785386
-1.490704152191605,0.23423232065279861,1.4663804067566935
-1.4905761755539984,0.23420087916938495,1.4658849718656355
-1.4901854251277997,0.23415557525789168,1.4717637389138822
-1.49034522336696,0.23415018843099336,1.467528930270767
-1.4905154924202115,0.23413792439708264,1.4629835668139832
-1.4905562299501196,0.2341169502815488,1.459064812408411
-1.4901333861497856,0.23406312995729012,1.4654808672161606
-1.4901414067175331,0.23404656348090946,1.46108203471653
-1.4900009747373182,0.23402541998316623,1.4530501214695786
-1.4903810916078073,0.2340651271850056,1.4502350156700945
-1.4906989046301504,0.23415982533337976,1.4673695374420181
-1.4901566309967305,0.23411604038287462,1.461833461854213
-1.4896497057767502,0.23404824556324663,1.4542573152987914
-1.4901240365501602,0.23405885679891222,1.449627136635443
-1.490696161127211,0.23414400970970048,1.4550028658415892
-1.4904670361554637,0.23417593104666726,1.4671965727674188
-1.489909123511973,0.2341031418946951,1.4578312090352372
-1.4898650599374463,0.23406980806187255,1.451735506761078
-1.4904843161110015,0.23411010353054057,1.4472102887570586
-1.4907072113938393,0.23420344966031886,1.467161196034191
-1.4901482702960782,0.23415420103913093,1.4608607744997804
-1.489670881779641,0.23409107276623092,1.4552144763583146
-1.490287285183411,0.23410947691305686,1.4476850550630573
-1.4907776571213944,0.23420859150042606,1.4584429835059165
-1.4903985549584782,0.23420423124846607,1.464003848663195
-1.4898494428618634,0.23413053811290396,1.4548145705814617
-1.4901124584275627,0.23412341928503644,1.4490188233741896
-1.4907372872002482,0.23418366481263073,1.448245465249856
-1.4906535105525938,0.23424388279312117,1.4663884082668908
-1.4900897915923916,0.2341799080773145,1.4577409425728853
-1.4899368856296271,0.2341367144433335,1.4518671815237925
-1.490571411210203,0.2341730577777593,1.44646633209126
-1.4908964775484486,0.23427492326566546,1.4652986504123897
-1.4903423350032972,0.23422977734863057,1.4609520476282196
-1.4898283704192932,0.23416064844759368,1.45339797530997
-1.4903755611129001,0.2341753238072401,1.4472355910002732
-1.4909134204528451,0.2342664735463169,1.4551055562812572
-1.4906076477619383,0.23428032473171664,1.4642930915635155
-1.4900464081379206,0.23420513941334914,1.4548973826469593
-1.490210157834551,0.23418912782145881,1.44895128138109
-1.4908693936894053,0.23424140689229422,1.44559921042272
-1.4908630484200027,0.2343147474127954,1.4660339910694604
-1.4902957945399578,0.2342547875334489,1.4579859209215802
-1.4900160312649213,0.23420426279934717,1.452370636008904
-1.490667163968557,0.23423377093367423,1.4460027441612284
-1.491063725756389,0.2343398541475778,1.4622538329534271
-1.4905546424079785,0.23430501057946246,1.461321644486817
-1.4900083581262915,0.23423014207324006,1.4522205495761218
-1.4905443087426207,0.23424466030370694,1.4455254970795661
-1.4910784156748103,0.2343368094349429,1.4534142141462802
-1.490773353647514,0.23435119180992203,1.4625021185793134
-1.490210789392163,0.2342750468938107,1.4532189876874133
-1.490438183743574,0.23426257258372662,1.445540770357253
-1.4910624625401274,0.23432479965952474,1.4446000780346397
-1.4909847261156604,0.23438764738545578,1.463013138148416
-1.4904121208946213,0.2343210859525201,1.4542974158367596
-1.4903282722937146,0.23428034679894824,1.4463895017029165
-1.4909565912452412,0.23432321081879104,1.4415187906975626
-1.4911906259095262,0.23442114554947502,1.4618124546737812
-1.4906175195946694,0.23436860009947558,1.4555740942069095
-1.4902945962486744,0.23431033739131343,1.4480489292233985
-1.4909449096951497,0.23434111316035017,1.4414268058161481
-1.4912859549656654,0.2344488102352816,1.4606723808935094
-1.4907231686078446,0.2344012766000141,1.45615928450937
-1.4902841157203626,0.234335476462705,1.4487261737164057
-1.4909379181089806,0.23435917188493244,1.441360010453506
-1.4913477384325449,0.23447070720571686,1.4579083276505045
-1.4908350876286052,0.23443432621846005,1.456872254237611
-1.490302384695426,0.23436083030866964,1.449245123089754
-1.4909368037097284,0.2343816519308386,1.4415645276013953
-1.4914074059466682,0.2344971682159206,1.4556084740206225
-1.4909551719352998,0.23447347440523988,1.4577989555672861
