1.7210062722260986,-1.3741837962669337,1.5843232109315317
1.7213172758661404,-1.3742232032121844,1.558533121991536
1.7225016472218633,-1.3742182215438912,1.5656103409408344
1.7223783252837015,-1.3742152651282302,1.5646701781739025
1.7223048608336669,-1.3742127559347919,1.5651453041145422
1.7222800997737127,-1.3742116313543369,1.5653678226601582
1.7222713291870426,-1.374211191035088,1.5654493956868962
1.7222677227245506,-1.3742110679065231,1.5654623078688326
1.7222657887036006,-1.3742110877640286,1.5654434377501085
1.722264421904294,-1.3742111717891314,1.5654100552401609
1.7222632425794084,-1.3742112844348688,1.5653701254031567
1.722262126613051,-1.3742114098502525,1.5653272559834746
1.722261032435317,-1.3742115410052542,1.5652830635116954
1.7222599457103425,-1.3742116747929713,1.5652382675164929
1.7222588613291752,-1.3742118098439986,1.5651931868897053
1.7222577774077874,-1.3742119455563566,1.5651479625673566
1.7222566932283796,-1.3742120816664198,1.565102656729779
1.7222556085098129,-1.374212218059563,1.5650572967894865
1.7222545231399569,-1.3742123546867306,1.5650118948365253
1.7222534370740616,-1.3742124915277114,1.5649664562161856
1.7222523502949372,-1.374212628574986,1.5649209833072437
1.7222512627968967,-1.3742127658266272,1.5648754771846876
1.7222501745785255,-1.3742129032810713,1.5648299390153857
1.722249085612948,-1.3742130409118967,1.5647843765928402
1.7222479959004955,-1.374213178731049,1.5647387866581604
1.7222469054591691,-1.374213316752413,1.5646931665432597
1.7222474072578053,-1.3742142964761128,1.5640647035965887
1.7222466591699892,-1.3742145152626508,1.5639999105133155
1.7222456940536526,-1.3742146898778302,1.563946489079481
1.7222446481310612,-1.3742148463216748,1.5638972658116752
1.7222435721745926,-1.3742149948865192,1.5638498865503145
1.7222424844178938,-1.3742151401232081,1.5638033062884393
1.7222413916487929,-1.3742152840426223,1.563757061860355
1.7222402964841113,-1.3742154275331036,1.563710948535021
1.7222391999656397,-1.3742155709876986,1.5636648759998661
1.7222381025204472,-1.3742157145811744,1.5636188044861932
1.7222370043286879,-1.374215858392179,1.5635727165191473
1.722235905468992,-1.37421600245707,1.563526604446742
1.7222348059774635,-1.3742161467936085,1.5634804649423482
1.7222337058721615,-1.3742162914113911,1.5634342965830053
1.7222326051634373,-1.3742164363164393,1.5633880987833892
1.7222315038583302,-1.3742165815132144,1.5633418713272422
1.7222304019624721,-1.374216727005507,1.5632956141607242
1.7222292994809156,-1.3742168727968274,1.5632493273018513
1.7222281964184931,-1.3742170188905765,1.5632030108005641
1.7222270927799694,-1.3742171652901223,1.563156664721172
1.7222259885701128,-1.3742173119988315,1.563110289134945
1.7222248837937328,-1.3742174590200855,1.5630638841163278
1.7222237784556804,-1.374217606357286,1.5630174497416316
1.7222226725608647,-1.3742177540138578,1.562970986088396
1.7222215661142537,-1.374217901993252,1.5629244932349742
1.7222204591208743,-1.3742180502989425,1.5628779712607432
1.7222193515858086,-1.3742181989344304,1.5628314202456006
1.7222182435142104,-1.3742183479032402,1.5627848402704894
1.7223275650325345,-1.3745379705289704,1.3851935397328932
1.7225223572967912,-1.3745715424095446,1.3748490067819414
1.7226355434118426,-1.374913864457356,1.1840853185446532
1.7217421873229197,-1.3746701850920526,0.9804414009828238
1.7211327028896242,-1.3746002565473667,0.7811187930479865
1.7209406419740265,-1.3744316494162492,0.7659957502296021
1.7211630985387407,-1.374662042561768,0.7699722094785857
1.721197564617569,-1.374779820288285,0.7528850967285714
1.7204231380122705,-1.3741946816844306,0.5538588748275992
1.7202957577993079,-1.3737931567676835,0.5166091516534601
1.7203536037502374,-1.3739858655460153,0.5267911213204203
1.720346739051536,-1.3739824596912948,0.5334433750091472
1.7198041250150986,-1.3735857979443198,0.33408584669946634
1.7195737970166352,-1.3726837997096626,0.32387196269936747
1.7189430415752838,-1.371800375497822,0.15027436820472073
1.7186314079199374,-1.3720565015498034,-0.039609524451403616
1.7182208240353531,-1.3722830334231844,-0.24307499179913897
1.7177828144480904,-1.3724248189410622,-0.45557238599658234
1.7176535168392453,-1.3720500567784562,-0.6345790254256731
1.7172638547072847,-1.371872662106727,-0.8455368164391807
1.7173909038245108,-1.3716429809387127,-0.8635476967464029
1.7175658628049153,-1.3714908920768276,-0.8557831479804049
1.7174514601305806,-1.371232126998183,-1.0686255900829449
1.7168567573176985,-1.3712812014534919,-1.2737185528061905
1.7176584156662642,-1.3710833856338487,-1.2779854495872278
1.7170889191868406,-1.371205855335208,-1.2700078062902056
1.7169821208747897,-1.3708476810702979,-1.4636267351684162
1.7160875843707641,-1.3708581881089978,-1.4614099711172521
1.715886119744358,-1.3705848259233258,-1.6282530966786781
1.7162323367070675,-1.3702241435743954,-1.8341256648609612
1.7162785037981658,-1.370008180142408,-2.0367084125590407
1.7172087084858756,-1.370032116189918,-2.257004904739148
1.7174174241332556,-1.369571019254986,-2.4655995781867217
1.717472000304573,-1.369535453528581,-2.4609454014333823
1.7179723768213855,-1.3695797831172984,-2.672801402742479
1.7183201534219161,-1.369462974407338,-2.889107874112359
1.7185251281888185,-1.3693519836135075,-3.090428057188514
1.718805091543898,-1.3693164056889189,2.9816447546186633
1.7191629701230526,-1.3700391575922075,2.7662612860530666
1.7196722622359597,-1.3700339998666171,2.578800797299641
1.7201153381794203,-1.3702448055211807,2.3887186907898124
1.72033290957622,-1.3706406807133775,2.2054230484178694
1.7209928537824846,-1.3704217248404496,2.162728548526915
1.7205462146328145,-1.3710815095697828,1.9649055283375338
1.721006396830092,-1.3707851405593712,1.9952458277823801
1.7208684657908018,-1.370787045067685,2.006925543912459
1.7208342036143534,-1.3708238398361847,1.9976211688877297
1.721486117060411,-1.3709884977519602,1.8087355834938146
1.721340189829346,-1.3714929216971732,1.6183165079627768
1.7216355924527271,-1.3715182348968362,1.59823621828809
1.7215864549973054,-1.3717618577483313,1.4134420754240475
1.7217147438550267,-1.3723157538192547,1.2032742175767337
1.7219425387599594,-1.3728227959215484,1.0004772144075746
1.7217029795463141,-1.373084328204511,0.8143718603869139
1.7210134066167613,-1.3728775858626536,0.6143530531193031
1.7198296671525894,-1.3719743135048448,0.4069104232817557
1.7193859620643999,-1.3722032003562576,0.20858968329357652
1.7191702029436489,-1.3722528774867326,0.022054148998419235
1.7188454674191884,-1.3724844753360983,-0.17441478712634373
1.7188287929081412,-1.372372317432878,-0.3808258212912629
1.7192570053992435,-1.3712891269152663,-0.399040282732058
1.7192958847135447,-1.3709206410758463,-0.5701647388605892
1.71971956944086,-1.369947911810271,-0.770255316044972
1.7194729845704668,-1.3695743671438754,-0.9707728321521328
1.719257372339287,-1.3692520933504984,-1.1745271934142734
1.7197316984675057,-1.3685310589526605,-1.3833402180882746
1.719542960226816,-1.3682383411899832,-1.5741562321436509
1.7188956171202128,-1.367732979456377,-1.7773830911371307
1.7191503173048492,-1.367681141369546,-1.7955914088380593
1.7199737710804692,-1.3677692605954117,-1.80576525907435
1.7192072052842082,-1.3670382991838235,-1.9758411101363333
1.7200026113980165,-1.3671179373831994,-2.1857611996582036
1.7202605257340644,-1.3667159184222382,-2.3812106773123367
1.7209130058485491,-1.3669202135385785,-2.5963098892780283
1.7213850501139343,-1.3667230522496472,-2.801722677359367
1.7219907161841541,-1.3670144730360172,-3.0010572503094792
1.7220725598217486,-1.3670546483358013,-3.0153355238456143
1.7222845806481728,-1.3669598249454342,3.10824052706746
1.722743032264954,-1.367300489517168,2.914501304214043
1.723261925207623,-1.367518356192604,2.7238602145956854
1.7234076260031448,-1.3679652378465605,2.5184140795724663
1.7233861822474807,-1.3683014068760124,2.4958725883695867
1.7238574789952064,-1.368198916497878,2.305695012847832
1.7238941950162048,-1.3686003814718242,2.1024618328105906
1.7242161450807068,-1.3689737936919544,1.9069332453859174
1.7249560895105813,-1.368973875297254,1.904183347173021
1.7253519268199318,-1.3692625944008567,1.6965511186874898
1.7245006621266745,-1.369241508265218,1.7036644290498792
1.7241708787284549,-1.3693553194071277,1.6838752682095912
1.7245801127859786,-1.369324490844906,1.680418300905787
1.7245057234607137,-1.369327393081474,1.6815967896789417
1.7244547543719089,-1.369337286129652,1.6788434226693205
1.724405626834319,-1.3693455078257555,1.6764177696391063
1.7243547632606253,-1.3693515974794617,1.6744224316312037
1.7241756478520833,-1.3693646444299403,1.6730537921891162
1.7236964268886756,-1.369406723232898,1.6722341641133036
1.7239374312411415,-1.3693684116254217,1.6788740987336797
1.72387400015044,-1.3693801884174384,1.6839604971335145
1.7238271705741706,-1.3693945464251107,1.6819371600385
1.723773890803082,-1.3694098639112096,1.6787814371795873
1.723710285645009,-1.369425451111616,1.675921034848071
1.723328193223536,-1.369460853661755,1.6699898205448087
1.7230559775152685,-1.369491960232837,1.6662444510390197
1.7233096384107178,-1.369440911638552,1.6726710257142927
1.7234411627201807,-1.369415461587903,1.6758350532150381
1.7234541710356774,-1.369410430817882,1.6736121644304809
1.7234363537377617,-1.3694094345174659,1.6697174215244481
1.7234115131011245,-1.369408859497684,1.665327290107033
1.7229834874936487,-1.3694458756539833,1.6556528971999125
1.72266404686178,-1.3694801928374336,1.6543512975733627
1.7224368038318567,-1.3694986855299356,1.6546559058353614
1.722717234665084,-1.3694487728138016,1.6614410282403833
1.7227918920364356,-1.369432913263409,1.662575847551628
1.7228042509143182,-1.3694260379104235,1.66066631920541
1.722794553713285,-1.3694218117331065,1.6577012257819865
1.722779783025645,-1.3694181304256368,1.654457388981813
1.7227657594442198,-1.3694143181656036,1.6512777990124774
1.7226910406676603,-1.3694144736041398,1.6467251246721637
1.7222497598196589,-1.3694567771678685,1.6384149892803204
1.7221415225378593,-1.3694636671771099,1.633855545942798
1.7220874425735262,-1.3697460711708205,1.4594509450986437
1.721623280049277,-1.369772757231579,1.4389909706059372
1.7212556895048707,-1.3697653001743932,1.4303447366035178
1.7213143915024562,-1.3697754615704314,1.4288905532719216
1.7213684258614028,-1.3697850119119788,1.4275382926399347
1.7214225499370064,-1.3697945846641786,1.4262971947732435
1.7214773379322967,-1.36980420757634,1.4251638831669793
1.7215329962063057,-1.3698138902722108,1.4241323339880638
1.7215906422288643,-1.369823851768395,1.4232101114038294
1.7216513724009694,-1.369834246649932,1.4224350538269142
1.7214209316293811,-1.369807878113649,1.4218176667488658
1.7213255330874306,-1.369779958481789,1.4284708213399464
1.7211286038460847,-1.3697876821063812,1.4228399997436483
1.721202747354397,-1.3698215312753363,1.424184964176645
1.7213191752711159,-1.369856658077189,1.4271017550558784
1.7211581300607532,-1.3698678001686007,1.4196362159451008
1.7209069281393803,-1.3698728715146746,1.4081424529103548
1.720684226138368,-1.3702382410893248,1.1992024710188356
1.7206465431205453,-1.3701924420704694,1.2177785166652528
1.7205831000777612,-1.3701692713126794,1.2187906495874283
1.7201600177521894,-1.370381850521768,1.0126130416527728
1.7191906963270793,-1.3698834574781455,0.9891290336302746
1.719200724796918,-1.3698683414049497,0.9994095801674507
1.7186692310977674,-1.36951392839473,1.0114359439746579
1.7185721707350834,-1.3694631539532982,1.0002397408226704
1.7185766562084774,-1.3694638017130896,0.9989758584096743
1.7185768381447812,-1.369452101602536,1.0008449186256876
