2.0430334871358378,-0.3978336089930876,1.6210316254702164
2.0431822812729816,-0.39779499019965264,1.5695482383912058
2.0428354797051953,-0.3977709279979496,1.5815426288853371
2.042121720503325,-0.3977979514785116,1.5753252464636378
2.041652357917576,-0.3978441128430029,1.5635179067012537
2.0416187424748964,-0.39784836871686413,1.5634451303040382
2.041717671870634,-0.3978378640435398,1.5662906152464782
2.0416252001589412,-0.39784787250850523,1.5632444439022506
2.0416006808113933,-0.39785100430482156,1.562743662718388
2.0415931048427596,-0.3978526910066351,1.5623227112049731
2.04159013080795,-0.3978535509202633,1.5621098919083434
2.0415887309578755,-0.39785400605273497,1.5619976850118251
2.0415878866872434,-0.3978542632549131,1.5619340795310388
2.041587244719128,-0.39785442542254257,1.5618936213536287
2.041586680166528,-0.3978545419198139,1.5618642583660423
2.0415861470591077,-0.39785463620196476,1.5618402944970542
2.041585627327081,-0.39785471971207165,1.561818957998265
2.0415851134659566,-0.3978547980387754,1.5617988986938207
2.0415846022084327,-0.3978548739133407,1.5617794578401079
2.0415840920784274,-0.39785494867128096,1.5617603137185077
2.0415835823995487,-0.39785502296417397,1.5617413096997377
2.041583072942036,-0.39785509708749944,1.561722375692768
2.0415825634962177,-0.3978551712052084,1.5617034713991143
2.041582053957311,-0.39785524540445927,1.5616845759258045
2.0415815442799747,-0.39785531972794974,1.5616656791538073
2.0415810344441114,-0.3978553941967872,1.561646776169914
2.0415699577507485,-0.3978592251865991,1.5600517537402443
2.041564480610453,-0.39786082946568824,1.5596602446403305
2.0415625679389926,-0.3978616567929306,1.559463949346573
2.041561699136814,-0.3978621134866558,1.5593582508711217
2.0415611218543903,-0.39786239073873714,1.5592959119368919
2.041560621800062,-0.397862578251122,1.559255103148831
2.0415601397592096,-0.39786272060188216,1.5592250918908843
2.041575991326488,-0.3982015231720474,1.3578625765034547
2.040664338258171,-0.3981095400492148,1.3349151062918105
2.0403246281847687,-0.39799736917011347,1.3705155070798416
2.0402945944549065,-0.39798116564768626,1.375318898141708
2.040401960954908,-0.3979960617183314,1.3810939513899876
2.04050898587264,-0.39801227400212197,1.3857197196314153
2.0405420840508297,-0.3980272879237474,1.3827028414630944
2.0405602460458514,-0.3980264307260484,1.385469208667497
2.040621775228019,-0.3980382056858479,1.384693830961999
2.0401451655373224,-0.39830678553121435,1.2090095709290962
2.0399544244366847,-0.3987235205464162,0.9985971996819509
2.039251044651245,-0.39882597104928996,0.7840996669245414
2.0392797160687217,-0.39935507740826603,0.6134442506468132
2.0394874478441936,-0.39979353057806344,0.604731609751442
2.039570183323827,-0.40002824128304865,0.5979409631412117
2.0396477544759306,-0.4002080967062825,0.592046138346777
2.0397759954485997,-0.4003734910741007,0.5988767013572995
2.039821723985999,-0.40042678264728143,0.6022263399621192
2.039824560344047,-0.4004345404861538,0.6021912193282005
2.0398230593109656,-0.4004336007875006,0.6022357910469804
2.0392085250318055,-0.40001866677182374,0.40070626875469445
2.03879813995734,-0.39929374209501683,0.38134990096297183
2.038364440395999,-0.3991349071828159,0.19164060617062603
2.0380953015937915,-0.39916202875893875,0.004731993577842373
2.0377478826739086,-0.39917827415746504,-0.2011183191277222
2.0374268280312546,-0.3986927662555158,-0.41782001859226614
2.0372416597113707,-0.39835052488698985,-0.6248010301698675
2.036958288587231,-0.3981093242557572,-0.8095012663627948
2.0367287672948535,-0.39782304174769634,-0.9621122836923471
2.03714913162468,-0.39728295905398114,-1.1605454453321289
2.0369696470463006,-0.3968925893257673,-1.3756510750212285
2.0370726322533774,-0.3966411611420612,-1.5715118873976608
2.0367883829944997,-0.39627767870256614,-1.7683111679991235
2.036726267574795,-0.3954639079777436,-1.9732160662270695
2.0374476696900836,-0.39574561036813366,-2.1530487257325017
2.0385389586611846,-0.3961705941103778,-2.3247593044684662
2.0390674292162263,-0.3961057863422957,-2.537655129007661
2.039085405692134,-0.3960926451754407,-2.543557044462925
2.039145424023989,-0.39628773282764185,-2.536267002124714
2.039494918364865,-0.3962350664190833,-2.7071692270136465
2.040058906028793,-0.3969916590460842,-2.9082009220096072
2.040486073573495,-0.39721614090490825,-3.103239483848304
2.040485847167493,-0.39661143304990915,-3.1116840928066525
2.0404618929949505,-0.3961172894556933,-3.098597712143037
2.0407984065153912,-0.3960343931335515,3.012243633800593
2.041209584459628,-0.3962542733711471,2.8012475396865155
2.041015744993808,-0.39696353955632957,2.614911098375221
2.041642030987799,-0.3968426372881238,2.4382443341954585
2.0414537717385306,-0.39740548761640065,2.248699532600897
2.041927512126099,-0.39715642055825123,2.2233866968512856
2.0418955736460283,-0.3974791967481991,2.050012984011934
2.0418133439894994,-0.3974932123503811,2.0258014814142657
2.042027823048392,-0.39810787369910605,1.8426485152936254
2.0417069913165986,-0.3985645188173278,1.6421180843595098
2.0421602873015554,-0.3989477084318092,1.4639182624217826
2.042163801124052,-0.39939500607677414,1.2454581482825937
2.0420073302765194,-0.3999980249057663,1.0382352530990022
2.0415226017263692,-0.39997844456871207,0.8306732617372429
2.0417448239650677,-0.40086473137426293,0.6363729015521566
2.04143326078553,-0.40104555743057385,0.4691058204766189
2.041146513079007,-0.40135031319910347,0.24530067193874394
2.041208655582793,-0.4014557631966433,0.232153648383605
2.04129467110408,-0.40167474720339535,0.24133611296690005
2.0410396173549135,-0.40195948246824587,0.037079848838548084
2.040807291709504,-0.401976948080391,-0.1826411146886009
2.040272161202234,-0.40210609178672324,-0.3814021536419898
2.039883821578966,-0.40203054228776325,-0.5788465422774157
2.040152685197105,-0.4014101593167522,-0.5708400906269713
2.0393662897134583,-0.40164909574334506,-0.7662579395946449
2.039729322593895,-0.4008631822960545,-0.9644309591453162
2.039913686166027,-0.4003311604800426,-1.1622348651430157
2.040364086502188,-0.3993221826361556,-1.3582399104469678
2.040085539794412,-0.39889254254769285,-1.566211571939529
2.040437113431959,-0.39856748299096495,-1.7549957440912585
2.040588965060145,-0.3982376448988609,-1.96017037538371
2.0413744253069246,-0.3980533143890331,-2.1658622194348833
2.0424326874005083,-0.3986209114817516,-2.3408580181723586
2.0430411912887982,-0.3987534310402963,-2.5461428227160936
2.0433597820605685,-0.3989528336030814,-2.748938837407233
2.043351289652957,-0.3986829269306097,-2.9448927944133163
2.0437510130865304,-0.39865226084485916,-3.1221748689514452
2.0442798920384178,-0.3983444527876775,2.952771665413709
2.044180357802311,-0.3990351046900458,2.9544638634968146
2.0444915990943118,-0.3991474540789806,2.7536284977460506
2.0446603110535593,-0.40008152573082706,2.5606279386136945
2.044830595149929,-0.4005381227498807,2.356635391753656
2.0443546056420434,-0.4014116701241483,2.1518902834950424
2.0436057365789053,-0.401808057686383,2.1694524687969485
2.043373564601389,-0.4020018791005345,2.15740706914733
2.043273226075869,-0.40231002493376744,1.9737519136512929
2.043584574500117,-0.40240084709510227,1.7800555982897026
2.0435314890122296,-0.4026166460642611,1.5795195468799421
2.043914853962004,-0.4030288137220232,1.381185670867653
2.0436117467192867,-0.4027716735920672,1.1761453041178913
2.043703781542741,-0.4031056469335214,0.9808380797150636
2.042949534113518,-0.4026985521058813,0.8075394826780359
2.042269110901377,-0.4026457942785405,0.5982897849202807
2.041666761562464,-0.40245439493946916,0.3890622009301498
2.0418453626227846,-0.4028211093176268,0.21297367928224925
2.041655079999193,-0.40308169633883495,0.023841589547268612
2.041224666829179,-0.40349481979090224,-0.17267488135788295
2.0412434711424323,-0.40334602015251275,-0.18540106945949716
2.0407578904966654,-0.40284453576283336,-0.3859983003331995
2.0403954648049645,-0.402641835022226,-0.6303977768573577
2.0409033547504936,-0.40200698973955223,-0.6344679599595552
2.04119032250331,-0.4012764352294747,-0.8347957428824249
2.040471088115171,-0.40140333609168066,-1.0083935510229218
2.041060073878369,-0.40112621466259246,-1.01886829967959
2.0414979654120327,-0.4006364772338278,-1.2006209096663192
2.0424233177507696,-0.39942104644708787,-1.3843248356612545
2.0417160485576407,-0.3994664677371354,-1.3722663670498956
2.0413600622036374,-0.39947739657300063,-1.3842631090390825
2.040825762141309,-0.39953776187875123,-1.3977714933817778
2.040788601439982,-0.39954236949918287,-1.3992417980452725
2.040822652697684,-0.3995423248073658,-1.3967327772144762
2.0408284047140515,-0.3995464512082175,-1.3951708571034165
2.0406116201569735,-0.3992730440354849,-1.5709692801936512
2.0406150026008127,-0.3990263286562372,-1.7573124325913165
2.0411086784506693,-0.39865605616069194,-1.983234777298817
2.0418192183535044,-0.3986444533795297,-2.1819754602334855
2.0411725129218574,-0.39820726198362355,-2.1894784011833983
2.0412212508218994,-0.39771190673661866,-2.3732045823834054
2.041182985204855,-0.39764748788424775,-2.355411930224573
2.0413984445452598,-0.39733381718403793,-2.533533295024844
2.041092976601712,-0.3969326974143632,-2.5188004958476222
2.0413829299852777,-0.39733613666293705,-2.519564907065525
2.041401479586135,-0.3973128100950834,-2.5233844503880642
2.041883352378863,-0.39749331791390713,-2.716721577151397
2.0419899935930523,-0.3979162023228704,-2.7409065347239663
2.042063240506089,-0.3980871429522837,-2.7442490397852253
2.0420930607048553,-0.3981371814107813,-2.74895880541184
2.0421121258164434,-0.3981773854319058,-2.7515341869972705
2.0421004392800817,-0.39816105891249376,-2.7514724784856828
2.0420896900106023,-0.3981463124205141,-2.7514827686628385
2.0420792854195793,-0.3981321341387178,-2.751520995100045
2.042069008955936,-0.39811816025410074,-2.7515698306828926
2.0426578757703178,-0.39845751788823475,-2.94757605889857
2.0430213976874265,-0.3983477855450026,3.1228599891958875
2.04300076967077,-0.398917496694136,3.1273933379892846
2.043470308070431,-0.39858218530285533,2.928236742674437
2.0435881834669467,-0.39808443754864564,2.9048887033458066
2.0435778379456595,-0.3984135018272853,2.9000579095344037
2.043723579659189,-0.3991196473775556,2.7226491917216413
2.043469493081287,-0.4000893606839036,2.713420585818606
2.043266305806335,-0.4006396201037288,2.734179466140942
2.0430960436770866,-0.40097130989349566,2.75008398726034
2.0428929789678896,-0.40136665237372654,2.7681483425123443
2.042785541326663,-0.40155718985709943,2.776768780097468
2.0426786105657664,-0.40174004846027617,2.784873825157636
2.0425032967447017,-0.402088238991165,2.7988153459283476
2.0423875782182224,-0.40234310895282976,2.8082295927922383
2.042486963241981,-0.4021087540815916,2.8105104010717104
2.042450973108598,-0.40222381451757633,2.813840278938454
2.0424927346902044,-0.4021935658599782,2.8153583369931945
2.042795839815915,-0.4024093390508189,2.6428586517400587
2.0431412255837076,-0.40281210679174145,2.415284646567183
2.043248486677571,-0.4027819404945135,2.404554415590183
2.04335277578376,-0.4027521224862465,2.3886048924807235
2.0429459894821784,-0.4032587142948072,2.377049118835672
2.042916692479764,-0.40327186256739045,2.382013572746573
2.0428856512019173,-0.40330319016924304,2.383044615163528
2.0428543102977033,-0.4033344686046395,2.3847297675505468
2.0428231135339083,-0.4033650794908652,2.3866337158132485
2.042745297557478,-0.4039228873751233,2.2016696256438526
2.0429767937209844,-0.4042929103044385,1.9872600776373477
2.0426244484465754,-0.40479745823896685,1.7762881848728456
2.0428535207628573,-0.40475584289621336,1.7710359715390305
2.0430784596853298,-0.40473670424800556,1.7675165527470573
