0.8030771515948144,0.5904841350669484,1.6200428452859121
0.8031786109300506,0.5905263647473122,1.5700898759028512
0.8033532431275724,0.5905542488301719,1.583391193105707
0.8038102156426468,0.5905644191105894,1.598781093602956
0.8037676350744022,0.5905555727746556,1.594359203145276
0.8037426160034212,0.5905535630047937,1.5945194879281304
0.8037429244002243,0.5905523747764247,1.5939093238018325
0.8037499909822338,0.5905518830306267,1.5934775140261637
0.8037596888039199,0.5905516756477199,1.5931238844076847
0.8037694062366061,0.5905515315218073,1.5928435499158786
0.8037714059054731,0.5905512035102288,1.5928419150557782
0.8037728573818127,0.5905508731126898,1.5928815247002999
0.8037741421747158,0.5905505441887,1.5929378128386154
0.8037753749360715,0.590550215453581,1.5930013646922112
0.8037765929127285,0.5905498854916247,1.5930681515490202
0.8037778074965631,0.5905495533595522,1.5931364567562973
0.8037790218091416,0.590549218516239,1.5932055520320343
0.803780236510127,0.5905488806680691,1.5932751301423342
0.8037814516195312,0.5905485396556052,1.5933450626966794
0.8037826670421492,0.5905481953872962,1.5934152970822058
0.8037838826939574,0.5905478478044155,1.5934858127307978
0.8037850985186864,0.5905474968635513,1.5935566026095709
0.8037863144805919,0.5905471425281803,1.593627665404921
0.8037875305559053,0.5905467847647143,1.5936990022293576
0.8037887467271173,0.5905464235406794,1.5937706152364366
0.8037899629797386,0.5905460588238878,1.5938425070399507
0.8037745811232427,0.5905483964703795,1.5974608608017822
0.8037780232228968,0.5905480854201907,1.5976252831380635
0.8037801289510114,0.5905476265397954,1.5977426375075292
0.8037816759914607,0.5905471030345193,1.5978416292304336
0.8037829862738771,0.5905465492949914,1.5979333042241932
0.8037841959708447,0.5905459797558894,1.5980222303384992
0.8037853626692908,0.590545400454741,1.5981102972540135
0.8037865106923784,0.5905448138956594,1.5981982881494559
0.8037876502930535,0.5905442210964834,1.5982865293661828
0.8037887857782997,0.5905436224501079,1.5983751588449844
0.8037899189448673,0.5905430180866036,1.5984642369508526
0.8039700974274471,0.5902329397294213,1.4247253005806846
0.8040163416174588,0.5894171892723677,1.2130177709266774
0.8034611956530455,0.5892887240620461,1.1842197203368023
0.8035249337431658,0.5893156896649298,1.2121552452179192
0.8034809344940168,0.5892878789149398,1.21217246293402
0.8036273026658582,0.5892926592981872,1.2134619481383326
0.8034495480118935,0.5892140754378894,1.0402660609038439
0.80285164209955,0.5894692445016303,1.0453324649365356
0.802491979293358,0.5896820968634976,1.0454973313435683
0.8017271726027247,0.5899738652032086,0.8822066463243238
0.8014218607414598,0.5901299405301291,0.8610317090171986
0.8011107089346982,0.5903634996397265,0.8523383081624969
0.8014237527154029,0.5900986510810271,0.8557304548588462
0.8011385196294495,0.5903413811864192,0.8593516261088326
0.8013231666362514,0.5901538859546885,0.8482576848520768
0.8012000910258852,0.5902861985288579,0.8642614243528506
0.8011931848770673,0.5902507054470686,0.8467479726967984
0.8012950034959098,0.5902051492830397,0.867305488678392
0.8011841915331156,0.5902505229736801,0.850648850881393
0.8012067647970634,0.5902548248139844,0.8585658253734754
0.801248804927426,0.590207309061602,0.856752782568294
0.8011180963615055,0.5903137258337441,0.8510713858853386
0.8013061622459168,0.5901815340130352,0.8629921201456575
0.8011759012966789,0.590265182177493,0.8521256275144465
0.8011232800824359,0.5903279702254856,0.8571928376334583
0.8005096614738603,0.5904625557474773,0.6779315450371902
0.7997767781332464,0.5908827590118579,0.44186826332087276
0.7993190227844131,0.5915845858898786,0.26953655422301004
0.7992843594936603,0.5919433764543675,0.2517553633863327
0.7989095253461317,0.5912109966343932,0.0768608284476301
0.7988898954212684,0.5907287887648822,0.07748619812890348
0.7989299712651216,0.5898259360660332,0.07891194132082653
0.7986518258873487,0.5897392790762835,-0.0994665489805536
0.7983333856597361,0.5898762885071108,-0.2919615218956097
0.7978995418441527,0.589790612700552,-0.5149882628819069
0.7980371793904607,0.5906700821542552,-0.7217333325863708
0.7983548961356595,0.5910575705561927,-0.737511408816431
0.7983838059456229,0.5910535344820398,-0.72580117549074
0.7984677409677994,0.5911792353223945,-0.7346274171974013
0.7983053777482764,0.5909821416632376,-0.73451672557744
0.7991142299048484,0.5921646003338975,-0.94224298526679
0.7989432578165233,0.5920708316029519,-0.9608083999456886
0.7989346269689652,0.5920704438412915,-0.9584068287477431
0.7990418566472104,0.5921833082327876,-0.9631614116308037
0.7992716850025804,0.5923405526956128,-0.9730771757728575
0.7997492213587486,0.5928919998806971,-1.1772995812370826
0.8000344758274658,0.5930862767356984,-1.2040240999888647
0.7993353393550428,0.5929135581480084,-1.218102487166615
0.7993307765425417,0.5930164741663514,-1.2224612075420078
0.7996349496605165,0.5931415162020637,-1.2235453952122337
0.7996544574386151,0.5931103508330277,-1.21723703422325
0.7995571029738275,0.5930520980995138,-1.2065506326790272
0.7991902481312644,0.5928986491560466,-1.1981633626677115
0.799225691921969,0.5929137054768026,-1.190956774221288
0.7992593880889464,0.5930810689063913,-1.3809523773215038
0.7990634391037877,0.5930235254548529,-1.3838130649086289
0.7992802067004836,0.5933373505815195,-1.5612283148016697
0.7996674059069995,0.593349280034717,-1.5655594630184704
0.8006052735299338,0.5933426333234747,-1.5608336501814806
0.8003359193138477,0.593712360535904,-1.7356808914957722
0.8007090732612698,0.5936484442883311,-1.948295382057849
0.8006324210698842,0.594250593608491,-2.1269926173820246
0.8006100941320974,0.5944356903882202,-2.1408310616225115
0.8012300001458708,0.5941914741795876,-2.1446260989843293
0.8014676528582567,0.5940633803637969,-2.1540245350732494
0.8014340541242595,0.5940642626212208,-2.15116912470013
0.8014212413972379,0.5940294370919037,-2.1530708088970054
0.8013340621752336,0.5940075376941234,-2.1454070313422795
0.801470851393809,0.5940866374752984,-2.1277744969087036
0.8015772608005792,0.5941253287929605,-2.1407765153051592
0.8017258517996214,0.5941001945282928,-2.1522811984907197
0.8014243771520088,0.5942837972549757,-2.1562306370476776
0.8013121617112147,0.5944196626833153,-2.1709062974810656
0.8013309804979314,0.5943073537542877,-2.130282692005687
0.8007960575227623,0.59455682849849,-2.110589316112339
0.8016315489886519,0.5943850447951392,-2.3047748461723634
0.8016343271239712,0.5944554648521316,-2.318024454469878
0.8009808473731785,0.5951215179886852,-2.3387317764392934
0.8007941080383031,0.5953075713655509,-2.3456942805572525
0.8008402282519738,0.595256883728057,-2.3431432022550833
0.8018459022118045,0.5945993329937845,-2.5235094727472074
0.802259498688644,0.5940054381330647,-2.542436300691269
0.8025115045347498,0.5936952311181634,-2.551171926431061
0.8023757518020235,0.5938607837855981,-2.5415539555655555
0.8025603012014648,0.5942791628468309,-2.7321755542228003
0.8032637295299906,0.5935687117299572,-2.9257832332866993
0.8032920787523262,0.5931869610752253,-2.9071578480162055
0.8033756766737664,0.5926271739006822,-2.9120868481068105
0.8033970853039339,0.5921640988267353,-2.910555327080421
0.803405753912264,0.5921067295421993,-2.913802355929748
0.8036749391057253,0.5919857771212513,-3.1024455274781166
0.8040267228255359,0.5923282678922278,2.9737320594869545
0.8040889005311124,0.5922773606241155,2.958255424956048
0.8041010539603589,0.5922842769573028,2.9686590166771767
0.8040982071845224,0.5921350873281682,2.9642117137826944
0.8040685709647327,0.5918706854518229,2.958349290484664
0.8040930698653602,0.5919888650502456,2.9599238832367636
0.804119637623109,0.5920910376088895,2.960945339225465
0.8041143793456867,0.5921113752967323,2.965327619243884
0.8040719629115616,0.5922699202569016,2.9737806489479257
0.8041029574749656,0.5928002891335906,2.9870983418109107
0.804342724665462,0.592562758273519,2.8009859176084033
0.8043379084145269,0.5922181471793065,2.7492286449159393
0.8044102362081614,0.5923373472963365,2.745075352383846
0.8044168942158771,0.5922678718680665,2.755917392653866
0.8044739905202946,0.5926942611576345,2.7710126790203673
0.8042480664802264,0.5922804043890699,2.7918222933841617
0.8046633045068402,0.5923339783258714,2.6091781595888333
0.8052316314239734,0.5933214849310583,2.6070785480920073
0.8053208362305768,0.5935101054591438,2.604559288766067
0.8050240716156544,0.5930841484278729,2.6218786410642747
0.8050034284032878,0.5930509263314183,2.6224074732375904
0.8049440805068823,0.5929623983423338,2.624715079539752
0.8048682873581939,0.592847673183639,2.627931032674023
0.8047902691901918,0.5927281682828858,2.6312571513267855
0.8047844207394057,0.59271529860039,2.629985172788621
0.8047847047684368,0.5927122515804597,2.62824763066219
0.8047842542645901,0.5927081568679688,2.6265368401177898
0.8047835142374364,0.5927036785678389,2.624839897732519
0.8047826475594435,0.5926990601175967,2.6231525012020502
0.8047817140320592,0.5926943908841992,2.6214732143815724
0.8047807357589478,0.5926897037116576,2.6198015398849854
0.8047797210418245,0.5926850106802509,2.618137281813373
0.8047786731227473,0.5926803162320794,2.6164803387069284
0.8047775933854611,0.5926756219953176,2.614830637854097
0.804776482528864,0.5926709285598337,2.613188115140462
0.8047753409976258,0.5926662361316972,2.611552709174064
0.804768191200025,0.5926457826959897,2.609359384325415
0.8046874919441003,0.5924515361551133,2.601099464086955
0.8046174479604564,0.5923069397196411,2.599003911265619
0.8046573207294042,0.5923025680764679,2.603219502425204
0.8047384351406537,0.5923948948514831,2.6087741708103267
0.8047705309717564,0.5924799524961155,2.615494357758126
0.8047836065947177,0.5925429166729217,2.621418886527398
0.8048573534717952,0.5926984975177019,2.6256141363628283
0.8047964845839602,0.5925740049082061,2.6147888976773
0.8048097251644933,0.5925348529618463,2.610942564941857
0.8048380628677237,0.592579356715852,2.609532678730077
0.8048518610887428,0.5925951439766319,2.6074280033842867
0.804860517207044,0.5926022244995929,2.6050807479313907
0.8048097721617066,0.5925280621120131,2.606127738115263
0.8047895480351557,0.5926092220207284,2.6211357050355137
0.804860585905609,0.5926584868166209,2.615479624718227
0.8049333374470267,0.5929147024331343,2.625876987907096
0.8049477258310119,0.5931021917075219,2.637480301121003
0.8047531470432456,0.59287049904972,2.6421266541459136
0.8044907639170286,0.5923645628686772,2.6553438514045116
0.8046095579290298,0.5925834143153212,2.656142165685647
0.8046023479163523,0.5925938106668027,2.657000261845161
0.8046025520607347,0.5926201925002746,2.659811261840245
0.8046265074188597,0.5926977178319787,2.665168750337174
0.8046534884684715,0.5927832389184226,2.6709557055743485
0.8046386378397613,0.5927813503971208,2.672764217484424
0.8046089658855918,0.5927455136386576,2.6730915831661375
0.8048290147817506,0.5925157011803934,2.509672525703258
0.8044772494822658,0.5920622807942791,2.5120040615155004
0.8045994078592482,0.5924172976287344,2.53579670986111
0.8045418140936931,0.592333999528462,2.5373653793570785
0.804493310553764,0.5922650272015182,2.54014361357131
0.8044601697093418,0.5922164991824836,2.542536383133356
0.8045810556348795,0.5924292099821673,2.5528599380028196
0.8046084616959758,0.5924787011280619,2.555163878775592
0.8045803530955895,0.5924384977420062,2.5557330974640835
0.8045716428881196,0.592422810382712,2.555906506936336
