-1.6727558328062446,1.108913124057917,1.6212821004926306
-1.6729711841661519,1.1091522912988652,1.5929437352146636
-1.6729635748100005,1.1090939838326068,1.555216246536126
-1.6725871816854585,1.1091116362277742,1.571183611490755
-1.6721301627843197,1.1091127804304675,1.5825895828370788
-1.671871466933454,1.1091101337877223,1.5894086927418576
-1.671788170562219,1.1091073731487497,1.5913865025207024
-1.6717612773970825,1.1091070790280955,1.592812512705502
-1.6717472212466662,1.1091054483907936,1.5929647495355157
-1.6717417675160795,1.1091049935887975,1.5932899513334895
-1.6717387095735414,1.1091045200784728,1.5934791533655366
-1.6717365426798874,1.1091040351764188,1.5936133114921163
-1.671734706105242,1.1091035423562308,1.5937257707132226
-1.6717329915205537,1.1091030425996105,1.5938298966968325
-1.6717313218001684,1.1091025361146845,1.5939310324058382
-1.6717296684525518,1.1091020228839226,1.5940313128366683
-1.6717280209724397,1.109101502829831,1.5941315931258888
-1.6717263754971499,1.1091009758614885,1.594232218623575
-1.6717247306146896,1.1091004418858879,1.5943333319358601
-1.6717230858164704,1.109099900809786,1.5944349951922892
-1.6717214409267258,1.1090993525394448,1.5945372386814827
-1.6717197958923016,1.109098796980144,1.5946400801804574
-1.6717181507052978,1.1090982340358329,1.5947435326321868
-1.6717165053746208,1.1090976636089158,1.5948476071942408
-1.6717148599155411,1.109097085600127,1.5949523144503717
-1.671713214345877,1.1090964999084434,1.5950576648944663
-1.671728952402929,1.1091039126767113,1.598470458699773
-1.6717294189249094,1.109103076419991,1.5985125495033394
-1.6717285506080313,1.1091022212436732,1.5986023020895792
-1.6717272048421732,1.1091013601726072,1.5987156462127468
-1.6717256894129902,1.1091004893504697,1.5988389040018858
-1.6717241140066292,1.1090996074207073,1.5989667262257419
-1.6717225175587482,1.1090987138469506,1.5990970314021662
-1.6717209138201452,1.1090978083441796,1.5992290180337192
-1.6717193076208874,1.109096890697795,1.5993623864852862
-1.6717177006509896,1.109095960708437,1.5994970341756143
-1.6717160935036537,1.109095018176239,1.5996329361583645
-1.671714486392606,1.1090940628968213,1.5997700983439689
-1.6717128794018659,1.1090930946604811,1.5999085391862975
-1.671711272571849,1.1090921132520966,1.6000482825246247
-1.6717096659286752,1.1090911184511099,1.6001893547968287
-1.6717080594939953,1.1090901100314632,1.6003317839666378
-1.6717064532882058,1.1090890877614754,1.6004755991225414
-1.671704847331469,1.109088051403688,1.6006208303416183
-1.6717032416440256,1.1090870007146862,1.600767508657362
-1.6717016362462684,1.1090859354449043,1.6009156660696953
-1.6717000311587669,1.1090848553384172,1.6010653355724345
-1.6716984264022472,1.1090837601327252,1.6012165511887275
-1.6716968219975892,1.1090826495585253,1.6013693480111713
-1.6716952179658189,1.1090815233394757,1.6015237622441894
-1.6716936143280692,1.1090803811919452,1.6016798312500402
-1.6716920111055829,1.1090792228247548,1.601837593596238
-1.6716904083196864,1.1090780479389095,1.601997089106217
-1.6716888059917696,1.1090768562273132,1.6021583589120636
-1.6716872041432587,1.109075647374475,1.6023214455105537
-1.6716856027955898,1.109074421056199,1.6024863928215785
-1.6716840019701817,1.1090731769392637,1.6026532462501433
-1.6716824016884,1.1090719146810812,1.6028220527514856
-1.6716808019715197,1.1090706339293483,1.6029928608994792
-1.6716792028406948,1.109069334321671,1.6031657209591867
-1.671677604316895,1.1090680154851817,1.6033406849630285
-1.671676006420872,1.1090666770361306,1.6035178067915163
-1.671674409173097,1.1090653185794608,1.6036971422583768
-1.671672812593701,1.109063939708362,1.6038787492002413
-1.6716712167024097,1.1090625400038019,1.6040626875719195
-1.67166962151847,1.1090611190340351,1.6042490195470651
-1.671668027060565,1.1090596763540879,1.6044378096244485
-1.6716664333467288,1.1090582115052148,1.604629124740604
-1.6716648403942436,1.1090567240143299,1.6048230343895082
-1.671663248219541,1.1090552133934088,1.6050196107493018
-1.6716616568380585,1.1090536791388579,1.605218928816664
-1.6716600662641332,1.1090521207308517,1.6054210665492072
-1.6716584765108446,1.1090505376326365,1.6056261050174245
-1.671656887589852,1.1090489292897932,1.6058341285658175
-1.6716552995112135,1.1090472951294659,1.6060452249840365
-1.6716537122832043,1.1090456345595439,1.6062594856895673
-1.6716521259120847,1.1090439469678008,1.606477005922051
-1.6716505404018704,1.109042231720986,1.6066978849503672
-1.6716489557628333,1.1090404881641254,1.6069222271601535
-1.6714632097251894,1.1086915276711056,1.430392504796904
-1.6707176259944083,1.108617720460888,1.4394372186265683
-1.6707966762793787,1.108652743872638,1.440949565193829
-1.6708636894816076,1.1086846568137598,1.4420157029334164
-1.6709329153055303,1.1087166697900233,1.443068003087484
-1.6710031050582534,1.1087486147327872,1.4441228497533876
-1.671073084254363,1.108780295287264,1.4451707463763348
-1.6711424632157226,1.1088116480106884,1.4462081778733316
-1.6712111402061398,1.1088426589636875,1.4472344430186626
-1.6712494796669952,1.1088615376007216,1.4469137544556676
-1.671126723773511,1.108842181167174,1.4425071844463857
-1.6709818522706466,1.108818153926206,1.437437665714914
-1.6711099255257993,1.1088383281702612,1.441000931597048
-1.671227483283622,1.1088432798713141,1.4439248756452745
-1.6711800386298639,1.108816333996843,1.4422726305258962
-1.6714576067425961,1.1088623295973998,1.4490969522569104
-1.671707266457004,1.1085595033127795,1.2397395762069072
-1.6720078576400548,1.1085294831512664,1.2212890950119282
-1.672210285325955,1.1086178329304401,1.2288834206143766
-1.6723308980943061,1.1086715895754387,1.2335500176685563
-1.6726960300742502,1.1087879794488618,1.2445874942075654
-1.6732427418021423,1.1089207504065102,1.2565598669184384
-1.6734690119912385,1.109040792141477,1.2771868387533734
-1.673477698379938,1.1090303635702636,1.272923209393914
-1.6734873042856406,1.1090202545065446,1.267591983514433
-1.6735005596206345,1.1090111909216027,1.2620084456398788
-1.6735726113875777,1.108999913592797,1.255934396810187
-1.6737929521768962,1.1090157780830041,1.2445723072494537
-1.6736835754275192,1.1089970935311506,1.2452688450252372
-1.6734340666652705,1.1089620966297622,1.2545423375845381
-1.6734318920978015,1.1089567453581932,1.253929127214661
-1.6734221117274468,1.108948032312239,1.2530502606174925
-1.6738009994710668,1.1087533694437581,1.0717314950470649
-1.6742228188758137,1.1083529626295694,0.8415208769841258
-1.675006454792438,1.1086187654878075,0.6399544052309701
-1.6751853536364563,1.108787247288196,0.6021260939299068
-1.6750007247536973,1.1084357760503143,0.6048781767744489
-1.6749346851414717,1.1081570528786,0.5914608039686325
-1.6751655175325664,1.107816605173213,0.4475659655241453
-1.6750592775609443,1.1073276478487202,0.43477756203444334
-1.6750177361185226,1.1072072551424228,0.42911523035747096
-1.6750164648111736,1.107142464782162,0.4162654016446912
-1.6751048570412492,1.1073861625219477,0.41276034580824483
-1.675054292427147,1.1072870268171104,0.4138510299617121
-1.6753451188321817,1.1072136518891378,0.20544039009773515
-1.6754212461964932,1.1074758857443618,0.18058824260697917
-1.6753935500959851,1.1069653273679785,0.16328094755878045
-1.675366193765805,1.1068772045852089,0.15361310153062468
-1.6753943470300476,1.107094997502769,0.14630986110926802
-1.6754107525694164,1.1072420020898792,0.13912204763008562
-1.6753872008881538,1.1072073355586045,0.13790871481649902
-1.6752773801102239,1.1066959188230718,0.14551251947693042
-1.675271610746698,1.106543443074496,0.14123934335221072
-1.675286083100536,1.1064229511094552,0.1364638092023083
-1.675328960727869,1.1064998109843507,0.13260084249278273
-1.6753456224301118,1.1065206541658286,0.12856374782162786
-1.6754234749565509,1.106793392100268,0.1304456615803972
-1.6754722472140382,1.107124910215062,0.1274448782358517
-1.6755093976636886,1.1073368744154317,0.12252790389932143
-1.675513580435496,1.1073593148439445,0.12568223736550047
-1.6755169506370478,1.1075171537087949,0.13013727298611372
-1.675506299264988,1.1075174247381017,0.1302915963207622
-1.6754896360865295,1.1074846117430104,0.13023484232961544
-1.6754705255834843,1.107435158952565,0.13024170836022178
-1.6754534155368612,1.1073902309955685,0.13038211160197904
-1.675436448352284,1.107346792052016,0.1305463169840865
-1.6754195151158924,1.1073038022750639,0.13072235425822754
-1.6754025682625082,1.1072609520774963,0.1309120892484744
-1.6753856075903446,1.1072181119064273,0.1311074645192855
-1.675368630513945,1.1071752654143832,0.13130820397650103
-1.6753516359310936,1.1071324080703686,0.13151446647641757
-1.6753346231396098,1.1070895382595696,0.1317264118610132
-1.6753175915715026,1.1070466554226355,0.13194420467738907
-1.6753135088496585,1.1070907035548632,0.1304477357565851
-1.675379782246629,1.1073930611857268,0.11811321190228401
-1.6754042320178975,1.107423982786267,0.11251379790973927
-1.6753786879679027,1.1071899359079493,0.1150038782703131
-1.675382167438458,1.107149690846344,0.11211524904404178
-1.6753893593450557,1.1071432397036074,0.10767033852359328
-1.6753968282081226,1.1071472617575442,0.10282059956131227
-1.675442906571467,1.1075627693460979,0.09528540880144096
-1.6754579618052405,1.107566923470688,0.09370208695324278
-1.6754766717189984,1.1076620523793537,0.09925453263700422
-1.675487022515589,1.1077027350305928,0.10659823388462794
-1.6754765170161185,1.107852945768922,0.11454366348299817
-1.6754685106096923,1.1079321591430193,0.11612086250287773
-1.6754890720444031,1.1081851236629252,0.1067607466215331
-1.6753867603278592,1.1077424240395972,0.11922393994419697
-1.6753759720502066,1.107626274420934,0.11647737257022889
-1.675370494079573,1.1075831819526885,0.11390404371051636
-1.6753600270042703,1.107518124164968,0.11256194310895855
-1.6753636058437014,1.1075293962584623,0.10990605730518871
-1.6753724829717027,1.1075789498203472,0.10748279120912022
-1.6753825133632794,1.107642098625703,0.1053172254516409
-1.6753886607078259,1.1077339517765168,0.10305675281383586
-1.6753886283738477,1.1077708602974157,0.10476451397555438
-1.6753785345229588,1.107757822369239,0.10867058346852335
-1.675367446441348,1.107739418334989,0.11308919002235689
-1.6753557668715013,1.1077180518722338,0.11777944075618373
-1.6753436561797301,1.1076942945303427,0.12262851185308686
-1.6753313794781655,1.1076719965442552,0.12767521414466362
-1.6753865150172589,1.1078316426965105,0.11456737788726097
-1.6753586194881662,1.107581125665327,0.10535765240563014
-1.6753562621075815,1.1080101346072186,0.11889335004107562
-1.6753520424645059,1.1080773853762913,0.12588759880265973
-1.6753193909654425,1.1076424821181226,0.11337803053044793
-1.6753018694349822,1.1078293729130169,0.11973241460010398
-1.6752820586615478,1.1080614861982994,0.13325087949454165
-1.6752635172926125,1.1076756407978459,0.12469368362843766
-1.6752299331691087,1.1076197405827541,0.12341315888483842
-1.6752585986889894,1.1081041136007994,0.1332180964271116
-1.6752306386616782,1.1076972779752499,0.12297581484315202
-1.6752039766598759,1.1077924285292675,0.1270579362232479
-1.6751939533522,1.1080304155795642,0.13823990578902953
-1.6751756064233843,1.1076740121261903,0.13272564861796896
-1.6751118877527549,1.1071635736607879,0.13650067895223336
-1.6751011593420095,1.1071826916699645,0.13849210558792518
-1.6750927570450438,1.107201875278265,0.13790151357959105
-1.6750856600855601,1.107197927340295,0.13617537827367282
-1.6750792837902932,1.1071897051745532,0.13396714248544014
-1.675073072958976,1.1071790932818213,0.1316291509585554
-1.675066855730187,1.107167115141405,0.1292855757186297
