-1.252615777672411,-0.9282520285236111,1.5809820106210197
-1.2522482465886593,-0.928250506151603,1.5773742742244434
-1.2514494813352506,-0.9282677266680103,1.5736045387474078
-1.251237142694288,-0.9282868222066903,1.5617208763981996
-1.2513476058162925,-0.9282837445646395,1.5628768836821425
-1.2513837496091123,-0.9282828186065979,1.5630208701977313
-1.2513959929425185,-0.9282824769343446,1.563068371822789
-1.251400561610583,-0.9282824134562419,1.5630634847268794
-1.251402804776936,-0.9282824661623904,1.563036962641863
-1.251404290917837,-0.9282825722317781,1.5629992034464386
-1.2514055345621604,-0.9282827020424401,1.5629563009560188
-1.251406699254112,-0.9282828424845825,1.5629110701780375
-1.2514078378505755,-0.9282829877843823,1.562864785634222
-1.2514089678069817,-0.9282831354065656,1.5628180177419229
-1.2514100950408118,-0.9282832842408857,1.5627710199080491
-1.2514112216183868,-0.9282834338028575,1.5627239041720482
-1.251412348283443,-0.9282835838824224,1.562676719928209
-1.2514134753107131,-0.928283734389767,1.5626294889285353
-1.2514146028028696,-0.9282838852877426,1.5625822207629705
-1.2514157307973022,-0.9282840365622641,1.5625349196816583
-1.2514168593058328,-0.9282841882093537,1.5624875875931559
-1.2514179883299692,-0.9282843402294675,1.5624402253811054
-1.2514191178669447,-0.9282844926250196,1.5623928334804325
-1.2514202479121754,-0.9282846453992927,1.5623454121304439
-1.25142137846026,-0.9282847985559662,1.5622979614852694
-1.2514225095054081,-0.9282849520989083,1.5622504816619867
-1.2514205574116177,-0.9282866456077432,1.5611410295917012
-1.2514210309147098,-0.9282869462356919,1.5610604836493704
-1.2514219142367913,-0.928287168649608,1.5609997764432948
-1.2514229495289486,-0.9282873591149002,1.5609463483314234
-1.2514240406674553,-0.9282875358155713,1.5608961270350998
-1.2514251531553668,-0.9282877067528412,1.5608473075152682
-1.2514262741624,-0.9282878754465146,1.560799091359979
-1.251427398748983,-0.9282880434448741,1.5607511265198846
-1.2514285249521522,-0.9282882114299613,1.5607032581274476
-1.2514296519688686,-0.9282883797035595,1.5606554181926757
-1.2514307794610142,-0.9282885484006425,1.5606075769337322
-1.251431907281169,-0.9282887175830488,1.5605597213521143
-1.2514330353615368,-0.9282888872805687,1.5605118458155167
-1.2514341636680162,-0.9282890575089611,1.5604639479226539
-1.2514352921808773,-0.9282892282778504,1.5604160266892924
-1.2514364208865465,-0.9282893995941867,1.560368081752875
-1.2514375497740546,-0.9282895714637636,1.5603201130234874
-1.2514386788335425,-0.92828974389188,1.5602721205316032
-1.2514398080555675,-0.9282899168836349,1.5602241043605771
-1.2514409374308382,-0.9282900904440515,1.5601760646176317
-1.2514420669500674,-0.9282902645781342,1.560128001421117
-1.2514431966039397,-0.9282904392908947,1.5600799148943558
-1.2514443263830646,-0.92829061458736,1.5600318051637814
-1.2514454562779826,-0.9282907904725778,1.5599836723576432
-1.2514465862791473,-0.9282909669516202,1.5599355166053621
-1.251447716376936,-0.9282911440295829,1.5598873380375697
-1.2514488465616351,-0.9282913217115855,1.5598391367859052
-1.251449976823455,-0.9282915000027724,1.559790912983032
-1.2514511071525136,-0.9282916789083121,1.559742666762624
-1.2514522375388388,-0.928291858433398,1.5596943982592237
-1.2514533679723818,-0.9282920385832468,1.5596461076085937
-1.2514544984430032,-0.9282922193631017,1.5595977949471325
-1.2514556289404792,-0.9282924007782285,1.559549460412439
-1.2514567594544925,-0.9282925828339177,1.5595011041430578
-1.2514578899746425,-0.9282927655354842,1.5594527262785658
-1.2514590204904419,-0.9282929488882666,1.5594043269595395
-1.2514601509913152,-0.9282931328976279,1.5593559063275118
-1.2514612814665953,-0.9282933175689548,1.5593074645250207
-1.2514624119055304,-0.928293502907659,1.5592590016955603
-1.2514635422972757,-0.9282936889191743,1.5592105179837776
-1.2512876208757742,-0.9286213162371806,1.3806952831771324
-1.2510811212091721,-0.9292212072980439,1.180186464621871
-1.2520306558818155,-0.9289348200335833,1.1730604471412323
-1.251935844477791,-0.9289943003998778,1.186828501674221
-1.2527522851028552,-0.9287328621907555,1.1879223978395448
-1.2522756724503157,-0.9288853898427739,1.193545877442873
-1.2523811616457028,-0.9288908165528031,1.1955821102305473
-1.2522827259697342,-0.9289639940674086,1.1995241461913915
-1.2523105420515186,-0.9288963422318208,1.210518908107933
-1.2527497424711225,-0.9291244271597073,1.0084209585779824
-1.2536983233259211,-0.9286604685038844,0.9926651061403897
-1.2542569634583447,-0.9281373588761368,1.0261888844623237
-1.2541528309036258,-0.9282172729036531,1.0256579360377254
-1.2542991643663939,-0.9286460473421181,0.8757935951437388
-1.2546614799765186,-0.9288656081108427,0.7153202986305732
-1.2550464722351524,-0.9284534127268033,0.7033355189006382
-1.2551809275430372,-0.9287894734020304,0.5419087141011585
-1.254934829863216,-0.9296006305857433,0.5108730991869578
-1.2548391067672267,-0.929826604477511,0.5098510632707366
-1.2547349697038748,-0.9301939555190643,0.5155294658023062
-1.2545282965502906,-0.9305754489610134,0.5150543943311735
-1.2545840131142953,-0.930472613193945,0.5165534554717127
-1.2546007805165322,-0.9304682901937711,0.5118603844247768
-1.254869382004232,-0.9306307413739622,0.3007282561633542
-1.254731644843047,-0.9313109913648759,0.28230262150181695
-1.2546320416236667,-0.93174530360838,0.26821711118946295
-1.2547360843132305,-0.9312143757017765,0.27661722964294516
-1.2547598495528536,-0.9312392095732179,0.25500838287941924
-1.2547818018144732,-0.9310791328235453,0.26437891471710306
-1.2546776123990644,-0.9315016800803432,0.25621961238273805
-1.25465915186784,-0.9316105152995124,0.25294553474837594
-1.2546855563031298,-0.9316144861031521,0.2525252432663501
-1.254735630885686,-0.9315460098034932,0.24821424892853364
-1.2547781396175928,-0.9314544498868934,0.24312025593018655
-1.2548062549732872,-0.9313815162158201,0.2417759576829787
-1.254923006053281,-0.9309868139696993,0.2269480240961574
-1.254923485270148,-0.9309837507339003,0.22788554129263003
-1.2549234102919071,-0.9309804611943686,0.22921991157451826
-1.254923550281072,-0.9309763005473584,0.23060606009625162
-1.2549238717358628,-0.9309716155884317,0.23201189668982378
-1.254924366035205,-0.930966533541238,0.23342387870950487
-1.254925031377585,-0.9309611028246635,0.23483625815528056
-1.2554425433933472,-0.9308254801266354,0.048925964913081335
-1.255398221676503,-0.9316981372459678,0.046083298739744
-1.255382825400286,-0.9323469165814432,0.04467103149109621
-1.255384714420124,-0.9324017229515864,0.03885668930823022
-1.25538564685776,-0.932440162465086,0.03596094196257026
-1.255701693983062,-0.9323366068815223,-0.14320578614790122
-1.256107489573995,-0.932574009587962,-0.360118161990529
-1.2561159813296914,-0.9319909639109568,-0.550901001032235
-1.2563044824591614,-0.931513735799103,-0.7131901755126477
-1.2562124007379762,-0.9314601662479645,-0.7004349479181343
-1.256119323455873,-0.9314355299183893,-0.6901847273538166
-1.2562174797499661,-0.9315316543211792,-0.6964262555383389
-1.2561700429503173,-0.9314822719305007,-0.6930411474062592
-1.2561286241782355,-0.9314432917539943,-0.6902498497634237
-1.256234792652084,-0.9315486751816363,-0.696694548171794
-1.256115164656579,-0.9314278517099377,-0.6886704884193807
-1.2561496429680452,-0.931465062133335,-0.690539059935206
-1.256254143398849,-0.9315689631673516,-0.6968329788603892
-1.2560534619126469,-0.9313666529400787,-0.6836676805560785
-1.2561680411787708,-0.931484625598275,-0.6905804187805682
-1.256270402217601,-0.9315864487533452,-0.6967331785737475
-1.2560735501375888,-0.9313904610306815,-0.6837387114218987
-1.2561822703602739,-0.9315001273925906,-0.6903463700165603
-1.2562326610300378,-0.9315482078011323,-0.6928074940961816
-1.2560880360584803,-0.9314062903853672,-0.6835153255741739
-1.2561913676577527,-0.9315105477236277,-0.689789632537096
-1.256208958878675,-0.9315260869611298,-0.6902226425250716
-1.25609546898126,-0.9314149236862531,-0.6828543807901121
-1.2561956525540676,-0.9315161672041316,-0.6889344147351614
-1.2561791122259631,-0.9314974551890592,-0.687249266546201
-1.2560983111473323,-0.9314189126272544,-0.6819039381603342
-1.2561950227206706,-0.931516865529297,-0.6877727118733082
-1.2561424487457358,-0.9314616198185988,-0.683836613353839
-1.2560956744428926,-0.9314173387992548,-0.6806076142494718
-1.2561884703408692,-0.9315116042194824,-0.6862400800311808
-1.2561338736149998,-0.9314540345724424,-0.6821661629425756
-1.2560859392044514,-0.931408488906909,-0.6788636336018288
-1.2561762055756875,-0.931500528512708,-0.6843508335236882
-1.2561534080567207,-0.9314749886692418,-0.682248968872123
-1.2560693768348385,-0.9313925517517028,-0.6766881459602403
-1.256158839881007,-0.9314841841273434,-0.6821422218998003
-1.2561656327614135,-0.9314884804314834,-0.6818700253121288
-1.2560471547731844,-0.9313706576653433,-0.6741504208057847
-1.256135834903205,-0.9314619699424553,-0.6795752184123559
-1.2561956752804109,-0.9315192420216466,-0.6826291088624062
-1.2560155316773145,-0.9313388085023588,-0.6710042009022479
-1.2561066856972198,-0.9314332637714702,-0.6766181103804628
-1.2561819883512233,-0.9315104681769495,-0.6811853152590192
-1.255970789484834,-0.9312896805729568,-0.6670807266284658
-1.2560706690172183,-0.9313971905822906,-0.6732220218241809
-1.2561446577294249,-0.9314735966591393,-0.6777256193029557
-1.256079639354057,-0.9314036823371887,-0.6729330814813547
-1.2560253580938445,-0.931351057387876,-0.6692253244049118
-1.2561018295661839,-0.9314306793582368,-0.6739120756996452
-1.2561682785026296,-0.9314992103706812,-0.6779470333308039
-1.2559640860886254,-0.9312875314680741,-0.6641890717104826
-1.2560518276841355,-0.9313798206496999,-0.6696345915103777
-1.2561167791566579,-0.9314474343020795,-0.673592279848506
-1.256046774615379,-0.9313714477220035,-0.6684530931642495
-1.2559894542848473,-0.9313153289077649,-0.6645495800278475
-1.256059347114894,-0.9313888569155467,-0.6688496330899548
-1.2561168969388041,-0.9314488733435403,-0.6723529981963791
-1.2559382232742131,-0.9312580612905585,-0.6602198394010871
-1.2559905594647311,-0.9313175090333097,-0.6633712470310873
-1.2560510913803804,-0.9313813907280513,-0.6670826484334994
-1.2561029822957928,-0.93143570841706,-0.6702450954325614
-1.2559280229296372,-0.9312514064413062,-0.658350557079488
-1.2560159958718193,-0.9313449730943236,-0.663821277321946
-1.2560731872638164,-0.9314051980476501,-0.667335354113196
-1.256124081588582,-0.9314583879722443,-0.6704472800046104
-1.2559472410868722,-0.9312999695602675,-0.6572538761460512
-1.256079045491093,-0.9314892407395838,-0.6586228261516852
-1.2559480386141515,-0.9313846772458331,-0.6527602587896925
-1.2561156855010507,-0.9316069559437992,-0.6611899089126113
-1.2560429577437178,-0.9314648358316773,-0.6640453214475164
-1.2559815398857164,-0.9314183378861856,-0.6565112804099851
-1.2559862055557782,-0.9314305495583909,-0.6558362765842811
-1.255989672353267,-0.9314304581106484,-0.6571056147246209
-1.255990701456659,-0.9314244285926881,-0.6587944095859605
-1.255992916324314,-0.9314193527843776,-0.6605132533505564
-1.255995455987092,-0.9314141242393863,-0.6622605386527474
-1.2559969315053046,-0.9314074291479756,-0.6640741725938666
-1.2559969749120778,-0.9313986974818507,-0.6659783116270229
-1.2559954176517043,-0.9313876782826896,-0.6679849056759014
-1.2559921248535302,-0.9313741850556946,-0.6701029030366522
-1.2559869656619307,-0.931358046974079,-0.6723404599433213
-1.2559881317617487,-0.9313521606185148,-0.6741016893101531
-1.2560029111542244,-0.9313686180456231,-0.6748503283308543
-1.2560142935594498,-0.931379078025834,-0.6760391156092561
-1.256018833164566,-0.9313827677427238,-0.6766072234002215
-1.2560202913087648,-0.9313837306824513,-0.6769198169023819
-1.256020580028889,-0.9313836841841235,-0.6771295340665893
-1.256020386476839,-0.9313831509570129,-0.6773207007889833
