-0.42804425674239055,0.14964186587570832,1.6213963065246864
-0.4282564434848414,0.149782774897982,1.5935376007858084
-0.4286940151713508,0.14969521322842827,1.576423010633566
-0.4291851000230473,0.1496677167579359,1.5735757246730302
-0.42963718858667843,0.14960762078826845,1.5566575874492952
-0.42979634208172324,0.14957714873826888,1.550043466265413
-0.42996364841823265,0.1495721951552933,1.5575998021524877
-0.43021448754394975,0.14958197946659058,1.5618219717612658
-0.43047909366986387,0.14959756486839815,1.5688892037719102
-0.43072657239023615,0.14960899502822497,1.574936290678273
-0.43106778582735883,0.1496225207264811,1.583752816679205
-0.4313595006018203,0.14963851899344707,1.5919553664774513
-0.4313995124742528,0.14964639159107934,1.5917492758151475
-0.43141526929162677,0.1496496796434407,1.5919620922243485
-0.4314259639524753,0.14965110913906216,1.5921766141536764
-0.43143429711299297,0.1496517402541224,1.592363746656899
-0.43144128549114275,0.1496520205382744,1.5925193777844147
-0.4314473498827011,0.14965213957990972,1.5926462769098224
-0.4314527059899493,0.1496521785167351,1.5927485148957086
-0.4314574883744326,0.14965217290312902,1.592829898221531
-0.43146179588481587,0.14965213948372558,1.5928938006246214
-0.4314657068378308,0.14965208660419968,1.5929430152030422
-0.4314692843170534,0.14965201897733532,1.5929798649038807
-0.4314725806678973,0.14965193965729442,1.5930063014393374
-0.431475639683186,0.14965185082700644,1.59302396402037
-0.4314784981270008,0.1496517541552154,1.593034230229961
-0.43150613390629594,0.1496610911033374,1.5982611607129702
-0.4314829160695082,0.14966423665620213,1.5988250022852089
-0.43147822878583686,0.14966520520685936,1.599003606878523
-0.43147868481991064,0.1496654471754415,1.599050209547876
-0.43148063025528793,0.1496654324326145,1.5990483322500852
-0.431196210223531,0.14968991145749636,1.6033893233481635
-0.43115459734612366,0.14969591195898718,1.605180007312009
-0.43113544736541465,0.14969861158298237,1.6059894167979405
-0.43112111316922835,0.14970062210977403,1.6065550185993227
-0.4311089944055722,0.14970236235516415,1.6070204697814712
-0.43109781627882743,0.14970400480113102,1.6074467543686546
-0.43108697794965684,0.1497056236501335,1.6078604076206282
-0.4310761993852874,0.1497072516981003,1.6082731601785707
-0.4310653490499705,0.14970890384147234,1.608690292781223
-0.4310543640390714,0.14971058721470495,1.609114272261965
-0.4310432131182051,0.14971230557810664,1.6095463348068846
-0.4310318795808612,0.1497140612234595,1.609987176196205
-0.43102035228775615,0.14971585571687332,1.6104372223544892
-0.43100862470095397,0.14971769051633316,1.6108968593495385
-0.43099669168865945,0.1497195669920495,1.6113664287105065
-0.43098454845549006,0.14972148646989358,1.611846252114607
-0.43097219030848055,0.14972345028461911,1.6123366496612337
-0.4309596125444143,0.14972545980286536,1.6128379477047727
-0.43094681039569155,0.14972751643406615,1.613350482490755
-0.43093378020847306,0.14972962171156284,1.6138746353720312
-0.43092051729563136,0.14973177715376748,1.61441076405277
-0.43090701582582214,0.14973398426282464,1.6149592217049493
-0.430893270290824,0.14973624464088198,1.6155203911001434
-0.4308792752285912,0.14973855996440147,1.6160946744176052
-0.4308650251241501,0.1497409319776821,1.6166824910898114
-0.4308235126387932,0.14974557474379765,1.617749665540847
-0.43110910441470934,0.1497211328714596,1.6128680783878946
-0.43121695985401365,0.14971121082509872,1.610251849581591
-0.4312785090630439,0.14970620162364814,1.6084652245758029
-0.431322561073072,0.149703109810597,1.6070534298845596
-0.4313593501785397,0.1497008290373343,1.6058343917763267
-0.4313923243295772,0.14969894955693308,1.604731373830185
-0.43135609662659363,0.14944267387552412,1.4351907872510963
-0.43123174123377384,0.1494212061433823,1.4174025853656596
-0.4316704273605215,0.14907358923870453,1.2123338020149754
-0.4325609359567568,0.1493820340582292,1.20088167770457
-0.4332526125484318,0.1495480311727025,1.1989017141750575
-0.4332127404360272,0.1495321539135971,1.1992541853386796
-0.43321385228681736,0.14953494862071298,1.2018673987760136
-0.4332094666284276,0.14952569532235674,1.1996886073246644
-0.4331998425528074,0.14951341277477212,1.1971536330689132
-0.4331882519951594,0.14950003691745808,1.1945141985873413
-0.4336617891174881,0.14927264258018497,1.038309291953785
-0.43417885382094834,0.14946908332337272,1.0200590855230394
-0.43437193876404256,0.14960375483157315,1.0305016993610445
-0.4345048272856247,0.14938286285029326,0.8710759113532193
-0.4347635968252755,0.14957689608125888,0.878676851195455
-0.43510380117917646,0.14991948691434118,0.8992079182366071
-0.43556121708677004,0.15031321468902709,0.9127203133464794
-0.435855026866331,0.15057351968465982,0.9270203339335443
-0.4360282099928991,0.15073019165256554,0.9349363018114165
-0.4362689482109237,0.15094134925693595,0.9455235489619906
-0.43654648677162433,0.15117874857382074,0.9574823428388313
-0.43658686960549037,0.15124587319587957,0.9718341096525317
-0.43743725109972575,0.15132207540742335,0.7658575795410016
-0.43766004056314745,0.15156488803372892,0.7674052934138281
-0.4379757913866072,0.15179755623732716,0.7475009308273178
-0.43806058969800815,0.15187419616332581,0.7403771527934616
-0.4375465363691335,0.1504923032870133,0.5560786316000456
-0.4376871198321987,0.15058695792820329,0.5324205117838446
-0.4379571432209827,0.15096230128926572,0.5175691524856423
-0.43863063687731774,0.15152732399853436,0.3224795941771806
-0.4389101891095752,0.1525250138239994,0.3141015311151793
-0.4390068922101336,0.15276425901027113,0.3100252395493878
-0.4392252244686574,0.15335896846552222,0.2989231480904703
-0.4391098282996354,0.1529168295610111,0.2955770782052411
-0.43927912723735546,0.1534318510307083,0.28905000816674953
-0.4392269618695342,0.15329180499376213,0.29569275624154223
-0.4392008365886862,0.1532051004505748,0.2953985663314675
-0.43918505406354363,0.1531451052684272,0.29274384596096203
-0.4391705029321888,0.1530940907659711,0.2922835170796549
-0.4391568683818672,0.15304552765355978,0.29170618706309204
-0.43914300536561596,0.15299589060257307,0.2910607405051056
-0.43912905584556666,0.15294571520622252,0.2903716513635751
-0.4391150844599083,0.15289525521234618,0.2896541172874084
-0.4391422625171103,0.15295193328389287,0.2855573338304299
-0.43920787699826497,0.15311692376852407,0.2800746251781067
-0.43925141091543685,0.1532290437713846,0.27756710417991753
-0.43925275994859136,0.1532341997350804,0.2804461735851992
-0.4392547103353485,0.15324175020796513,0.2833953568637648
-0.43958350078945,0.15209655304015962,0.10380416230741468
-0.43952973456005245,0.1512968303379877,0.11505967496356148
-0.43949322319144307,0.15100776828178317,0.11388938526558995
-0.43949205066825986,0.15122113192016792,0.11711670712933936
-0.4394889447823128,0.15129035662863655,0.11433334619921838
-0.439933190264331,0.1516319172479557,-0.04748799484441972
-0.4399527908627541,0.15180936994864153,-0.06148470797001338
-0.4399975402894248,0.1522676809810185,-0.08672272304605391
-0.439993405006301,0.15233277342660462,-0.0853982400435891
-0.4403916770772553,0.15233334451723987,-0.29156281973821546
-0.4403545970093439,0.15269196727450204,-0.28126705775609856
-0.44028089787389696,0.1527608881973636,-0.26888534222649096
-0.4403666557970795,0.15212931243044242,-0.2664856607629202
-0.4403309873064524,0.1522837615262119,-0.2688466464569741
-0.4406119479161708,0.15253805662560926,-0.44737885226701546
-0.440778198504585,0.1525264853939423,-0.4751324034726886
-0.44078668157810735,0.1529347347973997,-0.6862198815407524
-0.44063800062635855,0.15305932809987857,-0.6608997922520197
-0.4409172584340784,0.15263430578257794,-0.6462985076090608
-0.4407984746171988,0.15272121547220566,-0.6488807769796846
-0.4407108991113834,0.15281467358929574,-0.6456547150018118
-0.4406434116025376,0.15332124901746164,-0.8377171494367968
-0.44046382916276416,0.15361490858984692,-0.8826993528040806
-0.44089542210893556,0.15334483845358246,-0.8943341580430145
-0.440914563704207,0.15335490638845453,-0.9035585352436322
-0.4407008181226582,0.15354196212385002,-0.8996033730313758
-0.44055336941526835,0.1536949159379673,-0.9067915728474197
-0.4405871310438534,0.15374718263752923,-0.932240273417087
-0.44097806445125703,0.15347259629590387,-0.9373264499321289
-0.4409748488212778,0.15350989473060062,-0.9387133306727851
-0.4408581908339499,0.15363090678898964,-0.942880738919968
-0.4408044029154904,0.15367548953870086,-0.9436208053511513
-0.44080972293234766,0.15367397646506756,-0.9415515927766542
-0.4408046121793935,0.15370035855899505,-0.9403358849249189
-0.44066915309942317,0.15383040780990304,-0.9448964573031203
-0.4406249133761891,0.15385611916753544,-0.9453031477795037
-0.4406195252490108,0.153864200327288,-0.9445936058732947
-0.4406044993455604,0.1538812984656685,-0.9446396915234002
-0.4405862076367604,0.1539007440222498,-0.944892593996695
-0.44056577157333937,0.15392172270767446,-0.945254346151377
-0.4405439852687319,0.15394366081808125,-0.9456747047954314
-0.4405249485317142,0.15396331670346608,-0.9461156795438143
-0.4405329456500155,0.15396037567986814,-0.9446228118168339
-0.44056004468921456,0.15395118410055825,-0.9420300049009721
-0.4404783439173903,0.1540488400101321,-0.9446731010751639
-0.44017262662087975,0.15424442081357745,-0.9380546583933447
-0.4400423815431978,0.15433715848349516,-0.9304080125997258
-0.43996898885316016,0.15439307901958474,-0.9282317710829027
-0.4398046270434979,0.15450873220188788,-0.9222720562437384
-0.43975607772125686,0.15455612476034136,-0.9202576402703377
-0.43973656463119326,0.15457818958009484,-0.9211660827866516
-0.439586884052352,0.15468634087484315,-0.9163025160952805
-0.43963619928099334,0.1546482374000432,-0.9163534636242003
-0.4399560674852268,0.15438742648339454,-0.9138379645155725
-0.43969263349317284,0.15460483959312327,-0.9140441827760114
-0.439909978193637,0.15445488609053765,-0.9176943692048838
-0.4396522209039944,0.15466955974290567,-0.9116846218920294
-0.4398788440814516,0.1545546002651355,-0.9295972657767658
-0.439672137858978,0.1546822035797562,-0.9193612845077644
-0.4399820343003515,0.15446096596434158,-0.9207804797844032
-0.4399328412390617,0.15446646143969808,-0.911168357682474
-0.43991179588945184,0.15453599208894694,-0.9233733550615344
-0.43995113582644196,0.15450234796333892,-0.9162312098471842
-0.4398607531752132,0.1546183096394328,-0.9200388276863563
-0.4399118949482272,0.15459025439840313,-0.9270859156351422
-0.4397622596441174,0.15467890667509804,-0.9175261362236824
-0.4402238384816594,0.15433645518594646,-0.9196355997624127
-0.439720252929223,0.15473882207531583,-0.9217744463882633
-0.440190437550656,0.15438352498575295,-0.9221376553479973
-0.44018300819958045,0.15441627262569568,-0.9256054409248885
-0.4401046366182699,0.15450304538540988,-0.932649440088598
-0.4398875479424293,0.15466657104574186,-0.9475559975734434
-0.4399507858668802,0.15461410201626893,-0.9499048747999814
-0.44009073043609637,0.15446367367697753,-0.9367934356788578
-0.44011764785365437,0.15446005489544867,-0.9451350627615079
-0.44012449856125324,0.1544571979050088,-0.9466658027247912
-0.44013965977420116,0.15444398868577253,-0.9464518313762699
-0.44015573739370734,0.1544267765999133,-0.9455720088388921
-0.440173038736382,0.154406903098578,-0.9443550245615914
-0.44012626124987303,0.15443351737279476,-0.9453271060411302
-0.43990444084515334,0.1546061772007008,-0.9605134426033631
-0.43999276277067295,0.1545404609369273,-0.9604786003953056
-0.4399935369935499,0.15454144990406504,-0.9633867486161003
-0.4399785564523747,0.15455469621640955,-0.966940213152518
-0.439957327592367,0.1545728830324031,-0.9707969751299612
-0.43993041860632015,0.15459563660931228,-0.9749751209617724
-0.4401594216438126,0.15448706474733406,-0.9936075788413687
-0.43995424700087615,0.1546090654004514,-0.9809083003310534
-0.4400156590163922,0.15457994761496013,-0.9828922510703163
-0.4400110864315847,0.15459064288134625,-0.9832409318321341
