-0.15364534935493526,1.6978057655208398,1.6188146176496165
-0.15358593803400208,1.69778936488689,1.5854764964952988
-0.15413405919009734,1.6977957972763045,1.5821049028942709
-0.15456274200571818,1.6977775189115962,1.5662090418525223
-0.15471241840701289,1.6977836007117222,1.5604776538583938
-0.15456729517504342,1.6977819499067037,1.5640931565772098
-0.15451515266033694,1.697780367584428,1.564871028636643
-0.15451120579012673,1.6977804464803818,1.5649361666991708
-0.15450917271274817,1.6977804648769939,1.56496580512145
-0.15450786600537747,1.697780486882509,1.5649949385457194
-0.15450681939950617,1.6977805096505596,1.5650248303722387
-0.15450586535321645,1.6977805324061197,1.565055425158323
-0.15450494380427102,1.6977805550065999,1.5650864786075571
-0.15450403328396728,1.6977805774632975,1.5651178006117181
-0.15450312614582948,1.6977805998092226,1.565149276270605
-0.15450221967876832,1.6977806220698655,1.5651808431106913
-0.15450131292726102,1.6977806442610344,1.5652124690585298
-0.1545004055572619,1.6977806663918817,1.5652441382215976
-0.154499497453338,1.697780688467723,1.5652758429100784
-0.15449858857633417,1.6977807104918379,1.5653075794662292
-0.1544976789134104,1.697780732466472,1.5653393461734166
-0.15449676846067142,1.697780754393363,1.5653711422357617
-0.15449585721718823,1.6977807762740003,1.5654029672895828
-0.1544949451829888,1.6977807981097535,1.5654348211723934
-0.1544940323583836,1.6977808199019326,1.5654667038148546
-0.15449311874376068,1.6977808416518188,1.565498615190436
-0.1544965307237658,1.6977798378693323,1.5647921340946074
-0.15449844070812555,1.6977799472769028,1.5646927393713332
-0.15449864400562696,1.6977800093241193,1.5646672829861357
-0.15449817963356544,1.6977800499430542,1.5646737210325612
-0.15449745055074374,1.6977800812349908,1.5646941980309226
-0.15449661488097557,1.6977801084189301,1.564720890928426
-0.15449573549560072,1.6977801337616918,1.564750353897742
-0.15449483769561187,1.6977801582540522,1.564781063493012
-0.1544939317796904,1.6977801823315726,1.564812344258355
-0.1544930219859894,1.6977802061869287,1.5648438960359685
-0.15449211007694133,1.6977802299060663,1.5648755851986416
-0.1544911967927673,1.6977802535278546,1.5649073521702124
-0.15449028244734275,1.6977802770703339,1.564939170359043
-0.15448936717501044,1.6977803005423042,1.5649710278872773
-0.15448845103386002,1.6977803239484561,1.5650029194480386
-0.1544875340493293,1.6977803472916473,1.565034842671898
-0.1544866162327779,1.6977803705739143,1.5650667965036087
-0.15448569758945177,1.6977803937969256,1.5650987804762424
-0.1544847781219251,1.697780416962181,1.5651307943865074
-0.1544838578316024,1.6977804400711043,1.5651628381490765
-0.1544829367193642,1.69778046312508,1.5651949117315966
-0.1544820147858566,1.6977804861254733,1.5652270151255245
-0.15448109203161903,1.6977805090736369,1.5652591483329006
-0.15448016845714066,1.6977805319709156,1.565291311360468
-0.1544792440628768,1.6977805548186484,1.5653235042172846
-0.15447831884926905,1.6977805776181671,1.5653557269133
-0.1544773928167479,1.697780600370798,1.565387979458835
-0.1544764659657375,1.697780623077862,1.5654202618643949
-0.15447553829664726,1.6977806457406743,1.5654525741406407
-0.15447460980988115,1.697780668360544,1.5654849162982547
-0.1544736805058354,1.6977806909387758,1.5655172883478614
-0.15447275038489836,1.697780713476667,1.5655496903001733
-0.15447181944745023,1.69778073597551,1.5655821221658812
-0.15447088769386363,1.6977807584365916,1.5656145839556226
-0.1544699551245024,1.6977807808611922,1.5656470756801195
-0.15446902173972465,1.697780803250587,1.565679597350009
-0.15446808753987887,1.6977808256060445,1.565712148975972
-0.15424477084268656,1.6974346214377862,1.39618082807913
-0.1549646545339439,1.6971674954650688,1.1720062108653626
-0.15591206281813696,1.6972652959558696,0.9700766723849207
-0.15580909324621842,1.6965551281115567,0.7368087360554442
-0.15587874221565678,1.6965966861361264,0.7319750178633452
-0.15594174520057824,1.6966633281241166,0.7308813330685175
-0.15625250303324734,1.696325991815695,0.5447846376445026
-0.15664109260127168,1.6962374781176,0.3419230076692696
-0.1571714554410128,1.6968561545426937,0.13555264309032913
-0.15749680859322446,1.6969845717337633,-0.051286287713616374
-0.15748091865956265,1.697655869153,-0.0684014630553419
-0.15748617795968956,1.6977421438434408,-0.07059270753051697
-0.15748484745817456,1.6978193865497064,-0.07021738432535984
-0.1574455612105534,1.6980976837767852,-0.06100729274561113
-0.15743192308130685,1.698166485892832,-0.057373465388757934
-0.1574218298394228,1.6982164373869517,-0.0546582528581984
-0.15741291362795962,1.6982601697998423,-0.05225005014437737
-0.15740849128896384,1.6982197676833535,-0.0512481938457916
-0.1574315334098054,1.697951656934718,-0.057908162377707705
-0.15781620233003898,1.698439625839647,-0.24852286626623943
-0.15800934019921273,1.6991476270751342,-0.4619794580450474
-0.1579383496661181,1.6992585421736979,-0.47641855238914166
-0.15769437227265912,1.6995415534885414,-0.45322760832061004
-0.1577153760936748,1.6991403630862703,-0.4424733620727619
-0.15773753549976302,1.699098329003046,-0.4303501052301675
-0.15765349879341028,1.699245624504046,-0.42980500580269415
-0.1576814941381423,1.6991427765386986,-0.42518882345559444
-0.1577741978754394,1.6988899480926647,-0.4156176200958418
-0.15813734002093346,1.699234245958981,-0.5761899307924505
-0.1576438061301474,1.6996124306829556,-0.5336004734325409
-0.15773081563628263,1.6994640942688222,-0.5284686801885841
-0.1578070384010651,1.7001250862701722,-0.7221445422411208
-0.15784981279964105,1.7001767637837555,-0.7456071516191527
-0.15777181505316054,1.7006024472291716,-0.9215586475974922
-0.15803079180772772,1.7008651301363151,-1.117686045003458
-0.15785225291528096,1.700897444330785,-1.1116506639314006
-0.15775531920708663,1.7009584722249866,-1.1193911470308642
-0.15775758174367766,1.7009830300525817,-1.131935779935396
-0.1579379505592844,1.7009335466176874,-1.1362187016955771
-0.1580991133011555,1.7008492215365263,-1.127036718223061
-0.15777540783681626,1.701028377965447,-1.1388216856004345
-0.15767212234296613,1.7010915693195596,-1.1417404420809827
-0.1574376733519758,1.7012234805968134,-1.1493877739163887
-0.15742708221730453,1.701242596047822,-1.1474828784888302
-0.15725508033049432,1.7013394337588363,-1.152465220025427
-0.15699705867269884,1.7014801007566653,-1.1606820383120582
-0.15700781022454685,1.7014876583047855,-1.157800816555049
-0.1568019465151698,1.70159957950218,-1.1640329875877986
-0.15662706459548195,1.7017013049191023,-1.1686472242711217
-0.15659810799856058,1.7017031390469057,-1.1603870187151268
-0.15633745499650037,1.7017865653800328,-1.1504744546498515
-0.15663980535173577,1.7019919920281779,-1.3494236080221231
-0.1558505755930894,1.702105558183461,-1.3238311211233524
-0.15527361019188915,1.7023096027240505,-1.3429966105460291
-0.15487349367306186,1.702700158812524,-1.531403605783495
-0.15561224693718392,1.7031717714564152,-1.7385950761169815
-0.15665397588535737,1.703335808804268,-1.748660083612729
-0.156699744457063,1.7033436389256835,-1.7494957810679452
-0.15673737574073998,1.7033510485519112,-1.750239040259439
-0.1567171532512997,1.7033660551483782,-1.753202925097828
-0.15681608044691642,1.7034067281613374,-1.7546858338135671
-0.15667859535142112,1.7032915990633464,-1.7341735323634813
-0.15679533778890276,1.7032899761954006,-1.7327468704580893
-0.1567974819846574,1.703270268861038,-1.731113192275664
-0.15677786974874114,1.703246840860706,-1.7292816821345645
-0.15651627555941394,1.7034593173546186,-1.884268831763406
-0.15645425943724423,1.703464449989075,-1.8660588842168693
-0.15627062792971855,1.703409842534026,-1.8537460322879802
-0.15576819307193637,1.7036951878958724,-2.0792596346274865
-0.15593711457226728,1.7037904069299625,-2.082110217348846
-0.15675936864382306,1.7041521086152576,-2.0764814109883467
-0.15696251042806736,1.704214530530781,-2.062949673269412
-0.15690061038838038,1.704107662580049,-2.058903791500884
-0.15665851658259408,1.7039537694992895,-2.0472769582333807
-0.15630956533943824,1.7037525932277684,-2.0352741873407405
-0.15634582402893019,1.7037634837362727,-2.0352187930969956
-0.1563494882988069,1.7037538697089005,-2.0331641375120793
-0.15635253028348697,1.7037438225914183,-2.030821674617025
-0.15635549443976338,1.7037336964383611,-2.0283746065497943
-0.15635855176785082,1.7037236034205665,-2.025891150576856
-0.15636176746728417,1.7037135845315339,-2.023395921328443
-0.1563651669278264,1.7037036545935758,-2.0208976664632323
-0.15636683020668793,1.7036927343566914,-2.0184825180405594
-0.15634114777359062,1.7036691503823218,-2.0173835533959976
-0.15596320930995863,1.7034737772035031,-2.008650765675174
-0.1560010969129664,1.7034350039843262,-2.0078584966485438
-0.1565939370264482,1.7037362802805007,-2.030604427179807
-0.15601992477969095,1.7034631315816853,-2.016325284268111
-0.15612129448900672,1.70350982958082,-2.018986389445816
-0.15605171917329336,1.7034683827603632,-2.015919002797606
-0.15594261128256484,1.7034057179198916,-2.0113890026465517
-0.15590824569033726,1.7033868257619695,-2.009076056987505
-0.1559396060732953,1.7034051879357963,-2.009074217571616
-0.1559704866276556,1.7034233428526098,-2.0090803986425896
-0.15600122728298163,1.7034414414614394,-2.0090899175313908
-0.15603192454773596,1.703459524532798,-2.009100769902952
-0.15606260802660488,1.7034776037106465,-2.0091121848337896
-0.1560932867485024,1.7034956821520713,-2.0091238558270357
-0.15612396344303447,1.7035137606305129,-2.009135657360465
-0.1561546389237117,1.7035318392928194,-2.009147536750318
-0.15618531342681657,1.7035499181425473,-2.0091594714707073
-0.15621598701730638,1.703567997161927,-2.0091714517772497
-0.15624665971049126,1.703586076337051,-2.009183473442352
-0.15627733150784592,1.7036041556599446,-2.009195534653559
-0.15630800240726123,1.7036222351266253,-2.0092076346663927
-0.1563386724058343,1.7036403147353214,-2.0092197732121164
-0.15636934150055332,1.7036583944853874,-2.0092319502354927
-0.15640000968843154,1.7036764743767256,-2.009244165777235
-0.15642099771235607,1.7036942350741398,-2.010387170139757
-0.15647385244638598,1.7037243467296426,-2.0119916442882055
-0.15648460204692474,1.703732010759178,-2.0122391975904717
-0.15649254176213775,1.703738344402234,-2.0124748546035063
-0.15649967570067716,1.703744358060517,-2.0127146131188494
-0.1565066012807604,1.7037502902759005,-2.012956476378248
-0.1565134583846521,1.7037561997975008,-2.0131989049337395
-0.15652038490801168,1.703762127501985,-2.013442626516243
-0.1565271505740908,1.7037679186423995,-2.013678351778791
-0.15653378898411344,1.703773638969962,-2.0139100635551426
-0.15654038690233515,1.703779338383041,-2.0141399021994086
-0.15654697556098904,1.7037850351185075,-2.0143687001519694
-0.15655356612815355,1.7037907358014888,-2.0145967805346743
-0.1565601625847252,1.7037964428327248,-2.014824269472685
-0.15656676633728794,1.7038021570740678,-2.0150512167292924
-0.15657337787047676,1.7038078788259896,-2.0152776424054344
-0.1565799973388323,1.7038136081838866,-2.0155035550565024
-0.15658662477877633,1.7038193451681518,-2.0157289587348446
-0.15659326018452915,1.70382508977173,-2.0159538557325605
-0.15659990353529143,1.7038308419775356,-2.016178247651706
-0.1567694808888226,1.7039163734799434,-2.0229246440702036
-0.15624747277207984,1.7036242059740885,-2.0057053746868907
-0.1561965274420872,1.703583844055851,-2.002635912147415
-0.15613533308673733,1.703548637809941,-1.999864740025681
-0.15602986004745117,1.7034899644532762,-1.995372124406616
-0.1559986681108042,1.703473119595841,-1.9930372798539981
-0.15603152896106973,1.7034913590406062,-1.9929776832464878
-0.15606368234204648,1.7035092929538866,-1.9929296110352837
-0.15609564239429566,1.7035271457928962,-1.9928859917655102
-0.15612754931299563,1.7035449764524204,-1.9928440279547652
