-1.5547787507476944,-1.4152629439834574,1.6216663329197742
-1.5545327591338605,-1.4151637303265152,1.5745158225591849
-1.5540842290142007,-1.4151530824134664,1.5922101027701
-1.5541550220087887,-1.4151621908281804,1.588475067125548
-1.5541880623834596,-1.415164774155977,1.5883459887675555
-1.554195595541426,-1.4151659550833693,1.5880075911683702
-1.5541964128447994,-1.4151658704711811,1.5883850341720227
-1.5541887463904374,-1.4151665799637023,1.5875988242799892
-1.5541850323727913,-1.4151661317257906,1.5880312657677234
-1.55417784153269,-1.415166144597458,1.5878728708629641
-1.5541704382437045,-1.41516616855531,1.5877128641199014
-1.554165416206123,-1.4151661832588192,1.5876703345907457
-1.554163107726703,-1.4151662715143034,1.5876853615681243
-1.5541615297025886,-1.4151663891519148,1.5877217857231167
-1.5541602196453952,-1.4151665169976255,1.5877677530594951
-1.5541590065571942,-1.415166648834724,1.587817979878531
-1.5541578278490253,-1.415166782777694,1.5878701317625654
-1.5541566608718096,-1.4151669183224986,1.587923185131554
-1.5541554975432348,-1.4151670553741862,1.5879766941368643
-1.5541543350307552,-1.4151671939427835,1.5880304658459168
-1.5541531723659308,-1.4151673340563422,1.5880844174280704
-1.554152009229637,-1.4151674757403498,1.5881385137570552
-1.554150845523123,-1.4151676190153017,1.5881927402932539
-1.5541496812197155,-1.415167763898109,1.5882470913522566
-1.554148516315019,-1.4151679104036345,1.5883015650497214
-1.5541443501507606,-1.415168571402264,1.587729466434839
-1.554158045533501,-1.4151663376292318,1.5908000189291043
-1.5541552919642034,-1.4151664079452198,1.5909198106189733
-1.5541534828693064,-1.4151665755136538,1.5910036877267704
-1.554152059383906,-1.4151667844464155,1.5910733777967414
-1.554150796127869,-1.4151670119342679,1.5911372491756977
-1.5541495993829235,-1.4151672484877378,1.5911987917707444
-1.5541484301394088,-1.4151674901612505,1.5912594627516392
-1.5541472721519876,-1.4151677353197036,1.5913198713230705
-1.5541461186545082,-1.415167983291619,1.5913802727732014
-1.5541449668298883,-1.4151682338076501,1.5914407746359645
-1.5541438155068636,-1.4151684867663792,1.5915014227536
-1.5541426642003275,-1.415168742136599,1.5915622372124547
-1.5541415127113485,-1.4151689999165271,1.5916232273510715
-1.554140360960413,-1.415169260116782,1.5916843980291682
-1.55413920891789,-1.4151695227532761,1.5917457522466643
-1.5541380565750136,-1.4151697878442477,1.591807292238139
-1.5541369039317892,-1.4151700554090234,1.5918690199303227
-1.5541357509919413,-1.4151703254675034,1.5919309371334704
-1.5541345977608048,-1.4151705980399465,1.5919930456215936
-1.5541334442444459,-1.4151708731468826,1.5920553471660712
-1.5541322904492996,-1.415171150809079,1.5921178435500036
-1.5541311363820165,-1.4151714310475254,1.592180536574415
-1.5541299820493992,-1.4151717138834323,1.592243428060922
-1.5541288274583769,-1.4151719993382303,1.5923065198532107
-1.5541276726160012,-1.4151722874335724,1.5923698138177804
-1.5541265175294376,-1.4151725781913365,1.592433311844507
-1.5541253622059694,-1.4151728716336285,1.5924970158470166
-1.5541242066529974,-1.4151731677827855,1.5925609277632453
-1.5541230508780408,-1.4151734666613789,1.5926250495556975
-1.5541218948887447,-1.415173768292219,1.592689383211929
-1.5541207386928744,-1.4151740726983562,1.5927539307448868
-1.5541195822983243,-1.4151743799030871,1.5928186941933755
-1.5541184257131173,-1.4151746899299567,1.5928836756224678
-1.5541172689454077,-1.4151750028027617,1.592948877123923
-1.5541161120034834,-1.415175318545555,1.5930143008166209
-1.5541149548957718,-1.4151756371826498,1.5930799488470075
-1.5541137976308357,-1.415175958738624,1.5931458233895397
-1.5541126402173844,-1.4151762832383215,1.5932119266471645
-1.554111482664269,-1.4151766107068586,1.5932782608518326
-1.5541103249804915,-1.4151769411696287,1.5933448282648628
-1.5541091671752025,-1.4151772746523035,1.5934116311775501
-1.5541080092577073,-1.4151776111808412,1.593478671911613
-1.554106851237469,-1.4151779507814868,1.5935459528197427
-1.5541056931241084,-1.4151782934807797,1.5936134762860443
-1.554104534927413,-1.4151786393055568,1.593681244726662
-1.5541033766573353,-1.415178988282958,1.5937492605903087
-1.5541022183239968,-1.4151793404404291,1.5938175263587544
-1.554101059937696,-1.4151796958057283,1.5938860445475018
-1.5540999015089059,-1.4151800544069317,1.5939548177062581
-1.5540987430482809,-1.4151804162724353,1.594023848419612
-1.55409758456666,-1.415180781430964,1.5940931393075808
-1.554004785072156,-1.415487953190207,1.4167605893338489
-1.5538271946382651,-1.4160123793416817,1.202856928834129
-1.5531030842193645,-1.4162489299660268,1.1759302805948573
-1.5528409975302286,-1.4162739019155277,1.1886359091118766
-1.5535482082855738,-1.4165239847101474,0.9841988408806117
-1.5533405097728124,-1.4171112859421984,0.7834003818580018
-1.5540862536160691,-1.4169099489205539,0.5626896414691139
-1.5537794583147275,-1.4173047216412513,0.573760852566059
-1.5537308298019383,-1.4173085986452771,0.6010039711346233
-1.5536228773091019,-1.417391288124602,0.6154511389346579
-1.5542406282543086,-1.417062216076957,0.44105921631864775
-1.5542472535830612,-1.417098852186813,0.24753066306903518
-1.5543588859543576,-1.4165495126559764,0.22875205114756134
-1.5543002894900662,-1.416707539518411,0.23783344111214938
-1.5546490709713217,-1.417124071338457,0.03612702771711701
-1.5546548757530574,-1.4170285480416502,0.02984244376815939
-1.554665744322505,-1.416862410674978,0.02356762146772963
-1.5546953597931625,-1.4163367886517286,0.013732299409062381
-1.5546819261809648,-1.4162089929561232,0.021898329317700166
-1.5546737877763042,-1.4162475365369271,0.024520127081156265
-1.5546691195704083,-1.4162702246812295,0.025848845981065884
-1.5546795066121233,-1.4160768113476736,0.022022912810598372
-1.5546707125872512,-1.4162132833814225,0.024665461429788555
-1.5546666693877274,-1.4162628551851737,0.0259879576294521
-1.5546633985493992,-1.4162915209781148,0.026856364693815825
-1.55466048566978,-1.416312060428343,0.02751393553949406
-1.5546716243931835,-1.4161374473541173,0.023179959254230664
-1.5546645868491507,-1.4162488480708304,0.02562587376559636
-1.55466040305761,-1.4162971215082927,0.02694026953707964
-1.554656977641991,-1.4163258842060977,0.027817350165521136
-1.5546566006700029,-1.416301881021684,0.027609677060722215
-1.5546637613556953,-1.4161918877701605,0.024523445527398508
-1.554657703042934,-1.4162882314201146,0.026709333747004346
-1.5546534050650966,-1.4163348163862282,0.0279964472171904
-1.5546498218057336,-1.4163636212691253,0.02887558703691797
-1.5546535282238716,-1.4162772962254366,0.027518444228020265
-1.5546558073859151,-1.4162437539306838,0.02584526098535788
-1.5549291072301747,-1.4163423573212537,-0.1426752472508673
-1.555473369561482,-1.4163662422366234,-0.35388888120876916
-1.5559705182910086,-1.416547559996412,-0.5483283222058055
-1.556103075788235,-1.416169800618676,-0.7380571865938645
-1.5559525953497924,-1.415545748982261,-0.9502468954223176
-1.5563117294398874,-1.4156891155531333,-0.9627864270194483
-1.5566021456808874,-1.4158877747190046,-0.964504972426564
-1.5569095426398596,-1.4160557210313267,-0.9773668551415288
-1.5569487558740716,-1.416108502096443,-0.9685720618009955
-1.5571229662714274,-1.4162222052305085,-0.9672957403711416
-1.557413812850392,-1.4163526949051526,-0.9615785185989943
-1.557610313919825,-1.4164626244798424,-0.9587076581426639
-1.5575927041089253,-1.4164466688030526,-0.9580256025799435
-1.5575641004030687,-1.4164227640994411,-0.957287643635225
-1.557530319635794,-1.4163946827593519,-0.9565960853444699
-1.5574944210653308,-1.4163648134204156,-0.9559238700796377
-1.557457997413063,-1.4163345512123,-0.9552424724105338
-1.5574220167366597,-1.4163046490014444,-0.9545249417319477
-1.557386691315139,-1.4162752661100102,-0.9537702735160976
-1.557352102980668,-1.4162464644198156,-0.9529781448717953
-1.5573183049480768,-1.4162182861135804,-0.9521473872827674
-1.5572852991339194,-1.4161917072826988,-0.9512792936416313
-1.5572787216061337,-1.4161875693773016,-0.9506966102672513
-1.557289664952664,-1.4161952240070874,-0.9505500137347299
-1.55730351845086,-1.4162047854636455,-0.9505631685884821
-1.5573170107035081,-1.4162141713173604,-0.9505982238809566
-1.557309115948479,-1.416203896912995,-0.9504031242830254
-1.5572837380575713,-1.4161817147441245,-0.9497371315590276
-1.5572554582767155,-1.4161576550377772,-0.9488598999848412
-1.5571552034153773,-1.4160991042698499,-0.9465395398594272
-1.5571571907051074,-1.416102697566582,-0.9464769077648437
-1.5571788188674243,-1.416122301163149,-0.946209203293791
-1.5572059429422223,-1.4161455795003521,-0.9459460594930738
-1.557234083026233,-1.416169452878327,-0.9457102512114682
-1.5572624483312945,-1.41619345884222,-0.9454786330375726
-1.5572909072961931,-1.416217550335207,-0.9452388826151209
-1.557319470733046,-1.4162417538132521,-0.9449860575863807
-1.5573481748380895,-1.416266103191668,-0.9447183531888519
-1.5573770561179665,-1.4162906276974612,-0.9444351119232489
-1.5574061439681113,-1.4163153511840878,-0.9441358958245756
-1.5574354553243743,-1.416340288481792,-0.9438206915221016
-1.55746500640285,-1.4163654531078242,-0.9434894592285602
-1.5574948225823004,-1.4163908655742614,-0.9431418065818956
-1.5575249269269456,-1.4164165448843045,-0.9427772197744412
-1.55755938047298,-1.416444022771186,-0.9434571669934644
-1.5576013921237237,-1.4164749886311012,-0.9453970399361106
-1.5576310323316636,-1.4164999513802528,-0.9452811043295579
-1.557662132588863,-1.4165268156884434,-0.9449350490886117
-1.5576935139735186,-1.4165534592336635,-0.9446574288272236
-1.557724540275396,-1.416578577980823,-0.944609295896491
-1.5577375166151788,-1.4165881460669196,-0.9449990177546382
-1.5577398066970298,-1.4165895439911529,-0.9454617109479141
-1.5577387257818587,-1.416588614945071,-0.9459277560656318
-1.5577363481025812,-1.416586781639138,-0.9463962659132537
-1.5577333518762873,-1.4165844835717283,-0.94687056295126
-1.5577300056202075,-1.416581914339549,-0.94735091782636
-1.5577262434683181,-1.4165790150806112,-0.947843644783196
-1.5577220007091737,-1.4165757282099185,-0.9483531518065229
-1.557717250855351,-1.416572029338263,-0.9488814013576443
-1.5577119789087943,-1.4165679059000407,-0.9494292908838261
-1.5577061682019584,-1.4165633448531079,-0.9499975552951972
-1.5576998002271045,-1.4165583320444488,-0.9505869143389488
-1.557692855281521,-1.4165528525673643,-0.9511980995611965
-1.5576853128009691,-1.4165468909776011,-0.9518318604069624
-1.5576771514882048,-1.4165404313837968,-0.9524889660771498
-1.5576683493540373,-1.416533457482337,-0.9531702062627212
-1.5576588837251129,-1.4165259525713734,-0.9538763914875318
-1.5576487312399245,-1.4165178995580312,-0.9546083532728359
-1.557637867841083,-1.416509280964059,-0.9553669441976305
-1.5576262687668438,-1.416500078931885,-0.9561530378824202
-1.55761390426826,-1.4164902719908716,-0.9569676986398109
-1.5576007307986752,-1.4164798274097576,-0.9578125424887627
-1.5575867374057175,-1.4164687390436834,-0.9586878664732303
-1.5576197074598566,-1.4164328533494244,-0.9642981248444638
-1.5572007367361116,-1.416150960159541,-0.9474456237808621
-1.5571894763362242,-1.4161614082668874,-0.9462337556595938
-1.5572559825070207,-1.416222309729816,-0.948085945001939
-1.5573202338915777,-1.416280175392131,-0.9500269119955299
-1.5573828952173632,-1.4163365494952034,-0.9520188181157286
-1.5576000964789147,-1.416434466200175,-0.9576882905179158
-1.5574623150087112,-1.4163307801503484,-0.9496321678918181
-1.557393581176829,-1.4162788949873462,-0.9442877159058827
-1.557340490667646,-1.4162376343032226,-0.9396847272794089
-1.5572931262540837,-1.4162001590478075,-0.9353860144046082
-1.5570838792150858,-1.4160743092436907,-0.9367143571851608
-1.557525322361964,-1.4163541557677954,-0.9559472238637831
-1.5579036506507788,-1.4165865478937465,-0.969857268142222
