-0.44243139033477114,1.5047617108886722,1.6214751784559556
-0.4423079096091294,1.5048322268084746,1.57411315891375
-0.4417501621750805,1.5048637699477747,1.5949205412674599
-0.44173876217708347,1.5048572310993327,1.5929656589393832
-0.441760778152168,1.5048541906646318,1.592006868436917
-0.44176405747502073,1.5048529381764675,1.5914694683045925
-0.4417614685657749,1.5048528917479584,1.5916140725431567
-0.4417532799451714,1.5048527136742527,1.591326907598301
-0.4417501509131162,1.504852449738991,1.591285717025013
-0.441748564446276,1.5048521893117395,1.591310490442293
-0.44174724252512043,1.5048519290990203,1.591357062129972
-0.44174600741748044,1.5048516694026512,1.5914131098951332
-0.4417447991037009,1.5048514091814293,1.5914733268415946
-0.4417435981240385,1.5048511475338202,1.591535436237609
-0.4417423985641164,1.5048508838930261,1.5915984653760717
-0.44174119882682755,1.5048506179400856,1.591662000550555
-0.44173999859065777,1.5048503495017287,1.5917258669050776
-0.44173879785945963,1.5048500784819514,1.5917899913560785
-0.44173515000668145,1.5048493846225486,1.5913335457372446
-0.44173672470785513,1.5048495186874151,1.5919081823330423
-0.4417328757976682,1.504848839430219,1.591457937142816
-0.4417343164965942,1.5048489788500081,1.5920330801676679
-0.441730410726453,1.504848298932618,1.591583073048933
-0.44173187739045155,1.504848430994648,1.5921605199168427
-0.44172798914746964,1.504847745675784,1.59171199940464
-0.44172946155759646,1.5048478720024916,1.5922903351741762
-0.4417421869269064,1.5048499007135974,1.5953852833920499
-0.44173906471163715,1.5048496718627906,1.5955338912765191
-0.44173708603617884,1.504849317068584,1.5956390742619115
-0.44173558463993584,1.504848907426497,1.5957271112359648
-0.4417342853020921,1.5048484723643643,1.5958082558723177
-0.44173307147873847,1.504848024228382,1.5958867400094416
-0.44173189393359036,1.5048475681892661,1.5959643214758563
-0.4417307318816926,1.5048471063980002,1.5960417318577864
-0.4417295765609471,1.504846639735079,1.5961192767937362
-0.4417284242865449,1.5048461685465897,1.5961970852550056
-0.4417272735162851,1.5048456929537963,1.596275213008567
-0.441726123611543,1.504845212983264,1.59635368553212
-0.4417249743145555,1.504844728621507,1.5964325158024473
-0.4417238255280996,1.5048442398379214,1.596511711663774
-0.4417226772226965,1.5048437465943971,1.5965912788780214
-0.4417215293975643,1.5048432488493395,1.5966712223869852
-0.44172038206419967,1.50484274655935,1.596751546834588
-0.4417192352394914,1.50484223967992,1.5968322567834456
-0.441718088942827,1.5048417281657163,1.5969133568050298
-0.44171694319489263,1.5048412119706949,1.596994851517579
-0.4417157980171654,1.5048406910481376,1.5970767456027415
-0.44171465343171795,1.5048401653506644,1.5971590438132608
-0.4417135094611379,1.5048396348302293,1.5972417509770616
-0.44171236612849624,1.5048390994381113,1.5973248719999187
-0.4417112234573485,1.5048385591249047,1.5974084118675032
-0.44171008147174046,1.504838013840504,1.5974923756471935
-0.4417089401962151,1.5048374635340935,1.5975767684900382
-0.44170779965581936,1.5048369081541326,1.5976615956323077
-0.44170665987612595,1.5048363476483415,1.5977468623974413
-0.44170552088323956,1.5048357819636866,1.5978325741979689
-0.441704382703811,1.5048352110463685,1.5979187365372987
-0.44170324536505384,1.504834634841803,1.5980053550117415
-0.4417021088947557,1.5048340532946083,1.5980924353124897
-0.4417009733212945,1.5048334663485892,1.5981799832276904
-0.44169983867365187,1.504832873946719,1.5982680046445306
-0.4416987049814292,1.5048322760311255,1.5983565055514524
-0.44169757227486856,1.5048316725430717,1.5984454920403575
-0.441696440584863,1.5048310634229405,1.5985349703088796
-0.44169530994297457,1.5048304486102146,1.5986249466627276
-0.4415063375140755,1.5045186345611359,1.4244268947353893
-0.4416557873555644,1.5039416882508843,1.2079036033375206
-0.44198110780882005,1.5036139582588168,1.0115612743137148
-0.44294336880597923,1.503743238756247,0.7802973454454282
-0.44378127795031175,1.504247746164725,0.5696388669975038
-0.4441276348806724,1.5040408922488895,0.38479944741714267
-0.4445938297157133,1.5042998647659152,0.15792236425605724
-0.4446825508303298,1.5042784264776397,0.1454298034109012
-0.444702028825181,1.5043972163811008,0.1432730957273625
-0.44471083531639705,1.5044432349798134,0.14289837770756436
-0.4447143655321238,1.5044582925788672,0.1434605168405139
-0.44498517350091626,1.5042548858480793,-0.02475735872384548
-0.4450552517663216,1.5043345098212744,-0.061959831736024706
-0.4450395010157302,1.504253813061967,-0.054215178997172875
-0.4450239875803241,1.504258978538028,-0.050519564992414244
-0.4450093290191023,1.504270230480616,-0.04864148816869439
-0.4449928918075633,1.5043218048105518,-0.04658088459811511
-0.4449800165588353,1.5043393943523973,-0.04569803825698139
-0.44496379849021606,1.5043722761334541,-0.04451003699018222
-0.4449372017868433,1.5045068601217833,-0.03990394599957274
-0.44492402539245246,1.504564500267841,-0.037072760115177135
-0.4449187959347161,1.5045854143287722,-0.03583381549985349
-0.44491669195104583,1.5045937497754631,-0.03530232943844701
-0.4449158071236152,1.5045981159315687,-0.03507710325240179
-0.44491539799623453,1.5046012962090654,-0.03498246841152835
-0.44491517593058627,1.5046041463687214,-0.034943173895167844
-0.4451884683560126,1.5048205188372825,-0.20313633532433148
-0.44576800483362145,1.50520892682856,-0.41361708145559545
-0.44578956008864756,1.5056242833496665,-0.6116126419948786
-0.4456941857702176,1.5058191268895118,-0.6321950939843272
-0.4458322960592704,1.5062587723292695,-0.8535262117710659
-0.4453541775887141,1.5066793543377979,-0.8475565268605555
-0.44445672695912153,1.5076707461207544,-1.046341771017827
-0.4441348130772196,1.507691822530264,-1.0498561728273361
-0.4439239358997381,1.5077741780070102,-1.0351214277832959
-0.44394428643487227,1.5077615068782555,-1.034850055996095
-0.44397153477495255,1.5077584342828134,-1.040635152042812
-0.44398286502476014,1.507758854884668,-1.041249931972175
-0.44397381258666424,1.5077679932525452,-1.0398782214032827
-0.44396266093731135,1.5077779731739704,-1.0382718824452875
-0.4439508147502165,1.5077882134553782,-1.0365762877571725
-0.44393873643283926,1.5077985462641286,-1.0348502869511618
-0.44392657373677313,1.5078089283934337,-1.0331175357682878
-0.4439143719775983,1.5078193512486118,-1.0313874599299335
-0.44390214425618907,1.5078298144177835,-1.0296637665916053
-0.44388989404358964,1.5078403186715774,-1.0279478780208802
-0.4438776221628749,1.5078508644867261,-1.0262403086095735
-0.4437140779473376,1.5079197734205079,-1.0181288101181722
-0.4436115456921692,1.5079698540950575,-1.0131812851153006
-0.44361827624662475,1.5079632927632416,-1.0131133021391863
-0.4438809788743364,1.5084120422744334,-1.2054212952010988
-0.44315861856164557,1.508929346859495,-1.4188186252682438
-0.44291073111842716,1.5089302316394997,-1.4250594763490119
-0.44268025926723026,1.5088870596192618,-1.4099178162575723
-0.4427801891629907,1.5092123041048104,-1.6042150131869042
-0.44310617761130244,1.5097336923795863,-1.7996925413506313
-0.44317703862005015,1.5097233427698495,-1.7974424725098201
-0.4432528467782659,1.509727719659792,-1.7959766206974388
-0.44325482521617027,1.509729498959305,-1.7960916748320157
-0.44325937255160763,1.50973083356809,-1.7961931088055392
-0.4432654077307123,1.5097325595069357,-1.7963134106588965
-0.4432734251220876,1.5097348247374676,-1.7964532277804566
-0.4432841227266006,1.5097378467232754,-1.7966415796850523
-0.44329850136415627,1.5097419169322643,-1.7968977638337023
-0.44331785498260196,1.5097474125913444,-1.7972466462401706
-0.4432281016275385,1.510412916418651,-1.9951216779330727
-0.44286021587657476,1.5103410652197768,-2.0148065403576636
-0.44271037199319935,1.5102628620338818,-2.0086771952202027
-0.4426776570685324,1.5102478370910553,-2.010553313947416
-0.4426612249107305,1.5102420354705524,-2.0136774266736652
-0.4426508528252122,1.5102401865255388,-2.0172732237804127
-0.44264388303816077,1.5102405112547217,-2.0211154210428424
-0.4426541458977843,1.5102597764737626,-2.026131977111998
-0.44266498605632926,1.5102584032130901,-2.025568192889999
-0.44266499312262503,1.5102536346639581,-2.0269057055503463
-0.44302182219209973,1.5103876370357747,-2.014079629535571
-0.4428530081875951,1.510320779521736,-2.0153750121724454
-0.44286779822289013,1.5103496528344926,-2.0091253428077853
-0.4430030300487286,1.5103543136198232,-2.001272450530757
-0.4431301598223784,1.5103710875433036,-1.9936790062612766
-0.44341122660501714,1.5104564783919516,-1.9853574897864474
-0.44296215817322937,1.510268911413766,-1.9967006562119929
-0.443287720796828,1.5103800311750357,-1.9803666505546311
-0.4432740664299397,1.5103706128268757,-1.9827545873659747
-0.443263304674365,1.5103617262081896,-1.984802945374623
-0.44325348379543383,1.510353154103906,-1.9867813612546534
-0.44324397627987744,1.510344547308235,-1.9887191864843996
-0.44323450977920537,1.5103357776743718,-1.990628602665438
-0.44322495761738384,1.5103267860357532,-1.992513530726525
-0.4432152466018148,1.5103175356178842,-1.9943742919795995
-0.443205332650825,1.5103080039327283,-1.9962103722644944
-0.4431951888574709,1.5102981778421223,-1.9980212752786082
-0.44318479904501956,1.510288050405206,-1.999806727853367
-0.44317415398032844,1.5102776188051499,-2.0015666823898868
-0.4431497898433837,1.5102238784433832,-2.0036699238914455
-0.44308450642579283,1.5101564928735607,-2.0012229905430847
-0.44296049309057933,1.5100717359712414,-1.994672446825658
-0.4428785922543213,1.5100108937727625,-1.9895193893921714
-0.4426155451652542,1.5098978061231483,-1.978575399499502
-0.4425207489035009,1.509863735667303,-1.9719130038920867
-0.4425886083670423,1.5099166066857805,-1.9723254970387822
-0.4427562272589627,1.5099939347321802,-1.9699030844222785
-0.44281135234950153,1.5099755058955986,-1.9746398070726678
-0.44248627231980503,1.5099617587425962,-1.9853965285520108
-0.4420392672746953,1.5098678852303005,-2.004921489961386
-0.4424916313819784,1.5100253145204945,-1.992027664026441
-0.44288610649888416,1.5101964125355893,-1.983770659259371
-0.44309872080488244,1.5102804318779959,-1.9905618100854408
-0.4430005279545721,1.510173643659783,-1.984123871664638
-0.44299238178076833,1.5101603794389296,-1.9763455066935456
-0.44317896522160427,1.5102263242568108,-1.9691291136354636
-0.443124858988392,1.510214057867488,-1.9661646697484518
-0.4431486517230523,1.510244889718235,-1.9608186000615437
-0.4432789453943452,1.5102422670152276,-1.9540624547430658
-0.4432709911714867,1.5102239572670109,-1.9531867459267047
-0.44363591937799507,1.5102970246810805,-1.9343029790054425
-0.4433408689072013,1.510186627127346,-1.954409003114054
-0.4432885405009467,1.5101616534716873,-1.9448063487250211
-0.4434329375021526,1.5102050237898366,-1.9408595920395848
-0.44341167720271357,1.5101927223212763,-1.9427964439029057
-0.44339496295319797,1.5101819530390148,-1.9447268912745028
-0.44337938708686686,1.510171747824769,-1.946620520310486
-0.4433643410047491,1.5101617874424536,-1.9485020106254827
-0.4433496977074213,1.5101519882947578,-1.9503836905173029
-0.44333543434381883,1.5101423264152598,-1.9522704434472102
-0.44332155358802294,1.5101327966418476,-1.954164208176945
-0.44330805263753154,1.5101233940274235,-1.956065317951231
-0.4432949325090315,1.510114117664729,-1.9579738760334173
-0.4433144738204169,1.5101093189696353,-1.9612489258648345
-0.4432808541246679,1.5100696398126328,-1.9600398699239867
-0.4432371280455962,1.5100289128016473,-1.9578468543066596
-0.4431926874210815,1.5099885480080846,-1.9554912300017993
-0.4431485125465038,1.509948550302384,-1.9531107239088388
-0.4430405361800868,1.5098991270543047,-1.9487974467497347
-0.44298456546529824,1.5098838319557004,-1.9488943924379194
-0.44299529463363246,1.50989859481932,-1.9522999865605515
