0.9330596655368706,-1.3827647168364219,1.6147147038675556
0.9330065403434671,-1.3827725691676345,1.5890581345462464
0.9332613249731259,-1.382748352616612,1.5871848712613925
0.9335317886074561,-1.3827602801984489,1.5897840147697153
0.933898761587579,-1.3827817868343273,1.5756621736449081
0.9341791128856165,-1.3827958625991872,1.5686266592931544
0.9345141858344056,-1.3828152990536182,1.5593942731828294
0.9347052458497955,-1.3828249351699835,1.5556780362865028
0.934862215725253,-1.3828255857024057,1.5543088037613546
0.9348895248523227,-1.382824440584369,1.5532625794847434
0.934820143590946,-1.382812895201306,1.555326354787058
0.9347806486093143,-1.3828063864579008,1.554641304446844
0.9347626546506318,-1.3828056937668365,1.55443690343301
0.934748495024196,-1.3828053806302993,1.5543105584011867
0.9347377911643793,-1.382805182334687,1.5542478042130035
0.9347297472452225,-1.3828050141560295,1.554227700025886
0.934723642760782,-1.3828048535607793,1.5542331432476508
0.9347189344437838,-1.3828046972821102,1.5542524894756768
0.9347152395606465,-1.382804546705685,1.5542784597212758
0.9347122948372675,-1.3828044034636924,1.5543067606513188
0.9347099195172236,-1.382804268470228,1.5543349596756095
0.9347079873547183,-1.3828041418914794,1.554361814218206
0.9347064073416875,-1.3828040233389638,1.554386795549363
0.9347051122594471,-1.3828039121531115,1.5544097480106083
0.9347040510224822,-1.3828038075654374,1.5544307151033105
0.9347031838434802,-1.3828037087998908,1.5544498328312732
0.9347290051268402,-1.3828161251903286,1.549569801250716
0.9344718653919822,-1.3828110497899708,1.5529981300657116
0.9347428852618386,-1.3828204576533705,1.5482928436358983
0.9348791154096661,-1.382824504569485,1.545354734531898
0.9346776627548448,-1.3828202732451171,1.5480274350658392
0.9344718795337142,-1.3828134538573829,1.5520243762086297
0.9343674857676323,-1.382767894859524,1.5535328283340115
0.9343944139110091,-1.3827633713256995,1.5546741402164281
0.9343974322750274,-1.3827609912332701,1.5552747809544396
0.9343936428603831,-1.382759615374318,1.5556119559334236
0.9343882416576325,-1.3827587161790929,1.5558306132254567
0.9343825693292007,-1.3827580540550235,1.555992172998824
0.9343769364888987,-1.382757514090135,1.556124800633795
0.9343713945648666,-1.3827570393306226,1.5562420537868733
0.9343659401809271,-1.3827566014271064,1.5563505761640108
0.9343605624141038,-1.3827561860399675,1.556453698899926
0.934355252574127,-1.3827557858314319,1.5565531195857294
0.9343500048474037,-1.3827553969880306,1.5566497198856812
0.93434481539336,-1.382755017478661,1.5567439705551471
0.9343396815337999,-1.382754646177212,1.5568361341533368
0.9343346012408704,-1.3827542824192227,1.5569263671203595
0.9343295728483212,-1.3827539257773962,1.5570147713678608
0.934324594896433,-1.3827535759477672,1.5571014204181282
0.93431966605047,-1.3827532326918786,1.5571863726764472
0.9343147850986419,-1.3827528957999298,1.5572696804817334
0.9343099508795997,-1.382752565074715,1.5573513928258291
0.9343051621873216,-1.382752240360016,1.5574315482343022
0.9343004179085866,-1.3827519215038815,1.5575101848763464
0.9342957169755846,-1.3827516083579894,1.557587340066447
0.9342910583562714,-1.3827513007782395,1.5576630500936446
0.9342864410508687,-1.3827509986249173,1.5577373501748664
0.9342818640900944,-1.3827507017626783,1.5578102744572033
0.9344337620871682,-1.3830589807384177,1.3767620926425974
0.9343198268671038,-1.3830901220181262,1.3584774396139958
0.9343894584739488,-1.383092217309799,1.3529130863669345
0.9348526388793849,-1.3831235465501392,1.3491517305845528
0.9352154826393133,-1.383175332175485,1.3503510112482493
0.9348459929254915,-1.3833841194972065,1.1688796116242526
0.9343606223656374,-1.3833256848517514,1.1516962849893975
0.934583663516027,-1.3833663532454896,1.1867788075851216
0.9336916413341313,-1.3834299200159694,0.9802531400998185
0.9327378103817778,-1.3831498089876522,0.7683753151887239
0.9327363514345431,-1.383617382468366,0.5778362384546566
0.932873909359251,-1.3839934207521503,0.5688352580769314
0.9328851483259907,-1.3839961202923132,0.5686950558594764
0.9328376143917834,-1.383957501118135,0.5583474103184582
0.9327842237478249,-1.3838847306326634,0.5553504527366311
0.9323735804476535,-1.3835394366710667,0.36930599836904304
0.9319948349315631,-1.3835610411778283,0.1645906503482186
0.9313812822240155,-1.383441681900595,-0.023608683284102438
0.9313299246261317,-1.383718645160779,-0.04227766115517094
0.9313273055631025,-1.3837866852146943,-0.04408648046828571
0.930779809028162,-1.3838711044734546,-0.25268670182935316
0.9305911963202732,-1.3830998016262792,-0.45002385898487757
0.9301180068315307,-1.3828043814311988,-0.6419322611511508
0.9297314422943889,-1.3824702271830682,-0.8556927150957399
0.9308749420503005,-1.3813608018091046,-1.0336488316615975
0.931442713219772,-1.3806941016342769,-1.2431578352490165
0.9312915873132829,-1.3804880153967007,-1.4178737403879933
0.9316676197361998,-1.379975802969266,-1.609774817411071
0.9322657495186009,-1.379618480509107,-1.7936612532656067
0.9322690105956666,-1.3796549539790246,-1.8201552364255549
0.9327173353658096,-1.3794962446762085,-2.0142891244814294
0.9333013548084618,-1.3793595035381991,-2.214993798044005
0.9342511914056622,-1.3798316367309666,-2.403606071133707
0.9345935133378755,-1.380196350850221,-2.3938556755404448
0.9346294374749885,-1.3802353143590098,-2.3908776638691207
0.9348667431324413,-1.3798256134936466,-2.5743600451606743
0.9349538049763589,-1.3792286236411175,-2.756533994683033
0.9350150641095719,-1.3797844349892219,-2.761984979558354
0.9349014231287888,-1.3794260601993817,-2.9676572343708347
0.934904918776501,-1.3795169895525057,-2.9685027707561993
0.9352419723618436,-1.3797049829801364,3.118670514401091
0.9356919284909345,-1.37906346092861,2.913294998968262
0.9362269781935147,-1.3796587856798026,2.690152175934385
0.9363072573014384,-1.380348682305171,2.485564939103421
0.9365955577574667,-1.3807571906694536,2.2701201664873736
0.9364970291331209,-1.3812001026781429,2.072667505520525
0.9362967198766753,-1.3814707884883533,1.8733317305224713
0.9363837854589068,-1.381598856477981,1.6849464405832124
0.9368071610613189,-1.3817968972531118,1.4985107851208745
0.9367501318401857,-1.3822193931050808,1.2904419223263868
0.9362819792868291,-1.3824267447366063,1.1024601221673884
0.9354647622469353,-1.3822724649667113,0.9071562530296415
0.9348182225528636,-1.3820414613636254,0.7095493012287274
0.934576451135296,-1.3823526594783575,0.5104556314914063
0.9340273876411982,-1.3820481433216718,0.322819585318058
0.933655666877644,-1.3806171084521568,0.3179987911733178
0.9337218870396606,-1.3808133419838144,0.32711166995122637
0.9332647900173858,-1.3802566998453014,0.14101953586654256
0.9329450404078112,-1.380256303441944,-0.05338452376769185
0.932546833213087,-1.380239997620166,-0.24410799599217067
0.9325717097517755,-1.3793835428659755,-0.4368503606238571
0.9324241697453739,-1.3788554655528646,-0.6532813906385998
0.9327081391654284,-1.3780569387300685,-0.8725706734780149
0.9321229914564728,-1.3780655342291208,-1.0641092660088862
0.9319939321020357,-1.3779806704807462,-1.2497976844928373
0.9328067357204282,-1.3778221665250672,-1.2540298700963404
0.9331414336993783,-1.3774947280399605,-1.4542729509998218
0.9329584198045686,-1.3772028806374532,-1.6537268266203513
0.9328378218899896,-1.3767924816622297,-1.8574185794923337
0.933526266827192,-1.3765395128483178,-2.0777353217294166
0.9344683771176564,-1.3767640027893648,-2.2464594547282704
0.9349976150619078,-1.3767388259772433,-2.4613057701615704
0.9353045657819512,-1.376569047591714,-2.648955189506535
0.9358138181768368,-1.3769937503333411,-2.861025213498875
0.9358266636325365,-1.3767164633359539,-2.8933320506311913
0.9358089966445725,-1.3766507021212773,-2.8886888033073514
0.9357597705825398,-1.376271085479914,-2.885828150420265
0.9356791276853105,-1.3758561457589331,-2.885961187694928
0.9357216219044965,-1.375979453984702,-2.889691947008
0.9357149853042,-1.3760143120368638,-2.887622202988005
0.9357054368703852,-1.3760350530946235,-2.88697752910115
0.9356977310328667,-1.3760426795475869,-2.8872808649369626
0.9356903079981067,-1.3760448908716698,-2.8878531597965713
0.9356827846476615,-1.3760447440462698,-2.8884852854034007
0.9356751426983283,-1.3760435186747815,-2.889121578166566
0.9356674301739617,-1.3760417783642698,-2.889751244624664
0.9356596897050096,-1.3760397851477377,-2.8903748093281143
0.935651948783627,-1.3760376685257354,-2.8909945641160806
0.935644223471821,-1.3760354954499758,-2.891612447917305
0.9356365231558408,-1.3760333019378252,-2.8922298164066063
0.9356288532600437,-1.376031108261952,-2.8928475099802946
0.9356212168321159,-1.3760289261051828,-2.893466020348696
0.935613615681793,-1.3760267623467184,-2.8940856489060645
0.9356060509207612,-1.3760246211666811,-2.894706583972901
0.9355985232648616,-1.3760225052077275,-2.895328948032978
0.9355910332048396,-1.3760204162322012,-2.8959528256248697
0.9355835811032704,-1.3760183554977572,-2.896578279614472
0.9355761672499187,-1.376016323973591,-2.8972053606421917
0.9355687918934659,-1.376014322465525,-2.897834112597611
0.9355614552598202,-1.3760123516883473,-2.8984645758097325
0.9355541575626805,-1.3760104123080876,-2.8990967888924497
0.9355468990096691,-1.3760085049664676,-2.8997307898344635
0.9355396798058931,-1.376006630295265,-2.90036661663803
0.9355303098296552,-1.3759339624702323,-2.9046146583293457
0.9355232124356286,-1.3758367182382572,-2.907365408444979
0.9355303837723675,-1.375853674982976,-2.904734858981563
0.9355383673802303,-1.3758762235384507,-2.9017099120281222
0.9355467543064322,-1.3759008394216512,-2.8985239575516433
0.9355553709047306,-1.3759263270505189,-2.89526600966639
0.9355633624707572,-1.3760456778731565,-2.888997589648978
0.9355520617043869,-1.375982534311076,-2.890812837999804
0.9355432583518638,-1.3759354254627074,-2.8918610679933474
0.935536601256132,-1.3759012343987667,-2.892598814053487
0.9355306355985797,-1.375869341829898,-2.8932830087845147
0.9355250801858179,-1.3758388124049146,-2.8939228402692505
0.9355198055046272,-1.3758092272292342,-2.8945256039201936
0.935514737681164,-1.3757803379002747,-2.895098898349373
0.9355098304701861,-1.3757519892762142,-2.8956489642599355
0.9355050519055164,-1.3757240697107709,-2.896181014539327
0.9355003796478151,-1.375696504226789,-2.896698869572431
0.9354957982572515,-1.3756692424145842,-2.8972053677806513
0.9354912959436249,-1.3756422443974805,-2.897702772521469
0.9354868639467832,-1.375615481176102,-2.8981927559260834
0.9354824957977441,-1.3755889318510524,-2.8986765500182523
0.9354781867148648,-1.375562581379982,-2.8991550629537053
0.9354739331590423,-1.3755364189759456,-2.8996289631321943
0.9354745819329074,-1.3755774084910932,-2.8978739535669464
0.935468593129004,-1.3755380743888312,-2.898852690821359
0.9354593543269919,-1.3754838357779176,-2.9007518026484265
0.9354393616508031,-1.3753648925378217,-2.905117550853642
0.9354191070356966,-1.3752427053975076,-2.909346663155729
0.9354121544571172,-1.375292867971689,-2.906810293895004
0.935400209093829,-1.3752056836542752,-2.9100302525038897
0.9353825737373797,-1.3750948161125482,-2.9139648836169925
0.935366370894302,-1.3749472003391525,-2.91816996047182
0.9353576517716011,-1.3748731512503265,-2.921809916775782
0.9353626783842761,-1.3749692064634733,-2.9194168079105323
0.9353566637327236,-1.3749148138343874,-2.921478132814688
0.9353514659181841,-1.3749859901789263,-2.918546250352045
0.9353436460765538,-1.3750064113956422,-2.918147481397527
0.9353364828314997,-1.3750125488020062,-2.9184539907334726
0.9353295301092339,-1.375013508041129,-2.918960997571884
0.9353225807458148,-1.3750124297345339,-2.9195129729819147
