-1.756193996825016,-1.0372083773540497,1.6061765251601232
-1.7556024914459136,-1.0372398249798602,1.5623506949929051
-1.7544439692469007,-1.0372413888949723,1.5659944860521684
-1.7546070652206085,-1.037241714876285,1.5665325876551768
-1.7547075155510874,-1.037242806350969,1.5661740462275064
-1.754739748955408,-1.0372433408403032,1.5660034464661339
-1.7547503445582313,-1.0372436360690633,1.5659101778137892
-1.7547542858297012,-1.0372438359234593,1.5658462600046401
-1.754756226773604,-1.0372439979221628,1.5657934124083874
-1.7547575713962862,-1.0372441447139746,1.5657448131726146
-1.7547587398195599,-1.0372442853459316,1.565697872795375
-1.7547598570131904,-1.0372444235030434,1.565651583057634
-1.7547609598933902,-1.0372445607133616,1.5656055414740004
-1.7547620592571882,-1.037244697620104,1.565559583887813
-1.754763158214243,-1.0372448344976144,1.5655136421935802
-1.7547642576378857,-1.037244971464545,1.5654676877727414
-1.7547653577625044,-1.037245108573239,1.5654217084952817
-1.7547664586451852,-1.03724524584762,1.5653756991980667
-1.7547675602962114,-1.037245383299379,1.5653296576880102
-1.7547686627146444,-1.037245520934938,1.5652835830460134
-1.7547697658973855,-1.0372456587584475,1.5652374749024487
-1.754770869841224,-1.037245796773089,1.5651913331253906
-1.7547719745431076,-1.037245934981639,1.5651451576862214
-1.75477308000012,-1.0372460733867128,1.5650989486014544
-1.7547741862093982,-1.0372462119908712,1.5650527059074437
-1.7547752931680711,-1.037246350796667,1.565006429649626
-1.75477436852237,-1.0372473476698476,1.5643652191809785
-1.7547751667292952,-1.0372475625318065,1.564300542388329
-1.7547761612434931,-1.0372477353311516,1.5642469762115423
-1.7547772285733803,-1.0372478912002672,1.5641973495295955
-1.7547783230516287,-1.0372480398007684,1.5641494339561777
-1.7547794282537383,-1.0372481853654651,1.5641022508697042
-1.7547805380614163,-1.0372483297487276,1.5640553705694369
-1.7547816501174942,-1.0372484737630452,1.5640086048005342
-1.754782763485441,-1.0372486177651254,1.563961871230917
-1.7547838777825553,-1.0372487619124864,1.563915133911544
-1.7547849928479926,-1.0372489062756591,1.56386837717836
-1.7547861086117595,-1.0372490508872134,1.5638215942311524
-1.7547872250417245,-1.0372491957631675,1.5637747821405563
-1.7547883421217065,-1.0372493409123313,1.5637279396672739
-1.7547894598422993,-1.0372494863403867,1.5636810663097551
-1.7547905781969804,-1.0372496320516664,1.5636341618886502
-1.7547916971804305,-1.0372497780499306,1.5635872263656003
-1.7547928167878235,-1.0372499243387028,1.563540259764132
-1.754793937014521,-1.0372500709214232,1.56349326213502
-1.754795057855918,-1.0372502178015088,1.5634462335413224
-1.7547961793073978,-1.0372503649823814,1.5633991740520077
-1.7547973013643063,-1.0372505124674816,1.5633520837388482
-1.754798424021933,-1.037250660260275,1.5633049626751412
-1.754799547275518,-1.037250808364251,1.5632578109354718
-1.7548006711202326,-1.037250956782928,1.5632106285952911
-1.7548017955511954,-1.0372511055198508,1.5631634157306848
-1.7548029205634552,-1.0372512545785921,1.5631161724185514
-1.7548040461520047,-1.037251403962752,1.56306889873665
-1.7548051723117701,-1.0372515536759592,1.563021594763207
-1.7548062990376123,-1.03725170372187,1.5629742605773191
-1.754807426324333,-1.0372518541041682,1.5629268962588332
-1.7548085541666634,-1.0372520048265659,1.5628795018882533
-1.7548096825592756,-1.0372521558928032,1.562832077546786
-1.7548108114967749,-1.0372523073066477,1.5627846233164282
-1.754811940973699,-1.0372524590718954,1.5627371392798297
-1.7548130709845176,-1.0372526111923703,1.5626896255205711
-1.7548142015236372,-1.0372527636719246,1.562642082122698
-1.754815332585397,-1.0372529165144369,1.562594509171247
-1.7548164641640676,-1.0372530697238156,1.5625469067519766
-1.7548175962538475,-1.0372532233039968,1.562499274951199
-1.7546680085614912,-1.0375650796521634,1.386076227768977
-1.7545235859899646,-1.0376442205535659,1.3716566696286656
-1.755059784400582,-1.0376199877477474,1.3723990030273012
-1.7558854972057727,-1.0375223391964352,1.3671807810201735
-1.75559906037948,-1.03756770518424,1.3650189255305432
-1.7554044636739512,-1.037608139376161,1.3648177002947623
-1.7552095642504841,-1.0376499113102082,1.3646808333373603
-1.755461390418212,-1.0376025569407314,1.3667241318306622
-1.75585060212245,-1.037510092916143,1.3633303028707686
-1.7556032626469924,-1.0375607264492184,1.3632661613102577
-1.7554091706824209,-1.037602172745175,1.3632479507560535
-1.7552123420114707,-1.037644212822424,1.3632750878942619
-1.7559600756312348,-1.0374912446176079,1.3655152875055028
-1.7558083250340375,-1.0375116585609563,1.361964019123866
-1.7556086477092,-1.0375531869103833,1.3620965710940756
-1.755414118850339,-1.0375949060153258,1.3622065984299174
-1.7554801866252745,-1.0375875973446715,1.363929496523293
-1.7560990394727025,-1.0374528477667766,1.3617020873856438
-1.7558101130536143,-1.0375034192636914,1.3611373630225017
-1.7556160574683355,-1.0375446763703855,1.361309543576328
-1.7554204403351241,-1.0375865371465969,1.3615006987592766
-1.7558680956344608,-1.0374955688606096,1.3639607350234713
-1.755858181016598,-1.037474349454038,1.3629642448841892
-1.7553245370857995,-1.0376182203698125,1.3617714534989718
-1.7560798795205896,-1.0374541083881306,1.362159540265823
-1.7553870688911015,-1.037570082036884,1.3635374426762716
-1.7558457027396677,-1.0375214677762106,1.356068441832626
-1.7557711990622584,-1.0374696322213024,1.369451413447918
-1.7555211872637793,-1.0375599202844972,1.3571222229832156
-1.7561252339885567,-1.0373974561381347,1.3669445497507318
-1.7554641869502972,-1.0375362771003749,1.3611063805516446
-1.7559347216247065,-1.0374671733044325,1.354524845244078
-1.755700140656413,-1.0374480048716115,1.3677003798827363
-1.7555852085593873,-1.0375157254853908,1.3554533260124788
-1.7560782858638107,-1.0373649325962113,1.3670534479405434
-1.7554748226713934,-1.0375011001864485,1.3580372808012249
-1.756021518574142,-1.0374112120951575,1.3530525751559832
-1.755625068490036,-1.0374268362466665,1.3658638001890624
-1.755651322240879,-1.0374708545351612,1.3537125006012516
-1.7560156971215,-1.0373327533056975,1.3665031683673952
-1.7554749172310185,-1.037466800304591,1.3555498760713418
-1.756059044097311,-1.0373537547530838,1.3542732882948556
-1.7555493532251791,-1.0374058894325877,1.3640427213371085
-1.755721179889184,-1.0374187666021368,1.3522704923091398
-1.755950926278761,-1.0373002626587005,1.3656844826189727
-1.7554694947803642,-1.0374327823133944,1.3534914877103799
-1.7560939320762088,-1.0372932418164131,1.3561462990613515
-1.756542113619455,-1.0375424210918778,1.1589303148560235
-1.7576009132107628,-1.0373658917010045,0.9500020445686104
-1.757558935693525,-1.0373924846699174,0.9328097508741328
-1.7576757603958766,-1.0373472974600657,0.9112227026126387
-1.7579504627927496,-1.0372293532174042,0.9028965142467394
-1.7583152381224931,-1.0373094965518062,0.7744065067106507
-1.7589595021083237,-1.0366001266192524,0.7778773327477986
-1.7591024078468136,-1.0365292483941826,0.7658879018909319
-1.7592620061802853,-1.0363974483945941,0.7547250583186931
-1.7592181679416588,-1.0364405610045178,0.7539793217813568
-1.759173358179896,-1.0364862636496561,0.7529705186489599
-1.7591303068884043,-1.036531778283337,0.7518201387789316
-1.7590867909286814,-1.0365790857200392,0.7505305655520594
-1.7590347392723356,-1.0366305889084346,0.7497508419794979
-1.7588744083566472,-1.0368346753802025,0.7427703783935159
-1.758839494956361,-1.0368854069838025,0.7403521395101753
-1.7589667406391285,-1.0367598170196743,0.7370939515025143
-1.7589562853971143,-1.0367723715002526,0.7436970383160424
-1.758762668067344,-1.036892532675183,0.767859102096537
-1.758460612994745,-1.0371613330118012,0.7812017640598546
-1.7587100770196424,-1.0369357228301916,0.7668341670965431
-1.7587171507687989,-1.0369615906116683,0.755911779678334
-1.7588584868234822,-1.036832884037909,0.7491336249834962
-1.7591472392985212,-1.036554546374794,0.7364953154924957
-1.7592681560424333,-1.0364367166953194,0.73319601263084
-1.7595880389727132,-1.0361205039235015,0.7192615473158905
-1.7597326724098585,-1.0359744207225308,0.7147134478127709
-1.7599440872644583,-1.0357610018728458,0.7067115498579986
-1.760242133344773,-1.0354511151379846,0.6934965146647362
-1.7603728872797149,-1.035316536043091,0.6898434571522042
-1.760611931374383,-1.0350647662356702,0.6801334150955701
-1.7608971854425817,-1.0347542870458537,0.66722443828767
-1.7610356249305552,-1.0346048563048453,0.663117359929225
-1.7612312160805583,-1.034339638150933,0.6644218558227148
-1.761321596688259,-1.0341999856517727,0.6733504124119915
-1.7609738286813157,-1.0346543076452692,0.6694629970906342
-1.761005576034193,-1.0345881102336578,0.6745078629556833
-1.7609704283529601,-1.0346240621668363,0.6737590843891677
-1.7609426684191574,-1.034656020235043,0.6722890765956677
-1.7609164147146275,-1.0346867138071036,0.6706301411466341
-1.7608913085424447,-1.034716247350364,0.6688770158382249
-1.760866968441837,-1.0347449646373756,0.6670745551574726
-1.7608431223507486,-1.0347731503484419,0.6652463286227588
-1.7608208301243684,-1.034800156635702,0.6634790546492081
-1.7608726828185508,-1.0347395560469397,0.6606334748420101
-1.7609085236457427,-1.0347004474585888,0.6557462249936177
-1.7603071016501037,-1.0356264368626367,0.620952670131437
-1.7604417463414979,-1.035401700188141,0.6258689459816145
-1.7605957482853931,-1.0351880859262157,0.6265541768572254
-1.7605141144372451,-1.0353498909502503,0.6110750040103924
-1.7606288220226007,-1.0351412230038062,0.6201331874586008
-1.7607271181409905,-1.0350363098043698,0.6148983345452159
-1.7605130339700144,-1.035338754597011,0.6105097519745799
-1.7603362282009818,-1.0354652670929239,0.6207684895057152
-1.7600125032313865,-1.03584914252689,0.6307590250355902
-1.7600807869754587,-1.0358400659711258,0.6113150422293266
-1.7600698610502659,-1.035903529214351,0.6041726466460764
-1.7599119489169741,-1.036125054326159,0.602811978651221
-1.7598946654013958,-1.0361340445154341,0.6080897262527585
-1.7598682967049315,-1.0361648474866245,0.6106463633762834
-1.759834488153672,-1.036196300110011,0.6125696820408462
-1.75978624264489,-1.0362480005587935,0.6137308997690161
-1.759993721496941,-1.035976341168061,0.5990695452327364
-1.7598313706848656,-1.0361814309383857,0.6043856567850696
-1.7597474766095773,-1.0362826192546166,0.6067966253645001
-1.7599178395864192,-1.0360565602413359,0.5933864210231293
-1.7598017159798514,-1.0362042819512736,0.5965789709906602
-1.7597187982721247,-1.0363064528745403,0.5988877211497924
-1.7596707175128048,-1.036372809932349,0.599713672553497
-1.7596944420802272,-1.0363168470683024,0.598242048801017
-1.7596654106199536,-1.0363492519621573,0.5974997432315043
-1.7596418475766045,-1.0363782723916635,0.5961929678377049
-1.7596194236560667,-1.0364062000339949,0.5947378603853026
-1.7596597536912766,-1.0364671501878855,0.5853859353108312
-1.7596900929631372,-1.0364253347042296,0.5868899906767439
-1.7596693778618318,-1.0364821988588295,0.5807629817162576
-1.7597887093695455,-1.0362934152957495,0.5825550674065498
-1.7597305165196226,-1.0363057032168594,0.5793830232574356
-1.759573197454464,-1.0365624356449596,0.5715046432876666
-1.7594001548186355,-1.0368868175228207,0.5594411492811817
-1.7595186854278202,-1.0366759739878004,0.5667104382055578
-1.7595119369539127,-1.036707815416335,0.5657472652925819
-1.759434463505318,-1.0368325786396058,0.5605518688161916
-1.7594820158977,-1.0367480583056448,0.5632832184589317
-1.759499536712001,-1.0367171341704664,0.5642415598458643
-1.759507149456838,-1.0367035792620891,0.5646687447844615
-1.7595130122141278,-1.036690009425463,0.5650608107502751
-1.759500988701292,-1.0366938634841094,0.5646257923021284
