1.7590072562995378,-0.3035453897698558,1.619700152283521
1.7591130693879182,-0.30350317565543716,1.569344427139705
1.7592479702628465,-0.303476283003744,1.5817433974534012
1.7597223091579735,-0.3034642118920522,1.597321528528139
1.7597070005540698,-0.3034717694014832,1.5951810279890148
1.759681160504123,-0.30347474866223945,1.5946125769262876
1.7596792512748034,-0.3034761593736301,1.5939462117884309
1.7596853911787762,-0.3034767428180087,1.5934915535169392
1.7596947036359787,-0.303476987669413,1.5931287683969735
1.7597019375514145,-0.3034772216935415,1.5929210302247947
1.7597035055323218,-0.3034775705163628,1.592933232840714
1.7597048257099812,-0.3034779098955527,1.592978074951849
1.7597060633818196,-0.303478244572895,1.5930368278928073
1.759707279383593,-0.3034785781276803,1.5931016379341114
1.7597084914047672,-0.30347891269555116,1.5931691613982473
1.7597097038019691,-0.30347924942734034,1.59323798014204
1.7597109172045975,-0.3034795889146393,1.5933074951954602
1.759712131406611,-0.30347993145816726,1.593377455077197
1.7597133461350671,-0.3034802772150447,1.5934477553480157
1.759714561199201,-0.30348062627396694,1.5935183536632387
1.7597157764854734,-0.3034809786919063,1.5935892338600575
1.7597169919292528,-0.30348133451150083,1.5936603908080613
1.7597182074927529,-0.3034816937691147,1.5937318240316947
1.7597194231518187,-0.30348205649851623,1.59380353503002
1.7597206388888493,-0.3034824227325368,1.593875526152945
1.7597218546892428,-0.30348279250381205,1.5939478001307017
1.7597063373763648,-0.3034804646669876,1.597562107026564
1.7597097761078633,-0.3034807810999943,1.5977271621522442
1.7597118801135263,-0.3034812457115401,1.5978450530924388
1.7600284739358785,-0.3037768836423404,1.4338389578895954
1.7594201192493817,-0.3037030599584666,1.4215986684306594
1.7591153401870165,-0.3039289574402294,1.2378331641875466
1.7592373785139688,-0.3041351930324039,1.2376261347577946
1.7596182722307014,-0.3041475402555304,1.2297785437844053
1.7598770718760435,-0.30424134315140405,1.2212939641854181
1.7596106307353134,-0.3041034606928001,1.2352824989544715
1.7600101549098865,-0.3042110161281981,1.2283817692797883
1.7601111049034324,-0.3041111952045552,1.244918298875712
1.7606316637665385,-0.30429467607467053,1.2510019492652968
1.7605350332459735,-0.30432194921853883,1.2473643584412875
1.7606550622522905,-0.3044010582067774,1.2523955094626413
1.7606850456468321,-0.304437484416809,1.2509244268230038
1.7607475738700118,-0.3045197079588194,1.2501089579631288
1.7609078704423498,-0.3045209784276971,1.2602383736819172
1.760703862600672,-0.30442797504326413,1.2697365716542919
1.7607094087990343,-0.30438136944978744,1.267438573532099
1.7606129776657033,-0.3043333441288161,1.273902906870799
1.7606473542459604,-0.3043289418010599,1.2803381817402564
1.7608022303299724,-0.3043664957714046,1.282980125064239
1.7608907118686463,-0.3043836144191302,1.2842104558237477
1.7609102626542292,-0.3043830262445004,1.274977567804109
1.7612643833130852,-0.3052679193950501,1.082485456335991
1.761294035696174,-0.3053125203106901,1.0633391278404707
1.761280514813183,-0.30576431902262347,0.8847576535936507
1.7608919122494773,-0.30557794903646823,0.8232346312201523
1.7611516050619824,-0.30582392114759227,0.8055033787161023
1.7606498505764698,-0.30573793832770135,0.6097118601178896
1.7604116384002986,-0.3061034855135428,0.39125156700873165
1.7606204657820135,-0.30663690237284824,0.3905252540805343
1.7596465827705212,-0.30565383154720516,0.2044596856740554
1.7590491008717735,-0.3052074691442495,0.0047613023507412
1.7590491666992416,-0.30500345083171354,0.0065089344049305475
1.7586361549497573,-0.3048130939316086,-0.19063116781662104
1.7585764579146,-0.30507313394962693,-0.3895020676592555
1.7580053547429748,-0.305223558499947,-0.5906816208084098
1.7574528041423148,-0.30534377349927727,-0.7905399209939112
1.758024715887284,-0.3045737739931339,-0.9629866198980069
1.7582506386483823,-0.30419053260619405,-1.1173687193069124
1.758658634276318,-0.30370380634144295,-1.3000155327105727
1.758124784508552,-0.3037481503911543,-1.2908104624448273
1.7571711631730071,-0.30384478383363167,-1.316515501987514
1.7573349415754689,-0.30349104250351555,-1.4999787428223248
1.757646047230008,-0.3034071876974805,-1.524782746462808
1.7577576773172239,-0.3031471934700355,-1.7036673017521151
1.7583326399208563,-0.30253294595067814,-1.9008015990263931
1.758898104063951,-0.3023830467679555,-2.098918663519659
1.7602697909932405,-0.3031116752085474,-2.0789450148757425
1.7599424734686626,-0.30271385300638176,-2.2537216709757897
1.7605972732848307,-0.3028867650014636,-2.455972247497981
1.7616092600831583,-0.3037532361203048,-2.66237513235433
1.761727092860962,-0.30414251217361077,-2.674593180608886
1.7618159170266332,-0.3042079873537571,-2.6774594464279606
1.7619112470869283,-0.3044260837518803,-2.6833490307750743
1.7618871210105518,-0.30438100416065156,-2.6818332664229128
1.7618924762471688,-0.3043892845395018,-2.6812314597307587
1.7624361459085967,-0.30419029292983024,-2.879193673177169
1.7632633959000534,-0.3046226757668466,-3.0640060301777043
1.7635871000279526,-0.30492193300808845,3.0350029547279362
1.7639340886280495,-0.3047241108989317,2.8276867338962752
1.7639003521276473,-0.3054446943286286,2.643358144467584
1.7642800500183982,-0.3056530667929034,2.4512874364811172
1.7640684563886837,-0.30649112284482316,2.236860038255028
1.7645142301917753,-0.30668912209680216,2.0292749969179313
1.7638563718826952,-0.3074024230775222,1.8161073714540024
1.7635131595436544,-0.3073920281380065,1.8457623089771267
1.7639398863253866,-0.30737586499491015,1.6623128501205027
1.7640835492264828,-0.30734339856937687,1.6416607399498961
1.7643740847338736,-0.30762820658081796,1.4701623033161018
1.7641291303089073,-0.3079598785674387,1.2430781954109278
1.7642136938797972,-0.30847397838350477,1.0176420221940998
1.764224001064821,-0.30906951523942044,0.8235856622982427
1.764665585902191,-0.3095870981909418,0.8101263918514078
1.7641139971504283,-0.30932734960813163,0.6356402092565226
1.7635969010787278,-0.3085129680753795,0.6770599893535458
1.763766263918361,-0.3088332072654278,0.6722011263374511
1.7631291161151053,-0.308724928003114,0.492306246246016
1.7627540601048943,-0.3081836130863849,0.30298098908702675
1.7624791744637813,-0.30813014622324186,0.1031072973257986
1.7620256892684514,-0.30759510731896694,-0.10390844321703198
1.7617202799300193,-0.30711929178622854,-0.3096004102476811
1.7617790825674657,-0.30677174689972264,-0.5126111400034397
1.7612543097373543,-0.3067873633687592,-0.7328913132265608
1.7613570819410664,-0.306396047899009,-0.9028186347251974
1.7607589531180252,-0.3061610038659752,-1.1252600872595355
1.7603783408623943,-0.30577805675085146,-1.3091759042894993
1.761472937979725,-0.3053296307947581,-1.4927703261659364
1.761050244404318,-0.30498533515936616,-1.6689511667271124
1.7613336462123041,-0.304996509744784,-1.6803880296912599
1.7613371393815291,-0.3046147618770071,-1.8925916801526954
1.7614480875790857,-0.30429600592272743,-2.089428811799208
1.761512949295017,-0.3041586041765758,-2.142884439854971
1.7621354312564304,-0.30421986813153945,-2.3055528319193086
1.7620894983821682,-0.30404143299108494,-2.338326724204954
1.7618603063954008,-0.30313077291893376,-2.509443460186015
1.7617667714995817,-0.30292647829115726,-2.5280737461462413
1.7621919448616106,-0.30299349638558604,-2.7497990636874823
1.7627263319616575,-0.3032659521114501,-2.932448831600049
1.7630370334511318,-0.3038883636368381,-3.119373532806478
1.7630240282712937,-0.3035107555577837,-3.1185467535748934
1.7633957385589814,-0.3036064552277794,2.9627055268796743
1.763519231893796,-0.303290739810193,2.9311429962263396
1.7638381880669198,-0.3037455325417767,2.707421273605089
1.7637868682474214,-0.3042609497574298,2.4913387591289666
1.763953237990187,-0.3048414052218367,2.282332659905068
1.7636733372032056,-0.3054453749370534,2.07339102610775
1.764266649403911,-0.3054902926170561,1.8682069153271386
1.764769481529381,-0.30586701087049356,1.676792462793021
1.76424728705844,-0.3060350360441206,1.662202651744518
1.7646458536503062,-0.30636514186665226,1.478103573060199
1.7645016283132522,-0.306394672756152,1.4546206051354111
1.7641310979884444,-0.30680501585415143,1.2634495007612916
1.7640681297293426,-0.3067105253798999,1.2949785773229918
1.7625656424292007,-0.3066123221603422,1.1251457273617758
1.7629860931289127,-0.306806118891315,1.1662063597725476
1.7626080200484888,-0.3066015356610766,1.1987070327938685
1.762532759830563,-0.3065997091113701,1.20525353905515
1.7626261548556124,-0.3066565953970121,1.2098409521971158
1.7624901851848123,-0.30661162685095056,1.2053346357912904
1.762262848813717,-0.3065396552987312,1.1981387065622329
1.7617144300333947,-0.30657283922729284,1.0203875768496515
1.7605527189303,-0.306029897944763,1.040694589840029
1.7608619147035005,-0.3068810619989119,0.866797741728803
1.7609678102381696,-0.30700348415918505,0.8410127015559639
1.7608822614677864,-0.3069118198497702,0.8444008521131336
1.7606763599320687,-0.30671988041614945,0.8536722789573412
1.7603615539153117,-0.30646050020660487,0.8624910718435773
1.759718405046695,-0.3063187582041805,0.6909466211486432
1.759603431781108,-0.30608150088752245,0.720592289716585
1.7597584876522918,-0.30609173279905766,0.7489299245955962
1.759709201283772,-0.3060212781577888,0.7577153262469811
1.7596597687671125,-0.30596482986045687,0.7519404959846232
1.7599438149320388,-0.30627306192788084,0.746725030976528
1.759168756302822,-0.305930509067869,0.572847225738259
1.7587179565970108,-0.3050230349494461,0.5656792578884732
1.758657423690879,-0.3053553178604443,0.3803789083331977
1.7581237380974202,-0.30547822884506015,0.18894414617415892
1.7575312034654733,-0.3055460648440169,0.0023442415977822733
1.7575478569979481,-0.30571120657850015,0.00818240217186662
1.757554869467497,-0.30630645022734837,0.02773953482800093
1.7575451559690562,-0.3062158857666638,0.0252942721364546
1.7575406676004504,-0.30618012474720274,0.024065130751350382
1.7575386819298093,-0.30616665426383777,0.023631529799646195
1.7575382718495385,-0.30616898162327866,0.023330769000420342
1.7575382717118175,-0.3061709624710769,0.02319749240571836
1.7575382800481651,-0.30617223914808284,0.023147492701270887
1.757538297137111,-0.3061732765955558,0.023132137200909446
1.7575383195608347,-0.3061742383413264,0.023131049519054866
1.7571969675115757,-0.3063073910514309,-0.14819212352885036
1.7571763348051017,-0.3062622299645851,-0.17337100203105066
1.7571867067216327,-0.3062534575520252,-0.17079811372592418
1.7571887645917323,-0.306240121832674,-0.1698932389999986
1.7571884880102402,-0.3062377923335851,-0.16997691276155097
1.7571873570891465,-0.3062370716760579,-0.17046958525058714
1.7571857569742486,-0.3062371315608923,-0.17120058165416124
1.7571838838696023,-0.30623756972562377,-0.172075535836335
1.7571818346840575,-0.30623820682012887,-0.17304242526371316
1.7571796549103833,-0.30623897480881723,-0.17407274885034738
1.7566594120991814,-0.3062381284607848,-0.32443189246098947
1.7561232397694715,-0.3063104661713069,-0.529195392880813
1.7556136795660968,-0.3062446006250289,-0.7342053600443361
1.756113646157462,-0.3054910648075423,-0.9283986861185587
1.7560029469645102,-0.3054750722875035,-0.9502444363934714
1.7560187582024647,-0.3054919011312301,-0.9390734143360016
1.7559828458723763,-0.30551816950392546,-0.933098607198401
1.756258658823951,-0.30528994891890104,-0.9621756445698052
1.756382606677217,-0.3051971002404183,-0.9575999038875511
1.756424449898859,-0.3051538640326536,-0.964001022695972
1.7569525936224257,-0.3042312112221339,-1.1102370280284197
1.7566933593687921,-0.30374662365965366,-1.3164034806988698
1.7567781023646787,-0.3037680802394431,-1.3296614669440616
1.7569412478022082,-0.3037557646012196,-1.3219125168164931
