0.37148666792709967,1.595835600744246,1.6215405649199492
0.3717355950365098,1.5959323532676777,1.5745324666453449
0.37215680413115443,1.5959391764726387,1.591479799389452
0.372082747862458,1.5959306852113535,1.5884743342773306
0.372052346929691,1.5959278219211133,1.5879777654836347
0.3720424142386606,1.5959272501596078,1.5882996272637475
0.3720464888267879,1.5959262862450347,1.5874962891528839
0.37204873238384184,1.5959266373385042,1.5879255536803816
0.37205530900511974,1.5959265870530448,1.5877679727979765
0.3720621346626814,1.5959265590779599,1.5876116649842458
0.3720690559110243,1.5959265440139392,1.5875021123634276
0.37207202232506387,1.5959264883644877,1.5874988428412922
0.37207384558326884,1.5959263849463032,1.587526958257552
0.3720752438576623,1.5959262653058233,1.587569028283792
0.3720764874022804,1.5959261398094184,1.5876173139607141
0.3720776755431957,1.5959260116980072,1.587668383836584
0.37207884439826705,1.5959258818936224,1.5877207289738213
0.3720800069349989,1.5959257506078528,1.5877736904056527
0.3720811677349775,1.5959256178568106,1.587826982188171
0.3720823283826855,1.595925483614649,1.5878804810977374
0.3720834894096252,1.59592534785352,1.5879341345330327
0.37208465098565985,1.5959252105507937,1.587987920411953
0.37208581316031447,1.5959250716883537,1.588041829793555
0.37208697594489226,1.5959249312508472,1.5880958593795609
0.3720881393394571,1.595924789224384,1.5881500082904165
0.3720893033412127,1.5959246455957687,1.5882042766839861
0.37207898216788227,1.595926376171121,1.5906598460276524
0.37208149118224265,1.5959262897517923,1.590773520737064
0.37208320152013247,1.5959261190181206,1.5908548066553796
0.37208458418927687,1.5959259121292575,1.5909231922415867
0.37208583026645936,1.595925688837831,1.5909862806978246
0.37208701948910267,1.5959254573867996,1.5910472507041233
0.37208818516181974,1.5959252212129291,1.5911074326137358
0.3720893412006431,1.595924981743665,1.5911673839058238
0.372090493420444,1.595924739565863,1.5912273387480427
0.3720916442497941,1.5959244949145377,1.5912873960323217
0.37215622220984573,1.5956117122820772,1.420080169631305
0.37206536014304836,1.59503803058352,1.212030902560576
0.37262445414902917,1.5949780249737098,1.1958140207848207
0.3731108092241098,1.5948967779331111,1.2153425778123612
0.37358835549272995,1.5948303683913623,1.232593932597168
0.3737387512033867,1.594798789167915,1.248293769059565
0.37381610043763,1.5947697870502318,1.24885390906932
0.37382395744602226,1.5947526621389176,1.2435119537351145
0.3738343694143293,1.5947347844591226,1.2382626605826255
0.37399532033141364,1.5946709930828458,1.2261714823342982
0.37394116697649327,1.5947471017957362,1.2292533270391657
0.37400018400823326,1.5947369266623008,1.2281838083238075
0.3741549098119104,1.5947064626821994,1.2222598338772412
0.3741179058037612,1.594726493279455,1.2231686180179184
0.3740998811249724,1.5947404987430203,1.223169831264011
0.37407915625295307,1.5947555491163294,1.2232104780227033
0.3740572101593975,1.5947710708803227,1.2232703061745143
0.37403471660927606,1.594786801303476,1.22333901571643
0.3740119796437084,1.5948026216983355,1.223411690193655
0.3739891364745047,1.5948184784669066,1.223486004893085
0.37396624903043013,1.594834347415534,1.2235608689439008
0.37394334525983325,1.5948502176343873,1.2236357739564052
0.37392043776867284,1.5948660842156328,1.2237104847221398
0.3738975322336279,1.5948819449637321,1.2237848934736906
0.37387463120093134,1.5948977989090103,1.2238589516366092
0.3738517358022382,1.5949136456358601,1.223932638027473
0.37370646913213673,1.5947094899412155,1.073460520985125
0.3731485102471304,1.5946119258531601,0.8623263464439035
0.37319420365118394,1.5941072510323169,0.6518002799183185
0.372662273694709,1.5941859189317733,0.43896763985467135
0.3720797938386245,1.5949561890797823,0.2397515503302358
0.37150817982811213,1.5953597896915461,0.04994518124293945
0.3711297279493188,1.5951688929800942,-0.147109005007531
0.3708771260209684,1.5956145937848099,-0.36723605987123675
0.37052750454899147,1.5959218440723866,-0.5771778366058861
0.3706205930962595,1.5965582198816013,-0.771981320388756
0.3704938735151635,1.5970196263627685,-0.972986853152842
0.3706018059706618,1.5974538736924455,-1.1553172717151237
0.37079674898945447,1.597721828406038,-1.3382818541698611
0.3712005302376628,1.5978796611399881,-1.3579333594211438
0.3703681892797536,1.5977056193967856,-1.3575213455720525
0.37069770126187707,1.5977918587699291,-1.3677226861855907
0.37075195492336893,1.5978260166079046,-1.3762016380647395
0.3708448709913889,1.5978563625728948,-1.377416085993838
0.37085786969375295,1.5978589030373216,-1.37210641337489
0.37100279338865105,1.5982923469620935,-1.5497898816400668
0.37052098934196226,1.5987967315183926,-1.761843456426654
0.37131357034997314,1.5986695624347989,-1.775267094794906
0.37134694222653264,1.5986595804851684,-1.769458816807638
0.3712471376254079,1.5986840386210723,-1.767612698950413
0.37113145602006437,1.5987109010088478,-1.7652787416164801
0.37101751951494544,1.598737384072824,-1.7630767707594788
0.37093889957947035,1.5987615516875915,-1.763108742935312
0.37089820616260843,1.5987820539597188,-1.7655970917566086
0.37086849333136696,1.5988009845317472,-1.7686160117243472
0.37075495370324,1.5988277572024343,-1.7740404179508307
0.37078776734513996,1.5988014201251184,-1.7750719834762079
0.3708456655714155,1.5987666013255313,-1.7740096748073721
0.3709031951549807,1.5987316626437538,-1.772412039564543
0.3709606811557459,1.598696718117833,-1.7704395184982713
0.3708163107266055,1.599390681273403,-1.9387919187874487
0.3710884622671968,1.5994556176789543,-1.9328396730012172
0.3712118560702659,1.600095150968286,-2.1550033786238476
0.37057231749605873,1.6005806912891634,-2.1909721138145155
0.37132412017892624,1.6004518323786479,-2.3844723262900462
0.3713806922115174,1.6004211057190387,-2.4094255436975205
0.37137050036108377,1.600383706892127,-2.392469312942788
0.3714859547350578,1.6002943124945856,-2.4096952591028455
0.37151067878126015,1.6002528628055914,-2.4021595788454646
0.3713353426101616,1.600444648683043,-2.4033819229369056
0.3715685290322159,1.6002068172518462,-2.4075223724047254
0.3713534419916332,1.6004259007940824,-2.4008877495632457
0.371503911776773,1.6002893177126034,-2.405990607157607
0.3715117596095714,1.6002822530113108,-2.40764887039087
0.3716345945876609,1.600142422291623,-2.4029680641197886
0.37166966884661007,1.6001086503559228,-2.402374495623469
0.3717204425773775,1.600056583843648,-2.4008423348323547
0.3717757045378118,1.5999995476854825,-2.3990637884358934
0.37183247903197875,1.599940865609328,-2.3972061158946145
0.3720529377246527,1.599672260882486,-2.38492925271953
0.3719469662610127,1.5997705311768904,-2.3829885866293536
0.37191136658904206,1.599808069702679,-2.385246243317362
0.37186733030609403,1.5998561716112263,-2.387736953868963
0.3718335783022793,1.5998963581456653,-2.3911136849237113
0.37183020686738644,1.599897722485789,-2.3910391808427622
0.3718698995434605,1.5998376202248816,-2.3862447151977366
0.3718895895563957,1.5998269261717695,-2.391626857424635
0.37184524709219785,1.5998746127662247,-2.3943054129885883
0.3718588973167205,1.5998704680663252,-2.400085980037249
0.3717955435776933,1.599971951245352,-2.40756076490684
0.3718831893454613,1.5998848376142105,-2.4103178759741204
0.3721604214459252,1.599653384755723,-2.4392952673330837
0.3718497352446754,1.59997762661654,-2.427616124772906
0.3717116811235175,1.6001223659630202,-2.4228626180550163
0.37161673616200447,1.600235598876493,-2.423172447361617
0.3715706859120482,1.6002817855429181,-2.4187691357515
0.37160864439537983,1.600243329767357,-2.417708960445722
0.37165138274937476,1.6001993018280127,-2.416350225026928
0.37169585969510655,1.6001532886567904,-2.414895679361857
0.3717409404038449,1.6001066031592275,-2.41341000396239
0.3717867320386074,1.600058046133884,-2.4119138387753267
0.3718301879467354,1.600007904480299,-2.4101975328535263
0.37187401814991644,1.599956224943597,-2.408330386699019
0.37193540260368807,1.5998509848658218,-2.398172405474399
0.3719133838952151,1.5998751638963935,-2.4001175256159057
0.371899608475499,1.5998973034326225,-2.4040808499929835
0.3719146069858779,1.599890853062357,-2.4091483968175007
0.37190360719018273,1.5999111675418962,-2.413681626590489
0.3719201792947832,1.5999021713136077,-2.4191948330951982
0.37190191816156143,1.5999206387940093,-2.421303198154822
0.3718699013437586,1.599953748333418,-2.4231388184804645
0.3717147495965634,1.600118695367549,-2.419520563571434
0.37161550597722265,1.6002158748259392,-2.4150750287844915
0.3716041807165195,1.6002239275196362,-2.4154159506799737
0.3715877354375453,1.600241507385283,-2.4168047341635104
0.3715701486429159,1.6002618171480507,-2.4185400694361214
0.3715524899369433,1.6002827526480314,-2.420411124309567
0.37154493889675133,1.6002929123969598,-2.4219272964754377
0.37159609338816507,1.6002300970949448,-2.420037741573399
0.3716743271318869,1.6001308985738938,-2.416410071893158
0.3717640150216307,1.6000170151590456,-2.4120498267573005
0.37186183838473863,1.5998934027676248,-2.4072178748766238
0.3715367217018655,1.6002762200033023,-2.411401577272511
0.37168844200544904,1.600084821512266,-2.4048898686079627
0.3716142836055399,1.6001297162452053,-2.3915938639525787
0.3713422310428225,1.6004890925754272,-2.4096767367634073
0.37105964645877093,1.6008753031428422,-2.431418599931352
0.37083722498610666,1.6011811291790672,-2.44705002743747
0.3706407888301018,1.6014567626683762,-2.458304119007556
0.3704996231335422,1.601651344854501,-2.4674608816772072
0.37027426953562215,1.6019732319551034,-2.4820181469892595
0.3700279291027274,1.6023399294025644,-2.496113021583203
0.36989971447628867,1.6025248224731137,-2.504119625367249
0.3697251947372831,1.602785478832131,-2.515309514327095
0.3695265127766423,1.6030917007809662,-2.528381974993601
0.36927206617874697,1.6035079219573085,-2.543751292443429
0.36913924200567033,1.6037172439627456,-2.5523407776876854
0.369328047577869,1.603423894776347,-2.5554393691211383
0.36911458075462206,1.6037629390164831,-2.5499380473643374
0.3693035363384288,1.6034616120916207,-2.5522925088505457
0.3692200170682636,1.6036316052345407,-2.5587847514284237
0.36920652049906383,1.6036212926547688,-2.5556078973083305
0.3691405939598446,1.603691022277901,-2.551791515930494
0.36908856389595873,1.6037557437169536,-2.5512639836028264
0.3690593685215327,1.6037876220040326,-2.5521409894361606
0.3689993351123716,1.6038618551890127,-2.551166103735259
0.36898742889718045,1.6038741485243997,-2.5535991664300997
0.3689726335699161,1.6038928131883905,-2.5561357247402867
0.3689785038773147,1.6038854361897703,-2.56025993715576
0.36895368862086303,1.6039181499193274,-2.5623003766539627
0.36896270371936823,1.6039219193639542,-2.5662090047897577
0.36899850406841517,1.6038769356953375,-2.5683370183290575
0.3690155831476969,1.603853550926556,-2.570609451667051
0.3690230201237644,1.603849612844204,-2.573017845862332
0.3690011059662506,1.6038938574370623,-2.573307393575353
0.3689239495877053,1.604000402781234,-2.570049007384808
0.368826039901636,1.6041383648927083,-2.566942020096722
0.3687240949722938,1.6042844047713434,-2.563967580324047
0.36872443984376957,1.6043487874931082,-2.5672133947488414
0.3688268492785402,1.604267170963174,-2.5689298573015864
0.36893821866693066,1.6041369424278387,-2.5708051626598625
0.3689514873315947,1.604132573375003,-2.575844116422237
0.36892506262301294,1.6042021071713706,-2.579754737959279
0.36904409246978104,1.604023351766636,-2.5842080995989987
0.3691822166304174,1.6038132212710043,-2.588264058676114
