1.0730499397736704,0.46677755268325005,1.6173628900482906
1.0732489481953087,0.46679065328849967,1.588005274134044
1.0732990053504523,0.46679113733887817,1.5834043749488411
1.0734146611214548,0.46682145941438,1.591266796955743
1.0739275609049352,0.4668363199163263,1.5931765566363651
1.0746635081544875,0.4667986286983844,1.5679173405122362
1.0747853292722673,0.4667874584274698,1.5629282992857265
1.0747763061088798,0.46678115989963226,1.5624346480637437
1.0747755931854361,0.46677943599577293,1.5618985597758694
1.0747193880724961,0.4667833165813308,1.5627040171837991
1.074854374044845,0.46677839789339826,1.559395928476541
1.0748952328772587,0.4667790647453668,1.5582294203200489
1.0749126303744356,0.4667792364887344,1.5575251974288236
1.07492099466471,0.46677931201423134,1.5571761923594134
1.0749255008656242,0.46677931784289667,1.556975498927501
1.0749285211377653,0.4667792423792085,1.5568562194517184
1.0749312827753494,0.4667791456763664,1.5567945648150647
1.0749335048898747,0.4667790732277634,1.5576311378657426
1.074930336894588,0.46677917735006297,1.556872128641005
1.0749339483680826,0.46677917110134304,1.5568415814162941
1.074936604360707,0.4667790807606504,1.5568039173017159
1.0749385046745308,0.4667790119955599,1.557650390203566
1.0749353225287783,0.4667791105880004,1.5568978205896
1.0749388884007718,0.4667791040747328,1.5568700467723682
1.0749415445243722,0.46677901535174204,1.556834769678315
1.0747183168839267,0.466820721092781,1.5606726017152042
1.0748745778601405,0.4668139145256224,1.557871729424249
1.0749255971848557,0.466814798034391,1.5568991293774117
1.0745510271652536,0.4668180143485593,1.5629865635797406
1.0744430907610103,0.4668303804486298,1.5652973915725006
1.0744582394403952,0.46683394782032406,1.5661334952691395
1.074461212436252,0.46683556005267357,1.5665067027940092
1.0744609396793368,0.4668362796033181,1.5666663037508934
1.0744593073635857,0.4668364998267809,1.566741883955838
1.0746531425547563,0.46683517253684603,1.5630964744945333
1.0748680468783183,0.46682867551501245,1.5581094996878009
1.0750101658672024,0.46650697635189087,1.3834850935777014
1.0747438342433513,0.4662153674562442,1.1736165020477438
1.0740253825637471,0.4662379575653092,0.9861328854395518
1.0729533353229221,0.46685838143148917,0.8036497079298366
1.071934955606472,0.4674727024936867,0.6240282654967881
1.0715070017572348,0.46723858696000764,0.4019488006076004
1.071052944977067,0.4677245716794978,0.1940233068691152
1.070975345773966,0.4684771158504889,0.18423540625835308
1.071140122891966,0.4676318146205428,0.19135643706369007
1.0709200815596516,0.4673818195737304,0.0015664495402885508
1.0709274043470447,0.46662640052668675,-0.0029002261281761373
1.0709326312388572,0.4665109846053462,-0.0033855467719964326
1.0709345987178636,0.46646239857413946,-0.003536682860408687
1.0709355428037313,0.4664461529818312,-0.0032396732237481587
1.0709359012535928,0.4664395681610036,-0.003147412924324384
1.0709360423431,0.4664370669994958,-0.0031183292499739625
1.0706124003221293,0.46645246422769027,-0.18667594278132768
1.0706327766472217,0.4668028893607452,-0.20648672927370573
1.0706739601010513,0.4669535741188179,-0.2012685128597072
1.0707679386776905,0.46741893787861283,-0.20214883904643538
1.0707461663293665,0.467253129492005,-0.20450091246000052
1.0705404306002178,0.4677368695523623,-0.39780914533170153
1.0702520009052963,0.4681421093097878,-0.6016116129530992
1.0698302123457524,0.4680944337262714,-0.8081390410983266
1.0703609339855615,0.4686076778510172,-0.8049949010561461
1.0704555377449583,0.4687147136041377,-0.8026045417927382
1.0705209545434018,0.46926245790802373,-0.9991227424095002
1.0706961669263055,0.4693904681332516,-0.9886420573347925
1.0703117178499522,0.46932685846610095,-0.9866833903376601
1.0708174417147454,0.46998637401053056,-1.1889040400220736
1.0716201857410257,0.4702331623348839,-1.1989922484749007
1.0713964980540622,0.4706379753116696,-1.408081558974185
1.071468161609833,0.47099756551611127,-1.5996312407943432
1.0715862577924056,0.4714479676858149,-1.8103870484722715
1.071683838726487,0.47143453194816537,-1.8292437304663407
1.0723222996433626,0.47190629860804006,-2.011070273891459
1.0728709677227937,0.47202162627393623,-2.210740576744238
1.0733319519622244,0.4717174984375199,-2.212908216234001
1.0731870832456323,0.4718084567216108,-2.215037820266588
1.0730643471223937,0.471836773910655,-2.208122219297246
1.0727321604736404,0.47197082027400794,-2.1979614188849137
1.0735892499346813,0.47169381942326793,-2.3661703175962794
1.0742168873118803,0.47115809905554173,-2.4019486717739023
1.0744276541719266,0.47096474032627317,-2.413785982237231
1.0745712858593195,0.47074134860144884,-2.410569139425892
1.0747503167074368,0.47098700195765686,-2.6099983947940655
1.0748312153535473,0.47136693121917334,-2.6279380945447675
1.0745852946043233,0.4720242174553418,-2.6284884668777955
1.0745270381094736,0.47207217044820726,-2.619287338019367
1.0745055280171179,0.4721281705694411,-2.6237800771802804
1.0744960509933648,0.47217825921047657,-2.6321631669967247
1.0744927092369223,0.47222485838386286,-2.64216769341496
1.0746931554907952,0.4722144674563555,-2.826336348097536
1.0752875810637137,0.4723420689364006,-3.0253523821411394
1.0752671916037897,0.473052280725057,-3.0378401492413327
1.075493730882425,0.47335729716645486,3.08322070605169
1.0759956178357892,0.47332470430873275,2.875376556972013
1.0765189892888622,0.4735171063412467,2.6352703173238154
1.07666487070722,0.4731321461998203,2.4427909763979145
1.0771329388467819,0.4730715156851789,2.2468295192680663
1.07666893955246,0.4722605073001558,2.0377184620208046
1.0755759526525221,0.47189774920914573,2.055651960954021
1.0749337401490642,0.47180508892514966,2.0539340080380564
1.0743177160413842,0.4712192279559669,1.8750592915510402
1.0742955185519472,0.4711457612782758,1.8498152801590804
1.0749530087816621,0.47124826404268455,1.847437798188585
1.0750303027015504,0.47122499737602935,1.829367320785766
1.0750166719743253,0.47121637731152316,1.8298532166906392
1.0749933149680435,0.47120471815398407,1.8302037966330442
1.0749686224756752,0.47119257942595666,1.8305961768017458
1.0744673899159687,0.47050165238660846,1.6372977830941746
1.0741373554128102,0.4704003536988623,1.6177290789853676
1.073888079185418,0.4700452190996878,1.4276647642605595
1.0727902861051775,0.4701634839140911,1.4265046040016862
1.0731139267685843,0.4698849573517239,1.2468081049388713
1.0730568835304146,0.46986904057769835,1.220254758669342
1.0722562890080811,0.46975217633619837,1.0014956972315785
1.072044446889564,0.46936346566640447,0.7841025738198842
1.0712502268147444,0.46989830767491736,0.5740437686312073
1.0707402814985416,0.47031404291985646,0.39050321856582504
1.0707326993815793,0.47006286486820686,0.3718574308192809
1.0706152662146449,0.47053452804115115,0.3613899045390485
1.070585063857402,0.47039185661420824,0.3438955945299584
1.0704821092977488,0.47060821601272157,0.3444628672142809
1.0703188251924298,0.47044740144873726,0.15509431731636766
1.0702439113432187,0.4703732071952455,0.1248235171102276
1.0699051474195518,0.4703396468615967,-0.07176469131226075
1.069878732917863,0.47054410866912266,-0.08426230470326071
1.0698911215873854,0.4706840454499298,-0.08188620338578784
1.0699273605704387,0.47099600327046737,-0.07467478382122077
1.0699663478335137,0.47155072403309467,-0.06056714326877353
1.07001531797138,0.4720020382113502,-0.05046974523575145
1.070021548239851,0.4720695820679759,-0.048793109250931124
1.070020523765673,0.4720893001548496,-0.04828608875570114
1.0700169636293198,0.4720906137926256,-0.048164189756086634
1.0700125403374232,0.47208528559394475,-0.048169318902940794
1.069639382492817,0.47225010747625673,-0.23672271077417265
1.0696456713844429,0.4725413123573399,-0.24180811872500527
1.0697315510157652,0.4726692723441288,-0.23104401911666964
1.0697619749830545,0.4726250948789993,-0.22170453155729297
1.0697547244967622,0.47253663692479375,-0.20311692297907477
1.0698285447898679,0.4730444174128219,-0.19396132116714027
1.0695271012550889,0.4733402256985612,-0.3937750484213419
1.0692663124082753,0.47351389879286865,-0.5911692333957317
1.0689778145573703,0.4738498693645998,-0.7926375974823529
1.0685025751766994,0.4733652349659492,-0.776894414631284
1.0680678242993022,0.4729980732725742,-0.7924869029970475
1.0685777243164276,0.47376559921897915,-0.9522054024412432
1.068065876446737,0.47367710334810476,-1.0130884023656654
1.0682087797467004,0.4737042734505363,-1.032790885301008
1.0682518013334417,0.4737876959209766,-1.0364452019061439
1.068440830733416,0.47388543552232487,-1.0355896001449545
1.0681069094167108,0.47371202224390296,-1.03689705301177
1.068174404749177,0.4737625734888924,-1.029222390662753
1.0683285683275525,0.4739047652147759,-1.0310868582183303
1.068451899239289,0.4739934404205955,-1.0357437253353106
1.0684864858536545,0.4740277882331295,-1.0418230160447288
1.0684866660123546,0.47405604485614233,-1.043554053493888
1.0686344068877707,0.47415401579058436,-1.0472134844766101
1.0685929757271515,0.47413057127765335,-1.046357542032756
1.0685580136050388,0.4741153589582471,-1.0470547475119325
1.0685537607931224,0.47412075584938834,-1.0473395125583205
1.0685625792988591,0.47413400957956225,-1.0473406079268817
1.068582741010084,0.47415300294158164,-1.0470712308175587
1.0686022041225536,0.4741730378996712,-1.0468378405556413
1.0686298242785883,0.4741979077861113,-1.0463048385566562
1.068655465771133,0.474221373978952,-1.045894623346256
1.0686885163799673,0.4742478619376068,-1.0451993624911515
1.068713880926844,0.47426908923788785,-1.044968052869246
1.0687360164257818,0.47428848974395676,-1.0449427632906048
1.0687569216305843,0.4743071940654655,-1.0450017813593095
1.0687773736131763,0.47432563985774573,-1.0450953641787455
1.0687976658395242,0.47434399215746675,-1.0452031746639598
1.0688179055402949,0.47436231110848925,-1.0453167984285325
1.0688381296093108,0.4743806173059141,-1.0454326962851743
1.068858349241919,0.474398916937218,-1.0455493464834695
1.068878566794861,0.47441721126127295,-1.0456660761252796
1.0689329319674643,0.4744595889458683,-1.0471666316834038
1.0690716449948998,0.4745447218287413,-1.051258333170217
1.0693437693686965,0.4746402777839407,-1.0384719561839058
1.0698146448994679,0.47515124358044186,-1.228758988457069
1.0697778558224316,0.4754150320195829,-1.4348433085394943
1.0699450643922954,0.4754794719825566,-1.4259855156089398
1.069263215046138,0.4753702675291625,-1.419954078741341
1.0687747344849188,0.47529944396157714,-1.4069336592313957
1.0688458138198398,0.47530732014403493,-1.4042432125016282
1.0688441152013484,0.4753076055694155,-1.405950458655621
1.0688384714973576,0.4753055301707613,-1.4068357944590286
1.0688313691676214,0.4753027329593882,-1.4074577668123822
1.0688234875523805,0.47529963088762583,-1.4079822190436933
1.0688152127414579,0.47529640142901436,-1.4084738126143963
1.068806745757518,0.47529312026368564,-1.4089580681093963
1.0687981852850361,0.4752898196011522,-1.4094452353445512
1.0687895779901315,0.4752865131012195,-1.4099395529103413
1.0687809453165755,0.47528320649955225,-1.4104428747585465
1.0687722968486453,0.4752799021397911,-1.4109561032150546
1.0687636367098474,0.47527660090697,-1.4114797601628173
1.0687549665448528,0.4752733030521654,-1.4120142166436414
1.068746286882929,0.47527000854386126,-1.4125597859081342
1.068737597752759,0.4752667172171959,-1.4131167614264155
1.0687288989568418,0.4752634288368341,-1.413685432536778
1.068720190193053,0.4752601431228828,-1.4142660909371314
1.0687114711083157,0.47525685976096105,-1.4148590333901847
1.0687027413222876,0.4752535784054213,-1.4154645628477258
1.0686940004379746,0.47525029867957663,-1.416082988897518
