-0.7085317196653271,0.24311712469482058,1.6214610829464577
-0.7083821937542616,0.24323552919507813,1.5776947943089068
-0.7081590789665895,0.24327628369270676,1.5892903896219142
-0.7083203022284494,0.24327721567125196,1.5893811989400715
-0.708391093093958,0.24328014634086198,1.5907510149466861
-0.7084422778753262,0.24328294576168485,1.5922582533655185
-0.7084587891841057,0.24328383883224644,1.592412712306767
-0.7084652709117797,0.2432848183293556,1.592671997438335
-0.7084712856703436,0.24328564785010687,1.5928998761675646
-0.7084767563622987,0.2432864102666182,1.5931026850494843
-0.7084816969819538,0.2432871393258921,1.5932839910971917
-0.7084861469910306,0.2432878494071843,1.593446295193739
-0.708490150525233,0.2432885470974973,1.593591602358498
-0.7084937499967265,0.24328923575245295,1.593721628902641
-0.7084969843677922,0.24328991731561586,1.5938378856095845
-0.7084998889081803,0.24329059305931364,1.593941717651741
-0.7085024953977509,0.24329126389743605,1.5940343285945984
-0.7085048324404282,0.24329193052596457,1.5941167978442443
-0.7085069257852313,0.24329259349244697,1.5941900948198584
-0.7085087986242724,0.24329325323485962,1.5942550910752056
-0.7085104718611231,0.2432939101062884,1.5943125708890302
-0.7085119643501978,0.24329456439230576,1.5943632405980412
-0.7085132153559237,0.24329521719849995,1.5944057830838543
-0.7085125896778416,0.24329585510508367,1.5943999678942762
-0.7085121720576516,0.24329645881569684,1.5943857365503764
-0.7085118659359841,0.24329705000634205,1.5943695675544107
-0.7084803662951294,0.24330748171708763,1.5983128888643598
-0.7084617185720613,0.24331138913465244,1.5988590836831726
-0.7084547665564315,0.24331358485470178,1.59907510319006
-0.7084516570894666,0.24331510269094003,1.5991562986419081
-0.7084498752016608,0.24331634114914977,1.5991804358697872
-0.7084485750819474,0.2433174613080612,1.5991801235209513
-0.7084474585929049,0.24331853002081819,1.5991692608289125
-0.7084464160021192,0.24331957551176475,1.5991538267659833
-0.7084454053228241,0.24332060983383375,1.5991364077265882
-0.70844440994655,0.24332163817460595,1.5991181265640708
-0.7084434231225776,0.24332266277929512,1.599099471901072
-0.7084424420472245,0.2433236846238991,1.5990806566943367
-0.708441465535854,0.24332470413451307,1.599061773844903
-0.7084404930802739,0.24332572149826098,1.5990428638972316
-0.7084395244588039,0.24332673679820427,1.599023944542403
-0.7084385595722998,0.24332775007202323,1.5990050234896545
-0.7084375983743885,0.24332876133758652,1.5989861040863784
-0.7081320957635617,0.24335924983639595,1.6044263592260493
-0.7080796588465175,0.24336337372699524,1.606146718126996
-0.708057060892021,0.24336592013594838,1.606797698167358
-0.7080489887667345,0.24336751944258794,1.6070666156911462
-0.70804684302022,0.2433686806670634,1.6071586454155269
-0.7080470644992495,0.24336964289324145,1.6071706491352529
-0.7080482070227232,0.24337051600355605,1.6071468301426706
-0.7080496911392892,0.2433713497081579,1.6071069706345116
-0.7080512875550243,0.2433721662379934,1.6070598159268954
-0.7080529067648954,0.24337297545988631,1.6070091999728588
-0.7080545142148832,0.2433737817068802,1.6069567860360852
-0.70805609670824,0.2433745868652708,1.606903289089653
-0.7080576492231706,0.24337539174836076,1.6068490129545892
-0.7080591698108222,0.2433761967024374,1.6067940844803934
-0.7080606576514873,0.24337700187191288,1.6067385548672766
-0.7080621123282567,0.24337780731445555,1.6066824431955613
-0.7080635335622498,0.24337861305062716,1.606625754998854
-0.7080649211192069,0.24337941908513588,1.6065684901352606
-0.7080662744450893,0.24338022538665904,1.6065106359233365
-0.7081227204022394,0.24309061413629832,1.4326642148684046
-0.707705906359532,0.24308690311683995,1.4596189869997185
-0.7075739802568277,0.24267555194838678,1.2771315060997683
-0.7078373934432405,0.24276923158768432,1.250958028028455
-0.7081316416487236,0.24283574743652744,1.2516824870353207
-0.7081805357693634,0.2426998730251864,1.2226293523251077
-0.7082497972295754,0.24272914984588673,1.2246232919037554
-0.7081382062724315,0.24270322579975115,1.2304046973376674
-0.7080325212016635,0.24268006253620342,1.236145243553506
-0.7080360341134655,0.24268962908690367,1.237091293811445
-0.7080595931749395,0.24270473951934216,1.2370490249680663
-0.7080820769772982,0.24271946876720077,1.2370270517369857
-0.7081040868612817,0.24273402932333854,1.2370120753288931
-0.7081258870761574,0.24274851525541116,1.2369994229045425
-0.7081475946339417,0.24276296847123702,1.2369875057647803
-0.7081692614718863,0.24277740767487074,1.236975814276032
-0.7085371240975815,0.24271541485990564,1.0505957873021377
-0.7084980898297015,0.24265484724711514,1.031098540570989
-0.708664701698829,0.24274051406488284,1.0379556617251047
-0.708542675263058,0.24261628179009248,1.031227281581825
-0.7088689151845026,0.24283172945483336,1.0445269080168125
-0.7088810533471049,0.2428217176751796,1.0424173604009754
-0.7088364519840031,0.24277559984520805,1.0380259009467214
-0.7087932910974183,0.24273052778775908,1.0337334927041977
-0.7087505713514842,0.24268571105063833,1.0294803032110371
-0.7087223238296012,0.2426530097128286,1.0259667237959396
-0.7089830947419213,0.24285442980308222,1.03748949707505
-0.7094431920761826,0.24316728893828485,1.056293904333716
-0.7095250850904593,0.24324933372602722,1.0612667773242366
-0.7097229744301927,0.24340599996955362,1.0709904633615903
-0.7101543340272103,0.24368470149457785,1.0878614070017645
-0.7103227983922697,0.24380988799599157,1.095060556563743
-0.7105000988139715,0.243944834997057,1.1034139247089252
-0.7108689755688842,0.24419282514812127,1.1174517563736313
-0.7102814071982095,0.24390774655352115,1.123066385790263
-0.7107359546197912,0.24410895137431235,1.1221939389035895
-0.7107044893676996,0.24409941647523667,1.1246995934746378
-0.7106697878726239,0.24410714136196965,1.136374041762922
-0.710688484083602,0.2441297443290005,1.1486327080554508
-0.7106813574873677,0.24411344034771199,1.1439874634565768
-0.710608499573253,0.24410157997068882,1.1541325700793406
-0.710567788117608,0.24411124319993602,1.167855710147698
-0.7106663001345735,0.24413750296030845,1.1663103650886861
-0.7105546332712609,0.24410649022607883,1.1743848945800268
-0.7105056358865149,0.24411280653208733,1.187816681838076
-0.7106100791120582,0.24413426861950316,1.1845166050091718
-0.7106411696005975,0.24416575598243004,1.1971849845010105
-0.7101626131620173,0.24409384051460725,1.1971074383893279
-0.7106250750738404,0.24401519936651686,1.0157586751546033
-0.7113598164930582,0.24406475261215893,0.7935968253761148
-0.7117747278786185,0.24394128572865165,0.5769042710284331
-0.7122155195674429,0.2445080227311954,0.5643226552677771
-0.7121119539672668,0.24434490423113528,0.5818782944562874
-0.7127539148369998,0.24455288854203922,0.3962317873400737
-0.7126668412828195,0.2448274836503116,0.43004279047824245
-0.712898996746472,0.2447370551771707,0.26331908290038836
-0.7129626861828204,0.24545955402042618,0.29015424417946584
-0.7128023721648079,0.2452039752848733,0.3094742884668762
-0.7127455104848481,0.2449251448999471,0.3162371985766563
-0.7127150634556352,0.24493535755183174,0.312881658767235
-0.7126784121363918,0.24482638492004202,0.3092273945274776
-0.7126522242136263,0.24474173062186427,0.30975339357900533
-0.7126226897069823,0.2446567099087992,0.3114455249113754
-0.712589773094704,0.24456060883070832,0.3130949884984007
-0.7125573173639398,0.24446681082143978,0.3147245579626292
-0.7122814016733958,0.24392155313062325,0.13150820548203784
-0.7126519455598936,0.243229426063523,-0.06160260869979189
-0.7126383111131225,0.2433299790610064,-0.06993897723860001
-0.7126347005990312,0.24336407418535005,-0.07367677358918127
-0.7126285753630563,0.2434763806613706,-0.07873614216678011
-0.7126133029777225,0.24372806281181603,-0.08559580830717012
-0.7125934371954573,0.24426013763417123,-0.0942162827010182
-0.7125977567139059,0.24426937944131938,-0.09700271182032638
-0.7130722854407606,0.24403816278900223,-0.2775769374975223
-0.7130543626092091,0.24444650173397622,-0.3056570678293
-0.7130855521598798,0.24441023121009908,-0.3150998534962306
-0.7130961320508016,0.24439793385400455,-0.3142657590938562
-0.7131106218070243,0.24437311644037488,-0.31376764322836037
-0.7131230255659918,0.24435947097881788,-0.3138762791622548
-0.7131286764134935,0.24436698367502896,-0.31496322132038723
-0.7131339296379797,0.24437837031488152,-0.3162779024373097
-0.7131393127913593,0.24439028330627738,-0.317668306702177
-0.7131446967469547,0.24440271217266016,-0.31910981873199495
-0.7131499391357621,0.244415943324624,-0.32059684603325506
-0.7131549333141834,0.2444302345742375,-0.3221288133878327
-0.713159600728413,0.2444457906431878,-0.3237069186068424
-0.713163881410576,0.24446277385144263,-0.3253331158758116
-0.7131677264043048,0.24448131958889738,-0.3270097612421129
-0.7131710924253675,0.2445015488712102,-0.32873955446759767
-0.7131739376819392,0.244523579270009,-0.3305255464328303
-0.7131759776253047,0.24454843652160316,-0.3324011887707123
-0.7132403803109499,0.24434639730278815,-0.32792655362508305
-0.7133134253899256,0.24411149716153188,-0.3208596938527107
-0.7133429548930146,0.24400988067748824,-0.3175805004844127
-0.7133906290640145,0.24384347135216602,-0.31254008242626313
-0.7133944567200832,0.243773288048209,-0.30237285846939504
-0.7132789228375708,0.2441923878147222,-0.2998080352799328
-0.7133346437038677,0.24393505667650714,-0.2958354994961727
-0.7133397971930061,0.2439185456679968,-0.2939653643080452
-0.7133502864436847,0.24391465604790116,-0.2966558252703071
-0.713363647481822,0.24390449590973534,-0.2996660542075415
-0.7133780568139493,0.24389195264943156,-0.30276694430557005
-0.7133928422006032,0.24387851327250182,-0.30588558099867214
-0.7134077537477592,0.24386474821263834,-0.30899909385604896
-0.7134191684063973,0.2437940799919448,-0.3130201941671037
-0.7132607433478478,0.24419325228934388,-0.2981347730771834
-0.7132016554554357,0.2442142309331228,-0.29631896862998536
-0.7131351746831717,0.2442912736802083,-0.2912377632147689
-0.7131118709686597,0.2443794347281233,-0.2874374718670565
-0.7131037998690749,0.2444195636669633,-0.28631171784548964
-0.7131031862974585,0.2444314985251482,-0.2863952525986754
-0.7131057535732762,0.24443570507811435,-0.286923805635648
-0.7131104551084314,0.24443526110074223,-0.28775337640133963
-0.7131163731108929,0.2444321438055778,-0.2887575957677837
-0.7131229275387233,0.2444275964143688,-0.28985671774991173
-0.7131297920250349,0.24442231916214294,-0.29100662536408983
-0.713136783777656,0.24441670408536825,-0.2921829203521472
-0.7131438007968587,0.24441096956097044,-0.293372105659648
-0.7131507863793138,0.2444052365795208,-0.2945667094260186
-0.7131577091533314,0.2443995717023963,-0.29576259050211934
-0.7131645518883927,0.24439401114724998,-0.2969574495491622
-0.7131713052377874,0.24438857424980331,-0.2981500061535772
-0.7131779642457058,0.24438327097062182,-0.2993395439224568
-0.7131689592299199,0.2444184520038143,-0.2988270858641192
-0.7130071507779886,0.24482552300034638,-0.28231723181165613
-0.7130111521076624,0.24478629384811373,-0.2839831787661527
-0.7129879076108645,0.24480874914646913,-0.28409649644487395
-0.7129389100404372,0.24489658429205102,-0.27969056675989723
-0.7128868811584833,0.24499110952655165,-0.274037800492568
-0.7128549220068079,0.24509595687411448,-0.27283050445125584
-0.7128349224032283,0.2451532237108942,-0.27367235510318527
-0.7128250204724333,0.24517652795758924,-0.27585609313134696
-0.7128137897252395,0.24523002399101218,-0.28354064685916475
-0.7127647020382604,0.24551350358843452,-0.2862955499472604
-0.7126635465264315,0.24579902828223754,-0.29093010208548614
-0.7127314526228584,0.24547743272113098,-0.25974066663897244
-0.7127791979204964,0.24549319322750093,-0.26166290387136654
-0.7128604238394969,0.24536695688808882,-0.2642485316414876
-0.712884677260958,0.24538966393466732,-0.2702972330063275
