-0.6346420638818097,-1.4028306005651179,1.625144715148396
-0.6346507817723136,-1.4028902492887085,1.5652374768455324
-0.6349005776172946,-1.4028581103143618,1.5846059841719173
-0.6351235413862643,-1.4028399327531478,1.5892239470781548
-0.6355683729317063,-1.402860990244482,1.5718265023700817
-0.6360005568493523,-1.4028766761931775,1.5607524542830244
-0.6361146056445276,-1.402884675405415,1.5560718414813974
-0.6359019233735763,-1.4028875932212899,1.562061603078686
-0.6359329398644613,-1.4028881126687567,1.5596406914601044
-0.6359454209487098,-1.4028892299127507,1.559345802826341
-0.6359488193302095,-1.4028899057503137,1.5589610794093414
-0.6359524994339874,-1.4028901689108233,1.5586187297156864
-0.6359560453528567,-1.4028902778626868,1.5582979054589445
-0.6359592890672742,-1.402890333894023,1.5579909452525458
-0.6359621149188833,-1.4028903779385975,1.5576973813166886
-0.6359645049403932,-1.4028904275071619,1.557412747808987
-0.6359664803060682,-1.4028904885935454,1.5571343254518122
-0.6359680699084673,-1.4028905630760258,1.556860305656855
-0.6359693040315891,-1.4028906513252386,1.556589297718976
-0.6359362894415205,-1.4028923480724098,1.5581096796360328
-0.6359285242706251,-1.4028923049729516,1.5575592874773352
-0.6359315130361196,-1.4028920285914996,1.5572170250663198
-0.6359343313764299,-1.4028919461584206,1.5568854471832114
-0.6359374084823666,-1.4028919508453175,1.5565566141315457
-0.6359062197804539,-1.4028936406260706,1.558036120532519
-0.635900193644867,-1.4028935302994825,1.5574364103308442
-0.6359490461867516,-1.4028874187120675,1.554504523673597
-0.6360646329959828,-1.4028872237210246,1.551144510685685
-0.636089152444034,-1.4028877329856853,1.5506428776139982
-0.6360997836552298,-1.4028876848520178,1.550594993630942
-0.6361045266999416,-1.40288748749899,1.5506494486659539
-0.6361062198149682,-1.4028872843477163,1.550688011923964
-0.6361068074711811,-1.402887064865073,1.5507131428802363
-0.6361069075323984,-1.4028868378628079,1.5507333434977695
-0.6361067937625038,-1.4028866076161204,1.5507517533132575
-0.6361065865303033,-1.4028863761846861,1.550769510036549
-0.6361063385505094,-1.4028861445364786,1.5507870216256887
-0.6361060728293829,-1.402885913117983,1.5508044323116563
-0.636105799377406,-1.4028856821318707,1.5508217921465508
-0.636105522539008,-1.4028854516686142,1.5508391180826797
-0.6361052441953704,-1.402885221767684,1.5508564156873743
-0.6361049651595206,-1.40288499244559,1.5508736867287303
-0.6361046857823358,-1.4028847637085913,1.5508909317634714
-0.6361044062151017,-1.402884535558401,1.5509081509891562
-0.6361041265230634,-1.4028843079947309,1.5509253445111009
-0.6361038467344374,-1.4028840810164172,1.5509425124187641
-0.6361035668615138,-1.4028838546219182,1.5509596548032774
-0.6361032869097479,-1.4028836288095314,1.5509767717600358
-0.6361030068816637,-1.4028834035774902,1.5509938633871139
-0.6361027267785294,-1.4028831789240033,1.5510109297843004
-0.6361024466010703,-1.4028829548472745,1.5510279710515897
-0.6361021663497815,-1.4028827313455097,1.551044987289046
-0.6361018860250566,-1.4028825084169205,1.5510619785963728
-0.6361016056272457,-1.402882286059725,1.5510789450730644
-0.6361013251566884,-1.4028820642721491,1.5510958868180507
-0.6361010446136985,-1.402881843052427,1.5511128039297624
-0.6361007639985995,-1.4028816223987999,1.5511296965062131
-0.636100483311699,-1.402881402309517,1.5511465646446638
-0.6361002025533135,-1.4028811827828362,1.5511634084423034
-0.6360999217237473,-1.4028809638170219,1.5511802279954026
-0.6360996408233114,-1.402880745410347,1.5511970233999797
-0.6360993598523187,-1.4028805275610916,1.551213794751736
-0.6358675573039759,-1.4032805683088856,1.3702640022508432
-0.635877467503786,-1.4033140012582046,1.353587393920072
-0.6357870455461101,-1.4033410517982343,1.349930601944208
-0.6357112164955812,-1.4033650388724241,1.3465442236274736
-0.6357402534401422,-1.403374914465164,1.344066791433798
-0.6360317740337366,-1.4032508556707235,1.3559430870323141
-0.6355653557745995,-1.403385318757813,1.3439498055198607
-0.636187433253426,-1.4032566448691486,1.3435177950928219
-0.6356959269994987,-1.4033064922987344,1.3541888168063
-0.6358148356035133,-1.403333434897275,1.3423594983765577
-0.6357761838188191,-1.403885973930568,1.1540178005570088
-0.6359135642416223,-1.403890011360376,1.1499894564806725
-0.6358721669585449,-1.403901533811799,1.1516418597056872
-0.6359017112314842,-1.4038915462981303,1.1530081373905896
-0.6363078755690261,-1.4040242779778083,0.9528255947914034
-0.6366983145665123,-1.4038466000387098,0.9344946102513263
-0.6366522192493947,-1.404371916287876,0.7243068952388049
-0.6373260019095148,-1.4040327737657676,0.5297569750118243
-0.6374152346606727,-1.4039768314251821,0.3496621247486111
-0.637539239906928,-1.4045118480955565,0.1593472036542402
-0.6378613098926128,-1.4046056868581098,-0.039085990819421865
-0.638284918339324,-1.4048475491505952,-0.24840980154861841
-0.6384373432459414,-1.405489483332507,-0.27542676078066897
-0.6387226542941006,-1.4051283318816186,-0.4694252451752477
-0.6387731862904702,-1.4046426249918165,-0.6685705758571964
-0.6382914043044434,-1.4041875951709537,-0.6667890118621658
-0.6382614644808385,-1.4036785627671784,-0.8621980436014886
-0.638313040530835,-1.403553200405392,-0.884783885720995
-0.6385915102043479,-1.4031555845649977,-1.0727228071386279
-0.6392869180210383,-1.4032278140892447,-1.1148911207034184
-0.6394005280064229,-1.403200460130052,-1.099996392340089
-0.63974791042879,-1.4033475025573117,-1.0824575632707503
-0.6394881553501729,-1.4031837897761197,-1.09494152127145
-0.6399035461604685,-1.4034084519276382,-1.0895057980604401
-0.6398626471943797,-1.4034187227619868,-1.0925362785846635
-0.6400497320192823,-1.4035609473628714,-1.0834896901008306
-0.640548674751472,-1.403815745801165,-1.069191342479543
-0.6402542333568696,-1.4036568995213452,-1.0880461166538582
-0.6402606917224948,-1.4035976854196517,-1.1110504400013863
-0.6402334169438699,-1.4035823521788209,-1.1111296295712667
-0.6402373429068894,-1.4035836340688286,-1.1097565263160019
-0.6403800572072148,-1.403664902408104,-1.1024011910961986
-0.6404718153508678,-1.4037171802146153,-1.0972517060673144
-0.6404455381516077,-1.4037019644938191,-1.0971236967672575
-0.6414088698042423,-1.4037790956642664,-1.2866790687111136
-0.6415211142452523,-1.4034782944602284,-1.482627968084843
-0.6418484437929253,-1.403212154609797,-1.6662962042475344
-0.6416660835149222,-1.402831795962341,-1.881486171729452
-0.6409612219757521,-1.4025186930129838,-2.090689008405761
-0.6416451244503573,-1.4023200437795218,-2.0966681962845386
-0.6411305239185282,-1.4026850624174438,-2.0672366582059967
-0.6408794939211105,-1.4028229718781804,-2.074479299638109
-0.6407195510568731,-1.402518963986045,-2.2351216503363442
-0.6401212793769403,-1.4025613978640246,-2.431943388347494
-0.6394549157769788,-1.4027441069263615,-2.621797920067391
-0.6390008701939252,-1.403259129684517,-2.8219512205001496
-0.6387964613770537,-1.4041354764550866,-2.850270609579012
-0.6387401553986591,-1.4048038069636788,-2.8455332528765727
-0.6385547205910175,-1.4052808302812936,-2.855698798742635
-0.6381337147782121,-1.406179842046461,-3.038825073009919
-0.6381107903439798,-1.4063364369410296,-3.0490772740317436
-0.6380540373139401,-1.4066082616893576,-3.061383444431343
-0.6376844627744189,-1.4066941379030562,3.0407574630612144
-0.6376768506231242,-1.406828007789719,3.0279874137571796
-0.637675452274007,-1.4068063432656064,3.028654006833664
-0.637679056101234,-1.4068274839334285,3.031034746222625
-0.6376797017551636,-1.4068409247558746,3.031941581104432
-0.6376786602952984,-1.4068463963827849,3.0321488198428224
-0.6376767893053056,-1.406848984322103,3.0320869632863308
-0.6376744107219997,-1.406849799897767,3.031858418372462
-0.6376717216604393,-1.406849534512507,3.0315264578925145
-0.6376688425905096,-1.4068486128527966,3.0311301269834843
-0.6376658470417175,-1.4068472935558454,3.0306934877320595
-0.6376627798655606,-1.4068457333377933,3.030231347063177
-0.6376596684214564,-1.406844026883103,3.029752803198494
-0.6376565294133094,-1.4068422313209832,3.0292634389450668
-0.6376533730614692,-1.4068403811218726,3.0287666760826495
-0.637650205645467,-1.4068384971172239,3.0282646102869846
-0.6376470310520529,-1.4068365919427757,3.0277585249006997
-0.637643851716658,-1.406834673315988,3.0272492065115406
-0.6376406691953828,-1.406832746006182,3.0267371384497457
-0.637637484512161,-1.4068308130173373,3.0262226192279433
-0.6376342983692624,-1.4068288762974697,3.025705834918918
-0.6376311112748032,-1.4068269371636937,3.0251869033153582
-0.6376279236199066,-1.4068249965566986,3.024665900831993
-0.6376247357253457,-1.4068230551929701,3.024142878870478
-0.6376215478697074,-1.4068211136557727,3.0236178737600534
-0.6376183603063728,-1.4068191724494525,3.0230909127874726
-0.6376151732737421,-1.4068172320318235,3.0225620178492996
-0.6376119870013757,-1.4068152928334394,3.022031207660994
-0.6376088017136724,-1.4068133552690296,3.0214984990906726
-0.6376056176320655,-1.4068114197442696,3.020963907962885
-0.6376024349763185,-1.406809486659748,3.02042744954182
-0.6375992539652873,-1.4068075564132776,3.0198891388206555
-0.6375960748173578,-1.4068056294012203,3.019348990694153
-0.6375928977506872,-1.406803706019209,3.0188070200606583
-0.6375897229833312,-1.4068017866625335,3.018263241881566
-0.6375865507332992,-1.4067998717263008,3.0177176712154123
-0.6375833812185695,-1.406797961605489,3.0171703232364186
-0.6375802146570793,-1.406796056694919,3.0166212132439587
-0.6376361157134222,-1.4070198628162685,3.027475624541648
-0.6376568536829594,-1.406826474145879,3.0472947639612302
-0.637684953934294,-1.4069172275887105,3.0557492099671832
-0.637692825640448,-1.4068479087231667,3.0541865556755985
-0.6376938689102235,-1.4067541061591626,3.0514931153370086
-0.637706680503053,-1.406754250144089,3.0511455590439067
-0.637722462362659,-1.406779429902446,3.0512710670783822
-0.6377393065736195,-1.4068140219358396,3.0515564414698977
-0.6377564814912416,-1.4068520276906968,3.0518929662539356
-0.6377773555884145,-1.406980437916215,3.0547961760702167
-0.6377853124401045,-1.4071047307114872,3.0567721021092904
-0.6377979236921456,-1.4071990602864828,3.0581770916481203
-0.6378078223108997,-1.4072618761996798,3.0590579583834057
-0.6378075003988003,-1.4072860469461048,3.0594184865437106
-0.6377560729084414,-1.4071080123936157,3.0548424609203524
-0.6377053067970068,-1.4068518179649636,3.048143919629834
-0.6376817672938772,-1.4065974372225314,3.038711628896961
-0.6376716117375869,-1.4065036625837846,3.034184704022181
-0.6376599116864214,-1.4064060120010684,3.029667637482974
-0.6376757699027864,-1.40652136812539,3.036958615923616
-0.6377357224558862,-1.4068373213198555,3.047292395300239
-0.6377219553081749,-1.4066338365245001,3.0463489090981284
-0.6376941173427039,-1.406412145987567,3.040056094486511
-0.6376811410215516,-1.4062942399211702,3.0357070014734364
-0.637658202785297,-1.4062048879767484,3.041103648065562
-0.6377140796140444,-1.4065454285232153,3.048061539952642
-0.6377405993566683,-1.4067216509937144,3.051683523286265
-0.6377168838097584,-1.4065541028472797,3.0489442682046777
-0.6377191349015859,-1.4064850329891063,3.0477428148120387
-0.6377355201244943,-1.4064651970348145,3.0470626216445353
-0.6377236551573239,-1.4063564616584319,3.0425404143679824
-0.6377115578284619,-1.4062527049710891,3.038037040600172
-0.6376989276137076,-1.4061494582103422,3.0335012408251294
-0.637730905479247,-1.4064112134357654,3.047395201966174
-0.6377618732051074,-1.4066096656220217,3.0514055488587926
-0.6377562853535175,-1.4065597082085048,3.0511856674791886
-0.6377494479139574,-1.4064197666615228,3.04855569764967
-0.6377768791404861,-1.406452044845646,3.0497888440168026
-0.637767172898418,-1.4063549014749568,3.0457360353574927
