-2.1603127743682324,-0.35807212569543695,1.6147381186862622
-2.160176319741539,-0.35806829147094554,1.6079487069908112
-2.160167277960224,-0.3580676241016156,1.6087440505710686
-2.160161153333363,-0.3580683383021152,1.6086751773640449
-2.1601578801089105,-0.3580691928895065,1.608709868247072
-2.160155923082819,-0.35807011489778684,1.6087932074207603
-2.1601545713051946,-0.3580710714461731,1.608899213023762
-2.1601534969079403,-0.35807204738609144,1.6090160391557073
-2.1601525502498506,-0.3580730358333307,1.6091382850641012
-2.160151663108695,-0.3580740336731174,1.6092634942966173
-2.160160800862786,-0.35807645557443635,1.6084227167886276
-2.1601614612842286,-0.3580768808794556,1.6090938450778514
-2.1601606405888423,-0.3580778794032852,1.609221531010622
-2.160170681328272,-0.35808036528042353,1.6083516953024213
-2.160171340916536,-0.35808078711292674,1.6090224542350404
-2.160170519728003,-0.35808178186500866,1.6091496644992864
-2.160169689914784,-0.3580827831823064,1.6092770457945016
-2.1601798582935654,-0.358085282629429,1.608403074487743
-2.160180514127284,-0.3580857068883277,1.60907397157823
-2.1601796919847933,-0.3580867042969044,1.6092014774442003
-2.1601896073796176,-0.3580891793990923,1.6083356867955034
-2.160190268615351,-0.35808960048492033,1.609006416928331
-2.1601894478677126,-0.3580905944172232,1.6091335405453906
-2.1601886180890206,-0.35809159488984615,1.6092608190850266
-2.1601987047115623,-0.3580940870675927,1.6083894882681333
-2.160199361811292,-0.35809451069031595,1.6090603568076187
-2.1602833452388817,-0.3580979071312427,1.6136321737089758
-2.1603546380442715,-0.35810887980067646,1.614272339708496
-2.1604138706676452,-0.35811886603208565,1.6157387775357874
-2.1604725550876855,-0.3581270666187571,1.61776000103722
-2.160534364090403,-0.358137530744615,1.620048982092198
-2.1606044759042415,-0.35814936248239354,1.6225123412877591
-2.1606830320173533,-0.3581615347106246,1.6255285215812094
-2.160772132761051,-0.3581783128471546,1.6288408709014428
-2.161086225210155,-0.35817997128824597,1.6361888168145138
-2.1612057623111784,-0.35816876211510107,1.64148143375717
-2.161268971810763,-0.35816041669305454,1.6448802835181473
-2.1613388192381633,-0.3581535420221352,1.6481997465895948
-2.1612529252061403,-0.3581478302887332,1.6480457195240856
-2.161133572024726,-0.35814857938070976,1.6463247034377209
-2.161082176558493,-0.35814870649014446,1.645733688723399
-2.161223410155237,-0.35817741291925775,1.6498040841536752
-2.161464554210506,-0.3581959431285371,1.656190680533347
-2.161718339209976,-0.3581878451357965,1.6644453825889851
-2.161807632497027,-0.35818039579734257,1.6688428899740475
-2.161902202858279,-0.35817454469335347,1.6731689441603623
-2.1617492548969337,-0.35817081234319925,1.6706622546980618
-2.1614397296802825,-0.35815525491499256,1.6627438262413348
-2.1612705548846107,-0.3581501993801788,1.6551719425587401
-2.161604245301036,-0.3581703005838082,1.6594475549490093
-2.1615993752789704,-0.35814358473129493,1.6586576753636615
-2.1616884123372193,-0.3581385455944585,1.6623524460343562
-2.16178576626315,-0.358133629609223,1.6664908672689152
-2.161885446497254,-0.3581289399237903,1.6707474976478152
-2.1619136619367207,-0.3581699802641032,1.665571637562985
-2.161580061578654,-0.35814117697154274,1.6605789977299859
-2.1614494294515483,-0.35814058463822684,1.653818065508628
-2.16169365524895,-0.3581574035454955,1.6543035682751281
-2.1617436379973114,-0.3581405051794021,1.6544865529685084
-2.161831328420703,-0.35813360679595824,1.6580935041155755
-2.161922912646377,-0.3581272808661615,1.662116835742531
-2.16201458258253,-0.3581214752004208,1.666159926898204
-2.1621005063295184,-0.35814309305455333,1.6656395339403067
-2.161818336740239,-0.35814555533215026,1.6577570005183013
-2.1616380031300015,-0.3581330590861288,1.654599554962249
-2.1615607758356337,-0.3581408026073938,1.6463828363124091
-2.1620247985347367,-0.35814632601268,1.6512447491397504
-2.1620564266459277,-0.3581390559737888,1.6507210900403209
-2.1619287078759704,-0.3581252540581582,1.6489416054791761
-2.161745020680398,-0.35811933461202045,1.6475790529349374
-2.161679710201886,-0.35812250118784045,1.6466951535460033
-2.161807902853321,-0.35814617977562785,1.649122044585525
-2.1619073380159244,-0.3581699266555137,1.6530734072558864
-2.1617138282397717,-0.35815636124331723,1.6497932452369442
-2.1615375836399147,-0.3581467831130967,1.6451835836214463
-2.1613792400683614,-0.35814031097054266,1.6406986586884453
-2.161258170188419,-0.3581357906410902,1.6370388205809996
-2.1611597271451255,-0.35813293767053683,1.633926760654251
-2.1615580664140723,-0.35812378543194934,1.6428828364100225
-2.1616378827034035,-0.35811283519732173,1.647324430380787
-2.1617086555155787,-0.35810503678238825,1.6509277726248408
-2.1617848809934004,-0.3580983901051045,1.654482231945394
-2.161632172070079,-0.35809488045559235,1.6525440531272586
-2.1615438232235467,-0.35809399525258395,1.6514207281562305
-2.1615737588161594,-0.35810523377736003,1.6526155215177003
-2.161724471643233,-0.35813258741964066,1.6578063199427604
-2.162064543604374,-0.35814545500678824,1.6656721535717538
-2.1620829027004356,-0.35813035353567363,1.6668707206411968
-2.1620510011947527,-0.35811431458183846,1.666757015959536
-2.1620122014596017,-0.35809831108975526,1.6664425555837243
-2.1619716693049797,-0.3580824065266132,1.6660611271401917
-2.1619308295034934,-0.35806658910978006,1.665657352508295
-2.1618900591465904,-0.3580508451291541,1.6652462965809331
-2.1618494537783026,-0.3580351668248999,1.6648331877043738
-2.1618090370234295,-0.35801955080972453,1.6644198942511457
-2.1616453133238003,-0.35797875062395745,1.6693837043440334
-2.161478528514315,-0.3579498778879458,1.671249593960845
-2.1614422812916048,-0.3579428688075371,1.6695872775811476
-2.161389505353215,-0.35793021634708955,1.6704269263894937
-2.1611210730787627,-0.357918023696282,1.6683013589119282
-2.160972525371967,-0.35790866331944426,1.6685363034444949
-2.1610294138748456,-0.35793089371589404,1.6729442919147803
-2.1613291579959752,-0.35798125304017053,1.6744084768119374
-2.161146159989214,-0.35796866156370644,1.668843019993524
-2.1609848223132313,-0.3579588953093719,1.6640654707534293
-2.1608214659662575,-0.3579496025395087,1.6594853421062938
-2.1606359783907574,-0.3579380042325149,1.654846754534975
-2.1612005148460356,-0.35795041991690635,1.6614081472255635
-2.1615105099084637,-0.3579611026685211,1.6669262314774527
-2.1613844519182623,-0.3580070598553072,1.6605640550929892
-2.1611472397865787,-0.3579874827347152,1.6552658654997312
-2.1610058410434245,-0.3579785976306564,1.6516207133732035
-2.1608978372264995,-0.35797322235605333,1.648689977963534
-2.160859609141318,-0.3579759653326205,1.647039115006946
-2.1609223976301477,-0.3579894499798493,1.6457000166259292
-2.160922243612358,-0.3579955256558937,1.646632272483483
-2.1609359650743025,-0.3580034420726093,1.6472801277235516
-2.1609380880924745,-0.35800905823394386,1.647687928349013
-2.16080681546176,-0.3582868856065421,1.4711132738569632
-2.1606083268227576,-0.35825147885925523,1.4809946214424619
-2.160197710765949,-0.35823153036759925,1.51158900707559
-2.1603803373317767,-0.35823678406262294,1.5093339167706865
-2.160440030934141,-0.3582472622738371,1.5073582404332229
-2.1604443600558936,-0.3582600511564646,1.5053304259568459
-2.1604417151286928,-0.35827238746105367,1.5035235986781048
-2.1604422069272813,-0.35828424631323563,1.5018894868625847
-2.160444502020805,-0.358296220138633,1.5002683216203616
-2.1604470526855417,-0.3583086333883587,1.498563040870183
-2.1604497835730703,-0.35832154827364215,1.496743074245401
-2.16045304023119,-0.35833495794727155,1.4947994991987739
-2.160456486752759,-0.3583489176939658,1.4927122900818706
-2.160459133326625,-0.35836347534033436,1.4904349640052936
-2.160464801321321,-0.3583782724940926,1.488037856337755
-2.1604723018828857,-0.35839346867657995,1.4854848283041169
-2.1600730622339843,-0.35841633887119,1.4917065843566142
-2.1599944304279455,-0.3584162891253233,1.4946034999970035
-2.160023727690746,-0.3584187389730317,1.4947963830413138
-2.160032843576913,-0.3584246406149019,1.4943697760545538
-2.1602168573108496,-0.3584016948369891,1.4972098986795357
-2.160372669084829,-0.3583822716468991,1.5004042703862837
-2.1604884593005065,-0.3583668236377531,1.5036964441414926
-2.1605930072390684,-0.35835310534311354,1.5066721889026136
-2.160432061502522,-0.35835648143982685,1.5047753118585778
-2.1600858571977994,-0.358386803345171,1.4957620743647537
-2.159856120305845,-0.3584145101098207,1.4888222069739259
-2.1597194009668117,-0.3584339390328363,1.483887140720077
-2.159876939197841,-0.35843059671938915,1.4872857420311818
-2.1601360401558387,-0.35840184974127426,1.497496614103252
-2.1604356646459313,-0.3583637878424344,1.505063424014985
-2.160605716459063,-0.35834418816384783,1.5095034655262476
-2.160403886708035,-0.35835121691035243,1.5058987703477735
-2.1600705766176924,-0.35837519825849484,1.4962956191452093
-2.159839386374145,-0.35840318190184567,1.4887980753526184
-2.1596769512737515,-0.35842501344678546,1.4830386715688448
-2.1598309852129574,-0.3584217173504688,1.4858205376404248
-2.1600699164591695,-0.3583972760432213,1.4959739752283743
-2.160385289785801,-0.35835678143324873,1.5038445437435963
-2.1605654094938305,-0.3583358315119989,1.5085053089701836
-2.1603648259174193,-0.35834277233721934,1.504921941712042
-2.160031411262288,-0.3583669473787504,1.4953118404486174
-2.159798956150212,-0.35839527575362257,1.4877712174567332
-2.159634574082886,-0.3584174920217868,1.4819499716338485
-2.159789152755849,-0.3584141355033088,1.4848891240515996
-2.1600539539695367,-0.3583838321476218,1.4949621749735762
-2.160370296896532,-0.35834276318233976,1.5029626599362527
-2.1605292252700203,-0.35832321633357705,1.5074148647953605
-2.160262717072152,-0.35833242834882884,1.5018938796170749
-2.159943163570107,-0.35836145512774314,1.492280409333769
-2.1597229487786627,-0.3583891485817246,1.4850421108589624
-2.1596424167012094,-0.35840449755054105,1.4812069311495513
-2.1597925787465426,-0.35840146574928483,1.4869173496306023
-2.1601268826098226,-0.3583579839451904,1.496732657517627
-2.1604029683167956,-0.35832311856466065,1.503745927497748
-2.1604456081179313,-0.35831284328688023,1.5059764300429521
-2.160129917288847,-0.3583244405991562,1.4982684253785319
-2.159849543334437,-0.35835716764806863,1.4893927310709392
-2.1596433295034783,-0.3583838341492196,1.4825055417876871
-2.1596564043815816,-0.3583914466426154,1.4810665904741211
-2.1598072679735245,-0.35838517963539884,1.4894554176656554
-2.1601891923769303,-0.358333900104964,1.4984530342827638
-2.1604274940403907,-0.35830461004259256,1.5045395192178197
-2.160314153741572,-0.35830569148072083,1.5031245143483634
-2.1599749563518484,-0.358326669445317,1.4937305780841916
-2.1597269130919168,-0.35835703011416203,1.4857690809858837
-2.159532880487969,-0.35838283897727274,1.4791762997163098
-2.159678435314304,-0.3583797122000475,1.4817929196433748
-2.1599158079233622,-0.35835452006098073,1.4920654301120893
-2.1602489357602086,-0.35831060330751735,1.5003280756815323
-2.16042028941244,-0.3582892206694413,1.5050474448062354
-2.1601538063219237,-0.3582983886531265,1.499553753251903
-2.1598334979313565,-0.358328053817097,1.4899094196406257
-2.1596101133411927,-0.35835658005401305,1.4825728388785515
-2.1595280949821083,-0.3583724473280741,1.4786721528541147
-2.159669987557732,-0.3583698175102777,1.4850227817131725
-2.160040494651973,-0.35831870992197135,1.4949955672005337
-2.160317037884455,-0.3582834798272722,1.5020625939148178
-2.1602508019564577,-0.35828080186567557,1.5018062190130135
-2.1599162501994327,-0.3583021373781976,1.492670697384756
-2.1596552411804777,-0.3583341499033221,1.484372828620698
-2.1594534750633287,-0.3583611624541082,1.4775690304789701
-2.159599479918669,-0.35835804113761766,1.4805200638114242
