0.6560412397797826,1.673377139385795,1.6221502910903034
0.6557410453253342,1.6734214554819782,1.5836682672111013
0.6554166978626625,1.673410038352336,1.580267450844038
0.654911543951339,1.6733829907128641,1.5750123497575788
0.6543592463765632,1.6733161535130217,1.5572487314298389
0.6544821845326794,1.6733163379682583,1.5601322515254574
0.6543266284284455,1.6733052530428738,1.5560223348956685
0.6542765906097132,1.673296172158639,1.553994387155579
0.6542620485018011,1.6732914677853479,1.552813989816381
0.6542586843727516,1.6732903256322134,1.552970964108632
0.6542576408839943,1.6732893738078238,1.5527764102302706
0.6542571617007222,1.6732887834393095,1.5526733006753939
0.6542567970663539,1.6732883602751742,1.5526125040758325
0.6542564397816863,1.6732880135130355,1.5525709433546437
0.6542560716987998,1.6732877009010922,1.5525380235733601
0.6542556949642002,1.6732874032341685,1.5525089898575926
0.6542553137039204,1.6732871118265653,1.5524817072357031
0.6542549307514512,1.6732868227541373,1.552455216046427
0.6542545476848798,1.6732865342448322,1.5524290846452842
0.6542541653101355,1.6732862454982917,1.5524031188196905
0.6542537840220383,1.673285956152584,1.5523772311883357
0.65425340401083,1.6732856660435023,1.5523513824586228
0.6542530253686779,1.6732853750959833,1.552325554990123
0.6542526481417383,1.6732850832751485,1.5522997408935573
0.6542522723548918,1.6732847905642283,1.5522739366714922
0.6542518980232603,1.6732844969546168,1.5522481408047863
0.6542509095039104,1.6732789991618886,1.5490225120661179
0.6542519865055584,1.6732777064120585,1.5487881343298273
0.6542525857153917,1.6732768990752653,1.5486757086849128
0.6542528704962829,1.673276304439852,1.548613736097464
0.6542529906228656,1.6732758055036678,1.5485744471505178
0.6542530313069814,1.6732753584298043,1.5485498133803415
0.6542530070629876,1.6732749360664114,1.5485295258968113
0.654252975866767,1.6732745127935276,1.5485085746286773
0.6542529459921435,1.6732740892690898,1.5484878046478625
0.6542529178248204,1.6732736651310491,1.5484671314981173
0.6539741775060649,1.6729421208632496,1.3548660085944662
0.6540309358473672,1.672887080336992,1.3285374877759237
0.654562381695782,1.672843327436206,1.3336946760017923
0.6548324384218241,1.6727453423860907,1.3228928633719808
0.6548787862888665,1.6727251687929257,1.321051125486828
0.6543654112915916,1.6728896574239356,1.3285746918205183
0.6549951878857406,1.6727137195762634,1.3201143909042141
0.6543511739129647,1.672894509166327,1.3251465894716927
0.6548351787388407,1.672777464914265,1.324316056011171
0.6546974990333339,1.6727838184756838,1.319429885073246
0.6545422892839178,1.6728823924819596,1.3318292490505514
0.6548891868124865,1.6727562653266113,1.321011574215521
0.6543666681621141,1.6729384061411894,1.333939933868971
0.6549073781210067,1.672794687890967,1.3255473488166478
0.6543158416888313,1.6729215690932577,1.3227348216671948
0.6547548731956047,1.6728778816312748,1.332359424461997
0.6545402609162672,1.6728778377541293,1.3209191862627359
0.6544945216168749,1.6729542913605544,1.3309601967411004
0.6547479974599878,1.6728461678604218,1.3200048688034371
0.654273411439532,1.6730129341573075,1.328168889934065
0.6548981677447349,1.6728382699823714,1.319559801142703
0.6542551530448429,1.6730194890946064,1.3246074936268597
0.6547382569216011,1.6729023583360183,1.3237354090859779
0.6546007188027159,1.6729087588995024,1.3188560758881656
0.6544455445231374,1.6730075596847709,1.3312725782575978
0.6539966563662934,1.672776295851053,1.1406358869280802
0.6536746768960509,1.6728015960855993,1.0975854564837
0.6536189146406054,1.6723460818432905,0.9181147637854689
0.65274638659782,1.672577039982811,0.6904849507554972
0.652142481657859,1.6726896295347848,0.46942241571357196
0.6518249586499177,1.6728402129329283,0.2947289293767358
0.6518670617648493,1.672684260857846,0.09246377988021301
0.651482356988941,1.67228982769711,-0.10925941560246068
0.6509305663096312,1.6721850481452365,-0.3301743357282705
0.6505224389974845,1.6726342974940305,-0.513918672553776
0.6502098396010252,1.6729670936485965,-0.7128931969119039
0.6501216056190936,1.6728474350035936,-0.6911064050724524
0.6502020598019332,1.6733431744018565,-0.8657554617161947
0.6499896442713446,1.67311989402808,-0.8469221628352812
0.6498313966596077,1.6732366784888768,-1.0262623361773435
0.6494993137137002,1.6731619661282502,-1.025729518214565
0.6496145944530088,1.6732364440648442,-1.0281540436164294
0.6495168596502613,1.6731774509943644,-1.0230600892148038
0.6495920076859909,1.6732203906963816,-1.0220642074673683
0.649758611917102,1.673314944623639,-1.0178831619144726
0.6496308352905015,1.6732236099866775,-1.0108076132664352
0.6493265741303236,1.6735204913585917,-1.2124189798853806
0.650860937992499,1.6740391955051876,-1.242258323712767
0.6512306225009826,1.6741083804013064,-1.2319365151547323
0.6510170292776447,1.6740414027562451,-1.2274019928173392
0.6510273439649388,1.6741004112612166,-1.2334312811752706
0.6510739171562349,1.6741561766654376,-1.2418189626938312
0.6510722749202964,1.674171672781058,-1.2485611640035985
0.6512401446658584,1.6742236755161075,-1.252125075359525
0.6513496360895533,1.6742624736456568,-1.2510161643615771
0.6514619986228002,1.6743019142525253,-1.249616834506637
0.6512497563292481,1.6743087416283458,-1.4319306759284558
0.6507646106057137,1.6747517749707481,-1.6223113996584302
0.6512792290385806,1.6747045905367364,-1.6195091024700328
0.6511495972293903,1.6747007662777036,-1.6172324331370451
0.6510768585045279,1.6746977218944652,-1.6157309788904157
0.6513191696840868,1.6749217789907893,-1.8016600476957585
0.6508835752646672,1.6754969905223762,-2.005794122547572
0.6516998933760015,1.6754777783503785,-2.2171112478490254
0.6520036611247677,1.6757833437312735,-2.40045794783978
0.6528793496360933,1.6750310599571776,-2.600117927974563
0.6529962326994594,1.6747765871794444,-2.616986225984923
0.6530456472666818,1.674930207491343,-2.6267555345568834
0.652978807788329,1.6752712926476596,-2.6515829856312494
0.6529101530417188,1.6754786451922443,-2.662099035841519
0.6529084312046802,1.6754751718867849,-2.661234135864076
0.6529029497661184,1.6754794585422672,-2.6606703542025163
0.6528963361313849,1.6754858912599866,-2.660209253796189
0.6528854105687509,1.6755007182178836,-2.6601575330348006
0.6528772518278992,1.6755109547726115,-2.659888847669589
0.6528689689943507,1.6755212882002575,-2.6596326232052134
0.652860678433885,1.6755315366684636,-2.6593784404681062
0.6528522430332769,1.675542055967899,-2.659136045868604
0.6528441753445474,1.6755520778456365,-2.6588692123256608
0.652836100033902,1.675561927637215,-2.6585982284052743
0.6528279406262709,1.6755718683012464,-2.658332132754994
0.6528197715786415,1.67558185927251,-2.6580661570947393
0.6528115919715395,1.6755917748039968,-2.657802220070942
0.6528035437877806,1.675601607284734,-2.6575284640168673
0.6527954315413583,1.675611408636334,-2.657256966943258
0.6527874118010651,1.67562102383903,-2.6569783875579844
0.6527792989388862,1.6756307670480228,-2.6567047595591955
0.6527713379679506,1.6756402693426256,-2.656421201879482
0.6527633816921155,1.67564968176799,-2.656134139069307
0.6527553419134701,1.6756592457965205,-2.65585423752102
0.6527474210340382,1.6756685596876757,-2.6555636709024686
0.6527394940282989,1.6756778498171976,-2.6552723501590836
0.6527315787887457,1.6756870938657822,-2.6549794154886177
0.6527236677346535,1.6756963065819772,-2.654685628733616
0.6527157512389085,1.6757055092465956,-2.6543919934422364
0.6527078264301831,1.6757147100986787,-2.6540989395522345
0.652699891639513,1.6757239140135793,-2.653806724684422
0.6526919458992259,1.6757331238800544,-2.6535155018188905
0.6526839886554783,1.675742341405736,-2.653225360681666
0.6526760196003516,1.675751567593236,-2.6529363528705145
0.6526680385726693,1.6757608030233606,-2.6526485070425885
0.6526600454989923,1.6757700480242494,-2.652361838072086
0.6526357056138589,1.675821992639478,-2.650109765335644
0.6525245572463578,1.6760586388233836,-2.650215309580635
0.6524270708901552,1.6764152706413828,-2.671161539488493
0.6525903268530484,1.6761046571704656,-2.67054702549894
0.6527564545617851,1.6757991304722233,-2.6809599526204893
0.6526740578779534,1.6760671729368828,-2.6850868368407577
0.652850574358645,1.6756715211556532,-2.6834114981661092
0.6529107505840455,1.6756164164787222,-2.6854868047152576
0.652933438907835,1.6755886758271474,-2.6842887849762325
0.6529560906027552,1.675559136184637,-2.682377632906372
0.6529778922189963,1.6755302973840973,-2.6801848456239665
0.6529987444001363,1.6755032786539796,-2.677876785130602
0.6530201641093039,1.675476246922882,-2.6754420567694512
0.6531311995723263,1.6751382624460252,-2.6598079217894135
0.6529959747515591,1.6752990779803756,-2.6541085660639987
0.6531172753962694,1.6751957408168325,-2.6559593300723474
0.6531498305201702,1.6751699414895138,-2.6636594214557965
0.6532445222811816,1.6750359457464044,-2.673376780053275
0.6532047957522401,1.6751333789584446,-2.6760541531554267
0.6531683453095618,1.6752160949598651,-2.6777084970993923
0.6532397203543985,1.675003361735966,-2.6767164957790173
0.6531754758325864,1.6751280951176015,-2.682084075170678
0.6531511001697435,1.6751853514927986,-2.6829920884143523
0.6531344048116573,1.6752097064910378,-2.6820233945055323
0.6531205012650457,1.6752234198812817,-2.680310438032744
0.6531075606556419,1.6752340558254357,-2.6782921595586027
0.6530955078432569,1.6752421575685765,-2.676102048764297
0.6530839722166104,1.6752487684504738,-2.67381895931071
0.6530727039317107,1.6752545502357976,-2.671487595481876
0.6530615373108625,1.6752599189307664,-2.6691337608666434
0.6532582960329529,1.6748825589461822,-2.6805152571818875
0.6532665171932334,1.6748909849045943,-2.686443082027242
0.6534068472994534,1.674635013841308,-2.700150072099253
0.6534056071766341,1.6746701376970314,-2.7049625457969326
0.653401457376061,1.6746772727988173,-2.704099279186221
0.653402683554977,1.6746725811410912,-2.7034929765697933
0.6534039669887055,1.674668540857183,-2.7031004362677793
0.653405169419233,1.6746646700182566,-2.7027898646481106
0.6534064450458642,1.6746607393439548,-2.702504509264315
0.6534077308775015,1.6746568385562282,-2.702231921042901
0.6534090190044997,1.6746529527419158,-2.7019651873588875
0.6534103085911668,1.674649074508366,-2.701701756279398
0.6534115991142719,1.6746452008407242,-2.7014406547765595
0.6534128905040534,1.6746413305093115,-2.701181517925167
0.6534141827263816,1.6746374631069325,-2.7009242030399885
0.6534154757531574,1.6746335984654257,-2.7006686471086523
0.6534167695648098,1.6746297365044567,-2.7004148177744787
0.6534180641452925,1.6746258771773195,-2.7001626944007397
0.6534193594801215,1.6746220204503892,-2.6999122608749913
0.6534206555556175,1.6746181662953181,-2.6996635028755733
0.6534219523586103,1.6746143146860595,-2.6994164068328184
0.653423249876322,1.674610465597732,-2.699170959534231
0.6534245480963101,1.674606619006178,-2.6989271479742882
0.6534258470064437,1.6746027748877836,-2.6986849592969038
0.6534271465948815,1.6745989332194042,-2.6984443807733496
0.653428446850063,1.6745950939783238,-2.698205399793458
0.6534297477606927,1.6745912571422334,-2.6979680038619893
0.6534310493157314,1.6745874226892123,-2.697732180596856
0.6534323515043845,1.674583590597711,-2.697497917728166
0.6534336543160943,1.674579760846538,-2.6972652030973783
0.6534349577405275,1.6745759334148465,-2.6970340246566678
0.6534362617675689,1.6745721082821192,-2.6968043704682363
0.6534375663873095,1.6745682854281598,-2.69657622870374
