1.4687304083646304,0.8228857424671285,1.646780142793394
1.4686543606083708,0.8226763140604545,1.5261952126398413
1.4681989191455516,0.822832587004139,1.5816895581262427
1.4673512285352965,0.8228429453252,1.5793353723873387
1.4669919440593224,0.8228224561115969,1.561315381170921
1.4669766525696528,0.8228216951540439,1.560378290759512
1.4669735744436168,0.8228206329799718,1.559174506339408
1.4669769258479624,0.8228211663416162,1.559505573214484
1.4669788410809772,0.8228211555074035,1.559398948404591
1.4669791954410456,0.8228211328154169,1.5593414120545959
1.466979065756314,0.8228211150019306,1.5593085934953523
1.4669787997156256,0.8228211024372896,1.5592873853156517
1.4669785006091778,0.822821093183333,1.5592714405968335
1.466978196282453,0.8228210856964239,1.5592578211477837
1.4669778928348272,0.8228210790771836,1.5592452079845465
1.4669775908297618,0.8228210728628265,1.5592330221522432
1.466977289796671,0.8228210668307484,1.55922101385284
1.4669769892901374,0.8228210608783351,1.559209076762487
1.4669766890373248,0.8228210549596534,1.5591971661208357
1.46697638889439,0.8228210490545786,1.5591852632526042
1.4669760887911205,0.8228210431544353,1.5591733604210518
1.4669757886948165,0.8228210372555277,1.5591614544363432
1.466975488590717,0.8228210313562947,1.5591495439847345
1.4669751884722961,0.822821025456077,1.559137628521322
1.4669748883367089,0.8228210195545942,1.559125707814641
1.466974588182714,0.8228210136517222,1.5591137817602252
1.4669579253195395,0.822818026391011,1.5566958530650057
1.4669473864056866,0.8228174149464951,1.556361172173433
1.4669433591436987,0.822817193613822,1.5562368948144891
1.46694170855515,0.8228171113709847,1.5561855920743803
1.4669409169522882,0.8228170780235603,1.5561591681744464
1.4669404337553325,0.8228170616809629,1.5561410758750718
1.4669400606728509,0.82281705118897,1.5561257146362402
1.4669397266775044,0.8228170426835947,1.5561112209882262
1.466939406458268,0.822817034840105,1.5560969876123816
1.466939091044614,0.8228170272098267,1.556082821911801
1.4665995516131907,0.8226855114693743,1.3684711717092863
1.4663631080638542,0.8223916197468238,1.1457016284976114
1.4657773230285414,0.8221376093882398,0.9549088771605972
1.4654043605890845,0.822044647002463,0.749492730285286
1.464943753374451,0.8220491312467845,0.5300757696044405
1.464783511601715,0.8220706047589059,0.3407417043149955
1.4646985639084034,0.8217145962311487,0.13866399334581547
1.4646224404632933,0.8214000544934399,0.1150870748726643
1.4646964657013715,0.8208470998963345,0.12182248511108229
1.464386063750461,0.8208325526584032,-0.06077155555761627
1.4641423114670198,0.8209841696925114,-0.27728200794766883
1.4640731243314282,0.8211227851594312,-0.28494212334696867
1.4635062649385453,0.8212849496533203,-0.47774798421805403
1.463317171527619,0.8212081311110259,-0.6732797537973494
1.463309797673595,0.8215835377593456,-0.8695646614621946
1.4637869567607689,0.8222214656899927,-1.0628260542468153
1.4637571070700306,0.8223398466046731,-1.088737064699942
1.46441400342032,0.8229728234860837,-1.2433116593796174
1.4638506434537002,0.8233377763034962,-1.4572308935764797
1.4637902498943567,0.8232926034748259,-1.4465270414493656
1.463452219849191,0.8231982922347095,-1.4363970489244444
1.4635259164607721,0.8234816866250029,-1.6108018770790602
1.4638914063026933,0.8235148941513215,-1.6283863568535257
1.4641692226310214,0.8235006381420681,-1.6280158041766564
1.464723104892144,0.823454812754703,-1.620177443650917
1.464775145100343,0.8239559625642184,-1.8186588649705149
1.4653361760016754,0.8241906185716964,-2.020239809117006
1.4650645476515631,0.8242152574579501,-2.033325316384129
1.4649255185945433,0.8242098646592219,-2.022953125855536
1.4645762865382117,0.824782200391065,-2.202737711660913
1.4655518114582806,0.8243081457547814,-2.4187736481092004
1.466168120651112,0.8239561921696068,-2.6222219680174246
1.466628307356624,0.8237200536247448,-2.815887761156152
1.4666609247088047,0.8235041023641505,-2.8401253043899577
1.4665343511571398,0.8236212095938845,-2.817278543970999
1.4667729144933468,0.8242399286576956,-3.0085820046836402
1.4667712995717406,0.8247039622058052,-3.0199335857860192
1.46704696530181,0.8250502053210402,3.091823066319804
1.4672712666341499,0.8243982564516394,2.900688959198098
1.4672432086398866,0.8238752673264683,2.85282745514328
1.4671891646255968,0.8234204122765157,2.8345964473565624
1.4671293822592926,0.8233462567608743,2.860161031108152
1.4671788114309594,0.822855939377092,2.656591631527894
1.46739378959994,0.82248314771825,2.465252100343435
1.4670824720206106,0.8216471300984823,2.2836026100751856
1.467077189565295,0.82165061474047,2.2774262888250645
1.4673467049910203,0.8218978543971981,2.293564549152808
1.4669553790865877,0.8212352642154078,2.0890703622494873
1.4667080709862546,0.8211446029196058,2.08929465131778
1.4666615235593106,0.8211839885772705,2.1010033680796902
1.4664832435368211,0.8211686281504654,2.106190328358127
1.4659480574484958,0.8210180254220069,2.102008009244832
1.466126030113372,0.8211491366389125,2.10266775362367
1.4663457266778286,0.8209902206067576,1.915684460908988
1.4653615225660679,0.8206878647270046,1.8936051085736165
1.4649395776950824,0.8205613469272021,1.9041762277202208
1.464802067509638,0.8201414690076172,1.7112052600278798
1.464134178694898,0.8200295183752002,1.7021622097109732
1.4641747830742138,0.8200178995060649,1.674830264162303
1.4640943363188144,0.8197086549805251,1.498604231038937
1.4639535476939822,0.819165199531435,1.2982573877885093
1.4640746420935278,0.8184896025054673,1.0941347922937092
1.4644455359902864,0.8184149529165484,1.1253228904819046
1.464827825846013,0.8182511333030228,1.136954301751067
1.4648831789255696,0.8182215633324836,1.1365324990066725
1.4649336889750562,0.8181904514775961,1.1364246893718324
1.4650278415325853,0.8181505334810847,1.1410994369694647
1.4647564527294323,0.8181218663675784,0.9974282646200935
1.4641888162877328,0.8185432879027009,1.029137538588868
1.4630011178530973,0.8188896501712019,0.8534203088545725
1.4627326159187442,0.8189792306090253,0.8157668685575213
1.462807774290125,0.8183329857423192,0.6443587556209249
1.4618413065393194,0.819677187227408,0.6125723453699601
1.4615424530821048,0.8203507181373968,0.637952524270709
1.4608789593534128,0.8207398834413636,0.46292447576591933
1.461077746760728,0.8198757756463013,0.42191494061974677
1.4605637320015497,0.820296126638802,0.21305830449377366
1.460535546598053,0.8204277357761918,0.23264974320898146
1.460455652917615,0.8209401952754906,0.2389872302376632
1.459927793304395,0.8212607295435406,0.04020152965593405
1.459914142956021,0.8208542239383814,0.02638950180136869
1.4597557722838146,0.8210516576679914,-0.14832950444074394
1.459062073999344,0.8210736157521483,-0.3603801258409912
1.4587429113545305,0.821716061628356,-0.55072823811565
1.4584236950149823,0.821889237335554,-0.7327467833261908
1.4580415616088025,0.821506168793863,-0.7305805231661049
1.4573089921890299,0.8212668829476872,-0.9101659597543306
1.457445911685845,0.8217776084135653,-1.098252943622868
1.4576645310957532,0.8218126329607446,-1.103611790599802
1.4585077479557809,0.8221445037618242,-1.114844469675642
1.4582551833773902,0.8219772254182532,-1.1217971070876398
1.4586955464433902,0.8220833646683999,-1.1032922351514176
1.459227921112386,0.8228975469971003,-1.3064426521019765
1.460276052443517,0.8229339393276799,-1.3090443491313617
1.4609676388071828,0.8230997774955681,-1.3266985017368673
1.4610633051151813,0.8231401055849816,-1.330622448637819
1.4610159760985764,0.823132853781009,-1.331006703589563
1.4610083193140078,0.8231354433700327,-1.3320414720340976
1.4609929312715564,0.8231375897703832,-1.332388246825149
1.4609834483988735,0.8231401415720034,-1.3322288637907205
1.4609771443168862,0.8231429396726259,-1.331835320811813
1.4609721508706888,0.8231457914266697,-1.3313250084669441
1.460967653200208,0.8231486285224362,-1.330755394514075
1.4609633050698285,0.8231514335630529,-1.3301552491845927
1.4609589660922464,0.8231542073611907,-1.3295391040639404
1.4604291050995208,0.823348623429583,-1.5079246564078055
1.4609193710822506,0.8233916722936501,-1.5107023636880954
1.4614952237708403,0.8233746837539936,-1.4871278359137439
1.4615172507996859,0.8236699551795917,-1.6597597498694883
1.4603172119341057,0.8237842037253426,-1.6670844601153876
1.4596694669956074,0.8238477203069887,-1.6765733957829578
1.4595235270279152,0.8238589646038257,-1.6705516567595304
1.4599944247563632,0.8238166367927571,-1.6772178207829826
1.460138386260634,0.8238142585428917,-1.6789855072911795
1.4601324201248351,0.823813468486885,-1.6764634042044289
1.4601131799682099,0.8238085309756447,-1.6727607830811542
1.4596812681168103,0.8238533333193089,-1.6684398763887518
1.459659162524475,0.8238496214542486,-1.6670100381841437
1.4596575706249912,0.8238463664725096,-1.666161352914729
1.459672956472536,0.8238435361144685,-1.6658239959292622
1.4596905384449448,0.8238407394000039,-1.6655142711128144
1.4597084318445315,0.8238378774257499,-1.665196715888763
1.4597264476514809,0.8238349910090567,-1.6648759051269484
1.4597444840522957,0.8238321022621372,-1.6645543584774236
1.4597624852721522,0.8238292232387723,-1.6642334586614067
1.459780420827881,0.823826360474725,-1.6639139633044768
1.4597982741431426,0.8238235174764706,-1.6635962860338578
1.459816036293677,0.8238206960866917,-1.663280651019849
1.4598337025688124,0.8238178972339157,-1.6629671779952706
1.4598512705804145,0.8238151213442071,-1.6626559290474536
1.4598687392225427,0.8238123685673308,-1.6623469343790969
1.4598861080989896,0.823809638901027,-1.6620402064958713
1.4599033772081202,0.8238069322593258,-1.6617357480223507
1.4599205467693228,0.8238042485101126,-1.661433556010976
1.4599376171273266,0.8238015874958056,-1.6611336243195747
1.4599545886993968,0.8237989490447494,-1.6608359449259327
1.4599714619461028,0.8237963329775083,-1.660540508656079
1.4599882373550883,0.823793739110354,-1.6602473055905402
1.4600049154319579,0.8237911672572144,-1.6599563252925844
1.4599353767786496,0.8237988293158883,-1.6581562683868745
1.4597401458732935,0.8238170114793453,-1.6532383229409366
1.4597454120140767,0.8241557800457646,-1.824963801546097
1.4597040414776932,0.824647102385679,-2.028487771420924
1.4595967844327384,0.8246109681950196,-2.0437052948541328
1.4593950982618165,0.8246259522694072,-2.0173625112753073
1.4594707469698374,0.8245793470760733,-2.019784656572605
1.4594650674849146,0.8245688621833609,-2.0183785207018445
1.4593828370559274,0.824591801647375,-2.0131359903998876
1.459282963470215,0.8246212559770183,-2.006936612136154
1.4592657625827126,0.8246154346387805,-2.004440621186548
1.4592921432311003,0.8245919794372031,-2.003903492027803
1.4593241021320555,0.8245666646185114,-2.0035813501768565
1.4593544370236966,0.8245421178215111,-2.00318000963888
1.4593840520272137,0.8245179265497127,-2.002749337021148
1.4594133407211236,0.824493911942737,-2.0023084567894847
1.45951770268383,0.824432690081575,-1.9984336660923763
1.4595095762355133,0.8244789848204075,-2.0012987722241924
1.4596750850052453,0.8243676524719737,-1.995494572326967
1.4596729534402633,0.8243677682479764,-1.9974473385777014
1.4597323048334896,0.8243316472539577,-1.9963119666570022
1.4597553810411381,0.8243109976650198,-1.996276802612627
1.4597815038800621,0.8242891089797821,-1.996022498613748
1.4598087238279494,0.824266779950248,-1.9956931638185698
1.459836311399858,0.8242443194090817,-1.9953397116077827
1.4598640121656998,0.8242218348848985,-1.9949792633109202
