1.6323660959827346,1.392218483152245,1.622439848224254
1.6324505048503672,1.392249304242878,1.579349842596202
1.632384491483022,1.392270893819791,1.5827030301940568
1.6324736371163164,1.3922753424809937,1.5825075648788027
1.6325925455584334,1.3922811840487979,1.5857535161309664
1.6327591046069307,1.3922867791066813,1.59093404959923
1.6329433238641444,1.392278287961421,1.5994245461731864
1.6328547622826195,1.3922660409249679,1.5951619203084444
1.6328227959329442,1.3922637120402062,1.5956171508005226
1.6328115729268156,1.3922612142950619,1.5946648172173064
1.632808948850067,1.3922612948236401,1.5953127818928656
1.6328070532373125,1.392259796690189,1.5946127385885074
1.6328080311148923,1.3922602594482607,1.595359368159635
1.6328074590213446,1.392258899367102,1.5946962039408055
1.632808941430035,1.3922594121680112,1.5954574266279287
1.6328085577687017,1.3922580673451979,1.5947999294131905
1.6328101085769586,1.3922585831013985,1.595563679365612
1.6328097539884765,1.3922572361172352,1.5949073778133576
1.6328113119292553,1.3922577481049607,1.5956719266296033
1.6328109640429678,1.392256396425973,1.5950161819945752
1.6328125204598753,1.3922569036276615,1.595781286168086
1.6328121761368846,1.3922555468266564,1.5951260126117623
1.6328137297671772,1.3922560490334523,1.5958916440377522
1.6328133885745015,1.3922546869815025,1.5952368365473397
1.6328120969087725,1.392254017900661,1.5951913649832732
1.6328148244266278,1.3922546684273633,1.5960165784705436
1.6328243086828194,1.3922603350564626,1.6006392515983583
1.6328342665407456,1.3922612404914443,1.6015179970784887
1.6328377200792767,1.3922611428292428,1.6019447811834058
1.6328390460351005,1.3922606698082742,1.6021797144517187
1.6328397223085784,1.3922600546774102,1.6023321415089102
1.6328402239851156,1.3922593842577735,1.6024488812458677
1.6328406875756556,1.3922586903721252,1.6025501996277687
1.6328411515841255,1.392257984936422,1.6026449218105738
1.6328416225371412,1.3922572723958437,1.6027369775085405
1.632842099042159,1.3922565543754277,1.6028281487016125
1.632518671797146,1.392072989250782,1.4371780292416338
1.6321786880346478,1.3916101946566535,1.2297155242417335
1.631501052173367,1.391806494106224,1.0282994142229593
1.6319051079807467,1.3907067350662188,0.850260089664264
1.6320633526200083,1.3900118375089199,0.668087667560243
1.6321208620615242,1.389894099947521,0.6706055103737311
1.632229962799653,1.3896749761041363,0.6767895699492918
1.632526953737072,1.3892713660769007,0.682847793735175
1.632512648638792,1.3891798846007768,0.6666044278379334
1.6325566758330787,1.389133738437317,0.670782869836996
1.632570965905838,1.388577821482433,0.5046663119175486
1.6319063158365341,1.3889813422243076,0.3043779333637818
1.6315919588466095,1.3889094761621041,0.12304802265274163
1.6316146286282702,1.3889306097862093,0.1245221497047069
1.6313404261303517,1.3887601114447325,-0.0563136485822117
1.6313308735027185,1.3892837299669683,-0.07221063151056188
1.6313679736269064,1.3903091513447632,-0.07711108944653301
1.6314133095301664,1.3905370857137682,-0.07038984599470838
1.631047151748702,1.390746044615723,-0.2472644868697101
1.6310272260296723,1.3905797228285262,-0.2569547148460124
1.631032573323092,1.3905615706762664,-0.2910232907162652
1.6310953539040194,1.3909666079186296,-0.3015341079149757
1.631119517125148,1.3908142290784469,-0.2904486521678805
1.6311428553157927,1.390765589236184,-0.28033723435721464
1.6313901658111838,1.3915317388260342,-0.27589823761467325
1.6312410094814724,1.3910331084165815,-0.27752168742487077
1.6312068411129073,1.3912242242606565,-0.4728925072709511
1.6320124796070408,1.3923518115549576,-0.4726660298121338
1.631714765932669,1.3927002490817817,-0.6491416835026355
1.6316315605155058,1.3932412981793783,-0.8657247752792764
1.632317528773109,1.3937429786018074,-1.0500042533031084
1.6319760590422492,1.3937665673827562,-1.2394812782337647
1.6321459485311802,1.3937507294062026,-1.4305716047095818
1.6316969456391066,1.3940735831409123,-1.621659131328127
1.6320111293944075,1.3943525363826446,-1.826206118937241
1.63166937903195,1.394478382161478,-1.8338532330318056
1.6322999939578786,1.3945749040331672,-2.033610600280001
1.6327493029746019,1.3947321002337612,-2.238779758710983
1.6325179190521306,1.3950511635635288,-2.27380846208084
1.6326222079945159,1.395446036500078,-2.4500862440533466
1.6329186447074062,1.3951363248041235,-2.4673307535215248
1.6328829085510015,1.3951412985059504,-2.461458688437899
1.6329825019912898,1.3948776968965984,-2.4509216687579722
1.633338046398915,1.394392864623489,-2.4444650221154864
1.6332018886966537,1.394561641936056,-2.445283735955703
1.633186493673024,1.3945851751364877,-2.446484284338579
1.6331310549308402,1.394658556665727,-2.448158649468158
1.6330568124683131,1.3947575837398427,-2.450374607072394
1.6332414338667596,1.3944968728550664,-2.4364648345769306
1.6331780202877522,1.3945787213713203,-2.4371160607599456
1.6331641564419872,1.394588674141238,-2.4348986555739214
1.6329899301085948,1.3948083004632486,-2.441878975424467
1.6329800046366443,1.3948285449768247,-2.4429907330992817
1.6333356332152635,1.394896594098654,-2.622860269787711
1.6334534493883726,1.3950043671661767,-2.646842045231758
1.633601871932264,1.3948645225088987,-2.6415272664080063
1.6337515564735117,1.3943136955689197,-2.633133034305825
1.6339112904065947,1.3945333211737792,-2.8461050948739812
1.6345747744846248,1.3947873368744765,-3.0501204726734423
1.634654881725163,1.3951539750855642,-3.030497299374813
1.6346972222961738,1.394638670597165,-3.0250755430459693
1.6346967518546698,1.3950245092731481,-3.0260642450748496
1.6347170076273172,1.395054018145558,3.0704641294141775
1.6351169908062362,1.3950123216391295,2.8657942216773122
1.6351243649383618,1.3951238232939918,2.854549140418123
1.635044385478177,1.395081670491895,2.861128683070342
1.634880114627798,1.3945421745895796,2.8735216672396002
1.6348913740671598,1.394664346549871,2.8721312986684997
1.6349636672697303,1.394915998872749,2.885327155786549
1.6349835846245655,1.394861292927317,2.883293181061916
1.6350480800925495,1.3949688054338656,2.884011285211081
1.6351154093607339,1.3950999677847549,2.8860722539717867
1.6351678990977687,1.3953757010650987,2.8953315666530677
1.6351281120322978,1.3951290367130933,2.8953699477439097
1.635190999555205,1.3952141827354705,2.896151771268693
1.6352385380882803,1.395411797089321,2.903240014310247
1.635255522263918,1.3956107364570118,2.9145743853239807
1.6353072578865684,1.3946390882531003,2.7556269486327793
1.6354924556586055,1.3939689039698784,2.531825142997147
1.635663134457168,1.3942435052441557,2.5391824182305682
1.6358012952540522,1.3939123051393103,2.3409934184046226
1.6355360717693694,1.3931856904265394,2.123747056423901
1.6355750762040973,1.3924547615496266,1.9456060426548423
1.6359401181221793,1.3927437284542734,1.9723281547087042
1.6362936828970496,1.392904982929407,1.968929746104668
1.636230031618911,1.3928971271844734,1.97040423796603
1.6363213443169287,1.392940994517234,1.9733453354570905
1.6364092753879362,1.392983944206293,1.976354604192901
1.6367089903641514,1.3924988621754064,1.798964893512835
1.6364005384020681,1.3916771117401294,1.601215729934763
1.6365999479325672,1.3915950592710276,1.5841233463453606
1.6367673931662352,1.3915553708696295,1.569886136473833
1.636496874680583,1.3915444843964633,1.5587307928595182
1.6364547628481112,1.391149097378641,1.374861150208804
1.636241160309502,1.3911260127629335,1.3573854614299177
1.6367603885675595,1.391066617293217,1.3474630157534944
1.6370935282230763,1.3909843067511565,1.348545615125029
1.6370036262535073,1.3910067653907858,1.3489414207537227
1.6368547408675262,1.3910315364770607,1.3560147976278016
1.6370719222688694,1.3909660700927842,1.353374318712138
1.6372148519448988,1.3910070066521307,1.365722544975596
1.6375469280995385,1.3909576500782455,1.373806159887529
1.637565754454427,1.3909628540233951,1.3831389321455958
1.6374666651675447,1.3909892872041556,1.3861276651041088
1.6370189047938315,1.3905925003893969,1.1997529155324833
1.6362922745639825,1.3903921224936144,0.9660057614028102
1.6361234239376528,1.3906137950277588,0.9686850807790236
1.6364371253643284,1.3898411370767803,0.8041832719704171
1.6365000424441059,1.389645382250971,0.7854369077063691
1.6364810838702366,1.3896857074973579,0.7963555026607076
1.636457965195445,1.3897150109484597,0.7986122117341723
1.6364035837727575,1.3897720676563545,0.8005788038299265
1.6363272204799437,1.3898500598665626,0.8020273169398776
1.6361519224250023,1.390008166036539,0.7979579474478616
1.6361095448322582,1.3900493266944487,0.7989960834416192
1.6360341284657753,1.3901185945591898,0.7980181713447414
1.6358645970277306,1.390288775860593,0.8034486323763258
1.6356853583297823,1.3904909674182826,0.8166398834014077
1.6356351047891962,1.390530344663831,0.81370530269143
1.635581067582053,1.390583430770421,0.8130284585327578
1.635571238897233,1.390590078209783,0.8118551652320404
1.6355051058662757,1.3906421574187249,0.8071985954765728
1.6354451634595566,1.390693534997627,0.8047318566164291
1.6354166726287327,1.390725064602645,0.805739945218269
1.6353709327577621,1.3907729641716209,0.8068812826924514
1.6353164205420632,1.390829694547404,0.8082435148505956
1.635254574936035,1.3908938924516827,0.8098461400584214
1.6351980758670486,1.390946712077908,0.8112582455017663
1.6351797861130728,1.3909637118316283,0.8117909198730869
1.6351727567881607,1.3909705207605711,0.812004523690135
1.6351725778213355,1.3909711157856355,0.8119813838320934
1.635174712431104,1.3909692682450219,0.8118768679478039
1.63517791753519,1.390966236436186,0.8117305747549858
1.6351817053313435,1.3909625544384288,0.8115590970221926
1.6351858105434507,1.3909585145762164,0.8113725759917392
1.6351900888930535,1.3909542772799421,0.8111771579348578
1.635194461896702,1.3909499307853364,0.8109765442624469
1.6351988868272305,1.3909455237292874,0.8107729520356066
1.6352033403943922,1.3909410829812014,0.8105677030864166
1.6352078098828131,1.3909366234181608,0.8103615823421751
1.635212288337835,1.3909321532955043,0.8101550542609229
1.6352167719479065,1.3909276772041155,0.8099483927998837
1.6346185833397995,1.3910957832979036,0.6512173854934995
1.6347852497294957,1.3909056107514102,0.6822525088585712
1.6345189387212016,1.390780219872224,0.5163635473267385
1.6350629687212381,1.3897882035916962,0.5267951180245881
1.6352871111329033,1.3891798433868063,0.5129740362187118
1.63531573171009,1.389040093011451,0.5110326107424052
1.6351884110345496,1.3891586425442848,0.508564331888536
1.6351191143192991,1.3892167517409582,0.5095306635720981
1.6350644667045897,1.3892386224184152,0.5126562850967588
1.6348948256579137,1.3895005785003818,0.5073237834161621
1.6347389968929642,1.3897776940760873,0.5008630838229432
1.6345209237923228,1.3901855971628465,0.4938555747664596
1.6347506414387234,1.3897774453742537,0.5129778257535949
1.634899461324799,1.3895844506132495,0.5249627362612456
1.6347423336958473,1.3898250553820093,0.5155399853021411
1.6349345977168457,1.3895396130277304,0.5256801262490032
1.6347742881803524,1.389779377434104,0.5143808819203338
1.6349592901926904,1.38949285110038,0.524392811364321
1.6348013081472283,1.3897402792951068,0.5128859101838033
1.6349406477949986,1.3895198396098785,0.5200994593888899
1.6348697228158113,1.3896385997546061,0.5139642244612695
1.6349251821386512,1.389542757736845,0.5159609265610732
1.634936464586581,1.3895391548668756,0.5149433827764042
