-0.828067598987932,0.8229429755152098,1.6405989687732265
-0.8277824415424755,0.8227894413658173,1.5292579499603223
-0.827477981911004,0.8228878698181341,1.5713127566987855
-0.8266402427111057,0.8228992152405096,1.5713265517081114
-0.8262227100874185,0.8228880974393996,1.5777767030839738
-0.8262404116676165,0.8228847141939135,1.574469424969223
-0.8262505513787134,0.8228839088627449,1.5734706691251916
-0.8262454627442918,0.822884797250245,1.5742402076810194
-0.8262426823718283,0.8228849591893188,1.5743231558857749
-0.8262339835672146,0.8228851191031304,1.573973791679347
-0.8262365992197771,0.8228853243070996,1.5745059378852555
-0.8262305552553771,0.8228852944561412,1.5740831925546288
-0.8262342479677857,0.8228854212481118,1.5745847703758404
-0.8262286359918735,0.8228853601264928,1.5741494544020673
-0.8262325031463505,0.8228854737719166,1.574645815955862
-0.826226960828534,0.8228854076174142,1.5742083776316331
-0.8262308553550921,0.8228855189188211,1.5747038655218166
-0.8262253237291771,0.8228854520687077,1.5742660971210083
-0.8262292217542353,0.8228855628104446,1.574761457540848
-0.8262236912743336,0.8228854959778019,1.5743236667354323
-0.8262204887755248,0.8228856891621562,1.5744183032497392
-0.826218704245829,0.8228857806420998,1.5744746055422438
-0.8262174932869362,0.822885830558165,1.5745148946213203
-0.8262165141624038,0.8228858635237707,1.5745485586199912
-0.826215628531351,0.8228858895721409,1.5745794854403037
-0.8262147804068849,0.8228859127937731,1.5746092869288757
-0.8262210490649269,0.8228858506263513,1.575039351813537
-0.8262235711552453,0.822885628828127,1.5749746562589615
-0.8262241070431589,0.8228855501918454,1.574964497097291
-0.8262238365651077,0.8228855301703208,1.5749771639179075
-0.8262232396710001,0.8228855340246498,1.5749993053863618
-0.8262225107624436,0.822885547580927,1.5750253828721192
-0.826221728399523,0.8228855650664594,1.5750531012545024
-0.8262209242733338,0.8228855841327414,1.5750815097353579
-0.8262201111473536,0.8228856038250039,1.575110214409832
-0.8262192941535765,0.822885623755189,1.575139052060396
-0.8262184753517774,0.8228856437653381,1.5751679548763053
-0.82621765556159,0.8228856637883215,1.5751968907649299
-0.8262168351097521,0.8228856837989298,1.575225849596651
-0.8262160141303494,0.8228857037869818,1.5752548280802667
-0.8262151926779333,0.822885723747854,1.5752838248407177
-0.8262143707746782,0.8228857436792119,1.5753128393207763
-0.8262135484296018,0.8228857635796522,1.5753418713013625
-0.8262127256463787,0.8228857834481481,1.5753709207032016
-0.8262119024265213,0.8228858032838241,1.575399987504999
-0.8262110787706602,0.8228858230858628,1.5754290717093238
-0.8262102546790763,0.8228858428534674,1.5754581733288018
-0.8262094301519008,0.8228858625858464,1.575487292380095
-0.8262086051892137,0.8228858822822073,1.575516428881765
-0.8262077797910709,0.8228859019417544,1.5755455828530718
-0.8262069539575198,0.8228859215636871,1.575574754313721
-0.8262061276886037,0.8228859411472,1.5756039432835216
-0.8262053009843642,0.8228859606914826,1.5756331497824854
-0.8262044738448481,0.8228859801957188,1.5756623738307356
-0.8262036462700991,0.8228859996590874,1.5756916154485106
-0.826202818260164,0.8228860190807615,1.5757208746561222
-0.8262019898150871,0.8228860384599097,1.5757501514740178
-0.8262011609349164,0.8228860577956947,1.575779445922699
-0.8262003316197015,0.8228860770872737,1.5758087580228852
-0.8261995018694912,0.8228860963337988,1.5758380877953446
-0.826198671684337,0.8228861155344168,1.575867435260992
-0.8261978410642878,0.8228861346882692,1.5758968004408267
-0.8261970100093983,0.8228861537944917,1.5759261833560343
-0.826196178519719,0.8228861728522151,1.5759555840278596
-0.8260588024301944,0.8225938386788916,1.4102879734902851
-0.8266131509875478,0.8226403881949511,1.375230879944125
-0.8269479918765141,0.8226871472258696,1.37650237800814
-0.826885760474906,0.8226518893433042,1.3783544340739922
-0.826793852261224,0.8220742237353149,1.1818925008857675
-0.8269229036261009,0.8220494474589056,1.1637449333833598
-0.8264005489840389,0.8219023919489987,1.16248942874197
-0.8263701554142325,0.8218916806685517,1.1686772184994985
-0.82643831594951,0.8219293693898927,1.1727998299333593
-0.8262647463845408,0.8214870934318855,1.0216222082816566
-0.825745118845815,0.8212512567804239,1.023605817312782
-0.8257085330952716,0.8212707576940557,1.022409029343426
-0.8257555590961579,0.8213428044970102,1.024433552694795
-0.8259609882708328,0.8214875269193307,1.031508720686064
-0.826300424248626,0.8217174638242607,1.0453947053441217
-0.8266392382691827,0.8219598901000773,1.0607352847095899
-0.8266735261328166,0.8219937295740524,1.0597076688564593
-0.8267196222741594,0.822039759671129,1.0603631441597108
-0.8267711098716379,0.8220886455096771,1.0614262511241301
-0.8268243979306579,0.8221384015691344,1.0626121385510419
-0.8268782440441557,0.8221883468222756,1.063830686805566
-0.8271716540082805,0.8223647536080348,1.0756441903692722
-0.8274742924049927,0.8225732334929303,1.0899423231671537
-0.8279902051913038,0.8226714740259635,0.9276288935595314
-0.8285119549558517,0.822552130286013,0.7300397261202677
-0.8290764329838588,0.8232035236243627,0.7179832781398552
-0.8292159643095464,0.8233640992760697,0.7042275984121659
-0.8288637353223015,0.8228908032724009,0.7017720271055942
-0.8290948420510033,0.823156693175344,0.6962180151576891
-0.8288910244651302,0.8229322994605117,0.7034588584308299
-0.8288885405312464,0.8229173880096333,0.7025891305810679
-0.8289247757055574,0.8229526241192242,0.7041568645524877
-0.8289697320947864,0.8229982312146787,0.7055992421581977
-0.8290189791034043,0.8230488497733239,0.7069282912677854
-0.829337158547876,0.8229065546453282,0.5182983066994916
-0.8295490914046487,0.8233275574441101,0.5057675291347491
-0.829723841934009,0.8236905081296385,0.4935064083374202
-0.8298614154326159,0.8239161116913069,0.48431079324567194
-0.8298271868970745,0.8238827715533605,0.48905177164535774
-0.8297814976812493,0.8238349750026075,0.49494439992789807
-0.8298698248492564,0.8239884310030848,0.4920350886494801
-0.8299931159314174,0.8241603234599209,0.48726901690165203
-0.82994323502505,0.824105312693925,0.49176187987783476
-0.82998651960382,0.8241575444348331,0.4895303050109657
-0.8299641890847099,0.8241243310179789,0.4914377767401085
-0.8299997269789883,0.8241621667972523,0.48974947960033316
-0.829975298427268,0.8241252918797345,0.4916696073077347
-0.8300100570837099,0.8241618066387841,0.48998525062558296
-0.8299852264619313,0.8241242674971907,0.4919161748800173
-0.8300197260565513,0.824160330157192,0.4902448870593139
-0.8305814791482584,0.8245775758831424,0.30456345817505875
-0.8306039923925016,0.8250559513702758,0.31501828899990647
-0.8305367135584156,0.8253335323386793,0.34103659174439316
-0.8305403274708895,0.8254945059856351,0.3333196334423383
-0.8308570060998148,0.8256271320792262,0.13340291411040023
-0.8309535463999139,0.8263761938001025,0.13269526719748653
-0.8313004807607807,0.8264306622836807,-0.06628372266014633
-0.8315570309711104,0.8265641982725626,-0.24805848336452394
-0.8315827734528405,0.8270287837054852,-0.3014262968559922
-0.831639469456772,0.8266159121039077,-0.3048321445093616
-0.8316344891131596,0.8264697539707347,-0.289514435776313
-0.8316140657938625,0.8265536199806602,-0.28581264104507353
-0.8316409935223197,0.8265135619724283,-0.28779295874279043
-0.8316672073656186,0.8264422248647795,-0.2878270241074793
-0.8316797695245994,0.8264154066136467,-0.28872994403852864
-0.8316891548921899,0.8264017978790454,-0.28986957100488475
-0.8316979571572367,0.8263900304493215,-0.29101202896289413
-0.8317066114260369,0.8263788449795236,-0.29215569247615636
-0.8317152740803239,0.8263677792953286,-0.29329800561540265
-0.8317240009923741,0.8263566644218149,-0.2944372376300846
-0.8317328118634829,0.8263454391471862,-0.29557243532145233
-0.8317417133728451,0.8263340819909336,-0.2967031239490703
-0.8317507075103037,0.8263225861642406,-0.2978290832333063
-0.8317597945777653,0.8263109503208173,-0.29895021870565286
-0.8317689742711978,0.8262991751269775,-0.30006649556557835
-0.8317798985830531,0.8262797194325271,-0.3014267112880156
-0.8318253442255913,0.8261567790731924,-0.30593421783383906
-0.8318261757882321,0.8261562507688074,-0.30635031859113826
-0.8318243245686837,0.8261567965210065,-0.30656248830263483
-0.831820603161194,0.8261617886515337,-0.3065719925122989
-0.8318162033298439,0.8261686140522381,-0.3065000988073383
-0.8318113289985732,0.8261767301013382,-0.30637569162601774
-0.8318061269354927,0.8261857398271671,-0.3062171488100183
-0.8318006992510478,0.8261953651514456,-0.3060363313543174
-0.8317951157787913,0.8262054149212807,-0.3058409934307833
-0.8317894237306401,0.8262157594520844,-0.3056362349986541
-0.8317836548072447,0.8262263114663315,-0.30542542254683797
-0.8317778302033214,0.8262370124759607,-0.3052107837483855
-0.8317719640346792,0.8262478235112942,-0.3049937922769269
-0.8317660657165563,0.8262587185981799,-0.3047754247149835
-0.8317601415236723,0.8262696804167419,-0.3045563290518971
-0.8317541956354473,0.8262806974276917,-0.30433693506482473
-0.8317482308351274,0.8262917619470003,-0.30411752752055465
-0.8317422489750042,0.8263028688366947,-0.3038982951569967
-0.8317362512741384,0.8263140147128525,-0.3036793616185502
-0.831730238543656,0.8263251973422866,-0.30346080756582305
-0.8317242113242601,0.8263364152412941,-0.30324268552731926
-0.831718169976887,0.8263476674248069,-0.3030250293547872
-0.8317121147430119,0.8263589532393119,-0.3028078604983481
-0.8317060457847321,0.8263702722517215,-0.30259119217380986
-0.831699963211395,0.8263816241754864,-0.30237503213007977
-0.8316938670972863,0.8263930088214902,-0.30215938448741386
-0.8316877574933891,0.8264044260653808,-0.301944250959331
-0.8316816344351813,0.8264158758258897,-0.3017296316634636
-0.8316754979478236,0.8264273580504061,-0.30151552566095546
-0.8316693480496031,0.8264388727053905,-0.30130193131472394
-0.8316631847542167,0.8264504197700158,-0.30108884652714973
-0.8316570080722923,0.8264619992319285,-0.3008762688983491
-0.8316508180123859,0.826473611084463,-0.3006641958304647
-0.831644614581673,0.8264852553247267,-0.30045262459881866
-0.8316383977863735,0.8264969319523985,-0.3002415523971623
-0.8316293828695747,0.8265175141488676,-0.2997075571184549
-0.8316142516766688,0.8265606444323831,-0.2985824662737645
-0.8316164868546126,0.826527174067731,-0.29969275576244986
-0.8315790647718383,0.82653983913426,-0.29830299651830533
-0.8315245306978664,0.8266015575158099,-0.29559420523283797
-0.831474304114403,0.8267330457133895,-0.286983077624492
-0.8313896456216191,0.8269453742392285,-0.27454118623714513
-0.8313956320637971,0.8269175576557496,-0.27545644847758094
-0.8313853912144195,0.8269321902620964,-0.27557209030580976
-0.8313725556395029,0.8269514655480151,-0.2755542222953327
-0.8313590374347284,0.8269735860561027,-0.2754870214993104
-0.8313452452085287,0.8269967421841462,-0.27540565543959694
-0.8313313481858086,0.8270202977720248,-0.27532052736059515
-0.8313174106724542,0.8270440110307135,-0.275234753415803
-0.831303457310569,0.8270677893152664,-0.27514919970718077
-0.8312894976066335,0.8270915968798217,-0.27506407214762435
-0.8312755352520573,0.8271154198308533,-0.27497940038666424
-0.8312615716889613,0.8271392527239202,-0.27489517586986667
-0.8312476074836043,0.8271630934033396,-0.2748113867033658
-0.8312336428589665,0.8271869410019841,-0.2747280240996913
-0.8312196779026337,0.8272107951608894,-0.2746450821768861
-0.8312057126484984,0.8272346557226701,-0.27456255684709724
-0.8311917471090348,0.8272585226104272,-0.27448044498256813
-0.8311777812881521,0.8272823957795773,-0.27439874393737146
-0.8311638151863314,0.8273062751985784,-0.2743174513010974
-0.8311498488026815,0.8273301608412227,-0.27423656477794384
