0.32012758620352,-2.266887690528278,1.620541530506768
0.32030740410838315,-2.2668463407248236,1.5723905808215968
0.32066494261485984,-2.266822152776798,1.5949029724397448
0.3206173122540902,-2.266830773437845,1.590264008404689
0.3205920593026201,-2.2668331147928313,1.5899576404057678
0.32058800569171253,-2.2668342190126007,1.589521705635834
0.3205912173225431,-2.266834672122732,1.589233066533257
0.32059729765373335,-2.26683486338848,1.5890054866108962
0.3206044531190165,-2.266834950084808,1.5888044029439807
0.32061135054358025,-2.2668350180711556,1.5886718039356564
0.32061410251757627,-2.266835123649389,1.5886694841692288
0.32061585225117584,-2.2668352679784727,1.5887000013595323
0.3206172340476557,-2.2668354250401275,1.588744914797172
0.32061848404876364,-2.2668355867416796,1.5887961851645473
0.3206196878155772,-2.2668357507550496,1.5888502885869347
0.3206208759318798,-2.266835916523664,1.5889056912813548
0.3206220591471593,-2.2668360839823993,1.5889617296967211
0.32062324115655255,-2.2668362531744757,1.5890181184635757
0.320624423191092,-2.266836424150603,1.5890747357177424
0.3206256056414912,-2.2668365969499464,1.5891315299784936
0.32062678862137406,-2.2668367716011812,1.5891884799508595
0.3206279721575194,-2.266836948126442,1.5892455772464147
0.32062915625169,-2.2668371265443397,1.5893028189830465
0.32063034089959097,-2.2668373068717536,1.5893602046261148
0.32063152609608386,-2.26683748912479,1.5894177346438318
0.3206327118363167,-2.2668376733192614,1.5894754099364576
0.32061977369834815,-2.2668355083754257,1.5925546156373693
0.320622698303562,-2.2668356256814524,1.592689026346188
0.32062459038425034,-2.266835854053269,1.5927819218837835
0.32062605493006974,-2.266836130125086,1.5928584124237652
0.32062733976060537,-2.2668364278233515,1.5929282379300993
0.320628549117167,-2.2668367362422552,1.592995433677715
0.32062972684808433,-2.266837050827824,1.5930616723577922
0.3206308913872842,-2.2668373696874315,1.5931276478284604
0.32063205047684273,-2.266837692043394,1.5931936485190616
0.3206332073631978,-2.266838017585,1.5932597950233676
0.32063436340367446,-2.2668383461971033,1.5933261385073776
0.32063551916227395,-2.266838677846501,1.5933927014459381
0.32063667487001546,-2.2668390125344033,1.5934594944757732
0.3206378306182075,-2.26683935027656,1.5935265233630864
0.32063898643951877,-2.26683969109496,1.593593791882742
0.3206401423419682,-2.26684003501437,1.5936613030071485
0.3206412983231653,-2.2668403820608867,1.593729059397138
0.32064245437626554,-2.2668407322613424,1.5937970636046421
0.32064361049246537,-2.2668410856430556,1.5938653181565328
0.32064476666203845,-2.2668414422337313,1.593933825589513
0.3206459228747704,-2.2668418020614234,1.5940025884647484
0.32064707912013457,-2.266842165154521,1.5940716093743217
0.3206482353873665,-2.266842531541746,1.5941408909441537
0.32064939166549244,-2.2668429012521534,1.5942104358356206
0.32065054794333436,-2.266843274315138,1.5942802467466388
0.3206517042095169,-2.266843650760439,1.5943503264123737
0.3206528604524604,-2.2668440306181434,1.5944206776060879
0.320654016660383,-2.2668444139186925,1.5944913031397472
0.32065517282129086,-2.266844800692888,1.5945622058647684
0.32065632892297913,-2.266845190971898,1.5946333886727404
0.32065748495302576,-2.2668455847872613,1.594704854496068
0.3206586408987829,-2.266845982170895,1.594776606308809
0.32065979674737954,-2.266846383155102,1.5948486471273646
0.32066095248571047,-2.266846787772574,1.5949209800112696
0.3206621081004338,-2.2668471960564016,1.5949936080639688
0.3207548565629219,-2.2671491223492004,1.423913737486918
0.32007246724301075,-2.267079019551247,1.4079801634190854
0.31955776193221874,-2.2670506279118943,1.3924490431380885
0.31955945817831266,-2.267048106875614,1.3947812366974581
0.3195378229107104,-2.2670469545937086,1.3957475930734107
0.31954528505454843,-2.267055127334061,1.3949245513884634
0.31915486009502825,-2.266954527418041,1.4107208099536113
0.3189836511513512,-2.266904881775652,1.4206082018183837
0.31907740469873297,-2.266912834955807,1.418648935116444
0.31855449422204246,-2.26724506867346,1.23231254402521
0.3179100580103993,-2.267063250754952,1.1881473923917591
0.3174416013743146,-2.266920426327852,1.1749738260224263
0.3175376891721251,-2.2669586721059685,1.17744574704085
0.3173705268180981,-2.267497276275555,1.0078540667938738
0.31693612570530794,-2.2676946830107356,0.8206347653433813
0.31650888035547253,-2.267897165252859,0.5995474128330245
0.31696612740273816,-2.268853736859176,0.5736981810699852
0.3168716076626724,-2.2686691947664657,0.5762860797166058
0.31695471484067644,-2.268920298012967,0.5510946347441621
0.31711252676183826,-2.269222831244429,0.5360259658363509
0.3170948985729807,-2.2691970595480826,0.5351770047210913
0.31676603845780715,-2.269798348771381,0.38374631212579197
0.3164140863484873,-2.2694827905846076,0.1918323572511571
0.31637579963203083,-2.2696171858821472,0.1934724055936279
0.31604230786628645,-2.2695634734595007,0.007710684983080724
0.31610615610048387,-2.269740285222283,-0.18989113827197537
0.3156057064443662,-2.2697291375069786,-0.40135040917780973
0.315226410887185,-2.269243515517084,-0.5818613494946681
0.3158640742040575,-2.2681210333510244,-0.7773677057912639
0.31599119961779115,-2.267544041101237,-0.9532571384304745
0.31675361322287093,-2.267002226816302,-0.9782359559455567
0.31692566713536474,-2.266854396760213,-1.003393030191501
0.31720554041965526,-2.2666957322751435,-0.9906426048141651
0.3180857284501373,-2.2659403120645125,-1.1730133168042087
0.3173276980996305,-2.2660921311330067,-1.1689311299990917
0.31690538434106796,-2.266261938077491,-1.1784851016138675
0.317076237307383,-2.265824148024909,-1.3370533912840563
0.31713601294101856,-2.2658460737217827,-1.32094708017432
0.3179725276147942,-2.265746517893021,-1.3021371541937237
0.31825296502116307,-2.265630918915659,-1.3088026181794343
0.3187370097795393,-2.2655165727545055,-1.3217999370756208
0.31843641119678134,-2.265577264700103,-1.3277134956904075
0.3186461381417508,-2.2655867377363963,-1.3191948149906048
0.31834391934636325,-2.2653447020829796,-1.5006736840574226
0.31850153873340964,-2.264913048689328,-1.705845082558953
0.31864100882279983,-2.264573997526282,-1.927600881445165
0.31903802870559994,-2.2642719794311823,-2.1060523319553983
0.31953798558244756,-2.2643047399140466,-2.3235677495726916
0.32030514521709547,-2.264625527668797,-2.541484921040559
0.32092892488910235,-2.2648260343822795,-2.731462017449838
0.3213589772835222,-2.264990572904132,-2.9231028287550607
0.32171204208780374,-2.265015056915383,-3.1294356682121487
0.3221384440152591,-2.2647819310083914,2.940459580642506
0.3227758897437295,-2.265317368936612,2.734734177989117
0.32266844633659436,-2.265953177815209,2.5423412495089464
0.32259044776261797,-2.266454319255228,2.3278232231544287
0.322912140818538,-2.266649156899875,2.1574881416940217
0.3214375383653415,-2.267688301530286,2.00556346899378
0.3215469278474177,-2.268077574735991,1.818474919169263
0.3219157391401812,-2.2682453798357667,1.6218797163106282
0.322512514620615,-2.268628503321544,1.4368850734825325
0.3229922047563936,-2.268636468079082,1.4179518786373575
0.32226895603760114,-2.2688243467950877,1.2165980627920467
0.3216703685234113,-2.268716405707531,1.2118852623792005
0.3211447450726919,-2.268551265218045,1.2272718100039206
0.32090079755527906,-2.268853612288022,1.027909727552899
0.3209593931651274,-2.2689759173613084,1.0149359091204408
0.3205568318770579,-2.2687199971338967,1.0331445998037123
0.32034937168303584,-2.268581209312541,1.0446443826729328
0.320485056369879,-2.2686463834704527,1.0395130434621447
0.3201830628857072,-2.2684308054264557,1.0398771054828029
0.3199066951779284,-2.268794762582343,0.8507559367121523
0.32006018287627536,-2.2690174067097346,0.8347148974740206
0.31982970091954516,-2.2688683206206006,0.8319010749325471
0.3194312306908643,-2.2685683744492744,0.8307071507291705
0.31947595258463846,-2.268607492836574,0.8300426321200073
0.3195095700939089,-2.2686423991883666,0.8283958838208554
0.3195407528134998,-2.268675870579486,0.8264729517147892
0.31957022532312374,-2.268708072356563,0.8244189644255777
0.31959857963055976,-2.268739390941064,0.8222957843864614
0.3196262460926415,-2.2687701537226954,0.820135328250642
0.3195958749442335,-2.2687432887541616,0.8191520394032199
0.319518270699396,-2.2686881652402304,0.8124139565639908
0.3194821340253812,-2.26866714611268,0.8074631369524149
0.31876418964867786,-2.2682190905816997,0.6477488212936128
0.31854374968749133,-2.267772339758159,0.6686852186669684
0.3182146242627209,-2.2672514675195647,0.7020317692737927
0.31840364538153165,-2.26752802914688,0.6904152945522638
0.31824529409054053,-2.2673151880789515,0.7021993793655491
0.3184443152089821,-2.267606959699977,0.6945618036710506
0.3184706013908981,-2.2676361970645575,0.7078459647771453
0.31869154874186933,-2.2678896132175854,0.7207941569483196
0.3181774998321608,-2.2678951742575397,0.5363751241612122
0.31811697204793604,-2.2676478134806866,0.546601289873767
0.3179860064730199,-2.267135254765567,0.6004887952630764
0.3183063762171474,-2.26751116299012,0.627788507877234
0.31807618578628477,-2.267252021659486,0.6166149835980237
0.31811349037407444,-2.2673402847835904,0.6138006883427761
0.3180815736990547,-2.2673050331558304,0.6150222164353423
0.3180518338920754,-2.2672720250180123,0.6169453605064841
0.31802354755513074,-2.2672403151833946,0.6191101310466294
0.3179963750787335,-2.2672098023937317,0.6213898975253446
0.3179698958442447,-2.2671800898435737,0.623726432032198
0.31797593034150284,-2.267196896157273,0.6242119848501428
0.3179576375247218,-2.267175113548509,0.6265561164932463
0.317933612386727,-2.267147005415738,0.6286966544516515
0.31766526946838586,-2.266744505003313,0.6469483752454114
0.3177929108415702,-2.2669213051804693,0.6417443500664378
0.31774653172307904,-2.266840737474576,0.6474958044534828
0.3177387318871705,-2.2668163135482082,0.6519418196590562
0.3177549194894533,-2.2668489458075944,0.6509331838528407
0.31752207713754516,-2.266568800628877,0.6411564676460092
0.31753726887161654,-2.26658133787738,0.6418110103498885
0.3175494984092477,-2.2665913305094363,0.6426068974153
0.31756161005770533,-2.2666012288734967,0.6433939335626543
0.3175736813928317,-2.266611101183646,0.6441769149514845
0.31758573747056856,-2.266620965102748,0.6449577965020798
0.31759778580803455,-2.2666308233164276,0.6457374161802929
0.31760982827166473,-2.2666406747862013,0.6465161508962479
0.31762186505207834,-2.266650518045832,0.6472941781839215
0.3176338959326504,-2.2666603519779396,0.6480715849967543
0.31764592065825314,-2.2666701758687426,0.6488484151302404
0.31765793901984907,-2.26667998930377,0.6496246909403616
0.3176699508583721,-2.2666897920616664,0.6504004237681247
0.3176819560514157,-2.2666995840378923,0.6511756191497571
0.3176939545002633,-2.266709365196104,0.6519502795068347
0.3177059461206889,-2.266719135538922,0.6527244055680956
0.31771794649904184,-2.26672890827087,0.6535000820708852
0.31772994604115523,-2.266738678411141,0.6542742760999793
0.317741927633783,-2.2667484263828332,0.6550474673149111
0.31775389830548145,-2.2667581598054802,0.6558199473879479
0.3177658604649073,-2.266767881304684,0.6565918222448496
0.3177778149156499,-2.266777591806712,0.6573631305496977
0.3177897618953103,-2.2667872916502394,0.6581338861936392
0.31780170144361564,-2.266796980974647,0.6589040938025932
0.3178136335321495,-2.266806659853871,0.6596737544609634
0.31782555810969093,-2.266816328341557,0.6604428678590042
0.31783747511783567,-2.2668259864857006,0.661211433117464
0.31784938449626826,-2.2668356343330767,0.6619794491132498
0.3178612861844568,-2.266845271930366,0.662746914614159
