-1.3722906179959555,-0.34658355882090536,1.6199843895760293
-1.3721886779606522,-0.34654097133638484,1.5698185141477254
-1.3720282634045586,-0.346513450978513,1.5828160091010668
-1.3715658156190371,-0.34650318230388877,1.598359984216083
-1.371608537563013,-0.3465111819386974,1.5947890049054139
-1.3716300541930415,-0.3465136929690693,1.5943438407811912
-1.3716302356920296,-0.34651490850045447,1.5937329886217033
-1.371623463769479,-0.3465154115336643,1.59330427255528
-1.3716139786830448,-0.34651562380723183,1.5929549574319737
-1.3716066398823212,-0.34651583964902993,1.592752573054591
-1.3716049674871378,-0.34651617286093594,1.59276500573665
-1.371603607731397,-0.3465165014881025,1.5928095871607248
-1.3716023545559506,-0.34651682729199956,1.5928678750616085
-1.3716011324762933,-0.34651715266815736,1.5929321413338833
-1.3715999180557041,-0.3465174792880818,1.5929990885438166
-1.3715987046845883,-0.34651780812047567,1.5930673154030754
-1.3715974908506428,-0.34651813968519857,1.5931362289953026
-1.3715962764138607,-0.34651847425442994,1.59320557995384
-1.3715950615114172,-0.34651881197363793,1.5932752645306647
-1.3715938462806567,-0.3465191529264626,1.5933452405630522
-1.371592630813931,-0.3465194971673933,1.5934154918899277
-1.3715914151672834,-0.34651984473757996,1.5934860133193112
-1.3715901993748592,-0.34652019567228176,1.5935568042916568
-1.3715889834590849,-0.3465205500043018,1.5936278662136034
-1.3715877674365768,-0.3465209077655521,1.5936992013387494
-1.371586551321244,-0.3465212689877586,1.5937708122988443
-1.3716019426017445,-0.3465189272833092,1.5973886359666016
-1.3715985032910651,-0.34651923433873605,1.5975527604068491
-1.3715963982611006,-0.3465196889706094,1.5976697501034565
-1.3715948511549916,-0.34652020808655365,1.5977683597848533
-1.3715935404741604,-0.3465207573480308,1.5978596464068375
-1.3715923302165935,-0.3465213223435073,1.5979481784810992
-1.371591162871861,-0.3465218970451215,1.5980358460281645
-1.3715900141505617,-0.34652247895253674,1.5981234323587195
-1.3715888738143556,-0.34652306704912406,1.5982112638370352
-1.371587737562349,-0.3465236609420812,1.5982994783702855
-1.3715866036001223,-0.34652426050094126,1.598388136260508
-1.3715854711904265,-0.3465248657057488,1.5984772659266957
-1.3715843400416414,-0.346525476583362,1.5985668827429862
-1.3715832100500285,-0.3465260931807627,1.5986569967920807
-1.3715820811912134,-0.3465267155538899,1.5987476160531748
-1.3715809534745642,-0.3465273437629792,1.5988387477121995
-1.3715798269240287,-0.3465279778706271,1.5989303987003698
-1.3715787015701102,-0.3465286179409939,1.5990225759162604
-1.3715775774465104,-0.34652926403948403,1.5991152863182407
-1.3715764545887368,-0.34652991623262436,1.599208536963856
-1.3715753330335325,-0.3465305745880275,1.5993023350276045
-1.3715742128186548,-0.3465312391743886,1.5993966878099812
-1.3715730939827906,-0.3465319100614977,1.599491602742932
-1.371571976565538,-0.3465325873202589,1.5995870873939724
-1.371570860607414,-0.3465332710227121,1.5996831494697883
-1.3715697461498708,-0.3465339612420571,1.5997797968196976
-1.3715686332353192,-0.34653465805267797,1.5998770374390818
-1.3715675219071537,-0.34653536153016884,1.5999748794728845
-1.3715664122097802,-0.34653607175136003,1.6000733312192272
-1.371565304188643,-0.3465367887943454,1.6001724011330452
-1.3715641978902569,-0.3465375127385102,1.6002720978299574
-1.371563093362236,-0.3465382436645595,1.6003724300901336
-1.3715619906533243,-0.3465389816545477,1.6004734068622661
-1.371560889813429,-0.34653972679190864,1.6005750372677783
-1.3715597908936554,-0.34654047916148717,1.6006773306050213
-1.371558693946342,-0.3465412388495705,1.6007802963537343
-1.3715575990250932,-0.34654200594392104,1.6008839441794918
-1.371215212945043,-0.3469592157496336,1.4389611148594252
-1.371602941145775,-0.3469225451660905,1.4277595103881573
-1.371662141479446,-0.3469189556513251,1.4256508399689458
-1.37164792899702,-0.3473290145766677,1.2011663471831073
-1.370928600871674,-0.34752428842032207,1.162526117275996
-1.3706733508980875,-0.3474972858057122,1.1761119732205605
-1.3703631404488648,-0.34754400694043597,1.190830492136695
-1.370344890588743,-0.3475122274979914,1.2014847230504986
-1.370162969523143,-0.3475672065332669,1.212085353752957
-1.3701638320481362,-0.3475792654413838,1.2072185786057266
-1.3701568532891606,-0.34759466889042306,1.2023536632170388
-1.3701470599696965,-0.3476111385792352,1.1975469943516834
-1.3700324518354507,-0.34761697779913464,1.1904268892381082
-1.3697239622437019,-0.34776920315316545,1.1794212680906442
-1.37049842758464,-0.3474140030190235,1.2068053879287757
-1.3704609200256364,-0.3474084106654941,1.2042168675888114
-1.3706605482501857,-0.34731460193636876,1.2106179692909285
-1.3709276120372975,-0.3471911453728559,1.2192591660785856
-1.3709303670960873,-0.34717903377362846,1.217058040000222
-1.3711650522087644,-0.3470719512473209,1.2244994619156933
-1.371188690510273,-0.34703947073788177,1.223018298240084
-1.371257109936135,-0.3470141179295188,1.2238508629939002
-1.371453417592726,-0.3469415606121017,1.2277976244956694
-1.371511945745474,-0.3469171185825404,1.2318237111808459
-1.3714624203064905,-0.34694614312324207,1.229100914764976
-1.371435640819356,-0.3469655686403012,1.2263649785773127
-1.371417056386466,-0.3469818760090341,1.2234418497199593
-1.3714033660245215,-0.34699626084524177,1.220411288073313
-1.3713925661169875,-0.347009521321417,1.2173156714645372
-1.3716491823483221,-0.3468953279655433,1.2248072467274496
-1.3718120500651247,-0.3468418732924466,1.227875167998702
-1.372269422301731,-0.34664088078125677,1.2479555694169768
-1.3723592886973535,-0.34658186133214086,1.253567278349759
-1.3725167169720174,-0.34649557783055057,1.261012342315964
-1.3729207944977804,-0.34633523840622576,1.2758977706506662
-1.3722074045724597,-0.3465504436460393,1.2702655374949228
-1.3729698620285142,-0.3463240314334289,1.2665614485917918
-1.3724602897446434,-0.3464756404070779,1.265125840159414
-1.3727384926337551,-0.3463408045612046,1.271081363138646
-1.3729870063105247,-0.3462362240619897,1.2704456418248924
-1.3722852890504194,-0.34643148493964615,1.266304081461063
-1.3730254712830552,-0.34624965473863867,1.2665425608860696
-1.3724877986105124,-0.3463805975939976,1.2551892515090635
-1.3728979508023476,-0.34617603197126173,1.2680432972973668
-1.372733751144065,-0.34622536360118333,1.252005786486695
-1.3730752644489737,-0.34608980578121246,1.2583334984401202
-1.3729472595781433,-0.3461374679861501,1.2510745849674094
-1.3728935197891365,-0.34615763816189027,1.247936754332301
-1.3734130232135582,-0.34617452610699484,1.0606254238460993
-1.3739649782629408,-0.34608987273279196,1.0493055456995368
-1.3738114691207908,-0.34675656808713756,0.8483996561097291
-1.3747931566093423,-0.34592452451702277,0.8575078922160593
-1.374563977266591,-0.34614647366917667,0.8410836166096622
-1.3745993851715395,-0.34612606084467507,0.8402731796292222
-1.374618297663033,-0.3461028525242276,0.8410798080719344
-1.3746964686677612,-0.3460280428737038,0.8456414494599359
-1.3745431508153025,-0.34615850793222436,0.8385152269280062
-1.3741807170977545,-0.34646107881933885,0.8338975618998479
-1.3741605751721848,-0.3464840726488604,0.8249155292841353
-1.3741511104590873,-0.3464650261346128,0.8322942723043497
-1.3744180994196717,-0.3462103572358401,0.8414000938827221
-1.3745802619139589,-0.34608483373244514,0.8367541020042665
-1.374414829796954,-0.34627271985749514,0.8331758590894246
-1.3742664032321417,-0.3464094976559048,0.8388473320653621
-1.3741005905465404,-0.34656694934313875,0.8345911446198041
-1.3741153877838121,-0.3465839173901135,0.821582650000651
-1.3742541249440499,-0.3464535811349687,0.8315036098820062
-1.3740070027793252,-0.34671374354592804,0.8279902039946601
-1.3742112180615997,-0.34651891846262595,0.8303631022211997
-1.3742209521669702,-0.3465302940377055,0.819553609185943
-1.374246596539786,-0.3465008251154089,0.8211134117940454
-1.3742124536938518,-0.34652871280787034,0.8223978908418249
-1.3741867218585149,-0.34655084741794867,0.8218916104109224
-1.3742067104844173,-0.34653462022406134,0.8196954652473717
-1.3742101835444331,-0.34653356230467114,0.8172037634875366
-1.3742933603104253,-0.34646622137753263,0.811829612225543
-1.3743961893366248,-0.3463851696820101,0.8073763056739147
-1.3745481223162828,-0.3462673676002114,0.8016810311246787
-1.3743225332181528,-0.3464659809415571,0.8064341214322195
-1.3742531932336213,-0.3465363826118873,0.8058018992368682
-1.3742315728843175,-0.34655900829822883,0.8047734556899241
-1.3743528121723767,-0.34645056662499646,0.8001604454637344
-1.3744433627630028,-0.34637681411112026,0.7936679106167055
-1.3744034586419362,-0.3464159477595165,0.7928846535218848
-1.3744060162618237,-0.3464208434970225,0.7900508550028642
-1.3746009032760105,-0.34625727726664296,0.7791145219513972
-1.3744938537239562,-0.34636973905659646,0.7782871977007464
-1.3745891264127987,-0.34627694333164005,0.7741475755230768
-1.3743436669319482,-0.34653841813576175,0.7708474473768253
-1.3742551099073583,-0.346695440784576,0.7510571065947375
-1.374261524547546,-0.3466973443651238,0.7496606860172083
-1.3742986908815102,-0.3466596796869174,0.751193877982222
-1.3743581813261903,-0.3465988609949145,0.7518545490304923
-1.3745415650971082,-0.3464198564762032,0.7457392017727014
-1.3746209296675498,-0.3463404426339343,0.7450549229781633
-1.3746586764948856,-0.34630092132936513,0.7467297655074524
-1.3747019388528638,-0.34625618137160236,0.7481518071694538
-1.374746090696466,-0.3462104915550476,0.7495414231175762
-1.374849688061291,-0.34610974042708637,0.7478542760114618
-1.3750225990609362,-0.34598820418249726,0.7257673084147056
-1.3747229921470892,-0.3463128959193656,0.7300083763593411
-1.3749192755764303,-0.3461176992354029,0.7176810790200553
-1.3746365806984948,-0.3463980310542917,0.7280922723763683
-1.3748265735175906,-0.3462134569295681,0.7146122670671032
-1.3746013446822343,-0.3464358581340026,0.7229098086345546
-1.374735676545079,-0.3463102745678436,0.7110222510375129
-1.374392337539072,-0.3467340660576863,0.7074987449777146
-1.3743999171146388,-0.34672751307643934,0.7097993644690996
-1.374439157571067,-0.3466885308420104,0.7113748769389184
-1.37449427284753,-0.3466312281911416,0.7123467056158149
-1.3746919860194204,-0.34642476370599606,0.7052532434418802
-1.374759668350895,-0.3463537056885025,0.7051933055060347
-1.3747983950551952,-0.3463132931057229,0.7068867702054008
-1.3748419440787574,-0.3462679378689388,0.7083495236802518
-1.3748862748990998,-0.34622168424468575,0.7097822137001351
-1.3751961746048194,-0.3458489999856057,0.7125585473288993
-1.3754748151499552,-0.34555168032972805,0.7103287890660104
-1.3755084913897446,-0.3455169720700421,0.7107852635047092
-1.3755398531522538,-0.34548470781075163,0.7124301710517521
-1.375570425512849,-0.3454525033563899,0.7144103397637623
-1.3755998411173498,-0.3454211843973681,0.7165436539271044
-1.375628398365908,-0.34539061647909447,0.7187502111634786
-1.3756982518752632,-0.3453082463937,0.7233499334682884
-1.3759311387199271,-0.34499159464376716,0.7402788671445837
-1.3758460898488092,-0.3450682206778236,0.7449092836457657
-1.3757919063968853,-0.3451199423499087,0.7467866160551822
-1.3757839333713124,-0.34512824159904487,0.7464708963215061
-1.375768777015998,-0.345143590563146,0.7464017960534582
-1.3757524379336155,-0.34516002615983965,0.746365697595994
-1.3757356778903826,-0.34517684144497623,0.7463425142365252
-1.3757187685314365,-0.34519378877427714,0.7463244010028366
-1.375701806351884,-0.3452107817401068,0.746308284313643
-1.3756848255443108,-0.34522779038533674,0.7462929626096325
-1.3756678382145364,-0.3452448043563519,0.7462779674785983
-1.3756508486447692,-0.3452618200873875,0.7462631167582048
-1.3756333008683728,-0.3452793699067634,0.7462761248445559
-1.375616361743899,-0.34529633406620197,0.7462608700279634
-1.3755993859698656,-0.34531333546777115,0.7462460442825741
