1.0332461228805856,-0.6030009964485049,1.6218426213640271
1.0334881638376214,-0.6029011356449686,1.574696805925517
1.0339226202821157,-0.6028921066750422,1.5916387035977122
1.0338536690427014,-0.602900371522907,1.5884932256048683
1.03382504356662,-0.6029031732110424,1.5879347199070941
1.0338156799885625,-0.6029037301714807,1.5882294729085253
1.0338177969297593,-0.6029041341179816,1.5880197704515453
1.0338229433817394,-0.602904300380207,1.587841698704502
1.0338292244340914,-0.602904373828932,1.5876771410985249
1.0338364630282597,-0.6029044223887007,1.5875193774160192
1.033840816519301,-0.6029044416465645,1.587485827981633
1.0338429953673092,-0.6029045315689453,1.587502375571772
1.0338445231259012,-0.602904646482956,1.5875392872939313
1.0338458129056507,-0.6029047700113761,1.5875852598157585
1.033847016953734,-0.6029048969471634,1.5876352691079465
1.0338481908063402,-0.602905025762471,1.5876871011982039
1.0338493544771938,-0.6029051560772467,1.5877397874026036
1.0338505150709545,-0.6029052878381881,1.5877929065597265
1.0338516750605424,-0.6029054210685993,1.5878462767153505
1.0338528352834735,-0.6029055558003326,1.5878998198696754
1.0338539960118494,-0.6029056920596507,1.5879535029965839
1.0338551573278438,-0.602905829866927,1.5880073124530878
1.0338563192524635,-0.602905969238717,1.5880612429241534
1.0338574817882813,-0.6029061101894868,1.5881152926650988
1.0338586449329574,-0.6029062527326714,1.588169461460981
1.0338598086831734,-0.6029063968812507,1.5882237497539409
1.0338494533459939,-0.6029046711381363,1.5906740756147704
1.0338519583602652,-0.6029047581244624,1.5907877048045231
1.0338536669455667,-0.6029049293416441,1.5908689928013804
1.0338550487485374,-0.6029051366874806,1.5909373920892225
1.0338562943168854,-0.6029053604278624,1.5910004983457835
1.0338574831740128,-0.6029055923266602,1.5910614876265647
1.0338586485380483,-0.6029058289495872,1.5911216894031648
1.0338598042901428,-0.6029060688700797,1.591181660877563
1.0338609562311327,-0.6029063115015918,1.5912416361408526
1.03386210678395,-0.6029065566092202,1.5913017140705994
1.0338632569589672,-0.6029068041053636,1.591361936958217
1.0338644071756817,-0.6029070539641986,1.5914223234176397
1.0338655576063367,-0.6029073061858792,1.5914828821607763
1.0338667083196629,-0.6029075607815466,1.5915436177645854
1.0338678593410144,-0.6029078177670546,1.591604533085818
1.0338690106775317,-0.6029080771603426,1.5916656302723036
1.0338701623286775,-0.6029083389803354,1.5917269111865175
1.0338713142906437,-0.602908603246485,1.5917883775831674
1.033872466558194,-0.60290886997858,1.5918500311838102
1.033873619125439,-0.6029091391966671,1.5919118737081857
1.0338747719861587,-0.6029094109210196,1.5919739068875993
1.0338759251339327,-0.6029096851721265,1.5920361324706758
1.0338770785621976,-0.6029099619706892,1.592098552226032
1.0338782322642688,-0.6029102413376222,1.5921611679434833
1.0338793862333482,-0.602910523294054,1.592223981434856
1.0338805404625266,-0.6029108078613311,1.5922869945344826
1.0338816949447822,-0.6029110950610206,1.5923502090996313
1.0339372832234406,-0.6032226206631264,1.4212337142856326
1.0337042884198355,-0.6032372836518396,1.400930891007621
1.0334090218561385,-0.6031957948824886,1.3965408380899722
1.0333288371255978,-0.6031744759001986,1.399492481587136
1.0332941212607187,-0.6031657043721189,1.4008584400549178
1.0332912513305375,-0.6031626891703836,1.4013420573501671
1.0332860595722355,-0.6031590055810847,1.4018806473683287
1.033280380061732,-0.6031552823799476,1.4024158657011863
1.0332746671731479,-0.6031515805196098,1.4029499446716973
1.033268992394459,-0.6031479019286968,1.4034860956183923
1.0330221602175043,-0.6034130139778429,1.2099329253660864
1.0319573349545739,-0.6031537189151758,1.2195192921319913
1.0327729060626576,-0.6033132785141022,1.2300203731086146
1.032577537050583,-0.6032646073090538,1.2286288411784512
1.0325827659969093,-0.6032571328905113,1.2334892501712835
1.032595038077061,-0.6036136211952041,1.0745725288372192
1.0320889464717449,-0.6033881735813738,1.0819373791499334
1.0320902856482395,-0.6033821869613264,1.0829384546488685
1.031830062483985,-0.6033383010002386,0.9251872108888219
1.0316548393038196,-0.6031101755075726,0.943836348805048
1.031880105038604,-0.6031341179353505,0.9494352717793345
1.0321129750054268,-0.603308372705316,0.9744954420244561
1.0316332157606967,-0.6030246485312876,0.9550401797170629
1.031825938183999,-0.6031485629134327,0.9609493883289476
1.0316001183733323,-0.6033305441334186,0.789867639537051
1.0314021156819793,-0.6032771605627401,0.7520777662865051
1.0313482991502512,-0.6034438293479016,0.6967510981756324
1.0314443845644297,-0.603578537169983,0.7098387717680641
1.0313248452683248,-0.603446570704316,0.7184082825589212
1.0310003537198476,-0.60351702709531,0.5247713515732044
1.0309018515719046,-0.6032383084209917,0.503896796037949
1.0309548694063129,-0.6033073115282895,0.511590972571806
1.030336450397034,-0.6026705976498016,0.2992076598923225
1.0301455714110999,-0.6032508124743091,0.0883866120819453
1.0297797465796847,-0.6036896032258877,-0.1124904294346833
1.0291332187719608,-0.6038980623840601,-0.3106761842152121
1.0288426670374116,-0.6034770846398112,-0.49902022853723227
1.0285963122740847,-0.6031117364659647,-0.7154820132936903
1.0287258848173793,-0.6025296065555106,-0.8984082204473327
1.028775727070165,-0.6020037326440781,-1.109843055307422
1.0286614057263175,-0.6019267093660111,-1.1396986352941523
1.0287733476664978,-0.6018369877481918,-1.1613597213084748
1.0287820003486294,-0.6018272490199628,-1.1599853389212937
1.0282319651192675,-0.601507344244895,-1.3435593187612611
1.0277875017605205,-0.6014386356984439,-1.378259911418736
1.0272856945625852,-0.6015089644267287,-1.3564110379574608
1.027301676996184,-0.6012618708670546,-1.5362116979736267
1.0271161669438957,-0.600904656571914,-1.7422210215708631
1.0278308980286852,-0.6005482363878469,-1.9710253684106949
1.0293591131115438,-0.6009853782127564,-2.0025112179337627
1.0299969920700305,-0.6009174372025401,-2.197525122321175
1.0305665967082434,-0.6012678267109388,-2.2246876697772744
1.030665357416542,-0.6009360821867422,-2.3746227896906285
1.0308248782273381,-0.6007022121730635,-2.558505172195303
1.0313179967491446,-0.6008401515986627,-2.7891728558510667
1.0319458668069406,-0.6007977409477279,-2.981794617757346
1.0323348508632924,-0.6010881505567849,3.109456891526338
1.0327873862102823,-0.6011298309480253,2.9071419430036305
1.0330044761681993,-0.6019513745651213,2.6782206462188096
1.0334033131039786,-0.6023833557731569,2.4684852500055467
1.0335083764424575,-0.6027796500581429,2.270566474205126
1.032547717105833,-0.6037887220370775,2.082378280883188
1.0323794247514977,-0.6041669399120068,1.8814539742586094
1.0322268910713468,-0.6045765157502745,1.6700560433719625
1.0323031695132474,-0.6048949505790036,1.4831466834350262
1.0325873087010375,-0.6049147520013831,1.4578642042179413
1.0323123918643764,-0.6053803024809664,1.2695309188657462
1.0318346735689912,-0.6053932994394795,1.2400610180888212
1.0315508657957173,-0.6056255154438778,1.0287264155332045
1.0309570249563835,-0.6057652679650856,0.8217871284504653
1.030533584932064,-0.6058504527368426,0.6062624709890565
1.0306770987937492,-0.6059678382434273,0.6021574690032417
1.0308492199714359,-0.6064505531505845,0.4298410550175138
1.0308420760557346,-0.606085234355015,0.4488358928627314
1.030699930781409,-0.6062146694810694,0.27519184423314313
1.0302474538843136,-0.6059187215997275,0.06774487859593094
1.0302467918518912,-0.6067849779217047,0.06464478665282405
1.0300770820334149,-0.6068671221510848,-0.11842513518179994
1.029516774056101,-0.6067592240130304,-0.3272404418540574
1.0292679027606384,-0.6074038016026042,-0.3469836494042182
1.0287416933204636,-0.6074127474745143,-0.5127192104100283
1.02876687179536,-0.6075095186900005,-0.4977534508349154
1.0286883634243338,-0.6078169075321792,-0.49105701534047097
1.0288576839934491,-0.6070913466624828,-0.692571737668223
1.0291294582738384,-0.6067418799667805,-0.696542587895375
1.028753856293855,-0.6066093640998013,-0.881519221403245
1.0287509611039738,-0.6061769620389381,-1.0859099808187787
1.0290380777274994,-0.6057923430819884,-1.309763460217514
1.0284741331677818,-0.6055516340169751,-1.505844515529098
1.029571523041881,-0.6054974808192247,-1.5131971671489255
1.0298224311421682,-0.605497314443573,-1.5084565719405558
1.0299382818556073,-0.6055038058741679,-1.5041030368079908
1.0300206533269851,-0.6055134757646161,-1.4992415711262521
1.029738420111745,-0.6055016369647007,-1.5009520628321784
1.0295243000021899,-0.6055090196178851,-1.5055193004443694
1.0293845102968495,-0.6055185015736745,-1.5082748210348034
1.0292630330674377,-0.6055257147287069,-1.5112177706808643
1.0291549045852968,-0.6055311346860915,-1.51429466276891
1.0291690412566052,-0.6055244257049591,-1.5156516046706254
1.029188463169203,-0.6055182319242711,-1.5159138919952049
1.0291975325046858,-0.6055134856449593,-1.5157546818628038
1.0292024760631857,-0.6055093095901442,-1.5154004884612815
1.0292058052492998,-0.6055053375210233,-1.5149528172997198
1.0292085214064686,-0.6055014175025618,-1.5144562262265062
1.0292110245063089,-0.605497486176311,-1.5139299151926648
1.0292134752721602,-0.6054935167628854,-1.513381894078064
1.0292159388209703,-0.6054894976486601,-1.512815249443551
1.0292184417855181,-0.605485423554051,-1.51223089517908
1.029220995149863,-0.6054812918796317,-1.5116287735294527
1.029223603428618,-0.6054771011917692,-1.5110083768364755
1.0292262683705193,-0.6054728505972627,-1.510368972478578
1.0292289904493643,-0.6054685394899516,-1.5097096983745462
1.0292317694534214,-0.6054641674544795,-1.509029602057776
1.0292346047031222,-0.6054597342376823,-1.508327655090613
1.0292374951123815,-0.6054552397502249,-1.5076027566105605
1.0292404391813834,-0.6054506840829836,-1.5068537319778585
1.0292434349562063,-0.6054460675318949,-1.5060793291029169
1.029246479969515,-0.6054413906288992,-1.5052782135559208
1.029114533786968,-0.6054512771720032,-1.5008671850340833
1.0289212337787443,-0.6054593586069696,-1.4946422921121554
1.029071581250735,-0.605439117822992,-1.4980646988123072
1.029105887634923,-0.6054330036360565,-1.4986575280063719
1.0291399523710971,-0.6054249951469178,-1.4993663539175506
1.0291533910011628,-0.6054186744611202,-1.4994621607713923
1.029157562524579,-0.6054130180423738,-1.4992982899181135
1.0291611753223702,-0.6054073873954876,-1.4991446843583232
1.0291645277136656,-0.6054017570997466,-1.4989914623311413
1.0291677460963513,-0.6053961152797664,-1.4988350092132248
1.0291708859824296,-0.6053904558138016,-1.4986741074638505
1.0291741086770314,-0.6053847602311738,-1.4985100761813566
1.029177498657949,-0.605379014132519,-1.4983448715832202
1.029181031525127,-0.6053732197826664,-1.4981784169599297
1.0291846950686754,-0.6053673784482301,-1.4980104667333993
1.029188481968739,-0.6053614907909792,-1.497840767958357
1.0291924483708772,-0.605355553321412,-1.4976686031966475
1.029196766451367,-0.6053495501344357,-1.4974941352275435
1.0292013526039143,-0.6053434868632909,-1.4973189455635896
1.0292061637876861,-0.6053373683030748,-1.497143057822507
1.0292111771616743,-0.6053311971519345,-1.4969661810576067
1.028868320081437,-0.6050699388627396,-1.6600123561708242
1.027965722191107,-0.6050271693209726,-1.6684425875284585
1.027298526025607,-0.6049560976426491,-1.6691383478836694
1.027196362040344,-0.6049259930030318,-1.6679819506410765
1.0271807625426852,-0.6049656819590752,-1.6454926113816948
1.0270632406244709,-0.6049911468275174,-1.6337577319317815
1.026839753026979,-0.6049800126358595,-1.6399574037360007
1.0267953699180437,-0.6049887858407913,-1.6415442014280959
1.0265313905268074,-0.6045754680020821,-1.8319915426170919
