0.4251465054787053,-1.145371453238331,1.6015785743233328
0.4387139790792538,-1.1446537259495966,1.6268199430123913
0.45393717317180515,-1.14355265162355,1.6650175591739436
0.46805509154702823,-1.1428838195585784,1.6348049228279777
0.4824045156590508,-1.1416011687536174,1.6671795120801258
0.4965624713522972,-1.1400581211369252,1.685600150836244
0.5098025057883219,-1.1380668248796058,1.7151411613398457
0.5249394344616478,-1.1359236733466964,1.7742275827462515
0.540743634809126,-1.1325210884090096,1.7926864320968874
0.5563034662120125,-1.1296299478529597,1.7883412871631104
0.5705348032874543,-1.1263980476651774,1.8301594164412442
0.5830787723427706,-1.12312251781384,1.882410615639193
0.5973801067833756,-1.1181576341926682,1.8948031581993252
0.6120338567121852,-1.1143761276770605,1.8249733235634207
0.6259574033515151,-1.110762548135779,1.8525426582829185
0.64006302701876,-1.1054881320641303,1.9691170979710806
0.6527983030144289,-1.0998240549835536,2.0188852778329553
0.66643670899448,-1.0937761233957084,1.9970044871985602
0.6789231630048842,-1.0885306513758786,1.9840159712632228
0.6922693245298767,-1.0823878891192436,2.0583808179288616
0.7044315261628745,-1.077014605925942,1.9691722955031927
0.7183693949143203,-1.0710415161310163,2.007985483244304
0.731536505467109,-1.0652504074868934,2.016492187629418
0.7452136049050788,-1.0579765628005617,2.083126903809568
0.7573981058565851,-1.0514621766490635,2.084030997080245
0.7706711276607836,-1.0429443323257899,2.146104817571168
0.7828054153193749,-1.036013715184377,2.151823981596874
0.7935787844334813,-1.0290586644986703,2.136862123737775
0.8055862928120509,-1.021470735483257,2.1305727300317323
0.8184997309862617,-1.0140770389289568,2.0845500972161854
0.8304197579225502,-1.007500616301317,2.0876554541034755
0.8421422450728593,-1.0012579398787274,2.0383238580945964
0.8560103658676188,-0.9946586286950481,2.0192164684360323
0.8688085957165043,-0.9879044521256072,2.0505151167543523
0.8805225384693142,-0.9811405743666999,2.0917285019409837
0.8918901442731723,-0.9751429222146033,2.060359079484379
0.9054848779780976,-0.9674722199627056,2.102237938373129
0.9202294485437372,-0.9595752196568795,2.109030169939657
0.9326903040503977,-0.9527550957007646,2.082077267804393
0.9451232018885605,-0.9457047106272842,2.1058512736203627
0.9583567434382245,-0.9378600465678477,2.1670092635537963
0.9709223449267226,-0.9292755324748352,2.204393917058172
0.9814877653301616,-0.9210151544422771,2.2437965844212715
0.9924508771766041,-0.9124033059152293,2.2365616971251057
1.003213754036486,-0.9032172929257254,2.257541360894512
1.0142505440265717,-0.8949979210470907,2.2332223130190303
1.0255450549316603,-0.8865192289682684,2.194331512110851
1.0362011520985785,-0.877851676542048,2.3075522828316974
1.046674235243817,-0.8674102818437837,2.3637798972455206
1.0561300974441787,-0.8573152676924468,2.3971058580207716
1.0662351456499581,-0.8458553411471669,2.4359580471333917
1.0739223073529585,-0.8357816389559682,2.502569218510047
1.0829101493166713,-0.8241518723502004,2.460723601563264
1.0912529627143972,-0.8151887568781785,2.332310645053148
1.1003088351000574,-0.8050979167752484,2.463793608421208
1.1092574107717008,-0.7948280173305449,2.4437945939602903
1.1202187466916118,-0.7832103723014818,2.3544852071991746
1.1301559788971052,-0.772764156080151,2.360132428955773
1.1397293929155645,-0.7625921469135009,2.3962946518229074
1.1487548998172814,-0.7531229207205633,2.373983783088801
1.1564506489597184,-0.7449483228885293,2.417154575771
1.1648402931518216,-0.7356963536733253,2.382825230197624
1.1733451104697232,-0.7272144584311953,2.3573144210250274
1.1810608478040048,-0.7195230772608492,2.3824682377502393
1.1904657966300964,-0.7101780168036343,2.355118598034885
1.1990685443925524,-0.7006773808730191,2.4049016006596444
1.2082592086382977,-0.6908973970928604,2.3845325764139527
1.2175478161152489,-0.6806442420670431,2.4203187611553676
1.227476004966243,-0.6681571058910364,2.481813034827151
1.2357257710884686,-0.6573845391929137,2.5054221521052322
1.2436092833662415,-0.6464181695538548,2.4713676313496626
1.2517185251667018,-0.6359685143562605,2.522367371481037
1.2584138073157964,-0.6243450346769608,2.6354481801043153
1.2644288075372978,-0.6119189901678076,2.6623895597581124
1.2702319476657296,-0.6032670460479683,2.443639508641165
1.2788667311705904,-0.5904923247558495,2.5762635474753965
1.286753571159307,-0.5779306625727029,2.568612839469209
1.2939681789864792,-0.5665945899009672,2.5847867468783012
1.3006092200999992,-0.5553449781338056,2.570641176417692
1.3082704421960114,-0.5427317264313137,2.5784992733038643
1.3149511006679522,-0.530559861463977,2.6590336656705027
1.3218710413924646,-0.5177725972889992,2.6656037810846054
1.328388729704536,-0.5032384356190548,2.7071178911383424
1.334968074739289,-0.49116391885574595,2.598213196724349
1.3429847319643702,-0.47924407875852476,2.5487504888583077
1.3504468376811953,-0.4675424812534534,2.5714298620977845
1.3582279479240404,-0.4558627206949059,2.533929706920731
1.36500766552193,-0.4446992268423943,2.6425391815505503
1.3719049471778424,-0.43297801922040313,2.570983116026757
1.3792506451704998,-0.4209691741963285,2.6524842875509873
1.3863063241213294,-0.4076601032098241,2.6239227040321804
1.393032387159901,-0.3951941022583393,2.6259339041896155
1.3995743881807028,-0.38380125728355746,2.574520767835253
1.4050678567871833,-0.3736607791904868,2.639088576250613
1.4121402040294515,-0.360565653352907,2.6232921770449895
1.418285499216806,-0.34783389732755177,2.679725721184099
1.423364438438447,-0.3364371279448207,2.703917887601963
1.4295643739248305,-0.32417951803416406,2.662334326676236
1.4360575474781438,-0.3106539377083178,2.6595873080444354
1.442946328460036,-0.29736364794183867,2.6511127893409774
1.4495125065861725,-0.2833408471948822,2.6757116541535853
1.4558596408817908,-0.2699795066075044,2.6499890247458393
1.462667954044363,-0.2564067488815797,2.6920814189193836
1.4684756202944096,-0.2460155356762757,2.597240347218051
1.4747046389369498,-0.23444651010779713,2.6891363665987043
1.4814515947149585,-0.22071382627723587,2.6969290830256982
1.4874956110308355,-0.20717393341656049,2.6984379241501553
1.493196570470684,-0.1943325182320524,2.702378789748528
1.4994054657403466,-0.18056822717311555,2.6986262690174776
1.5056623561816431,-0.1681568870648142,2.6802838945349237
1.512715019378959,-0.1555660203655189,2.6204891942722206
1.5193143874798678,-0.1437200632498392,2.6452794497947507
1.5248431569077272,-0.13054196898636658,2.7644676913703745
1.529300919056676,-0.11941093738390439,2.739470593267704
1.5332277474043405,-0.10649279843545299,2.8304927729547384
1.5362045637922408,-0.09285693453548167,2.8713403015332113
1.5402753309713721,-0.07910529236597949,2.8460774783595104
1.5434625817165604,-0.06625160749400957,2.8844196293112945
1.5476580203657875,-0.05235118401595293,2.820330937335298
1.5518973074615956,-0.039226473193839866,2.8036883839430695
1.5567229088425834,-0.024082634405911258,2.873348296392503
1.559844663108055,-0.008654273007518448,2.9855255245595655
1.5605581160882147,0.005062346778366718,-3.1279443115673775
1.5612679583870455,0.017362644581635375,3.019880615162931
1.5640679583194828,0.030979130066352396,2.886203659823639
1.5681354607056655,0.046149667320119304,2.837324616494091
1.5716330179811837,0.05978689325557551,2.8365491307836717
1.575728663920201,0.07365112403295575,2.7947638328907654
1.5807384415618095,0.08747907945188738,2.808336120871108
1.5823417614108812,0.10231531113410375,-3.087711327843242
1.5837241095475256,0.11546547878385215,2.928233843299931
1.5859759547514491,0.1281561285545669,2.937242650285213
1.588797119502651,0.14227647722760858,2.9273231365052097
1.5921296551800483,0.1552358768330378,2.856535686121684
1.5965652146581875,0.1687420920857535,2.7680452706282237
1.5999936286608094,0.18363357695773427,3.0035528677573353
1.6020089629928203,0.19801094682109519,3.0261481002324193
1.6053593816045826,0.2125152943043447,2.8064874719264017
1.6101911029489082,0.22665865508729496,2.8226661690820807
1.6145861481534807,0.23895272312636107,2.850414608931153
1.618288547456968,0.25249062385788856,2.825823074339239
1.6221963697855797,0.2667809130324419,2.826423593567226
1.6268402321278856,0.2805183853245692,2.8062627662851884
1.6315324979440025,0.29261742345320385,2.7852830504498036
1.63589307481762,0.3045588585923391,2.7633593789798674
1.6404174873084343,0.3161477791577747,2.7908028563978085
1.6454770374040126,0.3293307549003195,2.7297856980423614
1.650680234162796,0.3415139806834561,2.694142692256829
1.655925000359688,0.354849223665368,2.804644990045962
1.6610276907275576,0.3683438447978124,2.791061682885897
1.66402782022327,0.3839238058769729,3.0552810297248163
1.6584905021054352,0.40022358786374546,-2.5421117859207403
1.6537298944835168,0.41667896354222084,-3.0694735431069606
1.652807984254157,0.43078170135562677,-3.081634157606003
1.6492376583429924,0.44571409910653415,-2.7366830857132576
1.6447682027671462,0.4605672871831082,-2.8994576978181583
1.6393845091828156,0.4745064989175,-2.711522723338461
1.6348662206057374,0.4872445838873572,-2.8388248466623582
1.6305493215726983,0.5015802781884883,-2.8143609346884286
1.6280294785990443,0.5159505562272455,-3.0088078828648284
1.6274660918084607,0.5307739655977083,3.105470301089645
1.6305411771029699,0.5437844002379171,2.7469176495328793
1.633573846242932,0.5584577550863927,3.092926858768391
1.6345972425653037,0.5712576537601138,3.0479455228896315
1.635004460086429,0.5844881153441147,-3.121777698369076
1.635200418220929,0.5991130447671352,3.117950117467498
1.6359402074858846,0.6130792794413185,3.08029505177997
1.6374377471101835,0.6269484034466413,3.0247716292751545
1.6392714212045694,0.6383263795344444,2.9948584707457964
1.6420375290528606,0.6511607830842395,2.9034050100845734
1.6453622674734372,0.6636949297638729,2.8739281935353542
1.6493575101950373,0.6754049485991442,2.8288946196024387
1.6525463873138526,0.6876791975567074,2.924234802022068
1.6559439484577627,0.698836559161747,2.747285269884582
1.6609289212604177,0.7123370205255736,2.7739446865577793
1.6657172357438135,0.7244690337186235,2.737513649574681
1.6713840106193187,0.7377321796937519,2.7199035776518397
1.6773640862534995,0.7516919945029734,2.7120552292786306
1.684049737238734,0.7657262575364284,2.715515340062889
1.6903246035291541,0.7785345401130156,2.6918452514140867
1.6977660683321973,0.7923437999650352,2.6100403881186964
1.706286641180293,0.8061856347164456,2.5775680462676425
1.7136397148611193,0.8164827398938722,2.5298982419391445
1.7199170510008366,0.827947513187902,2.6789935623312835
1.7261099645705071,0.8411691562237974,2.6992794992044766
1.7320751934738223,0.8522774556647807,2.6222559086571486
1.7390536967882424,0.8645619426159906,2.6127354151974025
1.7461994504437874,0.8772538309767611,2.5803721538165614
1.7537709563425519,0.8902141096218635,2.6039456946306667
1.761008545261905,0.903136458646303,2.649685784104529
1.7672485135383764,0.9160867253539804,2.6814973082533156
1.774034170794879,0.929591179778901,2.6366064232273234
1.7812501610908023,0.9424736017857612,2.5846131081472588
1.7888455722862262,0.9536339896737183,2.5328299461243127
1.7972130409820692,0.9666743832264606,2.609341904275561
1.8041777249868372,0.9789715902378713,2.6071093183437313
1.8107946657685974,0.9915270522011577,2.652842729210253
1.8178129430410037,1.0043324586194182,2.6024397111208573
1.8248926587865821,1.0177234693973758,2.6801686721798847
1.831802098211189,1.0327142596291776,2.7074130700981507
1.8382360884795006,1.0461268138339888,2.7009513308569377
