1.413874349630057,0.7619383313656332,1.6125453679981654
1.4276698785685447,0.7630139218463472,1.6489532982012574
1.4413609412169024,0.7643263360237078,1.701495960650962
1.4560339890140668,0.7661653378511109,1.709656342824769
1.4706312702914963,0.7684448528989889,1.7500862162832487
1.4857982866774646,0.7715267622825212,1.7830209211400854
1.5011425378188816,0.7742164374855028,1.8131920181628907
1.5155504499633552,0.7769981863650964,1.7801242943423576
1.5298753829035125,0.779657998957463,1.7991912880531804
1.5451695389518452,0.7832135639980625,1.8100799624510608
1.5590494269333524,0.7864873040147831,1.8253036645259872
1.5722070890686406,0.7890852787618081,1.8228832677015678
1.5874329873971091,0.7925058065915046,1.8384100265275074
1.6009072186671922,0.7969719264930987,1.931820410839238
1.6145505426982483,0.8013090661331371,1.9153266658327603
1.6284459269709632,0.8052157366445005,1.8593747031797245
1.6425163863908236,0.8094006853123857,1.85462156222157
1.655989271853409,0.8142877541949706,1.9115241365408515
1.6715544628500432,0.8198601458980603,1.9481731766779258
1.685764254029263,0.825869380769541,1.993168096214136
1.69994834955518,0.8313836676838606,1.9554235338153134
1.7146456011855002,0.8377716091322335,2.0241441275888956
1.727600999439401,0.8442291833841522,2.0816577993113135
1.7396723384637285,0.8504601298507911,2.012062328269594
1.7536768174800146,0.8562248361620549,1.9614381088069817
1.7685597918063174,0.8620591095419509,2.005393219976972
1.7822300164566383,0.8683987095234896,2.017958760460123
1.793761662045523,0.8740730168075462,2.0580777477396595
1.807751197504661,0.8811944562130983,2.037849403328508
1.8204188062539206,0.8873814489166941,2.0455269960725775
1.832595314369613,0.8944826104095992,2.1411439404955
1.8465513245155658,0.9022735329226367,2.1068648907885956
1.8583130503150238,0.909572054547134,2.125146117050609
1.8691482867460205,0.9158607475855534,2.113635990231114
1.8815905624789482,0.9232594859093208,2.1065408427180357
1.8963073854434473,0.9309992865780662,2.057181960229795
1.9114230072633553,0.9384916529167245,1.9905656455638037
1.9235881831924102,0.9453583114971128,2.1234083323941926
1.9365801345398561,0.9528446708159233,2.1424858774392126
1.9493708193471764,0.9615505332334495,2.231622979756047
1.9613358584576686,0.970443898354595,2.2265658217755253
1.9729069767053093,0.9793039681022576,2.2504505242388073
1.9847702749865417,0.9887226207444121,2.2370476568358995
1.994713334436703,0.9976137509490723,2.322420093744072
2.005470933548586,1.0080444833734106,2.3521731255628127
2.0154458008154106,1.0180090499006846,2.355895948654278
2.025703118715403,1.0274727205647811,2.287793208142183
2.0362101372067647,1.0357413163992952,2.199751863531455
2.048125351121123,1.0459002574934249,2.3015557600704493
2.0587749870330407,1.0544244701636034,2.2517100026094945
2.070155972532234,1.0633281283264235,2.2371308785313677
2.0809579824426736,1.0728538721903047,2.3346476423788927
2.0914741393885787,1.0829715262079525,2.304936060415095
2.1015366455383844,1.092706923356225,2.3440821909458927
2.110997212618736,1.1032216996614748,2.425778579052743
2.119303216212252,1.1127678687234612,2.4129848459906853
2.1280163196713935,1.1229365104157534,2.448516768696889
2.135950105470217,1.133021146157808,2.4916950326831877
2.144114422951545,1.1442966048182117,2.486727499888018
2.1522226832532074,1.1545443165692393,2.4517072462813347
2.1592368393485666,1.1640861117575187,2.5236573632866897
2.16557847611353,1.1766571199942706,2.7986700478900857
2.170136292847924,1.1873775391396295,2.6810383415830286
2.1771376536254143,1.2005240704594669,2.624572285733244
2.1839534915597585,1.2126903258329387,2.6240430016466787
2.1898255347788704,1.2234010470755425,2.6402577732109282
2.1976852001359406,1.2367897723690446,2.585268327591006
2.2058772507878928,1.2505216561650399,2.573602271655465
2.212898531472821,1.2630379204621047,2.6627673845281703
2.2202058402196396,1.2762375392656142,2.6183047687434478
2.2278054179335003,1.2882018898205634,2.58222497621368
2.235822152253688,1.3013784533040933,2.6096892858577494
2.239770612053069,1.3179162316695467,3.11627621630475
2.2322109394315404,1.3345568980552736,-2.3741963326804303
2.227304136983237,1.3504999808320948,-3.1415353596490943
2.2260306441163515,1.3648557604363123,-2.990071281252578
2.224544442130015,1.3804691869579433,-3.0796284272981462
2.2235682154703182,1.3947594218214254,-3.0740919648720944
2.2161686736994484,1.4094319619319864,-2.4341107045160975
2.211328014548899,1.4213194918566576,-2.9921977796520043
2.211308100662748,1.4354743793395839,3.042977652727682
2.2116516659750602,1.4502215656508533,-3.1362273544172776
2.2131371380458322,1.4647145764206442,2.983706469925072
2.2155982577361555,1.4781902604729311,2.935933291495501
2.219015441390231,1.4916198896383235,2.878567128927651
2.223181294071565,1.5039311743681634,2.8398516866415306
2.226690602005577,1.5158881060290712,2.8357085834024347
2.2300052779394575,1.5290407509001118,2.9002785632665935
2.2332633629106864,1.5429309669303248,2.866001518562117
2.2373185704748777,1.5565211185772716,2.8292963571498153
2.242574646058802,1.5721520608758746,2.779200972684002
2.2473415040364624,1.5854541434283578,2.786389034967592
2.2521695530966244,1.5983666778723136,2.7833390352943805
2.2582552556391264,1.613933586333226,2.782720567314198
2.2624594607918387,1.6268280603218972,2.782166371487187
2.2676199176039313,1.63824657957457,2.713457208661787
2.2733081713070797,1.649971505044675,2.6932394584707127
2.2796893351554655,1.6616275243675809,2.601808618641488
2.285858086694267,1.6730972353876823,2.6495423808498706
2.290871903796717,1.6847043510852888,2.745161179385511
2.294434403036387,1.6986041621547134,2.932048245062256
2.297279818593878,1.713074050841352,2.9294152499640176
2.300248304470666,1.7274773236550902,2.934156960886745
2.3043228652074195,1.7428900793204591,2.7902037360014655
2.309070308752998,1.7580337539239055,2.768911640317425
2.3138335156191925,1.7732139480547755,2.8646629069782468
2.317812674669802,1.7867700000962856,2.850231577598248
2.3221994201202647,1.8011583230204666,2.7932341135182197
2.326100294665815,1.8125284163820532,2.8032260553991284
2.331752707898555,1.8265107396934757,2.7336610587325736
2.337263651055919,1.8387943979514467,2.694305705936754
2.3422141138527706,1.8516329889293426,2.790232453061961
2.3476263688519396,1.8607939328174756,2.5670919894703896
2.353994475986797,1.8719474523295034,2.6057749176470653
2.3615487316087265,1.8822830014486622,2.534176646386219
2.3667298001829318,1.8916728950389419,2.7382295800632295
2.371572064369049,1.9027984648613478,2.713955377706431
2.3779168131053816,1.9165210280108698,2.6676270962945825
2.384673896154594,1.9292991642878783,2.6618391176565277
2.390177471818808,1.9404885998218107,2.7047114605986367
2.395341369987463,1.9538925746661664,2.7966806231532058
2.399397617939623,1.9650065054929895,2.815239942308326
2.4037162067438733,1.9784713678991643,2.8033046274294025
2.4085137159129326,1.9923850704605168,2.797313832522294
2.4124491725075043,2.0047084105971362,2.800697673349887
2.4170201173587897,2.0176417181056587,2.792788341951487
2.420629606869984,2.031993418307666,2.822642961586884
2.4250897919074896,2.0452645474755915,2.824776369616181
2.4290357216962404,2.0601228338928173,2.823985911460764
2.433782674103335,2.0738184909408126,2.7928838296181975
2.437814809341489,2.0845855652114835,2.8067424368809766
2.4428880182404415,2.0983826448222525,2.7792592558028497
2.4474234297854944,2.1116535577067927,2.7446652573598973
2.4534135044745677,2.125523089469257,2.7235970454372156
2.458263476814598,2.1383706567892253,2.8294741424827348
2.463128425115839,2.15172818610018,2.785069436253458
2.4675491707105146,2.1645094651992363,2.793985853550537
2.4724695165245874,2.1780134048927144,2.7721247283152652
2.4777998397762366,2.191080667158086,2.769807623268902
2.482729334953661,2.2035834343414,2.7534450867111295
2.488166812873999,2.216659981458368,2.7250211047600197
2.492331744008918,2.230558098208102,2.8972712836250922
2.4954686638912422,2.2449004409300577,2.913517078157268
2.4987473198511685,2.2557511431527217,2.8058900016867017
2.502214947424484,2.2680486154502693,2.85862857896495
2.5053034069934683,2.280886126217192,2.91046450325263
2.5083018289820065,2.295229265737596,2.9098183949893914
2.5117688835260967,2.308977894311925,2.8355159846498266
2.5152885541264336,2.3238600082037504,2.864983118619803
2.518635337752585,2.3379791480493664,2.8379877321928695
2.523859411986473,2.35398341316912,2.7780096851606375
2.528212475691708,2.366756766277413,2.72253888850898
2.5338773928780762,2.3806408091790887,2.7518520009132312
2.5405475792385364,2.396838349668634,2.757065967864647
2.545951534604261,2.409100989763455,2.697883102075234
2.5515253308370496,2.421913608375622,2.711668141487295
2.5570808056592496,2.435357644481253,2.7015545658986095
2.5629959902557085,2.4480426344818533,2.6540239620940222
2.568932371000897,2.4595401872811418,2.65998521952882
2.575844906439545,2.473316269516268,2.66153615300175
2.5816806844877487,2.486715484969972,2.770470900867727
2.58629981019889,2.5003683405098807,2.774212036171976
2.59203928467735,2.5137812777765762,2.6967445940262262
2.5972721218874866,2.5251357539279344,2.722822062263393
2.602805942392359,2.53718390071702,2.6997844548800516
2.6088641830757986,2.550003178959771,2.661459505966621
2.615806062339188,2.5634721806297454,2.6255073315792603
2.622578102082212,2.577597134118956,2.7272666243215533
2.628449692576725,2.5913844302185964,2.747812673621964
2.634362994819582,2.6040886175623066,2.7053024226900737
2.6404995411891674,2.615768557323579,2.646588866515175
2.6468859484157563,2.627195668087531,2.628458291254287
2.653373451078309,2.6402918556975026,2.658526721545738
2.6603780634450556,2.6536587714409525,2.6624644848910415
2.6667159945671037,2.6651165572010087,2.6446024970153075
2.6717026940366164,2.6765317397966424,2.742616683839909
2.6771403697116676,2.6907689624193836,2.774720018527327
2.682034893864222,2.7055203132503816,2.7695690734757124
2.686504629868623,2.7185693552914207,2.7617014665296806
2.691533660150034,2.7325415562790933,2.7773054799561105
2.6963027282740923,2.74566185497707,2.780406629282642
2.7015648031309745,2.759809994175233,2.7561705033049066
2.7079998016309936,2.7731446028429665,2.688218719033184
2.714351312965449,2.7868781196835046,2.6967771077711338
2.720412458416312,2.7998768621892824,2.7262459398990306
2.7265148809058863,2.8149097208633327,2.73362486288984
2.7316974745918885,2.8280067393675044,2.732056951164012
2.736946754414226,2.8409956441436885,2.7636473000367734
2.7436222106573007,2.85482343574929,2.66316253146782
2.750010054668491,2.8675739875366295,2.6884047720889486
2.755573257762729,2.8812142292510368,2.7289691560749305
2.7615867056716428,2.893290199804537,2.6213536336840932
2.76779188951447,2.9051493703519715,2.6392816666273666
2.774137838666813,2.9177857329018506,2.6966424956293227
2.7803793766807297,2.9321934377061565,2.7088564521912266
2.785948666236579,2.947017365759671,2.7592642113783543
2.7910125492726023,2.9589446764505647,2.74787549787666
2.7969699902906027,2.972249806711665,2.71923337508452
2.803576403303719,2.986300511115834,2.6397449273095908
2.8097292159084075,2.9984728805549783,2.6837527513855193
2.8168128891640762,3.0125251246178215,2.6309046690750644
