1.50988957767592,0.47828486511370666,1.6168312462623562
1.5233385841998506,0.4792233106695425,1.640021177509302
1.5378354660474196,0.4801444824081458,1.65710907023029
1.5518430055661911,0.48097749276169716,1.6359710368723615
1.5671529282815317,0.48197965658336955,1.6747928199866509
1.5814798213243364,0.4831497070754193,1.658243980083435
1.5950779070183698,0.4845211452104476,1.6841069230007144
1.6091932219632623,0.48663912972253026,1.7320314608684308
1.6224948434018984,0.48942873970335404,1.7900880723915986
1.6373025969237307,0.49303526103881157,1.7981831678336035
1.6519228708773066,0.4970641559239252,1.87123666469705
1.6651326315925778,0.5007992041604068,1.8747494648716654
1.6797068553613363,0.5053770271991301,1.9004798896687296
1.6935378760988717,0.5089376866176903,1.8369171281866967
1.7075336549506392,0.5127733808918938,1.854480114924778
1.7200682657861075,0.516690088219641,1.9225630428081446
1.7335284343414643,0.5217313151819547,1.9477935878491315
1.7476072311698605,0.5269291822302204,1.9283495140697215
1.7639124738960321,0.5324208217721182,1.9367282142017312
1.7775574307863289,0.5376927894757252,1.9187736579582226
1.7923216133992428,0.5436063176348889,1.987741002082492
1.8062555187184544,0.5493522390773666,1.9833110989696923
1.820735914051349,0.5554117439643127,1.9961238102140848
1.8345500930844938,0.5625452052994351,2.068293119576458
1.846752286959063,0.5688846529825603,2.0227486022271886
1.8606461636794973,0.574811917616114,1.987667655420773
1.874663206306482,0.5809920976620018,2.014898188464048
1.8887465227874103,0.588050083145218,2.101229262573449
1.9002290110768811,0.5948004494426894,2.110281014351005
1.9131171026058493,0.6020510555784125,2.087671427986659
1.9276746573415877,0.6107590518389756,2.114377656171571
1.9400645575071374,0.6184017292663203,2.1466694865769136
1.952930997567853,0.6265326403182138,2.149624638168915
1.9648037619323195,0.6344350353448248,2.168662402752484
1.9757211982773908,0.6412820729816555,2.14093724944483
1.9868786882977165,0.6495356496803711,2.2493322476507562
1.9977067730149065,0.6572764743430044,2.183648562522135
2.0095448170586003,0.6644216311846818,2.1233217645292837
2.02182043779831,0.670894772422397,2.092457290677644
2.0354063450832904,0.6794791108744479,2.1943560314429056
2.047763194611482,0.6879926823898643,2.1576195964553926
2.0608114253104555,0.6979214392683981,2.2337919575621954
2.073800020666583,0.707882685492391,2.1832202944993875
2.0865782626142537,0.7171273432678785,2.2109637210747155
2.099192049422333,0.7262443238983678,2.216656866056371
2.111631857615606,0.7342904375525315,2.1239721625559755
2.1232090867374356,0.7422205596422113,2.2550055175335255
2.1344788133995625,0.7514989722605152,2.259180019647204
2.1453134947465924,0.760309014687076,2.2668170359282542
2.1572439133024606,0.7711691167465776,2.3451520716533327
2.1676757030560174,0.7806449862950381,2.301146583144538
2.178695787833722,0.7892067800439528,2.238726315127253
2.1902421018248246,0.7988177750486389,2.2717443821782295
2.199883373190511,0.8080986228547501,2.3511871114363294
2.2103955111778855,0.8183824701444101,2.340310616187205
2.218188419296847,0.8271311548460972,2.4573008905095883
2.2280545814191406,0.8393458393045182,2.427331695938004
2.2371144713529403,0.8487097238001303,2.346550956082349
2.2459049471639156,0.8578727503004615,2.380469125801805
2.2570718335094457,0.8695980809193571,2.349971243129478
2.2637242717078725,0.8858110601352485,2.9579820470026057
2.2687361256579948,0.8982427129707262,2.608130047237064
2.2764834524640487,0.9121310135543428,2.6439887701860725
2.2830765435043117,0.9256625324191888,2.6384349490049948
2.2908525741188184,0.939657067523045,2.6229167718326347
2.297593097328977,0.9506263945021131,2.567392443002119
2.3063007796661905,0.9639402243718854,2.5692845743870705
2.3139291216994704,0.9750699042497694,2.54582551808652
2.3218840453121126,0.9857836784868235,2.515235516347271
2.32955825716862,0.996476270135251,2.524284995648573
2.3372229209120796,1.0081224861409035,2.542428197341851
2.3455261137841306,1.0209016312618393,2.550507770989807
2.34909748592661,1.0348707205334973,3.102976032044073
2.352046399914194,1.046395217610689,2.7041857301951353
2.3509472340574824,1.0637311522931892,-2.8361954342391686
2.3493020097161263,1.0790433776286126,3.1153415440402714
2.352921687751386,1.093078268984899,2.744611207193476
2.3559994780085995,1.1075328702739613,3.0763903260904044
2.358208877584516,1.1220880931039798,2.9304473738660084
2.3601065052419115,1.1368004060132286,3.014008809242886
2.360894282322108,1.1513203560843475,-3.132723931754997
2.361917251434216,1.1650078901974856,3.0266943935062494
2.3646809546971443,1.1791674522592583,2.893285154288322
2.368185071519125,1.1928742044315543,2.9035409605794507
2.370896258227188,1.2057464873966675,2.892981683108894
2.374454456607336,1.2190137337643954,2.847476614720221
2.3782459489751773,1.2299710319931734,2.849615401351238
2.382458438049846,1.2416108245531212,2.796780325711443
2.386172737768257,1.25289662483741,2.8017666391674587
2.390188434969375,1.2654603660773749,2.821573857146224
2.3940892155059257,1.2800376657523942,2.8430998012389623
2.398281255866622,1.2939122575926199,2.84759621427178
2.4026534438319374,1.3077707013410205,2.811411579522505
2.4074481975034994,1.322728974900179,2.78317758046259
2.411478401573715,1.3374527571439252,2.808527593405267
2.416197380987207,1.3504832954093593,2.7686926431921575
2.4206201864589953,1.3643596053450502,2.7978869083102813
2.4249572973536604,1.378886289734672,2.8748406016971297
2.428981655703273,1.3934769058201633,2.8261618913563455
2.434712652101807,1.4079064972607611,2.730154857215388
2.4407963802973303,1.421962269735747,2.743487904864699
2.4466660108061133,1.4358126614573554,2.7576487908422602
2.452159304836015,1.449983306006435,2.752547561845297
2.457276410939306,1.4643313864783525,2.824412042616141
2.46182361362805,1.4788208916133212,2.8353402906200285
2.4675575540705874,1.4934446877269743,2.7134442695087366
2.473360428729633,1.5058236444169673,2.7392300581710174
2.4776495133659817,1.518660811892204,2.774658746282197
2.482484662453815,1.5319318719980053,2.7295310650002578
2.487500576133594,1.5447413712531484,2.7506775349013712
2.4932158570530913,1.5581414333773598,2.731562631343583
2.499138683123783,1.5727093705669393,2.784431008140454
2.5043182370655996,1.5855536897062021,2.7099101348163797
2.510083409117762,1.598237185998273,2.6905808940094755
2.5161355221855684,1.6100489802441922,2.6692797746776313
2.5211612318898795,1.6200100103614303,2.6889289396818636
2.528193973898028,1.6331623183535555,2.6866484386260945
2.5338874267734726,1.6459426035759985,2.7102123023374225
2.5394846638642354,1.659588235686928,2.703764605230063
2.5454868783808604,1.671815223849012,2.6753395129799
2.551904883490036,1.68417986600063,2.6585633575954026
2.5543365413026535,1.6971548437704895,3.042320286891728
2.5578257670072477,1.7095610855162775,2.750715813350209
2.5618279726454176,1.7249102943081127,2.914290888727143
2.5648054067745236,1.7389584441482924,2.918542650949635
2.5687760039735883,1.7544983289160192,2.883176748560011
2.5726754086266466,1.768321999548217,2.8372386192450736
2.576579666683512,1.7820895900674962,2.8243811256277365
2.580790489791066,1.796859211734781,2.8813116214289893
2.584468826791292,1.8094143611442517,2.818518123221009
2.5886061763447312,1.823129409605101,2.815883204162404
2.5932394849776848,1.8370551530228796,2.785353164681739
2.5976825297447608,1.8523692242517116,2.821632686183179
2.6018986409316684,1.8658996703867012,2.805990675511435
2.607398964656754,1.8808081790989808,2.7700768301578473
2.611938096586984,1.8936965266104844,2.786061618781907
2.617030072989084,1.9082199756089626,2.774292764368633
2.622133286552806,1.9215205548440917,2.770079788318385
2.626987379676219,1.9340684320160664,2.739473322592987
2.6324194585987812,1.9465848207090533,2.7085183857343185
2.6362866898056443,1.9600339457190328,2.9662099279218634
2.6385232805258543,1.9722260579117652,2.979582683336725
2.6407282918704555,1.9841942156306915,2.934698424182961
2.643345510448084,1.9987058496616845,2.933561030726391
2.646394572899949,2.013180191434564,2.9169174959449053
2.649845803213098,2.027173534534494,2.860261080699769
2.653770305287599,2.039564065370585,2.8254197061108943
2.6586765878757466,2.054308131349081,2.8514383607283635
2.6634954111861493,2.0688259056583607,2.808880798377387
2.668581485193037,2.083061124273483,2.786247436682907
2.6733149243968195,2.0965001910862084,2.7584575432933325
2.678769764490705,2.109269540030884,2.7324958001667246
2.683398538921041,2.123092539597177,2.7927382478200236
2.688319901189366,2.13668323605433,2.7711069751381725
2.693606195868932,2.1514137946361975,2.7375802899536454
2.699120820012319,2.1643762605090107,2.6861798328470656
2.705547295206704,2.17676492447865,2.6485434066085234
2.7117257498112735,2.1882029985044436,2.6409800827199374
2.717937448723058,2.1996490633290433,2.617257908217419
2.724964728099493,2.2122913071737385,2.6729328162668815
2.732514022914944,2.2275096010372755,2.6581766909047917
2.7391852104940724,2.240199151039043,2.6543180552887624
2.7461835876717995,2.253759519805794,2.6892701974894604
2.7526003507654906,2.2681849901831876,2.705503709555413
2.7593586198374953,2.2803153043360433,2.6145656435900606
2.7653116912940017,2.292118740761642,2.725565613111044
2.77121608700977,2.304699906630526,2.7245647225998835
2.7764586585209066,2.317843067962905,2.7318609467674024
2.78185861171386,2.330033374394742,2.690266640021846
2.787958863801,2.341866327243318,2.662782254787448
2.793672953159537,2.3533745157201995,2.6990128748612436
2.7997641882570625,2.365397669860158,2.6892244414658015
2.8059055138314153,2.3782839232794744,2.673721210081432
2.8126824507632806,2.3910610997916435,2.6814929325079517
2.8178281934592397,2.4037427496940933,2.743186937956748
2.822931888008133,2.416323989695932,2.771631402269571
2.8279001800868273,2.429163065270799,2.7708050942028453
2.8336942744387095,2.442769728946549,2.722353342927759
2.83899110567022,2.454619230717335,2.6969776962033865
2.8448914866896966,2.466140111395787,2.674515429787647
2.8482481368099326,2.476501382745811,2.834034944374105
2.8522981662689166,2.490431433710608,2.8559772146769697
2.8562960839514187,2.5024302695529563,2.7986916958241195
2.8605777325773607,2.5147773026370186,2.7958350173987987
2.8651351420206934,2.5288338967567925,2.850805435452746
2.8699484433683384,2.5437506270670505,2.7857801390536685
2.8748118830327005,2.5578233983280048,2.798366936472219
2.8794970461519895,2.5714433342405676,2.794401470450445
2.88463143254859,2.5822665722318843,2.646099627694852
2.891824315595395,2.594937176269971,2.6050075129464707
2.8991481387179845,2.6066373517987667,2.5530961763029123
2.9070903461563713,2.6198476463955243,2.6428727367942155
2.91436293149248,2.633684125593169,2.6638016268759177
2.9214432774135934,2.647574140750084,2.6705658224083604
2.9270295903395533,2.6612364335094316,2.8201857793431326
2.931647521838951,2.674828329042145,2.8019768661255227
2.9374490073820523,2.6882575720513007,2.71704530669242
2.9427200210778954,2.7021660521545945,2.6946427206477552
2.9492498613669333,2.7154329600338447,2.666445824736149
2.9564451468445756,2.7300736473042004,2.6655893688351386
2.962256397160713,2.7422528106546893,2.6582660200448127
