-0.04876962384241213,1.0569302480531757,1.6190714673779065
-0.035170886561896195,1.0575439443145083,1.6252377144990013
-0.01994870366244224,1.0582250509389513,1.6374206154868358
-0.006160167465295603,1.0592206231209764,1.6599154768703839
0.00859322189050391,1.0604045043038755,1.6534544096221504
0.02335576577195354,1.0617653796547664,1.6800652914353742
0.03737120552057782,1.063683365882452,1.7428244745609194
0.05151644539247815,1.0667036756841866,1.8092776343034882
0.06680028457632044,1.07081478427876,1.8397872219062354
0.08218669189540585,1.0737431822647,1.8295296625475375
0.09614681381504654,1.077790221759445,1.8677851437889992
0.10841427039793469,1.081539657800043,1.893560959465764
0.12212489588883002,1.0860628524729965,1.8642791276970936
0.13620297307099963,1.090285560089246,1.8585745559687183
0.15152240531714742,1.0941151857892666,1.8608240315538704
0.16706636410113548,1.098337396097093,1.8840447776361298
0.18211257347253865,1.1036812293739764,1.9414174970066183
0.19717819925164634,1.109369260990257,1.9306135168274907
0.2109436777206719,1.1147478337997676,1.9498765047592328
0.22399645787423328,1.1199010964500058,1.9838501997552305
0.23722093204070419,1.1251054745914024,1.9609870872370596
0.25086320665999556,1.1312757487483367,2.053343689068143
0.2628410523696692,1.138144659312705,2.116780158855561
0.2756732857241102,1.1441533679574318,2.008397847831584
0.28848744153256706,1.1495056810764395,1.9678028666325513
0.30204427023141833,1.1555584914503807,1.9968594538730358
0.31450731403044596,1.1614992404949258,2.0193088523875846
0.3279584578932916,1.1672447204156537,1.9771433340165372
0.3430297569574043,1.1740572796578896,2.002743195734756
0.356051710964774,1.1795065196680445,2.014404814099922
0.3707705029256889,1.186671017068162,2.0255855201588018
0.38387789338264383,1.1933682817337445,2.0898742233636187
0.39524727719233566,1.1995269898065288,2.0576300969720043
0.40937652013329195,1.20688750093901,2.043555831016446
0.4239767700999993,1.2138207561230168,2.0570408449654365
0.43673020606710283,1.2205351580723136,2.051036640178355
0.4506901447870175,1.2286129596219855,2.1464552338341765
0.46294447512515624,1.2369224302456208,2.1833368594689615
0.4747337108755353,1.2455232067913056,2.202138161104131
0.48569428974833645,1.253972535893599,2.2127120921383936
0.4964356315187311,1.2612220522893134,2.1752784655922417
0.5066252034222828,1.2693657913326966,2.2602841952653376
0.5180300460587528,1.279009791832504,2.267107296988774
0.5292821696069961,1.2878301559990628,2.210124315040041
0.541846404098028,1.2974929045965373,2.2552334720017315
0.5540222793479544,1.306459965791378,2.219943279226473
0.5672192923689813,1.3167236119879304,2.2284447414363324
0.5774268706339116,1.3260388714429825,2.3800310492942294
0.5868463140053586,1.3366409469267853,2.4138087540310544
0.5964750319337323,1.3476392435635278,2.4097603060282373
0.6062248633433236,1.3577568686449568,2.3522035733765057
0.6162691974663289,1.368690065956614,2.4261519642374574
0.6251991589455779,1.379042007846742,2.422298593230781
0.6343662147641334,1.3897424720927187,2.4300119999752385
0.6438299089218934,1.4013815584401004,2.4842769205535618
0.649337985276611,1.4102187425079076,2.5970665033690232
0.6573232401510845,1.4216367187608892,2.461843588755809
0.6666486198105961,1.4333014909691977,2.453953123110841
0.6750736719385625,1.444682506495528,2.4933451734325174
0.6838435070354749,1.4554382825212473,2.4352118125859255
0.6931920110523169,1.4669717959102337,2.465910262327307
0.7019451670702433,1.477816546498446,2.4538694803713534
0.7116535814162711,1.4898948823628562,2.452477667250301
0.7209130763836952,1.50180161473538,2.4839531533149275
0.7307094022998124,1.5152936166328894,2.5078914950121995
0.7403091372877058,1.5265759145044429,2.393020930986036
0.7502422793089196,1.5390713952093984,2.5031540607935656
0.7582095746495188,1.5503002939512465,2.5462917436549555
0.7631794878732024,1.5628723087342196,2.8847483386253696
0.7682038019386191,1.5754360303095627,2.6356279548557735
0.770386577598999,1.58944990446643,-3.094450235754017
0.7670908062123655,1.6040592764117967,-2.79207033182611
0.764377971858009,1.6193038539979503,-3.0598760740719104
0.763516619571139,1.633883183689032,-3.110587712915697
0.760213829010618,1.6467221266057699,-2.7208180145905936
0.7577489278382666,1.6623272041712478,3.0792637634053452
0.7607651946360023,1.6771972902521908,2.887178681698149
0.765968102751264,1.6914803583815265,2.7760028430013857
0.7712713737223665,1.704283547527279,2.7189095910603687
0.7723535150217224,1.7177492094983502,-3.0407098030918327
0.7735226377594149,1.7322007458670714,2.9601594589239024
0.7773217498732277,1.7466041732225,2.8381301886593078
0.7793450965977923,1.7615680864555299,3.1059032017317616
0.7814428668282025,1.7758590729565775,2.9459259620309783
0.7855916087603195,1.7880754499849107,2.702452019326075
0.79000121677022,1.8020289567218917,2.840085313431184
0.7952613027488008,1.8152562832480998,2.6915551468195607
0.801386632918884,1.8294339505883557,2.7204102358241977
0.804360271685036,1.8420026938581076,2.987853722793006
0.8057355380134559,1.8561211956585595,3.065996409122933
0.8082578094644134,1.869221716237483,2.8955205062762186
0.8085685648519854,1.8818853603655932,-3.0379849517526236
0.8102304181969842,1.8943534022563673,2.836946464751532
0.8143654491600616,1.9092486144301741,2.888822841113556
0.817615728821155,1.9244450792117667,2.958593483016857
0.8192326282136076,1.9396906337481332,3.0951125612038846
0.8179888805372667,1.9532654585661589,-2.9149464364455895
0.8132424426127577,1.9650870956269415,-2.624789875106406
0.810010336009076,1.9781272741140394,-3.1001948413185785
0.8086012814163157,1.991489435091639,-2.9821646292755917
0.8080557700220199,2.0069539650583144,3.138461431253628
0.8078033879509999,2.021367314846898,-3.091170894171024
0.8085422632781363,2.0359803997926638,3.025392115118672
0.8099184722117869,2.0507874970404054,3.026126341985378
0.8122426679282104,2.0654288008764974,2.9654869221681057
0.8142657620846152,2.0790407646367854,2.9875519732341225
0.8168619876285728,2.0930138311381037,2.916132167164103
0.8198997374604857,2.107168907342215,2.9503580032367203
0.8213037918965131,2.1179119029255196,3.038959384788238
0.8231499423743454,2.1318725810002377,3.0027367525464568
0.8254641798410955,2.146058687856689,2.9788518020941503
0.8277150730383188,2.1581503479370774,2.9661812897392363
0.8300691159785352,2.170218128048892,2.9650602267994546
0.8321262329831087,2.1814371918448097,2.930202854198789
0.8351861413054158,2.1944039173358068,2.9077028165119594
0.8381356862968663,2.208753629105072,2.8952640412664397
0.8418410473164485,2.2225739184888935,2.8334684856820265
0.846000756509686,2.2345417427073646,2.783889022907809
0.8508034893915313,2.24798130482962,2.7785029183337993
0.8551467606356652,2.2623627021324717,2.8651881824265915
0.8586621527267307,2.271569711586286,2.7206382677273115
0.8645778738096332,2.2836425327821046,2.6495314378922434
0.870645009824921,2.2957450610790104,2.6769922229574235
0.8737417542045555,2.3062617879487877,2.9472423622626573
0.8783931343986845,2.3194983231700954,2.661653465118151
0.8830805250143481,2.3323145147188935,2.8584883928896514
0.8867383679175,2.34255401472737,2.7944906155412363
0.8917733009651874,2.3559561211541693,2.8004875991002924
0.8964516850307997,2.3702654605826696,2.8311684616719073
0.9009669655891578,2.3850528594428293,2.8199959533257233
0.9058994730648695,2.399895140187951,2.780721060962566
0.9108407980187814,2.414928654755552,2.8048505947457585
0.91506140234624,2.4288956458308983,2.867723895500965
0.9188800499590144,2.442380659923906,2.845635680080465
0.9236076569526466,2.4552985062642567,2.7767048240938657
0.9287184411768686,2.469085276711143,2.7455179159491596
0.9342972720773179,2.484247904494407,2.7591589020761336
0.9390182050281274,2.4979785236385372,2.7285719076561525
0.9444241727844143,2.5105621590591722,2.703402432888731
0.9493827348720768,2.5209860406425757,2.6891809482288433
0.9545272084379764,2.5328978291003375,2.7503435449163693
0.9596203067529737,2.5459343458032677,2.754187900582395
0.966127305319291,2.56011573186024,2.6825277161288104
0.9719900527959572,2.5727188570845425,2.702179426831196
0.9782653047143927,2.5864759955781205,2.6946115997235696
0.9840270034638197,2.5988723706232957,2.7572990807689033
0.9886023520439405,2.6119943467151754,2.838329388585299
0.992601242280104,2.6261373721347536,2.8159622876412373
0.9972193941525139,2.640970722828229,2.784743851618612
1.0025666342930568,2.6543863716065874,2.758818237224858
1.0075871273684611,2.6675273586594828,2.7496394550062084
1.0131078027978655,2.681571881939353,2.718323731198226
1.0187646273388566,2.694501502043814,2.709858820085408
1.0255467034359829,2.7080368977265437,2.6796546248015867
1.032401513394185,2.720988314619386,2.597376147924565
1.0390287571420658,2.7329916529061005,2.6291914334306195
1.0462364567624172,2.7464054074109177,2.687342344722771
1.0533612578952396,2.76146163247024,2.7197591873351237
1.0598108908111032,2.7759755103014467,2.7356868159220356
1.0655586062673865,2.7895961098292736,2.7282592935940975
1.0708733089752556,2.8049484252623413,2.7940380924381807
1.0759852998993693,2.819267879925754,2.780039658651753
1.081553390306357,2.8335357367394485,2.7553169677868246
1.0866484927049518,2.847899047596217,2.869514092431094
1.0913004400146342,2.8622782747456257,2.7863266775181397
1.0949041599200147,2.873791229797674,2.844343065138424
1.0994217710683372,2.884532702295785,2.694088058797277
1.105918993358082,2.897985155629883,2.6954643385354036
1.1120460605349933,2.9116457547684216,2.71807868398694
1.1182839334651533,2.924475790722405,2.6769003200134613
1.1246757973601282,2.937342645445536,2.686951039407964
1.1299171360882139,2.9514955962216827,2.7951655776508346
1.134039485189917,2.963497248693824,2.7829400419044297
1.1391916927739152,2.978631292004153,2.8079988146025285
1.1430444235519919,2.991476410833247,2.8595879619473688
1.147608252380226,3.0057959036802955,2.8102445461852885
1.1521931401035168,3.018401154892043,2.7459172954083924
1.1570712049602365,3.0314769927576926,2.7689325491504073
1.160844031037086,3.0447108149313444,2.9145471355887995
1.1645753970633412,3.058543611038926,2.892288608175362
1.1689466401807875,3.0728141946559644,2.7892477435749776
1.1742893346603647,3.086056224489506,2.730490722245399
1.1789239939939333,3.1003366942594615,2.7878004352420183
1.1833271003382066,3.1134145014704933,2.823314573899599
1.1875787574659877,3.126083772842978,2.824073770231373
1.1919982240273057,3.1394194121199086,2.8279591867843887
1.1963741271215385,3.1527732222196363,2.8066860266136837
1.2012807919481883,3.165037529251461,2.752406028741164
1.2069502768479394,3.1786371163277094,2.7501223473595555
1.212410964862887,3.193303761115021,2.7934592729994603
1.2165544989673782,3.207305409748101,2.805481660836104
1.2218971837191088,3.220775468153299,2.7422560130102007
1.2268163968064925,3.2332323656534814,2.68162316318199
1.232461842695062,3.246510090673766,2.755198214962215
1.2375588690499182,3.2610215945330383,2.7380341121771754
1.2427959191313784,3.2748857658327486,2.782846999014977
1.2476411878633487,3.2883665120523933,2.7651690785804184
1.252077155282382,3.3002151384680185,2.760793373951539
1.2578509754535565,3.3134439478326403,2.692268778596293
1.2651754952547944,3.3271402795678977,2.632723719451608
1.2724214079054232,3.3404988318012196,2.619527217961477
