1.210562558374246,-0.25193367522724375,1.6180245446657737
1.224224082537221,-0.25150850532424107,1.602754126424305
1.2380706399301282,-0.25122319124791254,1.5984926049479873
1.2523954664082202,-0.2505226816024241,1.6256007120616984
1.2660120765707559,-0.24972317139691408,1.6325006777283353
1.279679453817413,-0.24867065308339034,1.6700819199803416
1.2931014838844623,-0.24743549957195027,1.695600407809136
1.3075779254606013,-0.24475555904382065,1.8135422066876055
1.3224487037422372,-0.24080605267820868,1.8301230763755354
1.3374107236793553,-0.23691387752293014,1.8275986843365475
1.3524326915977698,-0.23205014077479788,1.9048104693421548
1.3655289589827084,-0.2274081949266155,1.8981057530735914
1.3784761824920473,-0.2239209491933958,1.8602752032149128
1.3916504694746936,-0.21939484003312937,1.8792649824379108
1.4067698893217748,-0.2154178895648884,1.7887013496899344
1.421237412592138,-0.2115158390369415,1.8853183008354477
1.4368711700966335,-0.20650854212229128,1.910361871347112
1.4493238689186076,-0.20195426088539722,1.9458146651858634
1.4641530718197515,-0.19625382399708313,1.936426358727978
1.478433315368167,-0.19171464057727317,1.8930426328167198
1.4927760748131005,-0.18696084232811327,1.9361732083684355
1.506474386025312,-0.1816365074035216,1.9385439206263173
1.5203399824748831,-0.17696558578157523,1.897484106509494
1.531230971778698,-0.1730879890427015,2.0160005893643937
1.5441325479919525,-0.16732802426147417,2.0144436786583806
1.556709050785874,-0.16122801956940025,2.0529974168665834
1.5700110053151834,-0.15343626788671644,2.0880878631248048
1.584775984523535,-0.1460587907767197,2.016006475371115
1.5978017787587797,-0.13881124323809327,2.1107594811117942
1.610083825198756,-0.13086354316332705,2.185237771558373
1.6219629885846139,-0.12345512682076051,2.132292951370289
1.6346338276167904,-0.11586565686649927,2.1469737766245127
1.6481926749949216,-0.10883650654738634,2.0125642814607008
1.6632477072208844,-0.10169696097281192,2.0429086420770166
1.6752153276810855,-0.09578912388773511,2.0496570241055103
1.686580993787148,-0.08833472537520828,2.1892701194736546
1.6981837431770337,-0.08005049852061114,2.1952609974204194
1.7098175604814625,-0.07146424819040147,2.24128467169552
1.7189172012287504,-0.06326263280498906,2.364149202429722
1.728822521667326,-0.05418651370110236,2.310061447580558
1.7399473967056736,-0.04473527369043906,2.231282719003076
1.7499971112581645,-0.03686557759802645,2.289952590122211
1.7610188329201428,-0.027052493312003,2.270895349706181
1.7717335088319868,-0.01799967675249662,2.2585211280075983
1.7823442813356083,-0.009337320571952098,2.2147866780612295
1.7929682221363266,-0.0012322138784983145,2.2230233124656267
1.804889838977265,0.008774870766583065,2.3078069680375157
1.815968332857788,0.018642468001372068,2.2982982735399444
1.827521444136367,0.0280600296423615,2.243378226101984
1.8385274170705401,0.03747616032941401,2.2997591292485198
1.8493989817256622,0.046700946896246195,2.24232565765206
1.8601476116904172,0.056435775467508796,2.3468341028347774
1.869723801635321,0.06457876154749222,2.2490445871669027
1.8808399164873764,0.07331494421882695,2.2770680671280026
1.8911217402335752,0.08267036896937126,2.306033627959758
1.9020350427694372,0.0936209608584651,2.3627365572130525
1.912485563310566,0.10395215082745943,2.359744628164555
1.923112740234312,0.11503599954444621,2.376063306204434
1.9337620223293988,0.12544988595015244,2.3458756567045915
1.944549324005724,0.13673600511917858,2.3778741972405144
1.9540532183015544,0.14661765984758462,2.3893731499026662
1.9638258613189286,0.15768651867051045,2.476463660377823
1.9735968224392701,0.17040351422535943,2.4981002370264878
1.982536196608785,0.1819727517416373,2.491453063647299
1.9913555192151795,0.19332790116570145,2.487684672893003
1.9996126173128461,0.2057250333781422,2.57912035688076
2.007715978824425,0.21906003431502583,2.5641028363616627
2.0138327271421543,0.23062018889714656,2.7071442662832275
2.019876501600695,0.243773981152947,2.65814614490384
2.027454879178389,0.25742498428575333,2.5829721685348184
2.0356293666267575,0.27049996526983716,2.6113291231628715
2.04309583582407,0.28133813069781105,2.525224767119061
2.0503197818200225,0.29203008080167353,2.5235235438149672
2.057816790046246,0.30320984876010193,2.5236785677085667
2.0657084500901344,0.31451371324499827,2.5322100132445824
2.0730032748145857,0.3259011749147461,2.5791540290195893
2.080100976931249,0.3383109571471165,2.5931230655548188
2.086744008455501,0.3505109998562238,2.6358829590482054
2.093039060338998,0.36454679468225337,2.7989052397800913
2.099177864351528,0.3773780959938294,2.629229668498385
2.1059237835075657,0.3906141623531911,2.6804830953664953
2.1103428940665983,0.40245054164128075,2.869776126417423
2.1142450557042034,0.4128139441200472,2.768192634074862
2.1190958507234843,0.4249782483880781,2.751892479806139
2.1244376558535927,0.4383490819454188,2.7519282882215785
2.129010384285834,0.45174267607359125,2.834336163763968
2.133584708284072,0.4640808491213768,2.751362770224999
2.1385221716411995,0.47766575047671583,2.740088956922661
2.143799998685981,0.4919425448957192,2.8270354628064336
2.1472366914957792,0.5050463002213896,2.8641139609313178
2.151666351761061,0.5182870488485021,2.789493821408557
2.156870468494388,0.5328253420335954,2.801099031939854
2.1626224787096717,0.5476731511407278,2.7583523607332516
2.167797857801392,0.5609133348772266,2.753038179105431
2.1715487972599123,0.5715542888159829,2.8060408511043096
2.175839237525293,0.585444072644336,2.7933708629408702
2.1807301677894055,0.5977554790468602,2.7370132592544794
2.1838638226481883,0.6112913670550557,2.9573776106285687
2.186845201344255,0.6262381546607791,2.929251866678318
2.190459823209466,0.6395064126067611,2.7899644386119618
2.195560094548199,0.652987415775374,2.7536999308547845
2.2004907625709085,0.6661786575323687,2.734942741511083
2.206374062373007,0.6804058579518295,2.7765062886816967
2.211736468611474,0.6946126897493564,2.748232389301609
2.216114158641474,0.705847483680395,2.767858611457894
2.220938884677498,0.718428331468537,2.7873936244321302
2.225951816877002,0.7313798577273541,2.7452717630779984
2.231290023469286,0.7435467973638704,2.7339692189188836
2.2364062273818877,0.7547594062507316,2.7133535223329295
2.243438940305587,0.7668403092328797,2.582088220607338
2.2498512136613864,0.7785399870741173,2.680544644869694
2.2561607437774653,0.7924356646212344,2.7505569938535035
2.2614867623538513,0.8062648536533003,2.7360266709565213
2.2677419263162126,0.8207887545030697,2.675762568767429
2.2743152625759016,0.834279428540039,2.7063773941885114
2.279251738247486,0.8443242693473717,2.6871661862902667
2.2849402719043206,0.8566672921900179,2.6981111793680737
2.2893144191400254,0.8677522329464313,2.755513032919103
2.2934547399860294,0.8808933081829752,2.9243347176141024
2.297752630670846,0.8956413998926226,2.865237459704717
2.3012237179464696,0.9083837933504801,2.865857525078122
2.305617985875469,0.9215680992872161,2.7903958093474053
2.3108030738470586,0.9345166089757858,2.7719594946013597
2.3155175501156524,0.9478338832550084,2.7892458487037373
2.319616637570238,0.9604342142074146,2.791094429582488
2.324057345585223,0.9743339142731764,2.794353672502407
2.327809053182016,0.9869676992981679,2.803550831316815
2.331525773817018,1.0020391091904381,2.844451533831536
2.3347677908022813,1.0146011887963837,2.8273548069258383
2.338603080749911,1.0271254947409438,2.801738202301215
2.343170576741667,1.041471083685668,2.7922350124921267
2.3482636410133817,1.0561184116661,2.7839845361893025
2.3536255995134576,1.0694332069087942,2.723963576190021
2.359689463494078,1.0812389971423844,2.644511485510529
2.365210517708861,1.0924375170486793,2.684910808619146
2.3693867249925398,1.1032549360978123,2.785071919291881
2.374821049123937,1.1150532635335537,2.7240786525119325
2.3790731017643587,1.1260865062960315,2.787663523053956
2.3836326292521006,1.1402508609570947,2.788438024402013
2.388331581404756,1.1537152407936915,2.813180983893955
2.3931726846116224,1.1656498742249302,2.747383637216068
2.3979459238995346,1.1778495247021579,2.770844167688166
2.40183495955452,1.1913000689008841,2.870547593756271
2.406111383601328,1.2033793611967558,2.796575160185752
2.410995338361509,1.2159454073264084,2.7786678867196084
2.4157017044123283,1.2287150524876078,2.77225562670169
2.4206531257981103,1.2406044556011333,2.7236987593180544
2.4257724372492095,1.2539725410074711,2.749721225221891
2.430835686681841,1.265975172038745,2.7411593472996736
2.436230537262299,1.2781110800637356,2.714661598499584
2.4421336849415125,1.2911478559356115,2.714938512656968
2.4461216489061566,1.3018986923531122,2.7581803602567914
2.4524877268118774,1.314797922884304,2.626378820338693
2.4594933737171827,1.3279424815818108,2.64660014707652
2.466093456180977,1.3415021457887522,2.7333061744471716
2.471643454120917,1.3547148505404942,2.7011272614271373
2.4776175550645325,1.3680593102104008,2.712079961780397
2.4827068937114305,1.3794796652158858,2.716551515447006
2.4882048315106866,1.3936470946208184,2.7228288391543702
2.493197440091139,1.406329720305714,2.760058593850549
2.4976632567277464,1.4204896651973444,2.766516448414722
2.503004128445856,1.433130292824,2.7189948728042364
2.509245443307575,1.4481711804251056,2.7218454066554294
2.5144638783135895,1.4612959788092723,2.734407011609577
2.520754162699538,1.4750243103410812,2.7416993629262834
2.5264157592819854,1.4886489378228516,2.7743463435386926
2.531239830418136,1.5029958710308262,2.740901938598526
2.5361742370936122,1.5181630421844534,2.7831077651755485
2.5412094790841246,1.5301845500178217,2.6806273030585386
2.5482043320612764,1.5443338809185478,2.650830343297514
2.5550950344637666,1.5581133456562049,2.69434142702317
2.560362107706031,1.5713455786329098,2.7339033002173005
2.566021938225561,1.5851490598134537,2.7403262890222497
2.569596788374571,1.5990737327784013,2.931983127925844
2.573818375477648,1.6127249811582585,2.7996272171095695
2.5787707428565563,1.6279631609564718,2.8488160936706914
2.582229888071509,1.6418847368009934,2.885991396226896
2.5864845719204124,1.6535942438824698,2.792345220057724
2.590945256386147,1.6664198974273972,2.796944686668991
2.595987297135214,1.6788775997294407,2.7617519803848567
2.601314964580422,1.6931335136186356,2.748723046869529
2.607757315050446,1.706746040385145,2.678001409337336
2.6144385471020235,1.7205356693528875,2.6817272130657006
2.620697144905363,1.734559090733464,2.731340416622165
2.626230107299035,1.7494565470974317,2.754835204194032
2.6316092249146923,1.763967965203458,2.809606937995306
2.6365851600168817,1.7771247194741362,2.7137631143977514
2.6431600587810613,1.7911614728699172,2.679953613506331
2.6489985633517383,1.8045601836428935,2.7390226637395654
2.655215038263669,1.8175044290949247,2.6781492737719317
2.661452973425572,1.8310904818479652,2.7847257673055137
2.6667829176989035,1.8437080194554598,2.689847944534687
2.672126213333281,1.855400457957658,2.726834373212965
2.6779369910146436,1.8682487242557635,2.7114153304550084
2.683447653958846,1.881065571623747,2.712648320510214
2.6890284311156933,1.8945550176087491,2.7074239877045265
2.6960561182693583,1.908814911132383,2.663694532589284
2.70212616840835,1.9221453601026426,2.6971201953925403
2.708322345493409,1.9352673451445803,2.69010338472868
2.7146006749571097,1.9484838009185927,2.6610238238498805
2.721028034680784,1.9606599044693216,2.645053601573106
