0.9177008231114989,-0.1924615833823926,1.616343837428299
0.9312053091997194,-0.19190102791754146,1.6127796022966998
0.9450645448699672,-0.1914624559194904,1.6153514323753713
0.9595653592652164,-0.19072789043342406,1.6280167441786708
0.9744544501241064,-0.18987487642023457,1.6258635452748658
0.9879617625069371,-0.18857536321069057,1.649698770542197
1.0017750221324677,-0.18720921989761385,1.678878175308217
1.0151191949321143,-0.1852121392765253,1.7459426307590105
1.0290553611356634,-0.18297915077333735,1.7574396990499481
1.0431858113247012,-0.1807377235371317,1.771097160334344
1.05760967467464,-0.17837280530434876,1.754283621123898
1.0714594593123061,-0.17577193075437617,1.8017830892919697
1.0866012648870067,-0.1726729617633722,1.757102910530567
1.1013421313832716,-0.16986022578388313,1.7901886295196305
1.1176678696953508,-0.16610686574948266,1.816615666668664
1.132198187345699,-0.16258815882373365,1.8531347828771927
1.1477070767824502,-0.15854758028949284,1.8313897474219578
1.162632653919354,-0.1544042723227591,1.8980437387237956
1.1740167839484024,-0.14998077119301212,1.9889675332803418
1.1886111962888506,-0.14464608995004988,1.8591723439895362
1.2028996038443553,-0.14026357439489928,1.963282975130468
1.216642487193226,-0.13523143160010145,1.9109593854947644
1.2318812679659095,-0.12982375678725858,1.9499984313756606
1.2462228521518985,-0.1233443884247897,2.0203223457894044
1.259906136302921,-0.11611545355712317,2.0788492714259865
1.274739859746987,-0.10920855841971526,2.026253509675715
1.2878014094932364,-0.10297056889271479,2.0452503345422106
1.300842130859393,-0.09620513943309161,2.0542112992318917
1.3152115058269809,-0.08851429789127407,2.131836762811618
1.32589963609431,-0.08192365163747564,2.1282138347180215
1.3369584853098573,-0.07506477260818303,2.0744395451805433
1.350827641681275,-0.06723714741339716,2.0894092335910424
1.3643953655864698,-0.05958497485006142,2.0972555103836874
1.3775992503566734,-0.05136781894213045,2.110460053937591
1.3906368146925152,-0.04311576495843582,2.1525640443156506
1.402973822802153,-0.03524153000982529,2.122001833027288
1.413987084929226,-0.02780148630758097,2.1899119422671895
1.4259688278220524,-0.019738423139947132,2.163996762904016
1.4398486084619184,-0.011601388059947555,2.103169997904872
1.4525624994125732,-0.0037025232080788073,2.112041965663752
1.4661166622507122,0.00430947698515742,2.1051441098735593
1.4783329696986738,0.01217102586569194,2.1512173524289078
1.4900800151530145,0.021756925853392572,2.300919625948502
1.5002043698625263,0.03052607693284606,2.269757719775643
1.5125113642763177,0.04047180776842388,2.271071590542935
1.522916164087055,0.04890666458022503,2.2386812416571065
1.5360680567976883,0.05862477102040628,2.21288983039067
1.548548256656405,0.06829273368902639,2.24604503460377
1.561636823601841,0.0786566953343172,2.239152851223802
1.5730956897236574,0.08713436864013777,2.208710487741423
1.5833668581786382,0.0947001739659198,2.245508035458445
1.5937388451070371,0.10353890296972866,2.2745998649333687
1.6042556681763898,0.11248928988534508,2.2776195548724227
1.6145442941823307,0.12083796320363299,2.2592197976477073
1.6239112200574406,0.12891223432056118,2.3289938882256864
1.6333515832401824,0.13858561093882435,2.37723050029391
1.6423639363082938,0.148349272193282,2.43195661310419
1.6516711661869359,0.15822441215967104,2.3354059041925503
1.6618438654774048,0.16786152052453449,2.281011483643361
1.6724193356454276,0.1780806093850877,2.3882842458660747
1.6820082350984074,0.1888269507217773,2.4258282859145606
1.6918200934098104,0.20127264823963342,2.469309956562951
1.7000769843461694,0.2138723990470843,2.6719801095421905
1.7066079038278457,0.22466827067707207,2.5499419519509585
1.7149519867067873,0.23634235133170894,2.5064083266193893
1.7237116834784,0.2489333910401616,2.5634364378752825
1.7300312282681425,0.26054835018360123,2.6426746176772724
1.7367025687351518,0.27319028474547674,2.6685075965801355
1.7431322277964545,0.2868470886783743,2.6566139446266557
1.7491483801975933,0.29697982567522957,2.594803578712564
1.7562573789512244,0.308910825405362,2.5817344696248647
1.764799181723729,0.32102083368731826,2.5295691892808576
1.772409392634404,0.3315313288990064,2.4900053555470945
1.7793169575818313,0.34112435637588795,2.5045926185451792
1.7871300251348188,0.3514085292664537,2.4548225479429924
1.7947318562481842,0.3628452347198842,2.633706767286683
1.8013272328392043,0.37472430003718715,2.6262180634583143
1.8088175070961696,0.3887269543837059,2.6390041655108623
1.8155986018424453,0.40104951620255436,2.6293666661155717
1.822208548240044,0.4143646491306567,2.6500839685656787
1.8282294520344338,0.42617341198364644,2.6122707334068074
1.8336495601083551,0.43713255079861546,2.6583667148296537
1.8384961467310057,0.4488329496293764,2.781060753846024
1.8420679679922365,0.4618105112324093,2.9387394302680874
1.8449130572497165,0.4767528045543424,2.9154593964997595
1.8491551750355968,0.4908679638004764,2.832924441594716
1.8546205883487965,0.5054345656923883,2.7301563177005717
1.8591763755504855,0.5179277265872961,2.7380383071630594
1.8649934967204629,0.5330998195374397,2.7425467389832257
1.8706017582623216,0.54711398811251,2.75427181517833
1.87567078269002,0.5613686227503888,2.7516899683730305
1.8810571224659864,0.5757038035458514,2.730041185703104
1.8860260833301863,0.5891460753264631,2.76387719221612
1.8915471485734916,0.6019509343126082,2.7173663333882976
1.8970728177901717,0.6144371294468144,2.709880248735672
1.9026246570840006,0.6274763518777173,2.7123758630579315
1.9054443528552425,0.6409490307444661,3.019399339188363
1.9092900701832096,0.6550330207121844,2.7712594087084916
1.9144264697274418,0.6689119205967887,2.7626322207252207
1.9192631333319028,0.6820893428244207,2.796396880147688
1.9240853593735723,0.6965367384029693,2.760486191380832
1.9274718696353397,0.7109341022968346,2.9692838876841936
1.9312752226039998,0.7242759642389017,2.801703673336916
1.9358134324909195,0.7382436523926389,2.804832126089729
1.93939163221419,0.7502953669430362,2.8438201997734445
1.9439986563614704,0.7627324645296497,2.7252939548862734
1.9492052003503082,0.7750942789785332,2.7709824081423773
1.9550976748861795,0.7872798768250835,2.685402062050053
1.9616141249690904,0.7999242238035973,2.6969196314567645
1.967638413078542,0.8123068921550082,2.6968284459703953
1.9733309064972073,0.8241024667868141,2.6599430773125725
1.9806146279004853,0.8369636888436232,2.607366642756862
1.9864254947651552,0.8500458878929509,2.8159548800741163
1.9918402281734882,0.8637086096791795,2.7238502847187265
1.9979190793232924,0.8762576479856464,2.704552602919393
2.003596915459929,0.8888261587393546,2.721757242551306
2.0085622935522873,0.9019556326528981,2.826162231444469
2.0128198161904494,0.9130838440312025,2.769353874828723
2.017203583923078,0.9270129402585507,2.8531457450120534
2.0220160748236267,0.9393343623966415,2.733666942186093
2.027986367391078,0.9523126026071095,2.708960013104521
2.0335929159682036,0.9631272339927451,2.6579062479613373
2.036617126418574,0.976669905312603,3.1375099164798286
2.0390576721080507,0.9897205153679879,2.8342846909101014
2.0439624455550596,1.0026760989113,2.753169947312048
2.0482286154599416,1.0144426632163879,2.7838675330356217
2.052794121633296,1.029066601086216,2.839159696996428
2.0569560495410175,1.0432954089473825,2.8294876042086217
2.061220669330842,1.0563710133893318,2.8322054425711767
2.064836877585494,1.0709295833061898,2.8864073121763525
2.067250648573635,1.085399077679257,2.8861578047365173
2.0721215799548656,1.0994464273084663,2.7952649238539777
2.0768938871474227,1.1136354221079936,2.7560311851555372
2.0816884968165024,1.1281986526283667,2.7994467213868828
2.0856878672469956,1.1408182579522175,2.7275297568991492
2.0910465959744324,1.1547420030049962,2.835315448578904
2.0948357922950454,1.1684284579539361,2.8506855002445355
2.0994751210002076,1.1799438353601115,2.708807785788188
2.1046934720098407,1.191710311423999,2.7535763928717296
2.106356239921245,1.205267029013547,3.132036833406261
2.107395585940427,1.2195254394566424,3.031133384590688
2.1114570546523788,1.2331291421669635,2.78479578145383
2.1154449913787015,1.2452252182209196,2.8495395742450307
2.1194669760129283,1.2582726069626085,2.8689068886768965
2.1237202420174497,1.272947373480292,2.8438929578428827
2.12746725817094,1.286252130935658,2.8294296893671933
2.131171829102834,1.297530596276694,2.823681626452476
2.1350486240057487,1.3095728516001899,2.791183391488392
2.139020111031352,1.3225156589923959,2.8609741365502193
2.143521409557059,1.3358153411237905,2.7580485139954747
2.148700283997225,1.3479064120032298,2.7375107601100956
2.1537727468147874,1.3598784693897548,2.752831257461676
2.1585344490459644,1.3728553806408972,2.7880369041848456
2.1630788450556278,1.3855917480498003,2.7952038097658862
2.1687960900739793,1.3993772661564956,2.75131843557532
2.174086677343246,1.410892754013076,2.683854583563796
2.1792063518223315,1.423825120791089,2.7303095491592217
2.185179926700823,1.4374189450669699,2.6976590388573487
2.1905979818434025,1.4491730636563076,2.713597045687548
2.1964482451930745,1.4629830017031946,2.732459343678265
2.202805719979059,1.4768562165342285,2.6965637891762873
2.209057046005149,1.4909616736088325,2.7169971770669163
2.215318165702161,1.5048878993544346,2.7292095963323875
2.2210710567921335,1.51846317371079,2.728965069868717
2.2270330538582304,1.532312348911887,2.655245547137797
2.2327468759173548,1.5445370680757458,2.6996308584695416
2.2386176427700333,1.5573092086338158,2.715866079136995
2.244044390308903,1.5696787275658948,2.7009140103431286
2.2507028104325304,1.583157697817481,2.662074597250104
2.2578189826857784,1.5976113010837418,2.699979185113494
2.263656766833289,1.611717608081899,2.710990501761701
2.269488934562564,1.6244223456669282,2.699463445631856
2.275629304127137,1.6384076842137196,2.729528198618875
2.2806174229197365,1.6499449748845492,2.735690214819533
2.2863824158677035,1.665026209789478,2.7413992999260546
2.291159353355927,1.6786304386346267,2.82348223737668
2.2954733025368026,1.692259509149313,2.8387593135045965
2.299592619295817,1.7037827230671931,2.8036960754817155
2.304283049118039,1.715959728890964,2.794222394415469
2.308939364560171,1.7271173346510522,2.74564783484824
2.313381196757365,1.7391001609586445,2.803603674353215
2.3181022034718786,1.752450603093922,2.7906096954992488
2.3236620024521777,1.765943136207007,2.722537406569778
2.3287208402165995,1.7797511833420565,2.721922169646705
2.33510207085352,1.795411301684491,2.743226682539674
2.3397822788645937,1.8088914898657407,2.7646853971227414
2.345595830843279,1.8223231667147903,2.692993478653983
2.3522824019433037,1.836755585298793,2.6728957921814844
2.357219898487232,1.8480820820912915,2.789903936204076
2.362473199840824,1.8632270058323332,2.7702655645550305
2.3683347466377516,1.8778557961209184,2.7124621351128657
2.374293486481056,1.8921502602403617,2.7152487765815523
2.379891672679804,1.903493556043596,2.6457263818289833
2.3866717341517556,1.9167884634591648,2.6755353007039755
2.3933468463006005,1.93177063166502,2.668389259622517
2.4006660507281055,1.9455290250832167,2.6327611662994745
2.4077662208623427,1.9588537773877563,2.6437886671944986
2.4161855626339026,1.973136954184476,2.615077658795469
2.423846254539317,1.9874167981830304,2.6651715401077563
2.4300775213217474,2.00004880989736,2.6627893500872553
2.4356422064568197,2.012391528522722,2.6802489067549566
