0.5259328689602157,-0.6391552003178357,1.6054880741108815
0.5397199628138968,-0.6385693012429546,1.6278298939981652
0.5532226514748105,-0.63756816215297,1.6468469093815952
0.5681257338991493,-0.6362172047419942,1.6791199291522292
0.5829814536874881,-0.6344232103564235,1.683003821632042
0.5978548300977123,-0.6323010293883911,1.716916478161193
0.6126779970536776,-0.6293182533035053,1.7819311062338468
0.6272937338971823,-0.62660134846127,1.7953744674734422
0.6427160815344293,-0.6233082519973807,1.7814286820625462
0.656082046985488,-0.6202009981246357,1.8090213195432134
0.6718573160605785,-0.6172541151481999,1.7687660766378044
0.6866117731102367,-0.6138459443903278,1.8557545819659378
0.700434851605344,-0.6092911369912685,1.9150769997293773
0.7148587779152213,-0.6042054790095566,1.9599959426870697
0.7283140946247021,-0.5994753900012149,1.9036707186746722
0.7431388815991348,-0.5946149387672935,1.8859523501172628
0.7570018952610793,-0.5902221350700296,1.9064506613733783
0.7704909557205342,-0.5853640347404994,1.912528438426413
0.7856023618303356,-0.5805194080496189,1.8915076146279586
0.7997284448376198,-0.5757775918867003,1.9247051157012305
0.8130900148252462,-0.5715268962691912,1.8784709626424336
0.826759388158045,-0.5666551777511036,1.9533950052778433
0.8407634394019061,-0.5614212147493396,1.9436666267931497
0.8549834636168259,-0.5556362168002476,1.9799184609176796
0.8680314157740459,-0.5493558760324754,2.0230197104002485
0.8819987801990424,-0.542352750258384,2.0665790118484524
0.8953278276137964,-0.5357284452584079,2.0508781264980276
0.9055416260683014,-0.5296948372241422,2.1701587079833033
0.9174162395651587,-0.5220240395784245,2.1374106941022197
0.9288860672851028,-0.515894910919982,2.0639036847795023
0.9430193182310797,-0.5090615730748884,2.016353312434671
0.956536108830548,-0.5026267420089843,2.0073175430260197
0.9706488036067827,-0.4957977399862451,2.0407481045457865
0.9837099470546388,-0.48897578470830455,2.1150889479317843
0.9966261826191948,-0.48068220934120803,2.172335836768207
1.0083477435676158,-0.471745319881471,2.2412415870470963
1.0170313842634315,-0.466839398015708,2.0650313197651147
1.0313046195778468,-0.45836421000974775,2.0963239068434274
1.0426003808171604,-0.4515444672003456,2.13068821233329
1.05407380814935,-0.4442865271458829,2.1477582326628744
1.0651783583191754,-0.4371384498193091,2.130243027846089
1.0776344499357862,-0.42924429949275134,2.167324528817696
1.0902361692703355,-0.4211137004483475,2.1419193118291564
1.100762385913196,-0.413773131868172,2.2223916940113915
1.111786811915882,-0.4042144405759144,2.3248496767337667
1.1220839842702723,-0.39414842458968224,2.365918118935898
1.1310182823654422,-0.38449575557527643,2.3873654042886354
1.1412646829072859,-0.37440134688985216,2.3354327796129013
1.1526020063586457,-0.36531374855035637,2.2321318411622215
1.1633435346917078,-0.3549611426498202,2.4241810108048156
1.172022944346603,-0.3445420257946648,2.4745510546495875
1.1803991172519543,-0.3326564758477226,2.5217988005611622
1.188245140188846,-0.320961504092457,2.5349774673442913
1.196443850942748,-0.3088809523684371,2.5273395209505796
1.2055001527149136,-0.29739552016388643,2.4659553122028277
1.2135932268547094,-0.28843889825835783,2.376837857690469
1.2222316775010023,-0.27669417910823707,2.550464308702404
1.23015806628656,-0.2658454638128416,2.464911513205375
1.2386991941882441,-0.2543033744868439,2.5266686212150757
1.2466161834867644,-0.24265338813140128,2.5494021515376413
1.2554273063788148,-0.22869125088879713,2.549341299136058
1.2640182819822485,-0.21647212545148553,2.5602511322426618
1.271219993536899,-0.2047796238536989,2.5873803887535334
1.278941389646601,-0.1914672074279134,2.6171584008907884
1.2860265924421215,-0.17790823565964917,2.5948656007753597
1.2938863672794627,-0.16581461136997766,2.5261205379007765
1.3017187837829456,-0.1534691912756728,2.6229958440353984
1.3084529235019846,-0.1406303251694965,2.624017793388672
1.31526084528294,-0.12892763377912797,2.587279227022817
1.3238016315238301,-0.11498252789483575,2.622422518004774
1.331695820178163,-0.10242959883585664,2.551659685774402
1.3406595247002022,-0.08882012198859361,2.5428341652132413
1.3489075975355524,-0.07693907734211908,2.5497526334318996
1.3567729574104361,-0.06498454774059371,2.5515406673141214
1.3648853947416735,-0.051263720572293815,2.6082700758746458
1.3731457709773442,-0.037525542053329065,2.5537396688002216
1.381263272918664,-0.025911659897646187,2.513056161601072
1.3899078220665495,-0.01397787981366145,2.5275682643121518
1.3963028367068362,-0.003509002143195037,2.625700221870035
1.4030001180304592,0.00993845543677189,2.648564745485292
1.4084525341666245,0.02217072875054546,2.6800813162253596
1.4152922846337523,0.03465695355028275,2.656972202017436
1.4220678478328523,0.04862557171440699,2.6836343716207325
1.428366751383916,0.062034732044503035,2.7334109949998595
1.4345675640952735,0.07610833562570232,2.7028094665632794
1.439672240964473,0.08746347530077306,2.7621983623845536
1.4438934958833136,0.09794116087058526,2.72773851582014
1.4492865838232967,0.10942071024253269,2.72322596440044
1.4544538106615288,0.12151054883539535,2.7327836880439933
1.4604509336747244,0.1345242157496548,2.69599351635029
1.4658011265632576,0.14687669553670069,2.6895365315925264
1.4721541647440104,0.16058346693095987,2.692220768319224
1.4786879016497534,0.17346218847725137,2.6465817659258053
1.4832830220495623,0.18547885872560946,2.9248941582016577
1.4866289196119375,0.19929311248941753,2.8654039934612516
1.4906944248803946,0.2118127188981233,2.79627127992159
1.4954353484515563,0.22460223613047045,2.815563565193162
1.500492107248381,0.2377811183239208,2.740313117180005
1.5060085727785764,0.25245599174580263,2.748925956928172
1.5106816060361086,0.26716720016458473,2.7740105578224927
1.5163766190303738,0.28167652665508935,2.7012420380699016
1.5230021217504337,0.2943649698168901,2.618629620413271
1.5301973723021334,0.30697364911345754,2.6115296264741183
1.5361266361149868,0.31896353653726944,2.755652207403744
1.54146035233817,0.3328891343390852,2.7379041699090862
1.546867169905265,0.3459724699954787,2.6816838854414926
1.5545970615360698,0.3607461749728724,2.6271144878289654
1.5622201829847941,0.37433561304370105,2.6461281203931044
1.5693241178507338,0.3869667863555672,2.637036598723569
1.572416275183139,0.39781112080949144,2.9611854519043272
1.5763033928748986,0.40931395207738525,2.7558557349159485
1.5805347542513815,0.42180427632586875,2.843240546366669
1.585797451368091,0.43398836440276584,2.702979657917881
1.5908268593151091,0.44615402978046753,2.7688270353149242
1.5954362447638966,0.4598094365116709,2.7423436273572115
1.6002128968414595,0.47192736196814533,2.7434015975747927
1.6034859226511204,0.4851133970565666,2.955871499619928
1.6044198662894678,0.49961270246469586,-3.136068750884109
1.6039025331719685,0.5136161480455286,-3.0760776936004395
1.6020613000939168,0.5260264390207504,-2.9812573051465017
1.6020129390196596,0.53836368175001,3.0044103524821706
1.604257551130505,0.550953601868944,2.940644074852352
1.607140415298924,0.5632123491178284,2.895654291549556
1.6098203221237173,0.5749117538591112,2.9393175264628604
1.6146196195332774,0.5880936622066044,2.7155733663020523
1.6173887992716967,0.599540747015121,3.0535746724809005
1.6202316202619735,0.6136710092785346,2.878802176060529
1.6242538079800337,0.6275177894480879,2.8247912742042613
1.6289479367264954,0.6408931741248588,2.802395454434799
1.6330671162201953,0.6556349580344877,2.79314617501621
1.638015197106273,0.6690474661973213,2.734089048054117
1.6431038734087633,0.6822465107394609,2.769107755875623
1.6482678868890694,0.6976919783952893,2.8322092795871
1.6525048519760694,0.7112943157637727,2.8097077069282568
1.6573889262685901,0.7259670882776418,2.749509570770874
1.66345855460347,0.7406292672048256,2.7430646491728314
1.6683908122111646,0.753065674427919,2.786967339105886
1.6732786173881533,0.766815425118937,2.750088746240082
1.6785943232896665,0.7802048423689043,2.8172998357577343
1.6828426112304775,0.793843653102679,2.8338062200438983
1.6869661689154878,0.8047569303037642,2.68706532624046
1.6916064056856108,0.8162690111844073,2.7641248664471183
1.6964869489323342,0.8294398494342505,2.7513967094829574
1.701276921129385,0.8435846755727424,2.8681684680559445
1.70718243312273,0.859885349343693,2.7783346478801247
1.71179456795564,0.8735538326675734,2.7743799488257292
1.7168164574878606,0.8886555266986674,2.8385215110098816
1.7211746091430833,0.9007347327530185,2.7539195573468858
1.7269245151720383,0.9155251034802083,2.733808315388766
1.73178136210078,0.928631620827844,2.759255139581504
1.7369923842518151,0.9411492543461939,2.727514626082989
1.7424501924959743,0.9547466734611489,2.706949493626513
1.7433897970877232,0.9714533586307174,-3.0157506389240685
1.7449111552647802,0.9857509085278111,2.8605762624392894
1.7490032834223885,0.9990492543347029,2.7945092137284964
1.7546844512121262,1.0139423239944934,2.7344836378890625
1.7603059076430267,1.0279275466178701,2.77158910677875
1.7663908722523711,1.04220935190121,2.7342150484374192
1.7721572159492698,1.0559964354597895,2.728599706209936
1.7779533413014699,1.0679850775882982,2.7218159989186637
1.7837644370591608,1.0818805840671788,2.7061642593937236
1.7894823154990793,1.0948342922428898,2.730197114261446
1.795315328683344,1.1096173269698328,2.7310724686761163
1.8007504188135588,1.1222558190786243,2.692337871225567
1.803952422019645,1.1364597133622614,3.0200334052726645
1.8079130110613275,1.1495087610899473,2.7418253179298837
1.8117679637583268,1.162083074316098,2.9004277548447366
1.815096916984102,1.170751230167489,2.6677659595455556
1.8205314457108615,1.1790878943471932,2.586631498083564
1.8253652051465588,1.1883474581165199,2.7024417007974524
1.8296952530967348,1.201491845599389,2.814228206212549
1.8342477093026806,1.2148735413392757,2.779624187712481
1.8391179652300944,1.2279108331798068,2.7592076858299297
1.8441016141262077,1.24022831700374,2.7243352868447093
1.8476298344510507,1.2501372120318224,2.80961063020629
1.8519934427889126,1.2625323842395288,2.7645956006998635
1.8577124080767735,1.2763999312399095,2.7458423599599704
1.8631774890623283,1.2894703445682998,2.7458724845250537
1.868885169504262,1.3034956903211479,2.7493327111102195
1.8739304623029858,1.3173225701572862,2.7431637225366567
1.8798393624129668,1.3311425432388266,2.7237137402393445
1.8855442357029808,1.3428118282534007,2.666213284491078
1.8923215917773022,1.354695592667932,2.6263710041723973
1.8990426137342247,1.366894106978272,2.6369146315149554
1.9063079780506176,1.3799201659967693,2.573554928646444
1.9134941915290693,1.392513863162227,2.662693786726826
1.9194135752736927,1.4045704659638245,2.678277279520885
1.9260206187673912,1.4190485374086603,2.71614007447426
1.9318642567813358,1.4332557839338247,2.7193960536240445
1.9377509667912454,1.4464437706745994,2.6834108784212805
1.9449921047344463,1.4599804502007545,2.6296171958885037
1.9527916088327573,1.4744462288356026,2.625276839027781
1.9606310559228763,1.4886447097558528,2.6475816483793775
1.9669244248810973,1.501440403242147,2.6568691699994473
1.9734774240846706,1.5141348955722933,2.6174697847734856
1.9802815508711629,1.5271412606415735,2.651921344749458
1.9867472356007403,1.5397671803824045,2.644623580546074
1.9929523501922979,1.553371503545094,2.690186649234001
1.9994069878115395,1.5665848803148092,2.697805600235457
2.0061890709907217,1.5822053518495973,2.6921406636571112
2.0131405063948438,1.5959045656667445,2.690664155254095
