0.7217588888962666,-0.41572389963346507,1.6122680736577653
0.7353825451207039,-0.4153006997267594,1.6101551544648205
0.7500735669951962,-0.41468913481259934,1.6187062527285394
0.7644463623499139,-0.41382202423965964,1.6522421106798655
0.7792781925476253,-0.4125834918688085,1.6578694618357157
0.7933270691434254,-0.4111364895641733,1.6883481248096635
0.8078177400759297,-0.4092146809732554,1.7223243187047217
0.8229008676238785,-0.40638870569568136,1.7641338426463553
0.83747491611358,-0.40374397229582687,1.7796061859636767
0.8517190802175643,-0.4007719444798324,1.7851544980024283
0.8651588037761843,-0.39692268255733804,1.8969749957616706
0.8771839287999055,-0.39310195744142856,1.8807862950151146
0.8904280451906333,-0.3895421538725353,1.8478167693397503
0.9038314355087039,-0.3857674620360683,1.8669001904454214
0.9172044734992052,-0.38085727003498115,1.9254324407468506
0.931364906080743,-0.3761446192086701,1.8605216255461878
0.9447460618212162,-0.37263437071893485,1.8462767771835051
0.9572363635774093,-0.3681880878739297,1.939689807754102
0.9719398212335146,-0.362365904371089,1.9526029817207362
0.9856635223750247,-0.35759327846777705,1.927083235580203
1.0000732479217698,-0.3522831993780009,1.9372728919520212
1.0145523752664884,-0.3480684955323191,1.8876850532630283
1.029450380394017,-0.34277405947877554,1.9285333695907427
1.0440858177251213,-0.33831325502790477,1.927905192528994
1.0588352170531965,-0.333312198247594,1.9044911673278877
1.0724424544200652,-0.32697892311706495,2.0592880820754726
1.0853064288498417,-0.3212929177904643,1.9545161667713724
1.0985111613499718,-0.3159150325650009,2.012083535298498
1.1121424105944957,-0.310228236272596,1.9824086488200166
1.126682598285168,-0.30326535529608717,2.0765988460748166
1.138736954001622,-0.2965601757361076,2.1053102299158692
1.1506280599243355,-0.29098803776423826,1.966161330616894
1.1654118796487913,-0.2846512515965848,1.9919352722855201
1.1768199804927257,-0.278806627059322,2.0665508406488518
1.1895435449725855,-0.271229022146938,2.0829093721630327
1.2036023857113474,-0.2633096341899587,2.0947611702518714
1.215130273978546,-0.25583964127322595,2.164239722234794
1.2275229401460679,-0.24725976409470837,2.1685332625191993
1.239921384775728,-0.23872514075511417,2.1870361572293264
1.25051159990956,-0.23130979314062594,2.167475156397224
1.2634490525887616,-0.22212480131920823,2.219676317857959
1.276420166609586,-0.21216457797930208,2.212708400642047
1.2886557599526405,-0.20314182875730247,2.23577437434798
1.3001400763190405,-0.19373506552780664,2.282933605983305
1.3093655000061168,-0.1853976471542631,2.314750874010387
1.3199442688993277,-0.17524648913197075,2.380393340362556
1.329087909130659,-0.16720268790191156,2.296412751116965
1.3402154074998023,-0.1572768057991788,2.32330851881479
1.3488787318231834,-0.1494897802369784,2.297020795115409
1.3604218408035478,-0.13977832438727494,2.2802932004970025
1.3705824267273914,-0.1311123086464115,2.315334763633909
1.380549875329805,-0.12083284967409288,2.3876909059827516
1.3898215025013028,-0.11041926080707472,2.4409667239547894
1.3986163264850011,-0.10011938582971626,2.3863443304323777
1.4088522739543345,-0.090920356833657,2.299946740138966
1.4199904025720185,-0.08097941361567701,2.29841852280456
1.4299986508452969,-0.0711287043266485,2.4053347644678875
1.4389945222410576,-0.060916470409047366,2.423769969728024
1.4478301332546595,-0.050552873372300335,2.4676997254983837
1.4554218323366788,-0.03914208138099083,2.551342249526297
1.4625918450507873,-0.029138453031312007,2.5158271831376413
1.471884750122711,-0.015967669364558564,2.566101710278263
1.4799034472616144,-0.001976134361797553,2.5913470018694635
1.4869626571612877,0.011259274604102788,2.654715525231642
1.4943043775454978,0.024098824819006815,2.5688918561156786
1.502188337512184,0.03841837768493873,2.655105821861275
1.508726067638357,0.05027617197435816,2.5829539737590146
1.5155086408237934,0.06233938831817542,2.65366882974195
1.5214854588080826,0.07385207090540376,2.619476927437995
1.5281897026575262,0.08573964988560771,2.6478971599089
1.5353556126145962,0.10028399167512904,2.659173029410206
1.5427291025971706,0.11283255685906386,2.551060812004877
1.5491916396013872,0.1266846218225383,2.7806480558169513
1.5540393562793278,0.13887191583312813,2.726351000252688
1.5597793146415135,0.15186338782011347,2.6895268788547693
1.565380836014539,0.16589592684155346,2.777785216464174
1.5704007955928099,0.17726944581902432,2.638296089815388
1.5762968604999688,0.19032340397999584,2.7051358620024764
1.582222472971688,0.20339503367065404,2.728778299513608
1.5879331215716275,0.2152009659606104,2.6826619140162244
1.5933355528098054,0.22746813551138437,2.7304082180976272
1.5989696878050201,0.2414654255239987,2.77858162855344
1.6039895155726642,0.25589501044466884,2.804118330335233
1.6096894057012519,0.2689651103140133,2.700420608629992
1.6150933564278636,0.2819275760669123,2.69742137798744
1.6213253214125902,0.29589143849268507,2.713719486786775
1.6270974442368953,0.3079923216116045,2.6835035951949275
1.632802552977424,0.3199745782334951,2.7403575219558487
1.6385758597718503,0.3326957395547451,2.7196484329932686
1.6440862025328935,0.3451090981227837,2.665390063655245
1.6511299415555485,0.36030343611036564,2.7254597532981437
1.6565217582921488,0.3734520271300537,2.7433334261111915
1.6619745543147983,0.386714270396716,2.7588472706376406
1.6670420358965514,0.39887610073415675,2.728507162780639
1.6729356427051756,0.41170317636611775,2.72766514275447
1.6793223183332944,0.4253486869101143,2.668617523525917
1.6853957519602256,0.4369807028089633,2.6302456473502565
1.6919615367829004,0.44944483465894053,2.657797897259293
1.697078816302465,0.4633344678801704,2.83910254460762
1.7004594782893032,0.47770196309003166,2.868138491078724
1.7041459127024021,0.49148934243327325,2.826321587751181
1.7091762108020476,0.5044367537986484,2.739807419037381
1.7144337764579431,0.5182453142122717,2.8084003893567733
1.7207335265700405,0.5330708686530291,2.6908322846953094
1.7268511740091799,0.5460960216418653,2.6750893799657285
1.7339606631578373,0.560308689927402,2.7132734937546754
1.739862396035924,0.5738740223598889,2.7022858722745764
1.745664549605013,0.5861553273195452,2.696009839057911
1.7535256948249125,0.6001295123581777,2.6117429823906626
1.7605021291157752,0.61179390830791,2.620433451028092
1.7676692684549846,0.6230268098872399,2.5689512086946946
1.7727082723139371,0.6327284177639123,2.683351190184722
1.777335021592765,0.6431286164515715,2.6944683800003326
1.7829826850774486,0.6538962643363092,2.7109358658157867
1.7883492150867308,0.6668931024012974,2.736094955373143
1.7919726910462936,0.679814211122054,2.893551988355595
1.7916071779328904,0.6924170815212507,-2.9599255042031203
1.791634561427225,0.7059656194221201,2.9854197858286153
1.7947588747602408,0.7175248510612195,2.780882648547118
1.7988382941245824,0.7298351515060717,2.840051738397386
1.8028618968239096,0.7444648955220847,2.8419737401572793
1.8066311690941577,0.7593352554310444,2.9243674031793137
1.808776873746967,0.7727302948985649,3.019318317625084
1.8137985117234583,0.783454522049838,2.578713237590321
1.8207464090969383,0.7943500953547032,2.571119597824369
1.824562064909836,0.8058723610120684,2.9990122088802122
1.8287038344595339,0.8189841995142011,2.70789516741737
1.833451921026752,0.8314196179151045,2.786886675811221
1.8377729583925624,0.8443677843348949,2.8391528374334407
1.8420334875683193,0.8582725079557942,2.8345913434169066
1.846295529215766,0.8721570847942266,2.8206185331160643
1.8509062461821184,0.8859912856081374,2.8098192164814226
1.8557363680415806,0.8994268830690912,2.7614641646215614
1.859987652049381,0.9133271869524725,2.897904223531465
1.8640488229269172,0.9269083218228096,2.8195605456703565
1.8681186449982152,0.9408948193750644,2.8544489525492582
1.8723390099565036,0.9551804777263085,2.820613279294339
1.8770270574236003,0.968600256118939,2.8293559236119803
1.8808585401231857,0.9817997781610994,2.8201741437163106
1.885454588638632,0.9947208456389575,2.793497958603771
1.889044576763501,1.0065784913778286,2.8305660280985467
1.8926768469230353,1.0197925556702596,2.8983401086618246
1.8959834109985219,1.0333847110870147,2.838769473579693
1.8997243984621208,1.0479283892176185,2.831268163621542
1.9046738708739939,1.062347804752486,2.766647920109717
1.909428319505856,1.075493062358968,2.80517700113917
1.914453275613044,1.0894757189844655,2.7886868186122094
1.9194247334153989,1.1034489314391136,2.7717539088378884
1.9255223188853812,1.11712845828129,2.653681680974912
1.9323420000365672,1.1311715591649802,2.704528334540496
1.9382062245804974,1.1444311343911138,2.7316114216499976
1.944833430948674,1.1590992464399856,2.7014443438402282
1.9502015540856121,1.1716302561022713,2.7259196396062686
1.9555905178300066,1.1852728864906374,2.7343074135776075
1.9612854492027048,1.1990190391666942,2.669200995290423
1.966750894323687,1.2107309246017222,2.711631858548618
1.9730547639604596,1.2225857713238246,2.6292315415711927
1.980188396189929,1.2364870846018468,2.6695365578673083
1.985570083258497,1.2488454305963173,2.7240940320512586
1.991384578334409,1.2631178618776746,2.7413123691475785
1.995339850186998,1.2764302724612553,2.8682961158861127
1.9991050701598052,1.2896280443683021,2.81243920776322
2.0039377203204,1.3028787118076632,2.8060746186867824
2.0085161392578073,1.316529608586108,2.7376417532097075
2.0140720865130417,1.3288342355017626,2.6800181257921567
2.0198373178671907,1.341706939690111,2.672826265044239
2.0261411804511207,1.3546870544345817,2.698073401099624
2.029950363130929,1.369652526500206,3.0102436173397735
2.0332933006298535,1.3834109317671317,2.8316451745452644
2.0388086999606947,1.3959593091409555,2.6645822821312297
2.045351790720133,1.4100617530964314,2.7104402638392067
2.051607831194407,1.4235609215949465,2.6821828368715264
2.0538240394856393,1.435750269421914,3.082767393964333
2.055953378277671,1.4494251506293234,2.831182804726803
2.060388371951126,1.4648479138712338,2.86995366352261
2.0643704366413798,1.4778188180099545,2.805344064170153
2.068937622721185,1.492151690039301,2.8000832406122487
2.073631797310235,1.5070621592161668,2.792593263507178
2.078457482148428,1.520486456174802,2.7830765901320693
2.083344995358494,1.5333129524882914,2.7833182696239027
2.089174503992915,1.5469059159604641,2.6931256493915634
2.0944234693849504,1.5593149910273534,2.7582070416853055
2.1004079234840893,1.574869959760844,2.7315080864253733
2.1046741398141657,1.5874758196394139,2.730796775347344
2.110924263094792,1.6016563995468815,2.6988569082871963
2.1160827864932696,1.615085298887198,2.7639417309655676
2.120944264267278,1.6292845764068595,2.7425003824911296
2.1262431063766845,1.6418440024645173,2.7385748044861007
2.131031975373798,1.6535499207264905,2.7647335067777474
2.1352508571036353,1.66760862617952,2.7951327522572065
2.1415415080630016,1.681431650430077,2.6854013342277
2.1480679636224296,1.696192745101379,2.738720940876012
2.154138132445701,1.709702685756579,2.694239032107115
2.1599212660270304,1.723402137069618,2.7742502027238363
2.165634276508938,1.7373399591424734,2.704020754339576
2.171806927759557,1.7502474691877337,2.6762386392372095
2.178257227335633,1.7638009515321234,2.686284017620143
2.18497768266488,1.7775444211556852,2.6852467162863936
2.1920640823492,1.7916458995176974,2.687292189579297
2.198493060584477,1.8046308203702892,2.6748548560961014
2.203636914517691,1.817905077239726,2.836444168561681
