-0.7443580262194102,-0.9114551934909673,1.5868433248722402
-0.7306154478550777,-0.9114961135782463,1.5736105271738625
-0.7160737272943183,-0.9114518894405331,1.5724593382117489
-0.7027207025935931,-0.9110365415429463,1.6225051786191578
-0.6884696723611665,-0.9099785278668387,1.6608588600934564
-0.6742637045932269,-0.9085701045457119,1.6579556925490055
-0.660495758311318,-0.9068534533855442,1.7185692747453507
-0.6474589672194193,-0.904404810207355,1.7781377799944231
-0.6326043259922076,-0.9004369353539134,1.8305304977939862
-0.6190320972792627,-0.8971488201344697,1.8085273357305836
-0.6047338421153701,-0.8929938437783226,1.8717598616189135
-0.5896788396945143,-0.8892351543029089,1.8320244126360785
-0.5758083561443382,-0.8860029600129796,1.8324269809467142
-0.5619234796800139,-0.8827255421571771,1.8308162060808506
-0.5477726389346416,-0.8791856275967315,1.8382667225281948
-0.5336006547696516,-0.8748686070650407,1.9025364528093673
-0.5178977378809929,-0.8699571975938784,1.8488093635972134
-0.50418652023373,-0.8660185166216401,1.8938114078364108
-0.49015302717615933,-0.8612714802049822,1.9054143103178125
-0.47882315446407897,-0.8574777149284462,1.9160337994549468
-0.46604141714694847,-0.8529648898690179,1.9668514872421863
-0.4526242733330027,-0.8466753339416068,2.0328857143064574
-0.43915201294841927,-0.840709940451964,2.001601192392963
-0.42599511853334443,-0.8350724115429516,1.9877097331532867
-0.4128221127473177,-0.8289386896153267,2.0485179995069966
-0.3990600915861835,-0.822901175751965,1.964767630438343
-0.38564265431912287,-0.8169135691606267,2.0025246509833643
-0.3724303487653078,-0.8109083813143548,2.0252431182080417
-0.35832020645060725,-0.803409292363516,2.073624565056661
-0.3447228698724785,-0.7962047570751356,2.0875153748602835
-0.3327461478694122,-0.7893385569716441,2.1283367983777275
-0.32228926441933214,-0.7832491043419143,2.1123063783987592
-0.31032963939463876,-0.7751817893476375,2.214276044542034
-0.29787755860726567,-0.7681549415806228,2.060026284637658
-0.2838884505293806,-0.7608051613307028,2.0876984656500297
-0.2708388245178519,-0.7533548863512808,2.0901716342227514
-0.2578212754454831,-0.7447427461628077,2.2311537136460333
-0.24516012962849118,-0.7345993419754295,2.2320406528303103
-0.23312565789567946,-0.7257582644603588,2.1803893299494495
-0.22046194009384984,-0.7179044303284257,2.110790417780842
-0.20855192904865855,-0.7108829504820394,2.1434553209998977
-0.19629987754363154,-0.7035146913284911,2.1182489473595054
-0.18293833794094677,-0.6949754796434683,2.1365125224976103
-0.17246627342631496,-0.6864473283589481,2.349919982464593
-0.16130300473852743,-0.6756871934382258,2.301814908781992
-0.15020566098802837,-0.6666025740264886,2.2283959810924205
-0.13658459972858997,-0.6568414344888136,2.223931726297548
-0.123109234391642,-0.6468727419497977,2.2274088020159084
-0.11144915581442233,-0.6382317332274579,2.1974514311596454
-0.0998456741896681,-0.6294385323019168,2.260430024255507
-0.08902762402004578,-0.6203777895710704,2.2804508769423166
-0.07731910340608332,-0.6100000432383009,2.2867777482310587
-0.0667809442180684,-0.6002928496957209,2.3334723482765463
-0.05669294265380792,-0.5912505377032687,2.2850932154947734
-0.04563778804353139,-0.5807958357844508,2.36936378989357
-0.03467098728930078,-0.5697823808510913,2.3546959449519633
-0.0250547077531766,-0.5606400526131278,2.339038558010542
-0.018844617325768316,-0.5525413958810547,2.4931029453201767
-0.010418820469904099,-0.5412003479161743,2.492904721579696
-0.0019198972229974556,-0.5296704443419099,2.4985299028076713
0.007781783113706566,-0.5166445737743031,2.4795692745300517
0.015835802420210498,-0.505183374528712,2.543315133821728
0.024251555636919032,-0.4925890184901453,2.561909421883278
0.03140841500470802,-0.48126248036979624,2.5815915975730466
0.03894022170193819,-0.46937710350353573,2.544392210466284
0.0490929520883436,-0.45783110251716863,2.3772733606779335
0.05954631869195626,-0.4474181999862729,2.342776893819911
0.06954320357794588,-0.43494721113341916,2.5031188780027915
0.07926231759023784,-0.4227569196678155,2.429975940206364
0.087150248265685,-0.4130361042491622,2.4867463994530157
0.09465765821255631,-0.4026676649214807,2.5334404381608575
0.1037397870526319,-0.38999029934231105,2.5102440259050915
0.11202329990140739,-0.37899684745540807,2.4927787597811797
0.12021563708419404,-0.36845837478797755,2.489722557997993
0.12758420899398662,-0.3583096935959172,2.540212461461337
0.13507385803472374,-0.3472823200122661,2.5343663553350795
0.14223551359331196,-0.33642294798532985,2.572348642356535
0.15050434938080273,-0.32376398620555813,2.545076024056913
0.1589745571903692,-0.3106151683917381,2.5587780519631163
0.16676492470033683,-0.2989770235624811,2.5704639155804587
0.1758037149379486,-0.2854342207850147,2.528952331292837
0.18316147963671472,-0.27353387247083233,2.653158488608182
0.1897868380441396,-0.2600891346291428,2.661047035350142
0.19595021999336248,-0.2466081186910348,2.6710664765068843
0.20343219190531153,-0.23205537646517754,2.66622522554916
0.20972489105622485,-0.21952184768252345,2.633342104122311
0.21665440463098523,-0.20701940558990103,2.640299800715283
0.22360988857297487,-0.194425136048344,2.645656976751911
0.23131003854396348,-0.1823110660384879,2.5508276219646375
0.23810054684354007,-0.1705412580274188,2.639601863267358
0.24463389422962514,-0.1571067717709415,2.6306546184314725
0.25161716782806476,-0.14382633190097735,2.6242107591191237
0.25865664277429967,-0.1298208196963989,2.667764606820444
0.26424456999793394,-0.1189561428995685,2.6529995437597673
0.27069433419790007,-0.10643536356451265,2.65244419414216
0.27636972362187073,-0.09711912358192797,2.5466768125323522
0.2838425040981489,-0.08400157585535013,2.684467942815215
0.2906349325865761,-0.07061458247765261,2.6867172954188954
0.2971499546720098,-0.05909417057240975,2.6368252143096353
0.30385117426299135,-0.04582125811170374,2.6430891839833195
0.310339509367608,-0.03156761656032225,2.678132004316943
0.3170603129480438,-0.017455387422899524,2.6760642923734825
0.323858842349211,-0.004192775525808647,2.6400939065580395
0.33086301320834455,0.008028618894575354,2.6224414948704813
0.3374495566799015,0.019858213127145856,2.6186902291398075
0.34404764425994133,0.030643980809435947,2.5993917049558513
0.3496896427951462,0.04226157013482405,2.686591027676216
0.35516067917095534,0.054831159270802295,2.719362087872672
0.36176160694716947,0.0677447706064859,2.5921690468266623
0.36956164637398903,0.08009755645876285,2.5920157993698254
0.3768700165175294,0.09321044499727119,2.658927199338863
0.3840850597324034,0.10727135042332192,2.655342660493574
0.39041810413844275,0.1211974481656276,2.6703554462832706
0.3971231808727876,0.1344416955819674,2.6422466439073564
0.40390674043542696,0.14779412857619526,2.649662830085244
0.40900477201348895,0.16206584840425473,2.8348744911949764
0.41177724623087875,0.1747525646347769,2.9692234464791984
0.4154731369865696,0.1881678199588017,2.808002178895166
0.42042402064067064,0.2012859126851255,2.7960722755629357
0.4272791600183949,0.21340514404712832,2.5524039665749623
0.43467463146366525,0.22602706026233463,2.6527043130381807
0.44102371445822874,0.2391484706830053,2.6989172534270565
0.4472913321998059,0.2526675493751014,2.6770190475669406
0.45269621750413264,0.26594929039840276,2.8024596596601965
0.4578148651946406,0.27887134691523424,2.747924655793181
0.4556399399840832,0.29309735084785543,-2.6363118967015473
0.4423365215298594,0.3017578731825181,-1.7586869189903396
0.43077618982807314,0.311131911823681,-2.4651184874247205
0.428761701387934,0.326892033077325,2.943686329000399
0.42354477805544327,0.3424391376785321,-2.463863178254652
0.4164999692632125,0.3526023548569796,-2.5650063334073456
0.4072420668002472,0.36044939629933165,-2.0753661774651775
0.39787570439692466,0.3702608285764118,-2.5774932000362987
0.39065459739465785,0.3816752382917103,-2.5538623741806137
0.37851873787200946,0.387781013081174,-1.6519166154970328
0.3676698566584531,0.39090565901743257,-1.9819679894572733
0.35609931328939304,0.3986103820093637,-2.243510108414548
0.3453377646328972,0.4081207491750417,-2.3092072230940013
0.3371236621886833,0.4189121168083664,-2.6772694031106687
0.3317542428161608,0.429974827934212,-2.707770380232503
0.32008087667570195,0.4376081528115127,-1.7979669946247598
0.3086158916724015,0.44463220165386785,-2.31163471012185
0.29591057455008457,0.4515715605178983,-1.914982154224659
0.28422246567474224,0.45299509856334896,-1.5318593786507928
0.27117178338057657,0.45629513049815135,-2.007634821099919
0.25899157350884205,0.46065508685547335,-1.788429148473073
0.247311499314371,0.4615905974657557,-1.5258436811874085
0.23395023749792732,0.4648541620784749,-1.9995699009322998
0.21875068467994424,0.47121440502093237,-1.9700712977883243
0.20592183814111742,0.472067484220168,-1.4924827964747096
0.1913661259932149,0.47615691616640016,-2.088532141643587
0.17974856455138835,0.4839621014792787,-2.2286245213490763
0.1692280946106442,0.4878163570102309,-1.8488153011808381
0.15667578376868765,0.4934724664962786,-2.172721802951104
0.14868716249401617,0.5033244658331761,-2.637281992584587
0.14251505498725772,0.5166827631165029,-2.7376315043313504
0.13025965686915247,0.5285267020055142,-2.058010844346723
0.1189616787112777,0.5360725787026132,-2.2230298635640215
0.10951185443245412,0.5468125103870581,-2.4940942766880214
0.0987364924325987,0.5574712667147131,-2.2385252235956945
0.08946221991400923,0.5669672421092922,-2.506921415559972
0.08115678384681504,0.578965318121934,-2.502131277721938
0.07062161888120179,0.5877989346528858,-2.074172237122632
0.06140176118038499,0.5966194149036109,-2.4563218749279354
0.05217766693535837,0.6083855260061399,-2.473693860343712
0.03893549918157911,0.6175402959547401,-1.9930576680641854
0.02382387633372892,0.620989344385855,-1.7232684886196807
0.009050775725571681,0.6226574462387764,-1.649205918271577
-0.005048985370854026,0.6252760310276498,-1.8113527971679475
-0.018657090577860767,0.6289952127521086,-1.856278408311127
-0.03372348978212404,0.6323776003686646,-1.7977660377364668
-0.04782868502375295,0.6348368379953786,-1.7387914891099732
-0.06085572091663473,0.6419096427166602,-2.324520690036395
-0.07378720580383495,0.6501933854976858,-1.992289601937084
-0.08655055609399456,0.6558194711688785,-1.9721336817361004
-0.1008751661426747,0.6595091616081528,-1.6998948358038948
-0.1155622369890756,0.6573306776139608,-1.2782995081713422
-0.1304126063650245,0.657269938320273,-1.6199160445199552
-0.1426734338158097,0.6616515737343025,-2.0756008371758043
-0.1572756101991172,0.6696767991615199,-2.0234699991857914
-0.16989768317232692,0.6751057584183064,-1.93502651381156
-0.18058863936709937,0.6812677168547318,-2.1779531475361438
-0.19315502722163522,0.6902250570242524,-2.21720411379156
-0.20375167843405617,0.6983813454582521,-2.2633560581192875
-0.2137315219683599,0.7098338464782015,-2.5233912391802438
-0.2249377821532848,0.7218896535330872,-2.3249675915692367
-0.2354243992593917,0.7322983889905915,-2.376774991995876
-0.24552813251197794,0.7428837521523676,-2.3703747249723643
-0.2564575300917726,0.7525820665353669,-2.2837538145038474
-0.26562801675117415,0.7605367778187464,-2.348441698440813
-0.2752644003062176,0.7698591346107188,-2.312044908579913
-0.28550048555191976,0.7809497946402595,-2.4247286105190535
-0.29573238455866363,0.7909335184950927,-2.2860842803775125
-0.30675283615645116,0.8002185991872544,-2.2808387613105876
-0.31682528753601275,0.8100541253313178,-2.4184081885075748
-0.32513166183926007,0.8197609877293567,-2.422959230849699
-0.33555651196584335,0.8310258389271126,-2.360475741736265
-0.3456631034620261,0.8407199630031469,-2.334921820230173
-0.3570093331498229,0.8514134855689356,-2.341101824903731
-0.3688582610410087,0.8626044776732119,-2.303874146480257
-0.3787490134391232,0.8714897883480908,-2.3001965461192526
