1.2162398546727056,0.5371959305985888,1.6180522339454257
1.2303482915130015,0.5380181399588523,1.6309558494559455
1.244596888158222,0.5392167926342772,1.6619141118168894
1.2591649859519771,0.5409918170595912,1.688716249281835
1.2729992277621114,0.5429460768913281,1.7236916371766526
1.2879961077980153,0.545079491329504,1.7205545833848952
1.3017707516914214,0.5475991205858333,1.7720064855283733
1.3155652043523927,0.5501552047458648,1.7751081851035087
1.3295564783168095,0.5537086301736907,1.8385615161735176
1.3421172600933329,0.5570326041754312,1.8792509792640872
1.357109969916886,0.5619137886307637,1.8882105617683083
1.3698072514350466,0.565620610630529,1.8952495128449622
1.3832576429949774,0.5702971855089417,1.9101317020712696
1.3980084758630584,0.5756384115623487,1.9390854185659296
1.4123714871701532,0.5810406887246441,1.9137854053992587
1.4248004920488526,0.5857076098227152,1.9248981684876858
1.4387969148339228,0.5905035920244807,1.9150274017790838
1.4540832306719342,0.5960234999494681,1.9450537474602112
1.4681533667857607,0.6009339684213033,1.8642781841650586
1.483623749063601,0.6060198352247965,1.9402337360130073
1.4968501448730482,0.6114038512698109,2.0050364495803485
1.5100564108396592,0.6172960375049908,1.9940446565459584
1.5239486760133774,0.6229963617675913,1.989641065627386
1.5373007824704896,0.6295748391462572,2.001582192701939
1.5515770514287162,0.635718988648719,2.0058918865785174
1.5644099381576426,0.641331761817579,2.0234688980414224
1.576879483317152,0.6474526840084812,2.0127896331468613
1.5885175494646848,0.6526918524108587,1.9678668310564322
1.6022878385035275,0.6588547649644485,2.0335017631365
1.6153864107609939,0.6649540608283747,2.0431473786206436
1.627655177631637,0.67167275373183,2.0722259033401214
1.6405046571413588,0.6786556509840714,2.1123259282008484
1.6532992006571328,0.6861694601548022,2.106386178900346
1.6664199703656362,0.693690289399649,2.12846424840688
1.6811937844712832,0.7021860722005232,2.0846049645571556
1.6919869035953208,0.7081604765543631,2.091838706099551
1.7036432472457628,0.7148707262823465,2.10758625446895
1.715562090082749,0.7222776085985831,2.1365588154914077
1.7273598256999898,0.7307778883430608,2.2185412752136506
1.7383046963111166,0.7393164589500397,2.22916721257397
1.75112820900723,0.7499335074385254,2.287068163060571
1.763367776155613,0.7588411706425443,2.1773131590557657
1.7738569704131935,0.7671528131633437,2.2936156082559522
1.7852365777520305,0.7766102746723708,2.277763570588267
1.7960235138799328,0.7849149910827111,2.2338205616770477
1.8081113036183627,0.7941236500787252,2.2312296375839704
1.8201146538959625,0.8032214738074093,2.1912181651533644
1.8311567706259368,0.8120121976451788,2.296150325014053
1.8428187053103053,0.8227729065121803,2.338252233988837
1.8515510078920359,0.8320078551124979,2.3794327318054456
1.8612417708571556,0.8422906619691182,2.365772373423894
1.873741312942292,0.8530678914992602,2.2574868230370377
1.8833222690593932,0.8617467163293355,2.324396675368418
1.8929963941431946,0.8703934898319027,2.289161577088564
1.9043949483621123,0.8804622564725814,2.2979664456793714
1.9145215482257008,0.8907676672716204,2.4032191409256476
1.9243283244594394,0.9016119635629845,2.4208560884001313
1.9343473751271927,0.9134337815175776,2.442427690200238
1.9436629550598101,0.9227894194100227,2.3305054503248592
1.952565668391295,0.9315561596995927,2.3993753312479247
1.9613279852140544,0.941649885082126,2.4338008268779725
1.9679563468003334,0.9552037696506959,2.803241669427764
1.9736796362882445,0.969213311488206,2.6789107895515407
1.98064672288725,0.9832349894429048,2.6923547606250553
1.9878321720140564,0.9976393906916147,2.6613480653195962
1.9949652815465995,1.011996988741298,2.6903945967247163
2.0011698505665914,1.0247706527319587,2.6675296273761857
2.0046082637236324,1.0384900379960094,2.961111154963314
2.0101530845914866,1.051122677757719,2.670609649104298
2.0145233860809504,1.0644995997394555,2.8997751629875834
2.0194339295754395,1.0767724046492149,2.646737752578628
2.0266313549851667,1.089216032180223,2.5710226152294364
2.0351970238533683,1.101881478419132,2.5360245461870488
2.04053476193576,1.1161150916722806,2.9697915599349836
2.0438254031783445,1.1291335710652466,2.7892188296233797
2.04655569058273,1.14203904310976,3.02162817125284
2.0499143531770927,1.156674742759354,2.7927154306387645
2.0516436342263185,1.1712354153890117,3.11704276425889
2.0519830354982003,1.185684987033539,3.114671100972046
2.052365299072407,1.2004810465294502,3.1130718519247886
2.054579884974496,1.2148093820208752,2.8644944334903606
2.057151658689489,1.2300897824007428,3.0502143804002313
2.059839461468443,1.2454935306242916,2.9001555634963823
2.062918770071424,1.2598705818076514,2.881679440905164
2.0651949474855917,1.2712907377504992,2.9735596896033547
2.0682766070130594,1.2826558335696994,2.8384936379152994
2.070389819517222,1.2958612113058994,3.0542510136054033
2.072523844656477,1.3086809377930875,2.940865629405626
2.0762661093154167,1.3213463920368125,2.8685392952106463
2.0804472077025125,1.334060503305484,2.8344638006446505
2.0851989522182945,1.3471677280941796,2.760498739862518
2.090438428063418,1.3607241949809334,2.78996452005748
2.0951875864926284,1.3733537807827298,2.79060232271387
2.1001753854973333,1.386966480001974,2.7737969810421848
2.1056052222411057,1.4006297233954714,2.728783158287419
2.111264077671839,1.4140491427587714,2.7118586751950993
2.1178375902799376,1.4278689589893139,2.665840481733911
2.124457573275862,1.4420634951221014,2.7215445588131697
2.1260883145318705,1.456640895966469,-3.0426429434513445
2.1272463814667057,1.4691632541360318,2.925960528843982
2.1297872115070833,1.4840465113028443,2.981651458931255
2.132694024845764,1.498198923736005,2.8947678734331914
2.137349680091867,1.5119060774417252,2.777520599122779
2.142505432483412,1.5267767221533577,2.7996056139807326
2.1468587865527873,1.5411322371322556,2.8695111680503795
2.1496566813431164,1.5559348253851089,2.97792839877409
2.1523062838161877,1.5702392906587332,2.9611016055753887
2.155741411439655,1.5847525369705606,2.8655771460188237
2.159036638391522,1.597271574072522,2.822487215945764
2.1635576096405993,1.610333392457442,2.7884242874184917
2.1671161960921332,1.621710598538508,2.8362206640176115
2.1716481941504164,1.6353631779739042,2.7894683064824757
2.1755880734209336,1.6460570680433215,2.7977380840339103
2.179376189128208,1.6577292231080925,2.7882680596714864
2.1839018592508155,1.6702146915868223,2.768872238431412
2.1891431683756193,1.6837062177243969,2.7678593281234227
2.194784315310071,1.6955302853157435,2.703891235385032
2.198668568208726,1.7051151423854394,2.7149721904460726
2.20411725143916,1.7170119697211312,2.6944422181093035
2.2096242034139553,1.7308936066622955,2.7601813694906263
2.2149907458570777,1.7432222281827021,2.735008263984229
2.2179382277208144,1.7565398312245926,3.0415172108523545
2.219484766042569,1.7714144892560963,3.0455102388827484
2.221627364117936,1.7847355861373395,2.958409681294486
2.2241125410203257,1.7977923266413554,2.9468181527196937
2.227246186747749,1.811355451540922,2.889043659360308
2.230985285858467,1.8258269619649192,2.8536528707253046
2.234537191247516,1.8394967597105396,2.843791632183796
2.238186344348373,1.8532334254580058,2.8473235047440855
2.242754217984586,1.867673726990366,2.783348377514649
2.2471980132262934,1.8821508793395976,2.830369126632765
2.2516141499717293,1.8965443890015254,2.850870796583926
2.2551657741036966,1.9090467389808319,2.8764470923735384
2.2592467984994826,1.923852388787065,2.836881136239293
2.2635060800826197,1.9384571597833664,2.800763510322178
2.2683621797150235,1.9531441912744567,2.748562494687185
2.274290650339441,1.9681161781881582,2.739555373054508
2.27970371667811,1.982314077823945,2.7356448200659846
2.2863555862078178,1.9969879976959148,2.7096297157833438
2.2920714094149375,2.008496135110646,2.6900233107868647
2.2978885114705014,2.0202771364734153,2.705929854855135
2.303260075812974,2.0330252001685696,2.7622670144701926
2.3085856088288104,2.0462008942371837,2.7406105068392344
2.313934795157422,2.061584557982072,2.8256865771822572
2.3177602455042097,2.074968216595873,2.868668812142818
2.3219593249572847,2.088310970100565,2.820592128015568
2.3264200452385166,2.102617464102511,2.811891279307052
2.33198736419291,2.1172552034178747,2.754599289649095
2.3365178911701854,2.132106296187268,2.8962389517069496
2.3406136699578965,2.146085548080806,2.8609556944988697
2.344217828309741,2.1580427970249554,2.802641422132689
2.3489038290616553,2.1729191011815354,2.827473813012812
2.35375588641185,2.185922384289768,2.723129544813213
2.359754367860115,2.1986814197160793,2.708302500110897
2.365791049653637,2.2115734701104572,2.707842260645458
2.371970397419376,2.2243961867528537,2.712754548843848
2.3792451209345717,2.239809774365794,2.6912666063229578
2.3856092628762826,2.252930160857146,2.6254312309345695
2.392821754692495,2.265271896474426,2.599109507722667
2.400552869622892,2.277890625440956,2.5790547880391004
2.4069599086745193,2.29019094127932,2.7101781986620206
2.4127943693519125,2.3044673271989655,2.713986373920996
2.4190567567069676,2.3177861469243006,2.700035026828399
2.4251978334835695,2.3317238644229117,2.763251409863043
2.4309099453132106,2.3456923703319,2.727771412292285
2.4366542943477034,2.3574128046631913,2.6101246508477365
2.44397570256886,2.370176147218509,2.6137992383108366
2.451529729444314,2.3844753772659204,2.6648323662126328
2.457168342561128,2.396889198479343,2.728405023173139
2.461796928769323,2.4098219758373527,2.819542080320975
2.466077784303679,2.422520459467914,2.7563874057555493
2.472373025372099,2.436209901714258,2.6900172836805516
2.478877210581293,2.450228306183371,2.6946457508034163
2.485422789984489,2.4637523084174107,2.678655338863138
2.4920926739089455,2.4770286218694437,2.6991215450402177
2.4983554391699387,2.4904454247029815,2.6823302906941175
2.5040548609328526,2.5026572854758613,2.680462183298933
2.5096373772888834,2.5165993251493246,2.779155524402193
2.515087068636571,2.5303644040099273,2.7790772977731777
2.5213615677344063,2.544314694374452,2.6850791762069797
2.527972791422765,2.557046374682901,2.6546450631936906
2.533002387848456,2.568828851810376,2.7357238430005766
2.538034828038514,2.5808459066944884,2.7691096482362547
2.5433673825882384,2.594840897279135,2.7775081525917065
2.5484180550561546,2.6086491373596474,2.719778798277217
2.5545111296714267,2.6230649808095845,2.7143200907857583
2.5608656271733006,2.636240394711214,2.6874608998894978
2.566629542040078,2.6474203371921683,2.6009069788179757
2.573127112831015,2.659205511837442,2.643620562177214
2.580404020229223,2.6727551550806483,2.6386191083016617
2.587983525478884,2.6869705876369676,2.665092344697343
2.594386499519583,2.7019484152505937,2.66460642598567
2.6012728427528624,2.7154953755116407,2.6861176123923993
2.607613097260126,2.7283664904281424,2.6794625257072315
2.6139275517174814,2.742078488212888,2.695706240906947
2.6213301279885424,2.756002094665862,2.661948106809667
2.6270844548700887,2.769047724374397,2.7337129948195775
2.6338798555459935,2.7827089280922093,2.6605266500158367
2.6406530784264284,2.796263924092936,2.686316643733905
2.6473258996026443,2.8094042999893247,2.6693376261904107
2.6549599443754235,2.8245014021838086,2.6293777871878485
