-1.3227933472373807,-0.004451346292281215,1.6222429778417256
-1.3092896987422569,-0.003571525231212124,1.630205187440811
-1.2943067888312034,-0.0025917502449806533,1.6448304369380111
-1.2801186334003876,-0.0013852943234302214,1.6839009621597245
-1.265682510945827,0.0003072315216681406,1.6978599639479919
-1.2506017586410305,0.002894544192633996,1.7534922470568963
-1.2356302948847249,0.005532761068158786,1.7686691619913528
-1.2208591837947986,0.007929563585104885,1.7443107584219952
-1.2063255696504487,0.010452846266253799,1.7418616607742934
-1.191703332863338,0.012640875267486066,1.7470457675125792
-1.1770525634020796,0.015594237925219507,1.759428041581257
-1.1623664955775934,0.0186649613237472,1.7625016815799321
-1.147820406272221,0.021753485993200226,1.7767875803486572
-1.133685809630287,0.024816882252102303,1.801876957341841
-1.1200570902633602,0.027755517745376157,1.8043081448704954
-1.1070724056810861,0.031207094841694618,1.8407826722836074
-1.0906813243917663,0.03603198519731848,1.8800157030915319
-1.076986002170057,0.04055467390128754,1.8876938790219273
-1.0622826623245214,0.04481805804935769,1.8719295084707102
-1.0494122911729287,0.049081852097276245,1.94696841977034
-1.0349302437068844,0.0543537513691244,1.9660153640321747
-1.0186844310320429,0.061069906191271416,1.9209444588471571
-1.005609486541174,0.06548298290089634,1.9336524025836876
-0.9929920535465901,0.07173977873486564,2.0621541424444794
-0.9810446637829714,0.07759290403022331,2.05052781659224
-0.9668471316120194,0.08385104765713283,1.962383586836269
-0.9519008540611341,0.08968628334296154,1.956080559462857
-0.9389789113245716,0.09496442737223944,1.9486858318402156
-0.9241623074753439,0.10161475401476468,2.0064603058092123
-0.9107986048592436,0.10778157768191853,2.024772015114588
-0.898194914251931,0.11393841547869213,2.0409657144920113
-0.8860641400665781,0.1205175703399646,2.0893184169888115
-0.8734286462804515,0.1276284293138273,2.099596747077303
-0.8589844650792218,0.13712258413319417,2.184016992141533
-0.8475461412224532,0.1450338914599411,2.1747158447963146
-0.8345992953348748,0.15343785055115294,2.145188201791728
-0.8216723870610517,0.1618337107515884,2.1677144973352434
-0.8110123480598934,0.1689974119903527,2.160090810707324
-0.7980321318517769,0.17661557802768907,2.142805879357799
-0.785305429116696,0.1852869508215872,2.1691907169736275
-0.7741045888448067,0.19450566493698052,2.3318027929620353
-0.7626010763858118,0.20475267597104851,2.277633269584473
-0.7520103662283217,0.21314565242116312,2.242821449914833
-0.7420599672058901,0.22213153751147885,2.327204525207982
-0.7309046047467579,0.23288106637714628,2.3395892799013
-0.7201477476462038,0.24138530539213274,2.1915618294505674
-0.709669018117476,0.25049148793613935,2.3647596366651085
-0.698497676395298,0.261959881093347,2.370593014294857
-0.6885318541070455,0.2720306376543088,2.3594956255905464
-0.6770677866246412,0.283030362801283,2.3241671381055187
-0.666573865913164,0.2925170701448607,2.313443150504195
-0.6572720543875262,0.30140369773642806,2.3547845233466824
-0.6479439681755822,0.3108973057160206,2.373074763125733
-0.6373606692242212,0.3230814505540057,2.4615709879190852
-0.6281634554546554,0.3350746046670355,2.475068105347363
-0.6190913887577448,0.34636576600300334,2.4261456379807647
-0.6097736571497171,0.3573261708386755,2.434717660965025
-0.6011916871031041,0.3681986878770248,2.48531180036726
-0.591248441268783,0.3799681646461009,2.4187261206680355
-0.5814176442420985,0.391555005536341,2.4644787250056357
-0.5721650625858299,0.403631040070016,2.498603085502031
-0.5643768513716267,0.4146586094785906,2.506425994926391
-0.5558312262654588,0.42519243274021173,2.4406752546487014
-0.5467884460550959,0.4369595610649931,2.501482145057193
-0.537906090813333,0.4481824699663042,2.443551899403365
-0.5277795537451139,0.46078660028326346,2.462722885177277
-0.5198859750531266,0.4705863572553842,2.4868263860548696
-0.5112554030466044,0.4809303881693948,2.407179667091933
-0.5025250462242582,0.4908306068751864,2.4388030776528793
-0.4952164982952212,0.5011809055804181,2.5917224407457433
-0.48801501985285783,0.5116676969580206,2.534418750758898
-0.480881362072734,0.5223799484225182,2.5445471357506353
-0.4731883790102488,0.5340955787228077,2.5989957548204212
-0.46616561176522214,0.5458591180427436,2.596354224790891
-0.4589423146498224,0.5583088035652494,2.5877033622191448
-0.4508197324575836,0.5708749869877756,2.530427520807039
-0.44207375031223445,0.5829116107170155,2.5159496306077185
-0.43394588652965427,0.59500903958344,2.568341442709097
-0.42592997757142603,0.6067659383035396,2.5343495939117724
-0.4173857490244967,0.6191485173641785,2.5523012237576403
-0.40995299946416053,0.6315402404915063,2.648657642620305
-0.402241457936624,0.6450222142210325,2.575206601115874
-0.3944127018560548,0.6577825689143638,2.5825882353831964
-0.38688135613028496,0.6704431463220628,2.5998823373942908
-0.38066312933043367,0.6822277996700178,2.6805745305228177
-0.3739350227433538,0.6959407068597423,2.691239503893897
-0.36859261415685146,0.7062349641892923,2.6608694898949934
-0.36183168375425484,0.7191925013255731,2.623986632928947
-0.3542078387092919,0.7314264714125487,2.5805617412107
-0.34833849077060747,0.7417812538002996,2.657955244813901
-0.34129383592493323,0.755007620353314,2.6000434480611294
-0.3351813448416147,0.7661856803280015,2.621753133060894
-0.32869711256125717,0.7791511323828826,2.666589620279943
-0.32155033982861164,0.7922518445899236,2.614845185053427
-0.31365528532891473,0.8053222369766965,2.586040536447139
-0.3065980746820084,0.817529576032363,2.6126638420399395
-0.2999585784929811,0.8284385518726328,2.568911962547082
-0.2933474501229234,0.8386483901194882,2.5529104802500258
-0.2858484014553424,0.8514715990371285,2.642468365739789
-0.27975499029902373,0.8635552758748811,2.633482849685192
-0.2737301466171559,0.8755078043457043,2.6477067605478
-0.2678465203476862,0.8875166281461332,2.7055316900505364
-0.26166204301386786,0.9014190312741847,2.751551077172801
-0.2567420107512716,0.9159047412522261,2.9346661481857597
-0.25316888100816765,0.9300985154767671,2.855238774913148
-0.24920254744414463,0.943705605355995,2.7768539826581695
-0.2433845542156562,0.9576116200166034,2.7028598374679516
-0.2376853861627233,0.970483889171231,2.781348857048264
-0.23237942976244752,0.9831664241899702,2.7419646938820526
-0.22687332823743697,0.9958032136278158,2.7322953732039523
-0.2208403640540527,1.0084938822852505,2.6404962440550848
-0.21578166263797124,1.019835872318885,2.7571282584442387
-0.21095628569006436,1.0333138356252112,2.7846161765214847
-0.2054294548407701,1.0464676728557458,2.705212231162949
-0.20012251351277976,1.0576881857129599,2.712195239202111
-0.19701730608338217,1.0711274656948462,2.9776461310029387
-0.19357255884181038,1.0829851376399586,2.8302748085575633
-0.18926355022741576,1.0961658579330509,2.8261949283247683
-0.1847221417020889,1.1098320314686207,2.763095584817968
-0.17968653834005102,1.1230369997310252,2.719467517655067
-0.17374724092827307,1.1356284724473384,2.707576753731989
-0.17004522655874796,1.1467795990681957,2.868914439558113
-0.16577912645385195,1.160483904589494,2.7940270791757214
-0.16086659815255708,1.1738667986914166,2.7831469792274772
-0.1561346711829273,1.1882873034274049,2.776424993746051
-0.1532632570589962,1.1989965160037805,2.878733291454061
-0.14832365642734582,1.2118019705380894,2.7393468149927194
-0.14656841954227348,1.2244700524279837,-3.120109364485391
-0.14679360506349612,1.2388786446932762,-3.126942631503106
-0.14535233052340824,1.2531091983918516,2.96471265653177
-0.14209792669762417,1.2671234773080284,2.883559170465999
-0.13786765148700086,1.280263160604009,2.76192562253286
-0.13425799859121015,1.295967016606111,3.0182064713286896
-0.13226624689672226,1.3104056256033345,3.018570576768375
-0.12944221125345318,1.3248521358742902,2.9139802653751374
-0.12801750965619652,1.3403784566539323,-3.1371767746269366
-0.127945291763487,1.3549793877310414,3.1218639563384656
-0.12833934234543343,1.3681778850917585,-3.0809602996851155
-0.12939275658918922,1.3798486155330085,-3.0528798008133955
-0.13245078612369499,1.3921692858498518,-2.769497370292073
-0.13762379031621558,1.404796603036724,-2.702893074369424
-0.1397192647166792,1.4155931593090443,-3.1368573486730758
-0.13845441088841892,1.4290173905535486,3.026363786944758
-0.1365195589935213,1.442759447580287,2.985962950478618
-0.1338728936980508,1.4552198103849445,2.927116887617928
-0.13018367072541143,1.4699463283907803,2.8663426457403762
-0.129590865644273,1.4845635951220346,-3.036079313930386
-0.13404281378585808,1.4974866267933638,-2.7119809072155006
-0.141888739533769,1.509966937680322,-2.4721538192278736
-0.14622116407600658,1.5225245766362379,-2.959064325340114
-0.1501000622346335,1.5366631991544644,-2.7835574790441955
-0.15611077555232866,1.5511810696850283,-2.683639631179495
-0.1630413894057126,1.5635474199332466,-2.655665545344042
-0.17040624785681843,1.5765248891370953,-2.589250119091423
-0.17557981361910377,1.590092496574701,-2.8492127971889927
-0.17951863740383986,1.6039882510244878,-2.8385925478067286
-0.1853509142423036,1.6171487650713199,-2.6617443582161795
-0.18896377620223961,1.632430818530472,-3.054807493278936
-0.1920026187297841,1.646670778794267,-2.8024124770907135
-0.1943797847743654,1.6611684063254464,-3.0291237861371827
-0.1957949013594694,1.6757417302935953,-3.0268002452626974
-0.19689156955273518,1.6904714737974353,-3.0973877169186235
-0.1989097252023956,1.705034980893399,-2.9714777108844284
-0.20133584821581918,1.7184970637585786,-2.9605156216837254
-0.20553173630637872,1.7296815763313675,-2.6831850441905583
-0.21113017867033534,1.740397218053861,-2.5703365067803823
-0.21471787043096768,1.7542058876506232,-3.048670652442785
-0.21434841413276517,1.7656960017320213,3.017066007169027
-0.21572040313457158,1.7793591575102141,-2.8619309753432685
-0.22071453780774647,1.789070724983611,-2.5410760440234474
-0.22689192741764613,1.8007805516197068,-2.766104042181388
-0.2316691469306397,1.811379234346491,-2.7057553943933916
-0.2369262033666099,1.8241494317287057,-2.7507784401757256
-0.24040273413836247,1.8369265610099128,-2.9508458726185918
-0.24285560981054552,1.8493221549597967,-3.013322803632352
-0.2466973525081511,1.861369809872537,-2.6308116452179133
-0.2535383464025243,1.8738119083040508,-2.6044262927489252
-0.26242134093428554,1.8842944566674011,-2.381700473954674
-0.26873720068632245,1.8965497674074598,-2.8197148588155287
-0.27426045710529057,1.9061945573986103,-2.523558523896494
-0.28222282952848043,1.918095467654318,-2.54360744137019
-0.2887211738404585,1.9294958932289727,-2.6653814823910564
-0.294242374938792,1.9407185723659601,-2.6773884848823495
-0.2991155782587678,1.9494896951275902,-2.6079567604290164
-0.3077368837675161,1.962542975920707,-2.5491296561435535
-0.3162424939859551,1.9757625097157712,-2.596993175198864
-0.32428111678212945,1.9889455825580018,-2.580297182787431
-0.33319960225092843,2.002011742660026,-2.5314234553908532
-0.3406361060052368,2.013591827288329,-2.5445415367655166
-0.3490779768795132,2.0266216252906557,-2.5318390802372424
-0.35754381534950214,2.0390229321845323,-2.5317299181121378
-0.36295248106264216,2.050528692887855,-2.7479016714345197
-0.3698286100097329,2.062963796916789,-2.5574018070521602
-0.37719672680059874,2.075255035636324,-2.6132296286257386
-0.3835018839659512,2.0873090440882462,-2.650795512481217
-0.3909474016350876,2.0995777773006346,-2.543035775496803
-0.3999273678668343,2.1122994958626213,-2.4996978890179755
-0.40959435142292167,2.125565442388765,-2.5127102598771733
-0.4176561918761821,2.1382853611693804,-2.6262864690560197
-0.4270975096877947,2.1509867068469624,-2.3985404453743877
-0.4337696232815124,2.162781019186066,-2.7573482287463498
