0.04168042063305307,-0.01576069399737552,1.622574417247741
0.055164006896366226,-0.01511260140595285,1.6155455760415345
0.0691891409624774,-0.01443211009456531,1.6165302745631702
0.08286834595055748,-0.013581979238845089,1.6360845824319017
0.0978106313415476,-0.011972442510608215,1.7109487669356982
0.11190671025226549,-0.010535394738756748,1.6924696906347754
0.12653901756580774,-0.008640476742732831,1.7187606245946587
0.14004267106159402,-0.005907227524278825,1.7688302041399968
0.15407004252115897,-0.0022545593653700118,1.8219585025597593
0.1695184567065488,0.0022559125917266994,1.871377526010903
0.182982048762976,0.005919752072306022,1.8438382872838683
0.19720773353031848,0.009360414475647673,1.7806527373341972
0.21196479642123936,0.013415150510971125,1.8723114877852884
0.2258532266171635,0.018316738327119032,1.917110980570511
0.2399083381011514,0.021932623101166115,1.8912308031843377
0.2555857876369576,0.026454092554561194,1.8724291300495004
0.2703105561567642,0.0312721377990546,1.9232476444418152
0.28264289983499147,0.03486545475936166,1.8969705330746247
0.2971310628826136,0.04038765328352597,1.9818768421528477
0.3125608173360509,0.04635412594213848,1.982347693829547
0.3270414164457784,0.0525853742463395,1.9671064558090967
0.3404671786014365,0.05779141622602119,1.92185119678506
0.35476702691911344,0.06224804550996177,1.8945195860682649
0.3691353697586811,0.06784514356623496,1.9754721812048628
0.38244390966037994,0.07363243885851947,2.004931383906537
0.39474339432028677,0.07967913018343148,2.014636808430282
0.4083502372721954,0.08577667077450403,1.993411670021158
0.4217440840281277,0.09159504960776181,2.0490062986129494
0.435294363593943,0.09988771916887601,2.1468359077894292
0.44621793890979894,0.10648164719868067,2.140867510773231
0.45841033114270613,0.11427459107195016,2.171028007755832
0.47057730119474483,0.1218148313632603,2.109412458177691
0.4842165551818093,0.129311838810357,2.102955142545241
0.49599686694716166,0.13813166922348497,2.2392282853937524
0.5076122033558361,0.14747314656222654,2.272720550841638
0.5195980412613744,0.15717593141805603,2.27383186704168
0.5298760511940337,0.16435285584744583,2.135156638448737
0.5421541137022021,0.17204896889757068,2.13550551990907
0.5539895114073445,0.18008792135531065,2.1954234700601662
0.5666869985440156,0.18937225542974237,2.2086445213043606
0.5774037961472107,0.19705889154958453,2.2337408318487375
0.5879168993734559,0.20476052559184396,2.207239893359605
0.6013772296130474,0.21438876352743005,2.237703968142619
0.6130008646486452,0.22412584798687238,2.2618398223604865
0.6236804628777302,0.23199620405257262,2.216759652310022
0.635813669768583,0.24256316282418502,2.284341613250263
0.6478486808207399,0.2522972823663177,2.2502990614992977
0.6573879985446066,0.2595249213508778,2.2389335626396663
0.668406750535235,0.2683306054990578,2.3086753594964478
0.6793292034255375,0.27798285310876364,2.264077961038072
0.6894409986973918,0.2867494733059329,2.29456712399392
0.6998230603702945,0.2968252264828895,2.4008775804183626
0.7086571350388899,0.3061325772105829,2.396897979239417
0.7175030341017227,0.31596222629755977,2.4097035734523886
0.7278674228142178,0.32711978434795336,2.3824117552327007
0.7362252437874648,0.3364354041363256,2.43551731461028
0.7463808132925724,0.3472330387811011,2.3884633665908277
0.7559974497471216,0.3586070593406737,2.4644333128493057
0.7650247114974453,0.3692397415893872,2.4529527296085445
0.7750103706040722,0.3813270766706598,2.4396626864230604
0.7838562059724803,0.39227026189888836,2.471330466881704
0.7925356083768738,0.4036582964160342,2.483768313220485
0.8012449220891031,0.41405060558429746,2.431397719055468
0.8113902030830032,0.42613066623536483,2.439849104728436
0.8204666505517064,0.4382637885786455,2.5274395867164823
0.8296082305784646,0.4507718224566977,2.513827983640879
0.8366911531135215,0.46148745243134437,2.5549566362405907
0.8453808901748269,0.47400430725118364,2.515126055551173
0.8530176316330038,0.48408221331200935,2.4866913817446736
0.8610299669195807,0.49466590817809764,2.536060679653925
0.8684479503606402,0.5057851649782013,2.557059419713925
0.875412788622387,0.517046461125882,2.6006388426836136
0.8801234632517425,0.5303036517123823,2.8913124334776357
0.8847169356360184,0.5437553564546127,2.7349781631964336
0.8897010004586561,0.5557523399744811,2.665372330561209
0.8955185956685414,0.5673377315071373,2.7451554792418595
0.9008592190887619,0.5796576786093917,2.7066807163426008
0.9072176020681167,0.592248125794451,2.6384084556869567
0.914699130757114,0.6049677330365436,2.593411763565798
0.9150218957526123,0.6186871171267921,-2.928086313914265
0.9160058266007913,0.6318357463016737,2.8615147545237973
0.921424214595075,0.6428058038300024,2.586525811581634
0.9265619281664816,0.6553282888966542,2.912851203913514
0.9315926504490945,0.6682665604148416,2.722967661491252
0.9375358327636061,0.6814732089661165,2.6955100741003126
0.9435735066284375,0.6958485622607868,2.706068494661083
0.9488392710246742,0.7079979379907498,2.7115952299596398
0.9550232397828489,0.7198117295462464,2.61284645351235
0.9621112092530572,0.7325930664099771,2.6332804308481426
0.9692417677764109,0.7462870454385798,2.656236774264252
0.9742741376763902,0.760753657795434,2.88372835849876
0.973942106629139,0.7753843578178127,-2.9579706598276183
0.9629096577210772,0.7863723628128628,-2.021087657027065
0.9525418514531343,0.7969898429347398,-2.579116033435744
0.94359729431754,0.8093107837768105,-2.480745382075363
0.9404032551949143,0.8241871471006844,3.056225285248164
0.9447347826838166,0.8371981052711666,2.653426784914555
0.9516276227868644,0.8515579850015825,2.6974065716201054
0.957022604656441,0.8640261062933572,2.7940456678727936
0.9598955919200401,0.8788575879907915,3.0191336047644297
0.95517353607671,0.8947294747435565,-2.6071303227696716
0.9514051287111217,0.9066071331474347,-2.982789159090416
0.9504557545840037,0.9202394028734265,-3.1199540992382913
0.9455503805744492,0.9319574309395018,-2.531032093118593
0.9486788630005055,0.9273938232487625,-1.6473982599411794
0.9430497403447395,0.9222624592128725,-0.993617897730539
0.9210537798353103,0.9165815354367267,-1.588805448199069
0.9201366612089283,0.9141531920163121,-0.7819037410838683
0.9034467009922214,0.9061717412843939,-1.4921212461735562
0.9046674908371835,0.9030692655734036,-0.6777361128523095
0.8947222690503696,0.8908718280798974,-0.7189950037867691
0.8824352181435282,0.8819241377160639,-1.4370879375840122
0.882994007540057,0.8807529033648922,-0.6330809953304609
0.8831158644173632,0.8791291031139611,-1.365619720136295
0.8846422849824275,0.878210384248179,-0.45940066462507145
0.8867676773885733,0.8775446227321855,0.4463722134293244
0.9017733751620848,0.8675712926847888,1.284887537704589
0.9122918883310389,0.8557254632556021,0.374697511299164
0.9254780976344882,0.8444352788214806,1.251899324120507
0.9413946994676329,0.8477170902203173,2.117349162002186
0.9556254187969946,0.8473088712703504,1.2143660539705725
0.9697539795469776,0.8501902251286272,2.04873507392453
0.9786370269999534,0.864658300135133,2.912010595439035
0.9788366444726225,0.8779474632175368,-3.0147895495796715
0.9746936781842925,0.8916957038982972,-2.762622409548965
0.9709907342416941,0.9069119876081712,-2.9931331170492985
0.9687679733413554,0.9204986453539741,-2.963050217276632
0.9700807113152936,0.9334583318036501,2.8821634412812203
0.9729824285281469,0.947422603417294,2.9013213709715804
0.9755051528560099,0.9627640899828637,3.0007106280573534
0.9782312306156462,0.9770358309807818,2.922572334234065
0.9760819145942908,0.9929546629223277,-2.8004692371338384
0.9759703875858066,1.0054967252856812,3.001856347196847
0.9795162440913885,1.0164153235621363,2.7423232295325994
0.9848569280378084,1.031430037601297,2.815797707748113
0.9890810232894038,1.0450315947839721,2.8033482821273084
0.9932577993586164,1.0598085590091548,2.7840870279850862
0.999051003399552,1.0726466660439657,2.6647033452240834
1.0008845961327377,1.0887439731451096,-3.0307245313434423
1.0014382715985264,1.102880756287908,2.9563309689207595
1.0066564492253978,1.1164347440627793,2.6625504160515785
1.0125205535340305,1.1307031711514979,2.7787469463206103
1.0107872089857113,1.1461850161712408,-2.732298865840408
1.0083360701234005,1.159144724714118,-3.1105959688999505
1.0086673054107431,1.1714717440895752,3.0735798763557973
1.0096107421611988,1.1851097116848615,3.054021718113925
1.013378838775809,1.1975944187769028,2.726626818014501
1.0155079591018912,1.2098496034071329,3.071774053543833
1.0174914878317403,1.2228258000911267,2.9519089323018126
1.0159860713542481,1.235973623088443,-2.7926401715930584
1.0140663516247364,1.2512251114350113,3.1223009374893347
1.0163591214539116,1.2637365789570678,2.8478014632902653
1.0209138083907559,1.2758487953883901,2.7830145568837215
1.0245327845362853,1.2894019116719504,2.8459526086659475
1.0263032490933257,1.3033546390629158,3.1217165977138763
1.0280388247523997,1.3178002836355034,2.960077962622319
1.0324145618040006,1.3316799894128548,2.7928191987678104
1.0366100425569882,1.3464343438885502,2.970786911025042
1.0360048096268615,1.3600469222178566,-2.9496579877918028
1.0333318154066402,1.374051408426351,-2.954244879612398
1.0297090738033572,1.3874548787662175,-2.778710323023841
1.0283346366555617,1.400331964351865,-3.1353332730581873
1.0210892941609768,1.415498544790357,-2.337779482446947
1.0115630100334574,1.4253957392279324,-2.422299179752594
1.0044629147158972,1.4369734143025188,-2.629889690042899
0.9999531989057162,1.4505203345038247,-2.926593301245787
0.996870809781634,1.4649273629513682,-2.872639308366337
0.9920742585218946,1.4791747388150847,-2.8303551832502425
0.988010148419687,1.4934850081245044,-2.841192853620318
0.986181898086023,1.5080633116730182,-3.0994889499633453
0.9858767635171337,1.5226775196300182,3.1342433698731416
0.9834277552972737,1.5367013234210125,-2.8412693746173208
0.9794489782789764,1.5508417466068665,-2.857749172366176
0.9753421256222735,1.5623654797928586,-2.8102805570266858
0.9734824203579328,1.5762353213957907,-3.090477888822383
0.9755319816124485,1.5895369669253963,2.849412915891229
0.9771268866426821,1.6032381893453629,3.1287930216896167
0.9733639040635692,1.6159358393290078,-2.6706567772498837
0.9679864816655647,1.6296236883122304,-2.9001700177332355
0.9682874759434146,1.641457527782162,2.985061764687389
0.971448414251295,1.6545263409441588,2.87848590346628
0.9738314941946915,1.6692901858896352,3.011880013614077
0.9759434244608415,1.6838047527720188,2.9866989561570705
0.9786270316894339,1.698891059626024,2.9443506546734066
0.9794215433894111,1.7129808870367644,-3.0713819217707066
0.9788986698522769,1.7274934628572076,3.1392415993531597
0.9763516118830028,1.741142118913453,-2.797711368058707
0.9693126771448243,1.7541809777855075,-2.615537943849946
0.9662452721876156,1.7687625352932346,-3.131468095200097
0.9633302389553607,1.7821257681650817,-2.7768086453357017
0.9599662947561718,1.7958361080418237,-2.9566888632176256
0.9550254153788358,1.8090000995941617,-2.645020447586895
0.9514285477699397,1.8250734836610765,-3.131081074572892
0.9471315543550352,1.837766155016074,-2.632189853514728
0.940848426499997,1.8503293672240817,-2.655039084093822
0.935732449517554,1.8625468991327632,-2.696701870163562
0.9273798731640105,1.8755863827838284,-2.505735044241768
0.9213036483747142,1.8863564040922496,-2.6330517870205887
0.9182221226821178,1.8983528179488485,-2.96600915478852
0.9159723274071626,1.9117555369272063,-2.963680457002394
0.9142875528294593,1.926496388170768,-3.0810656476257314
