-0.053135920928914,0.2666723555620732,1.6078630980096922
-0.03937371641776437,0.2668486825229911,1.5917326676281311
-0.02490062566440702,0.2669862553122467,1.5809787814867104
-0.010390199424640704,0.2675334424752648,1.6346413763759857
0.004167564326737281,0.2683911638169375,1.634019365865011
0.018493491931192957,0.2694737742253271,1.6646373225840858
0.033296166331069146,0.27089031473863245,1.6866537566378932
0.04648180789701633,0.2732442939663685,1.7575606826201
0.05949249184010094,0.2763880482248734,1.8555534352709688
0.07574490638897337,0.2808535902851425,1.8530897940560003
0.08963908842437852,0.28508760491090046,1.8742265666312186
0.1048801382298561,0.28929441640894415,1.8772710814161648
0.12007594749304282,0.29378670032527265,1.8880037826194171
0.13399345090307277,0.29831733651304226,1.8937416472066027
0.14759393317414715,0.3031580778931929,1.9568689329654079
0.1615300231507035,0.3083574332961245,1.9319130891195742
0.17374082541378869,0.3126677355687634,1.9193900529908239
0.18763068283902556,0.3179630212741237,1.9186446951612768
0.201301174856744,0.32194584115786284,1.9015927305544285
0.21494264106011435,0.32642390990622044,1.9634866687085266
0.22984298836156408,0.33200368275437175,1.9838440656570022
0.2442029939495249,0.3385064292032927,2.0211304765166216
0.25894946725935597,0.3449141643537063,2.042757965107181
0.271191456766742,0.351355717412974,2.1162338295302185
0.2844027271678508,0.35800342359960674,2.029288617306984
0.2980997177618208,0.36476614154593184,2.0384103517355245
0.31111959882161044,0.3704284890854836,1.9887194629127722
0.324955767211531,0.37664524767843127,2.004324520564689
0.3389076266531273,0.38271813565891943,2.002568130836922
0.3532678068987969,0.3891980436372915,1.9822658326540326
0.3668667469025705,0.3965759721953947,2.1263506494559734
0.3798600786089133,0.40450419588811154,2.0990224628395286
0.3914296556808683,0.4106123094878313,2.077766323489175
0.4045328380737785,0.41846311627668886,2.1420891131884225
0.41705256611843733,0.427054671497659,2.2037584603676916
0.42709687689622033,0.4341693301182544,2.1957593479936497
0.43798293206140115,0.4433610456424357,2.357948030844709
0.4476863198028004,0.4517587328482882,2.2484120369744787
0.4590576521247202,0.4604623671549638,2.2413676798723006
0.47101179195735404,0.46925250644948474,2.2023609139458977
0.4822101217265091,0.47693308227793163,2.182359354575919
0.4940967862788377,0.486378800126825,2.321633613762942
0.505699543335601,0.49734075710438225,2.3451965290448493
0.5155931443570585,0.5064405961311162,2.3171943633589827
0.525475270076237,0.5152022986801649,2.2809169589006975
0.5363696132870658,0.5249721063135724,2.276657776661464
0.5469716220813207,0.5350146011737368,2.3643722619558747
0.5563939528318068,0.5450735803568717,2.4007382451146775
0.5663251422091994,0.5563890207489239,2.388770474146592
0.5749395291418143,0.5649760670390902,2.332256916076633
0.5842185950406031,0.5744289128029555,2.44196627045958
0.5934862896408323,0.5843364680695543,2.3298732324765568
0.6042295641526805,0.5937750764368321,2.2982492419950913
0.6144849980916041,0.6033285959557964,2.355911855620507
0.6264982931955608,0.6149186451093535,2.36231560604298
0.636960257498871,0.6266023148501388,2.4072240005903827
0.6471150453558047,0.6373468893941932,2.375781151873545
0.6570874382057031,0.6476860854681159,2.3904461852919847
0.6659397467719631,0.6574118954223845,2.4131292386775565
0.6746914481910649,0.6676192425704971,2.431581466374753
0.6831231451383544,0.6771682202670473,2.3947411026814147
0.6922933342657859,0.6870542376691149,2.3938842297645544
0.701524212633002,0.6966580098535847,2.3739437723708914
0.709894660894849,0.7059762396588749,2.4259096012954204
0.7170540597186157,0.7155122820579553,2.554056114044859
0.7250230186035336,0.7258432463116699,2.48430205774268
0.7338849809281294,0.7364792085239547,2.429208940105132
0.7444892829954247,0.7489714054039427,2.4671272220122904
0.7516123364534687,0.759324063469574,2.593730573562553
0.7586365568558308,0.7718579185935157,2.5866079804389206
0.7658404245542684,0.7845837771747874,2.619113227214054
0.7692490124455518,0.7974351376463981,3.098076411098199
0.7711794036286447,0.8115159385664685,2.956388236735758
0.7755626954971075,0.8245889492735586,2.765658055403232
0.7812367109920882,0.8390359602970557,2.7623563785928287
0.7869355636302788,0.8537451645618014,2.756185501277331
0.7926694856845725,0.8671203325720939,2.6804543732808748
0.7995143459411359,0.8802491699067297,2.654498125227868
0.80562813389615,0.8940137183465452,2.6914525779078144
0.8114125816518708,0.9071040184941875,2.725880794264449
0.8163918217959051,0.9173170947232102,2.635101537602916
0.8241927216949766,0.9313116256972668,2.6344532684411957
0.8307654905604924,0.9433532253522233,2.653664267276669
0.8365788508801214,0.9547397282813966,2.6725620021848413
0.8426801296852697,0.9680996867864242,2.6766268239997095
0.8488720823917375,0.982100639599825,2.688615202383521
0.8553167456131455,0.9963394292103805,2.726575348930512
0.8605653835491844,1.009734966191387,2.728162142918359
0.8675999059097257,1.0225247121655594,2.5963829435411556
0.8742055275020729,1.0355161835472348,2.72551366602647
0.8807786970114045,1.0496663030199285,2.6982826255670775
0.8883494283622839,1.062946317563079,2.532849542327496
0.8945758561489705,1.0768440399111732,2.873815802400315
0.8992240097172283,1.0873516934273684,2.6689220870240504
0.9018267271139078,1.1008109470565681,3.1115404583716106
0.9026573006830769,1.1129152749319013,3.0555970865218653
0.9041816662599175,1.1274113332452749,3.043263647329019
0.9065196256058862,1.14062378317509,2.9543049489263877
0.9014632103257654,1.1531260030344948,-2.4059515255773745
0.8948861774472371,1.1683138338745702,-2.934972832762109
0.8946890524318258,1.182579858225291,3.0224117048111396
0.8969505037007355,1.197339054774597,2.9683652995500087
0.8999971356155994,1.2114277174108947,2.8951235750263
0.9042436576134881,1.2256460873091262,2.8267866750566815
0.9079382519387174,1.2397223904674868,2.8734418430823108
0.911368977718368,1.253663505845902,2.896677935486683
0.9144466110183899,1.2681079097184762,2.982292876083713
0.9179763469947055,1.2822522899925912,2.8413862250794333
0.9155609329220067,1.298103897019745,-2.738924867292115
0.9134298514899715,1.3110061412964995,-3.0896760707233852
0.912255463316286,1.3250549933483093,-3.0495256351630746
0.9108656499302229,1.3393119213532898,-3.057087792928424
0.9113554585391437,1.3540033508665503,3.021237117046418
0.9138211768231923,1.3678748604567779,2.9152347910350533
0.9164539859118194,1.380937242774838,2.890873117158453
0.9175097864349655,1.3926720999901858,-3.1096788777381055
0.9194250369923567,1.4048609984875593,2.883653249964129
0.9149166710817974,1.4216164474087902,-2.597049069227687
0.9126384498456409,1.4338260950423949,-3.095433637571633
0.9106858699484903,1.447324730776362,-2.928958454923718
0.9144587627539268,1.4631447423776194,2.623562473293352
0.9197152778005248,1.4746330959396197,2.7342084007421885
0.9247908940469051,1.4867823445937685,2.7386113901935865
0.9274283884112448,1.4987527240606617,3.035266079769935
0.9286463525532922,1.5114575237864636,3.062185664946865
0.9309480281647922,1.5225221845087749,2.905764322533525
0.9341390930449679,1.534741388293572,2.90807298936199
0.9377705287370055,1.5472541582081143,2.85161945094907
0.9417372577709263,1.560929832799709,2.8504837223405683
0.9454935405021833,1.574478661201511,2.8812359501705846
0.949459397025331,1.5879872934183823,2.783555939604334
0.9548834152985989,1.6030636629054846,2.7646227000184918
0.9607030773629691,1.6171161877703604,2.7538185951136596
0.9653330788475958,1.6294811110246812,2.7964920084455955
0.9698444558504757,1.6425421829426212,2.822559311266974
0.9740245750932963,1.6548524678207457,2.8256832692106646
0.9781648576055355,1.666203546334711,2.754529251925548
0.983266832499011,1.6790493592404305,2.750724724639812
0.9886577432302294,1.6907533312207157,2.7216996948043937
0.9931974839945186,1.7019252390041164,2.7823663441389574
0.9941397308849352,1.71464336178318,-3.0574778950837027
0.9924440479710269,1.7263277435154303,-2.9819787537105746
0.9933549279690065,1.740057552923774,2.918491420366485
0.9977388765592308,1.7526335100684611,2.7328030379492434
1.0039578178637116,1.7655292277030057,2.660921590383727
1.0107818054103914,1.7769621222326104,2.6205337966469338
1.0183792159796388,1.791607113998413,2.676728432114974
1.0228168056201512,1.806676507726663,2.9594672709751055
1.0266443478634268,1.8210511426783977,2.8397458870979273
1.0309630307507867,1.835100307167276,2.852492800974488
1.0347097103016656,1.848625607930267,2.832691468290634
1.038996918062726,1.862940811369975,2.827382727306026
1.0435634366174158,1.8751471828958468,2.793233914135851
1.0487094848669474,1.8898654009605926,2.8016244961631647
1.0534466219593075,1.9046291032199676,2.7749971235407402
1.0586764804761413,1.9189511475300947,2.7884226231064795
1.0635341350556382,1.9341062436558687,2.7691664132871394
1.0686618525190084,1.9478899008658244,2.783787543845884
1.0728891946061203,1.96367947909124,2.791696579924258
1.0777952383232214,1.978818286009076,2.8254615142003043
1.082013392417254,1.991886025253581,2.81146244628406
1.0863400574936644,2.0079328346069847,2.809475282954626
1.0884573833033593,2.021047300730429,3.1140905417054805
1.0907143641949626,2.035390556963372,2.9114107843996044
1.094143164136355,2.050345070601258,2.945658466942687
1.0945709078205201,2.0650514539362437,-3.0477456734458275
1.0947001457547583,2.0794562728227137,3.059096909682483
1.0975937852594222,2.0932099377604674,2.778442236866045
1.10008042438931,2.106800987707257,3.1091980071259773
1.1024956985032204,2.1206980527116133,2.89032994332175
1.1056749199686944,2.1331012138935828,2.908406439548813
1.1091621607498547,2.147295316280733,2.874629223499691
1.1140307215961982,2.1612708494804367,2.764888318719635
1.1193625054350875,2.175315300521595,2.844870310314798
1.1223877061415943,2.1905224322103543,3.0019920569693634
1.125939064702199,2.204483241161118,2.846093062495792
1.1293114694254125,2.2203839235650795,2.9246369062480255
1.1329811124814209,2.234567146775219,2.894472618905316
1.1357687942901764,2.2487764927686085,2.8747775308898746
1.1399246574306743,2.263798418145458,2.8279473854621653
1.1433887465786028,2.277734624073817,2.8817319711276785
1.1481600632253524,2.293189550567358,2.767882981766931
1.151094602614071,2.3080251164289773,3.042245075538235
1.1532001696698957,2.3226593972917633,2.9274583452259266
1.157591369791288,2.336641769205013,2.797447579388163
1.1617103308144363,2.3490187033851835,2.8125595697917603
1.1670724906108612,2.3628518340133153,2.691607523727069
1.1716380297092057,2.3755088568950344,2.829065500404427
1.1719975516913983,2.3883280325866494,-2.9884161882817453
1.1720297886972564,2.403267167072975,3.011817320280584
1.175032398060375,2.4162302181030073,2.878832612691629
1.176002226196638,2.4302816559519824,-3.0895124341065165
1.178024741461698,2.4441025036956203,2.8735202712768317
1.1797780741331088,2.457970796245433,3.066936218841172
1.1823361842819446,2.4721630755524666,2.82643292197325
1.1862942629060254,2.4873536382086523,2.9143482727848844
1.1900261418802365,2.500102388824447,2.837956298583581
1.1953500781947983,2.5138832503917117,2.745219277414491
1.2008726601699944,2.5274396301061692,2.7475533242901973
1.2063191570031846,2.54106706577869,2.7273973723218035
1.2086280905845443,2.555623891038954,3.06878832785367
