1.0143014398815016,-0.4747903800880706,1.6223579011155826
1.0276065863603447,-0.4739745771957595,1.6327506468611819
1.0421884850042182,-0.4731200691528794,1.6505945954119476
1.0565650809589684,-0.4716405678241435,1.6709314057139721
1.069546307681545,-0.4699405581937259,1.7106158784699717
1.0832608977632523,-0.4675221918249476,1.780498047599424
1.0978160592178081,-0.4643675051506444,1.7765161224916326
1.1114090971899266,-0.46126920166289803,1.7793135082828884
1.1251028174663371,-0.4576095965422337,1.8687026698803308
1.1404206987449756,-0.4538597694044692,1.8162761609712925
1.1543291058389968,-0.4500954207164007,1.8284929674451922
1.1694610723599583,-0.4465347089270754,1.80671981466456
1.1836561781209498,-0.44272775365648304,1.8710495719024673
1.1975750214606178,-0.43806810072417934,1.8896992764595861
1.2132077563743109,-0.43225185714686726,1.926535921317836
1.2267316986076058,-0.4275420655864132,1.8989055100140688
1.2415285786131351,-0.4231676658022016,1.9143897759873836
1.2546293516919624,-0.4189558885167102,1.945154694430936
1.2687169472415658,-0.4146421221672908,1.8566056095619752
1.2831447732976287,-0.4102814995771788,1.914557583427245
1.2967718059536588,-0.4055846400423643,1.9336289085266782
1.3091286005454634,-0.4010926019788577,1.926417493083016
1.3223290351355594,-0.39644219083058535,1.9456317922414152
1.3366373397532845,-0.39141214058229057,1.9421755401813179
1.3520654178980607,-0.3856038972508066,1.9670779443232482
1.3674173255636077,-0.3806623574577936,1.931319924112491
1.3809451986325896,-0.37559759960993316,1.968395732004435
1.3946676283287027,-0.37032530359097465,1.9740064673422402
1.4064893737192743,-0.3641200141523369,2.0579419268254187
1.4189168482906953,-0.35700609711578263,2.111991606463204
1.4310753367115798,-0.3497126851259837,2.127512760274937
1.44300869903527,-0.3414918738251722,2.1998276622264568
1.4549735667540615,-0.3330896029519908,2.1674684565246904
1.4684569643978722,-0.32397287386013496,2.169808816745763
1.4788855910330394,-0.3173007601857635,2.1265712995739556
1.490622858124802,-0.30931421034172984,2.174907843219743
1.5033914690419723,-0.30131647552075896,2.1268228527206725
1.5148653256619058,-0.29412155929936257,2.134331914728757
1.5273612939521544,-0.28624377105649706,2.1757096129267506
1.5398671021518007,-0.2783124808889049,2.143899392818884
1.5523258023393787,-0.27130819687868224,2.1269644900866647
1.5672568812273018,-0.262822677859818,2.088605455604019
1.5818821291478615,-0.25399333043192857,2.1689100362160807
1.592489646803286,-0.2463269829171365,2.2056541288349107
1.6021388730531598,-0.23865085280521786,2.3024809513468925
1.613214235742594,-0.22817821329730797,2.3463038845016304
1.6223341913325278,-0.22038056098481848,2.2519939270576987
1.6335012422930595,-0.21006198195566655,2.3518503104070865
1.6433721109103117,-0.19935441722266317,2.4275194706444636
1.6534254016886545,-0.18956917105959184,2.2751197921527107
1.6628535028068723,-0.18098037983585602,2.3275812867969656
1.6739138807038867,-0.1698216197329709,2.3639431066320182
1.6844900983903364,-0.1602950282435995,2.271832627193475
1.695148601629051,-0.15052711628914497,2.363334531315957
1.7055718597780118,-0.14003008573730333,2.3596863979307265
1.7153569708652552,-0.12922758659767836,2.4101081135658444
1.724988959936127,-0.11798884384195985,2.4346047586599457
1.734392919281531,-0.10657393654060546,2.4562499536987
1.7430186949755369,-0.09582463148229112,2.4373356320981237
1.7514706116118517,-0.08648280359911559,2.3860737641780423
1.7602375641351493,-0.0770381966385098,2.4121336722678763
1.7685881536731336,-0.06800825283079256,2.4090586502786975
1.777243776587814,-0.05836293142203146,2.4269950122483186
1.7863087906231738,-0.048790742712097164,2.3906420808081323
1.7933473936857085,-0.0401685706219502,2.5055850396607378
1.7992165946177707,-0.031402171001530914,2.577027036637866
1.8057657044579785,-0.02023841589855541,2.618054918419201
1.8123745509046572,-0.008133726214447717,2.5944661817536714
1.8199603014668644,0.004605770960001655,2.568997568626295
1.8276264520496093,0.016544014700540996,2.5786516482907205
1.8358624411434188,0.028757207796560415,2.536961903896969
1.841756196147839,0.042121791184951664,2.7664004591198457
1.8480576776678783,0.05459323973726907,2.6243331416779316
1.8541671007949645,0.06732566299129478,2.6666101491909675
1.8607334659119776,0.07896220372349946,2.592385667672848
1.8677764380102413,0.09090213474735302,2.6322380023866283
1.874019001363959,0.10203023681221614,2.6393693194894645
1.8812025138099013,0.11537217427385713,2.6560128840356447
1.8877695908384933,0.12794521742034656,2.661680898021539
1.893974978354701,0.14224389357626877,2.7628503072693604
1.8996831506751954,0.1553343443481201,2.701752214725624
1.9049605347149998,0.1660688821053357,2.6741098327210766
1.9110319013620372,0.1804474064650747,2.7478190674978866
1.916822956067766,0.19309810301569252,2.672458802107006
1.9222107542969964,0.20549250769301877,2.7186968421636917
1.9276101082653387,0.21883719341464167,2.7940644156594265
1.9316698800244885,0.23336458420555103,2.824196525114688
1.9364736880235394,0.24544248703201352,2.781983106117244
1.9407530302064855,0.25834651061315195,2.8345474308460727
1.945339720198914,0.2691431243576368,2.7600072660485497
1.9510688130204898,0.28290590861289316,2.7456846536207724
1.9572393761262545,0.29638548067629533,2.690108549581259
1.962867674155877,0.3090223349945819,2.72108617537219
1.9686242168186276,0.32203382116503554,2.723707199713989
1.9739842963627792,0.33420533282851395,2.7088098303486663
1.9802313513140268,0.347550843638566,2.6959809277074585
1.9856076575808197,0.35969789049084067,2.71984675310583
1.9910843395958258,0.37227771669127446,2.693313415010471
1.9972718423364082,0.3844362305734766,2.6889485126182167
2.0026527792448814,0.39785645146474574,2.7754979043280095
2.0076595266567625,0.4121463261366797,2.7438232957979896
2.012903373271146,0.42526712767703334,2.770762377146374
2.017684469271463,0.437628834171343,2.7152966525117375
2.0233221627275433,0.4509905992338607,2.721458675707512
2.0298806103182523,0.4649583844624878,2.7009112626231557
2.0366051864348,0.47859623715640953,2.7057987321748804
2.0426390904392266,0.49318419193755597,2.7048985925800064
2.0492503938178417,0.5070252731084262,2.6546386065649736
2.0553437501649947,0.5171593368541569,2.578146765325596
2.0632894893432394,0.5291010979566573,2.5098121076846027
2.0691675919542254,0.5405750545334842,2.8252796957071817
2.0744541323740893,0.5533552994800119,2.7068396218078705
2.080039093076696,0.5663618812776561,2.7072296564492304
2.0861304040075286,0.5800479402119287,2.706495364730118
2.0928709881194645,0.5933614355424579,2.6694624878693913
2.097073745572189,0.604330615718057,2.8220824554187978
2.1016186277760935,0.6174379649588384,2.786130888905136
2.1070317928509987,0.6304483139586646,2.747310987323554
2.110582851523797,0.6432671001734008,2.915306582811969
2.1147952904852763,0.657261930813651,2.7795238297354032
2.11980713482235,0.6723672572056787,2.7994238915880865
2.1248897331137884,0.6858927279718309,2.7913900879850244
2.1310460598464784,0.7005029370870198,2.6902604547321864
2.1367650613716678,0.7141779657629281,2.730710550158123
2.1416885591653676,0.7282629374355272,2.837578222073881
2.1439774529873135,0.7420276622541723,3.0807590254130504
2.1459772017754215,0.7563071463210463,2.852668585419235
2.148757997112026,0.7715440200675983,2.8442413618870503
2.1525769186162385,0.7867080927726019,2.840572442948726
2.157297539580348,0.8012449767066443,2.78964449234082
2.161435716664633,0.8130755985962287,2.8093796583762765
2.164751218540364,0.8264779308648577,2.9303997583278005
2.167705218017469,0.8384956559010378,2.899591316076947
2.171503967653492,0.8516613956967477,2.847171678412644
2.1754077026732808,0.8638137057902783,2.820218096340509
2.179721403974771,0.8775553126907373,2.812963641215816
2.18455299788718,0.889205139254905,2.7630308829188994
2.188585960049188,0.9006484168454882,2.8121041638647255
2.1935268833749677,0.9158834441323523,2.8483505536634386
2.1985887961615327,0.9282393699004838,2.7053464419848163
2.2042826474620383,0.9411912173112432,2.7117738954400648
2.2077613121915283,0.9534341489749877,2.9011947781930254
2.2116594721135745,0.9678262099619632,2.8465011602048427
2.215965020820428,0.9829099756240418,2.8378157403682915
2.2211776447197704,0.9968583026144476,2.7407454828822657
2.2270797367815915,1.0105487958417405,2.703935181132762
2.2336634519469696,1.0250944618631141,2.7058235616634683
2.2387656979808304,1.0372750268617206,2.7888529300638503
2.2430563774376986,1.0507493495740494,2.7929357216319675
2.247924207484408,1.0648439838314607,2.846302536056459
2.2531989656664475,1.0780599319520354,2.758571262353158
2.2583611663791237,1.0923665738578874,2.743214702062928
2.2638819139108697,1.104739366253133,2.6759717295195515
2.270476266752138,1.1178297982920722,2.6070295821746665
2.2782370278511426,1.1310070904044216,2.610798431863927
2.2855528539244157,1.1432807394365498,2.5888728771497043
2.2929678550476464,1.1555069378168419,2.632765831376982
2.299792716447992,1.1699482029617776,2.7013762287850844
2.3062635653853034,1.1839885016170462,2.6760427148863597
2.3129344527948974,1.1972025483247273,2.6538684271269735
2.3195897895929316,1.210997392192765,2.6717082711559543
2.325343508483619,1.223122714768524,2.654199104457093
2.331998232315934,1.2362723576487273,2.65510459883416
2.3385627335130157,1.249939171345306,2.6714289471272217
2.344472480590344,1.2622879762031785,2.696799271431934
2.3503843835631457,1.2747141200529126,2.659631872010531
2.3545780822523756,1.286545391829336,2.8251935844394436
2.359176498770545,1.3000067782230451,2.8313894018711987
2.363552543592834,1.3123475446826256,2.835517545687964
2.36804287409575,1.3224767837100113,2.640313632505627
2.3731497075236714,1.3326292854308177,2.695891635630792
2.379016148873259,1.3446435088411854,2.6907463332593813
2.381993760095331,1.3574442224429075,3.0287596011832028
2.385257728719066,1.3679299047748148,2.79181395113849
2.389745701796848,1.3797949276233736,2.7710508974489745
2.3941077710290437,1.3916146846643231,2.787180155537789
2.3979544021541543,1.4028246073650692,2.8207643066624564
2.4027514221559474,1.415013151527166,2.7716681134332255
2.407523082364719,1.4295493366842107,2.7753920752266756
2.4135062822526736,1.4421199166836087,2.7058025354227926
2.41886902600094,1.454481905651412,2.719547723077981
2.4245057536371055,1.4678916918346685,2.7749236290407464
2.4290841161728824,1.4795092556784317,2.705741119647041
2.4341176732976475,1.4923377970013085,2.7439916075755404
2.4397392188266123,1.5062777627048778,2.7615723967720234
2.444153303692109,1.5203987185623082,2.8232112230768784
2.448094725637113,1.534226827854263,2.8049942280646962
2.45330704357814,1.5482822757773587,2.7672723754653816
2.458719271709228,1.5623408939227965,2.7604932934159137
2.463754586409965,1.5760027048001906,2.777068520999963
2.4694562325970693,1.5896576489243486,2.714389042542112
2.4758959507814664,1.6039989898078886,2.688280228977485
2.482011363762873,1.6167616762018486,2.655742030944108
2.4887134989065647,1.6294236775684794,2.6652534031065414
2.494359793116821,1.6425189900979815,2.7058077456267
2.5006816984443256,1.6552500317079837,2.6679800687938355
2.5077224680225854,1.6692650106358864,2.6348664183788797
2.5136120219465283,1.681148537798061,2.6724492647737956
2.520654004031161,1.693572498473193,2.6485975413036194
2.527699230801179,1.7067459001301997,2.665134838749322
2.5343762991370196,1.7203044647954522,2.6635765924319728
