-0.5414212832854297,0.10185274048334518,1.6219899529303252
-0.5279242774157518,0.10273202757705627,1.6300818271410995
-0.5134967618718083,0.10362662517181612,1.6544560651426783
-0.4995551978885081,0.10453217877292885,1.6290980197090486
-0.4849047505299879,0.10548927703730143,1.6567444429067175
-0.4705910336938813,0.106959872846634,1.6943315732297926
-0.4559542938874602,0.10901449336343084,1.7451461011313376
-0.4422064575465517,0.1113702244069678,1.7485786946825541
-0.42831946099097273,0.11390103702906952,1.8018453203074805
-0.41448725784159546,0.11750685429594034,1.8529078882139676
-0.3998310884055005,0.1214135178881511,1.862001340132676
-0.38559928884209094,0.12540200769275286,1.8779891348527682
-0.3713790279476461,0.12958668512188046,1.8665608555820599
-0.35804903333544075,0.13317140062866575,1.8588842001011392
-0.3427209377111553,0.13741109867176526,1.8779091047004977
-0.32796488633667276,0.1422115250884707,1.9208990915511244
-0.31558803786802614,0.14665979517932706,1.9021697795422645
-0.3023007799898999,0.1508852171110589,1.9182817859118018
-0.2881039481845955,0.1557576970254673,1.9433196775916366
-0.27273436330683987,0.1611780264252716,1.9676255880961047
-0.25848814329376585,0.16678176533202113,1.999854693860129
-0.2457995972075204,0.17169827512031285,1.969657529785202
-0.23144875219144387,0.17789806538585368,2.000976238413943
-0.2178090415901875,0.18228154731065324,1.909861270433767
-0.20504735018551523,0.18805011866033558,2.060378121263027
-0.19262557065281793,0.1950868928831289,2.1384048928889037
-0.18046344780943338,0.20168224212500968,2.0473212043466784
-0.16650014827767284,0.20942382522750871,2.1098494967209276
-0.152152163389126,0.21774079389425793,2.1332576758716164
-0.14092917346072165,0.22553659746579718,2.1887272914644536
-0.1284267029443924,0.2346402281330426,2.234562394165122
-0.11664534330502446,0.24223777058827164,2.130054815702769
-0.10256109777880579,0.25079153915609365,2.11966646507839
-0.08994722152620215,0.2582850176441635,2.12324287165127
-0.0781482819308375,0.26526140186941183,2.126729845174789
-0.06497554357123222,0.27352736806105077,2.203998868987301
-0.05426868950272875,0.28177611985472434,2.2757161190331683
-0.0422218722450441,0.2917635191257606,2.222023267459164
-0.03051079489159468,0.30079767803987695,2.2133973562986617
-0.017687733917211373,0.3098851899008992,2.1581633943292067
-0.005385701113294993,0.318445529244512,2.1882829197342093
0.00650034744191132,0.3269615978279046,2.1804531879864517
0.01832838992982944,0.33604732523199454,2.2582536070253667
0.030513237416862668,0.3459603272093802,2.2710829768936005
0.04205815606650973,0.356312986053571,2.328461977401934
0.052544056801424814,0.3662168449130084,2.333220872780068
0.06222947628929794,0.37714663435164697,2.4285531777808806
0.07141227609226469,0.38789390479574554,2.4337249590564816
0.08005641734065452,0.39768705117663483,2.3921241604921724
0.08851656205361412,0.4064924855164081,2.360295455285581
0.09914331380802396,0.4172187046560551,2.3926717172437972
0.10922786025606965,0.4280363795984445,2.3928813839011696
0.1191463998183067,0.43886227686852625,2.4032305593141916
0.1286757197453367,0.45028265137847245,2.467529685905909
0.13741121332268666,0.46186090449700196,2.5123608149451115
0.1467743493523606,0.47362311992654604,2.4260559096055614
0.15628528860678995,0.48476637143330614,2.424669844160673
0.16446100894520388,0.49352025437258895,2.369437007665486
0.17459429649635608,0.5044543292422701,2.4100846136584413
0.18386667393644826,0.5156549930620624,2.4687053034084823
0.19364662141933064,0.5277101511618797,2.4433236476551246
0.2034446725571193,0.5401132502551091,2.4683781354419265
0.21354166779005848,0.5510412593106593,2.395486949367908
0.22309858225790177,0.5632937081296618,2.5145454906662272
0.23109681650749128,0.5746405459112133,2.5082716084355345
0.23885097339197475,0.5854400513628271,2.5162655929507465
0.2478393817368584,0.5979464388481723,2.5135818952352587
0.25635282354494454,0.608770051936077,2.4641987563508496
0.26453125634935637,0.6194893323026979,2.5058650319872533
0.27370262908249393,0.6323244440481863,2.5421723170316572
0.2810319728774274,0.6435204403695147,2.5443097313127176
0.28804588609163573,0.6549000529657518,2.575105190575483
0.2964941329659256,0.6669044773179229,2.4754690151716465
0.3043311791469239,0.677933636472534,2.545438677711958
0.3129515353602155,0.6910052973343921,2.551924811658601
0.3202647305565686,0.7028393395308865,2.609912963390206
0.326814457449817,0.7151947397252595,2.668773363109272
0.333929700488893,0.7293134901365296,2.666174593265067
0.34064954988450946,0.7419988540075539,2.6249274449832756
0.34787578299378924,0.7542577701013922,2.582765573425229
0.35490495932820415,0.76559774489749,2.583686092478469
0.3630300767480818,0.7791684935761712,2.5966454250850117
0.36984262685678804,0.7906530752675587,2.613253441789679
0.37653085108832807,0.8039159206024714,2.695936647981932
0.38287622309563085,0.817226640247735,2.6943739711210597
0.3893584896156144,0.8293426891533425,2.6002200500958597
0.3972429644575811,0.8434601542789634,2.650270316641807
0.404150737526106,0.8572126318861973,2.6444570033829593
0.41070080816669796,0.8713370050392154,2.795656385315135
0.41581634294491576,0.8828063268490444,2.6518022715334832
0.421896740032166,0.8964506028126252,2.711194433911212
0.4271665363500917,0.9100548548962126,2.751481515731993
0.43373688531592614,0.9233077658864686,2.5941489412373864
0.43995055107146025,0.9364401521836285,2.683644647196163
0.4460147490549337,0.9482635077721798,2.649700805415827
0.4531490691126504,0.9615965666394878,2.6297653499781983
0.45823374956998764,0.9761330152560977,2.9049961138017535
0.46265780909830045,0.9897275320900398,2.750373616642933
0.4673083221576068,1.0004071313134517,2.7382248015098525
0.4726606182247114,1.014615449637775,2.7511110522328974
0.4775211592617875,1.027193475847732,2.747403861141171
0.4802611691038434,1.0420288757861162,3.077103317142559
0.48177005672495415,1.0552800823115793,2.9979998837882555
0.4844001028068974,1.0688056636507295,2.9174856242927696
0.4855922328206167,1.0824253448064507,-3.1164617851959924
0.487670117239086,1.0957302982656036,2.84016927086098
0.4918421618490944,1.1097389262279576,2.8226885405770528
0.4958055809314117,1.1229887152975353,2.8134894277671543
0.4981202121601555,1.1352424129089875,3.06397934707252
0.4983643762079561,1.148472609771324,3.114781717027294
0.5009347815680485,1.1601617751676556,2.8065488332420867
0.4978411938753913,1.1738896634334586,-2.591548048987452
0.49287147825688016,1.1890670871509268,-3.0107393151825175
0.49275749818358583,1.20166990747663,3.0008790535642182
0.49547816593606125,1.2136749221318786,2.8838104625385688
0.49905366020161407,1.2271423131260542,2.8923860817983615
0.5024433108076425,1.2401618511979102,2.8181863787570247
0.5067204496866835,1.2538983156941867,2.821532918968476
0.5080575066882422,1.2669664384675636,-3.039609954363826
0.5086818121788915,1.2798093667617805,2.9454967390330538
0.5093584572376321,1.2935162256884245,-3.086547649704164
0.5092824309099104,1.3065137599059615,3.1027610835116772
0.5176622836377993,1.317853356483698,2.168378381856174
0.5261357959295058,1.3280783481715035,2.6335936941476534
0.5248826610722055,1.3428755153952217,-2.7060332163947165
0.5183885444927931,1.3557509281441662,-2.628661245635005
0.5155185201555867,1.37048149701989,-3.1088961230460703
0.5167472451212913,1.3856388639146093,2.9669016970070827
0.51781780660568,1.3989554018813817,-3.1274342011353093
0.519709361933828,1.4107389584411743,2.9213185502136385
0.5231323381357014,1.4240899844527026,2.8450689836952394
0.5271506727289837,1.4369002692663837,2.851604713471136
0.5296129536865065,1.4519443231731402,3.033180455826483
0.5288957467134858,1.4651603817472247,-2.939794539444691
0.5290594595437446,1.479552623204202,3.014583988321987
0.5311536086766456,1.4944601158328703,2.986523945246685
0.5336966961649873,1.508592070654813,2.941237046228178
0.5354237934803093,1.5229174003114858,3.1168339655771993
0.5353976624806329,1.5378177244974118,-3.1119269497060893
0.5320716680937796,1.5500777767276464,-2.7558652851185403
0.5294675322278212,1.5647270537467035,-3.1267702870869054
0.5313680931235454,1.57874762743736,2.907892934562196
0.5323148676978022,1.5922877069510089,-3.1008907062092494
0.533804494389875,1.6063512667228954,2.912620738155509
0.5339308549360986,1.6197688288780059,-2.9967734024750565
0.5291492814451477,1.6320635140502955,-2.616191726532959
0.5274066141422952,1.6487805317616009,3.0206915237310135
0.5310852808612938,1.658459257345009,2.674899528660295
0.5364087357814692,1.672291789379772,2.8122480784237243
0.5365786324867663,1.6879416774490061,-2.9464211101734423
0.5357444629726201,1.7026794387623194,3.1157666048335897
0.537451406016174,1.7166750504011743,2.9773394937128868
0.5411258923972191,1.730067574318689,2.8104075939751474
0.5469813740694813,1.7451651308143163,2.731082946944293
0.5485329470499747,1.7612642137126777,-3.0480939830673806
0.5494490923196084,1.7752362770701502,2.90676351094854
0.5541360106741086,1.7884314233482148,2.785708225717606
0.5587695335665567,1.801301730015602,2.7756255788718507
0.5637906600791047,1.8160337120692576,2.7921763581501295
0.5675975255504946,1.83162635210537,2.9690955798862184
0.5714837766785766,1.8454664215622392,2.7822034700988567
0.5755193396922642,1.8600073511571986,2.934993134377928
0.5766877578786526,1.8754847812128548,2.9900130732115837
0.5802165527767077,1.8904168480897396,2.8648174589775466
0.5826601580265921,1.904451068050669,2.9601292098109533
0.5852291489727173,1.91690426804727,2.9404869671525584
0.5874900829398924,1.9304265522806996,3.0171206727564166
0.5891869495202425,1.944368847964503,2.999417245509629
0.5912705786847311,1.9586220833118757,2.9817519167557425
0.5907815251908056,1.9724919920712323,-2.9607931211676597
0.5909441378795296,1.9871260138257418,3.000312529144489
0.5932538773032193,2.001884333930714,2.9650459704648426
0.5944820715221069,2.0176043408136035,3.1361441381182904
0.5951523439810352,2.032339436904895,3.071981998484473
0.5957796111958181,2.0467861252782806,3.099502320116611
0.5943621912600794,2.060811811818084,-2.958612283046861
0.594128275109974,2.07494838654712,3.006474743077212
0.5965677595848723,2.088987604974848,2.9046229311009077
0.5974029245619478,2.102347453170581,-3.06819237963876
0.5982292694109715,2.11701997397221,2.947409708155423
0.600821796535101,2.131634765718792,2.9611722856969727
0.6037524642996878,2.1465756572231576,2.9768151591054433
0.6045237520663053,2.161372822871903,-3.0979590012934115
0.600302126385637,2.173227220910662,-2.630330836140408
0.5957973529070357,2.1847882434811283,-2.7953812427355755
0.5904940441368348,2.198944212987966,-2.751212039765556
0.5887461817260313,2.212372713455969,3.102042889337159
0.5916150954407213,2.225623003484168,2.787161885962529
0.5972221371458208,2.2391319208112606,2.7397167376116265
0.5999648072632862,2.254226038640168,3.1048650832289715
0.5982516833706935,2.2679264697261097,-2.8760991292481406
0.5941662180420304,2.281961708665088,-2.84161601159883
0.5889492617321513,2.2954753986376857,-2.662636265171402
0.5841974382130369,2.308346682799086,-2.7383095827842068
0.583353493801989,2.322239457670974,3.0269069954523866
0.5852782470923146,2.337539244291519,3.0357348312837518
0.5860521469462362,2.3528229631699724,3.1113995686928
0.5866118339442276,2.367196679597995,3.11696768242677
0.5873623822828122,2.3812709675505146,3.0811506794967256
0.5873812906657521,2.3948167388648214,-3.105009325198602
0.5866880473100923,2.4099537380062697,-3.0965816031397204
