-0.4460210032602036,-0.1805302355660746,1.6213692903273187
-0.4328570632362797,-0.17971480540194432,1.6255855984111605
-0.41869067190304815,-0.17864385007282038,1.6555977074848705
-0.4039773658624266,-0.17757131880011073,1.6487498722496483
-0.38965587116643075,-0.17619283677052386,1.6704970583281502
-0.37554624067369036,-0.17445261332687295,1.7129279779969782
-0.3606263720646235,-0.17210274699335956,1.780752944162015
-0.3462383029296274,-0.16905452426261117,1.8028025982015838
-0.33073105343989667,-0.16522570481998444,1.8019213358819821
-0.3152489017577697,-0.1619711589405286,1.7769151051438778
-0.3013059686013665,-0.15877888633051815,1.8178865583341506
-0.2880311101890209,-0.15543901069469504,1.8673510624597893
-0.2737358095377157,-0.15155855644369845,1.8316843111358194
-0.2589446369353161,-0.14756636127469216,1.8677071356907844
-0.24540985109752278,-0.1440522997041363,1.8211965139593145
-0.23096921428828993,-0.14043754224197327,1.8600116687538497
-0.21705979459739333,-0.136010620164059,1.9391031953069309
-0.20228883041019244,-0.13046376633782586,1.923471885375755
-0.18922946116576184,-0.1255487332641713,1.9936398992095856
-0.17822502993364664,-0.11956950765595901,2.0649378049843206
-0.16447798515617187,-0.11267504453667204,2.0353080726360653
-0.152439761381503,-0.10713241387794363,1.9818630393743535
-0.13918194905314055,-0.10065329545406974,2.03030852188607
-0.12472324901264419,-0.09354989118327324,2.073599844675495
-0.11238827432438937,-0.08768857924830888,2.0318805933383755
-0.09823370123040805,-0.08027342568267008,2.0599785947598392
-0.08435085540417446,-0.07354710281569103,2.034704046547856
-0.06965385930487551,-0.06625323030761,2.058568717952403
-0.056786281392896654,-0.05940763278775406,2.0455230026808016
-0.0436299071905691,-0.05296755628831666,2.052946294057659
-0.02968484897729884,-0.045967274265808,2.042852435446845
-0.01701214334358568,-0.03818316100527461,2.166624326523967
-0.005879658110572806,-0.03058397547592118,2.183095463327101
0.00690495706536146,-0.02156528609099155,2.1975335473048165
0.018034140375891072,-0.013085650188624722,2.228044444516341
0.03056480803197367,-0.004331224199994516,2.145642914748081
0.04221289002434015,0.0034072761683022687,2.1626064779637866
0.05510904758465699,0.01280854233177725,2.2414136301592418
0.06658658880563802,0.022295326331741153,2.2592534156981796
0.07782281238569268,0.03184427695498118,2.3055135297383007
0.08871478364671087,0.04143839070183821,2.270828376522347
0.10043124986326502,0.0501811612678377,2.1788676227736286
0.11189158087619319,0.05843887948419965,2.2528942120819218
0.12235568995008526,0.06744489266371062,2.303904156450193
0.13325529637530362,0.07744230579946614,2.3192519810346335
0.1423238077448932,0.08646131141017424,2.435466679857775
0.15232746856893373,0.09756465925324778,2.3994782740873286
0.16145678123783985,0.1094399092288557,2.496971208007753
0.16912825964945002,0.11897278674382067,2.4429105259662336
0.17853649336660649,0.12938605698390482,2.394448356115611
0.18937279948294586,0.14086426410041394,2.3714914295720746
0.19920999706204037,0.1510388501628569,2.348728990992934
0.20894304603552852,0.1616282947470289,2.431585411083286
0.2176786153094251,0.1714906668856614,2.3867364358878222
0.22605903741628885,0.18144320283327828,2.4722263082881044
0.23505758087498158,0.1925918049728912,2.437830796829708
0.24472228170691537,0.20358621437022958,2.4221028316086737
0.25406727540935176,0.21369295838367797,2.3921875881065042
0.263286871453356,0.22366792153358178,2.3929805059401827
0.2720180097365547,0.23252680603582238,2.332811369067365
0.2823232841569598,0.24231492249738795,2.343449841675825
0.2908928649582197,0.25244601729899224,2.5617994570055553
0.29884558254181826,0.2645689987654191,2.552612987230279
0.3067693699039487,0.27710165078395066,2.559150275904359
0.3137294403005515,0.28864952185175746,2.6024617129036947
0.3212502667745738,0.3017059967815962,2.5887253031985127
0.32930227503104603,0.3141189125918019,2.5553272156229583
0.33718128099380906,0.3261608692709093,2.548368085523272
0.34597409070095914,0.3389666055065951,2.5332537074252386
0.35503115786285994,0.3504538896154613,2.4878789838383595
0.3641711358626815,0.3624849759373419,2.490418940926468
0.37140584218765493,0.37433838697817345,2.6054271326686846
0.37757443446670547,0.3831856944559321,2.5209835193230155
0.38472409132210883,0.39355588518064655,2.5366517696013875
0.39260246411509747,0.4052608449181698,2.5414678519222997
0.40094788530408926,0.4172527866392655,2.483737633241249
0.4094702753055886,0.42987273670197507,2.602453520453551
0.4169505710024011,0.4421992815968216,2.562338187582869
0.42481195229462426,0.4561521094410485,2.607491224250127
0.4320935927371776,0.46921736174683987,2.6366817954936117
0.4387371000286588,0.4822713300986586,2.7251465132145887
0.44442064593125485,0.495065141170057,2.6833539562684674
0.450085074780975,0.5070333752368608,2.6705965355425256
0.45641935846577136,0.5210044616661145,2.688842629279529
0.46351857619535747,0.5354956845891851,2.701201533848957
0.4686664280460828,0.5505911313922102,2.8770881829982553
0.47333585584634225,0.5634085540625028,2.767437115711061
0.4794147484407254,0.5749172265816695,2.609722660732487
0.4873481775334017,0.5892785431003655,2.626505737497474
0.49388630957467716,0.5999866525524469,2.558743521050228
0.5014426670781018,0.6105873365085163,2.5183350908499977
0.5072695195730067,0.6248600406695786,2.8576526614739195
0.5117711288211728,0.6369580957075359,2.689843717091297
0.5185664151978687,0.6501933738968235,2.6830726618191765
0.5250449242701759,0.6630421181024521,2.686090442158948
0.5271109514196269,0.6778606787879973,-3.0635067258086677
0.5294693239385814,0.6915839981038429,2.7903433436188667
0.5303279443762755,0.7053843784783637,-3.0332536355685313
0.5319025626171708,0.719487397802936,2.870101865306662
0.5368576886489645,0.7331499327564678,2.7264507694853815
0.5431122394837827,0.7465621574995215,2.721567855966803
0.5495581487320437,0.7617643271063709,2.7243932880443062
0.5541216813539841,0.775016556789863,2.8292424569043977
0.5592014188653502,0.7881593220501111,2.7443019362036405
0.5649939039440748,0.802209854309241,2.7292360485547404
0.5688625883523198,0.8164581550744334,2.991514674511352
0.5728114910519642,0.8299293722458531,2.7898718788765864
0.570134414929093,0.8459076121343895,-2.6369140333591594
0.5666160632619017,0.8620768381699879,3.1310895473674596
0.5690626642464138,0.8744262726644806,2.8701767814510335
0.5727070788079393,0.8895695024161018,2.827913066038167
0.5777570352305006,0.9035659441256466,2.742153613858657
0.5802386954926155,0.9180296946699011,3.091651461458689
0.5797433769397291,0.9323887709740758,-3.037265529908505
0.5798314151585844,0.9467414781385478,3.0368372976250355
0.5795059835381189,0.9605419373494594,-3.0018911378056123
0.5847366426081682,0.974138180966107,2.4135442118673516
0.5879429517202825,0.9899844069102997,-2.9303970668409436
0.5865729432297645,1.0057450318749857,3.1261571313438363
0.5780965879236658,1.0208987807611676,-2.3092973899638145
0.562377837802368,1.0236690658810896,-1.4268659439074156
0.5478155213165824,1.02975601738524,-2.345923151823739
0.5419045338613754,1.0449142831109308,-3.036498595979664
0.5440439873170744,1.0582230753257567,2.8235770897656156
0.5400215347834294,1.0737973978997672,-2.5561102826942323
0.5327139049121532,1.085042460883,-2.6056101481830294
0.5254990092367767,1.0980947332208255,-2.605302821716873
0.5222828214774055,1.1131362359368187,3.135237330604645
0.5279107480895993,1.127836616613577,2.5328731371986306
0.533974140940245,1.1419252645939917,2.8685698710852328
0.5377285007597706,1.1570945283337766,2.8982724460282303
0.5409911185104017,1.1701266902898475,2.86302458864044
0.5450412467138912,1.1830531303077572,2.8175907361110366
0.5491656709237452,1.1965142251192447,2.8376635332398745
0.5529524179881437,1.210605645486441,2.922766477033439
0.5527451275271836,1.2228398735622146,-2.9743888444117297
0.5525464945174557,1.2353702840601866,3.029557151617463
0.5552785484690965,1.2491968990717794,2.861230301868074
0.5585607338077468,1.2645825125401062,2.9604978520854504
0.5614114521977974,1.2791959527893226,2.8818995442194604
0.5633438063751889,1.2938868693641956,3.0639297785993636
0.5629241063407154,1.3080348796100187,-3.0400945764661693
0.5615255546052271,1.3230808965218868,-3.060036940783556
0.5597820676277355,1.3377495057945257,-3.009981186710854
0.5595126172756449,1.3527218990243381,3.0832760888188036
0.5607112318567501,1.3671245340261622,3.0592815639268776
0.5600649530218293,1.3820986930653296,-2.9905019511909745
0.5564160538311633,1.3948301367129186,-2.7652075633451414
0.5556391108559913,1.409063311058108,3.049509313402038
0.5567558055105237,1.421512345524994,3.060329558725583
0.5541863076777768,1.4334070083787913,-2.790776305356484
0.5508951117083555,1.4466814382531137,-2.98154385518784
0.5467901769618643,1.4593641177892351,-2.7801096569927477
0.5418271867106323,1.470210306902658,-2.642225884607348
0.5350792998882393,1.4811956034898401,-2.571773404268166
0.5297591470740416,1.4939355965818177,-2.8297530236579487
0.5255762155256378,1.5077119933661098,-2.8561929001934527
0.5229062478127463,1.5199474100652404,-2.988008699305443
0.5220386977859763,1.5338499635982272,3.1395181273622472
0.5207747627986768,1.5465859655149692,-3.0086505789032754
0.5196356857857054,1.5603353620002707,-3.1168320333659283
0.5198921954522759,1.573912578407399,3.0867034819258246
0.5180475009474725,1.5876689756679556,-2.829726586697221
0.5149461771994068,1.603016259945798,-3.0191603280058383
0.5099441304075337,1.6159344242843032,-2.5937209760876985
0.5053731317064172,1.6287321312884864,-2.8891000002769225
0.5016886462833513,1.6394513222218285,-2.7613446355811644
0.4968075599036964,1.65212532464471,-2.7758308204553797
0.49209270109280207,1.66535898962409,-2.800638813004587
0.4910842108636425,1.6787453364167064,3.1219014113933308
0.49257852444130484,1.6890111051176286,2.955134494126147
0.4928232257722178,1.7004708233856967,-3.045386599315851
0.491047929371995,1.7131676765903316,-2.971873784381977
0.49067160020096634,1.727680461198152,3.072251924722286
0.488912258267945,1.7409080553681948,-2.8564484871722726
0.48597527959421527,1.7544982989241162,-2.952625916461257
0.4760382902896828,1.7699552817474595,-2.28705806912479
0.470455845825674,1.783847625125994,-2.9966668703783785
0.46767576987641224,1.7980848094422321,-2.899952238204788
0.46128501630928004,1.8093388261538954,-2.453544862803871
0.455175760295244,1.8241834930356964,-2.974099792337132
0.4557838453258298,1.8371873878334348,2.997390526424817
0.4577800505400335,1.8516668782462957,2.9457106921330305
0.45773051402898735,1.8653731022195978,-3.0013140251952186
0.4538043334422954,1.8795421583654732,-2.7805303050396555
0.4487412621770127,1.891219442587673,-2.7074067039732794
0.4431655445893562,1.9043459560708853,-2.7167905149682787
0.43665388095612845,1.9170191584250766,-2.662025077603662
0.43202631639571737,1.9296728329742572,-2.889994449793811
0.42645369543369094,1.9432164486808499,-2.642548069035798
0.42196824459711696,1.9563236132280177,-2.8355305011107808
0.41523478100094036,1.9695861484416501,-2.582137041598476
0.4076438932632596,1.9814569528682378,-2.567555888032757
0.399543619133136,1.9956797027037225,-2.6514775550324683
0.3928953763005389,2.007559839563187,-2.603124721273107
0.3864155847288583,2.020954978058397,-2.7406687154545875
0.3803238664603975,2.033295632067137,-2.6172786391726337
0.3779567375401822,2.0466101949405706,3.098187326784802
0.3754267593195034,2.05959041551789,-2.7873086350695657
0.3725884855342394,2.075017876994179,-3.0355061315662124
0.3690770427850923,2.089167722162693,-2.8175697877028028
