-0.5543921687757273,-1.4776467787809662,1.6181097102148614
-0.5406801258960291,-1.4768559180891396,1.6146238131339967
-0.5259315182575387,-1.4760758609104234,1.6193170705867483
-0.5121210647769274,-1.47570476519749,1.60359955918395
-0.4972737770206866,-1.475192170985509,1.6155148387177898
-0.48366134901733127,-1.4735996437360024,1.7214261035246936
-0.4696340879176109,-1.4714465169109199,1.7572328695816954
-0.4545332801743445,-1.4689346666785619,1.7083241505760045
-0.4405091913723625,-1.4662205565134905,1.8072874462309179
-0.4269014645072947,-1.4626147871478246,1.8586728518139863
-0.4120141305422273,-1.4581225937806628,1.8616543646976174
-0.3979816605680616,-1.4549021466044922,1.8314605387488088
-0.38278965344305876,-1.451093114919092,1.7660869454371195
-0.3689510357747388,-1.4484572137844482,1.805806350537356
-0.3534767930697155,-1.4453508927552188,1.826439367735669
-0.3404579209288522,-1.4420810778074937,1.8538216491623172
-0.3260334316273249,-1.4375558480039021,1.9062303433203378
-0.3118803013788281,-1.4329673119848543,1.8962433527714988
-0.29849449472498474,-1.4284190915464992,1.924898532795334
-0.28495556020347423,-1.4235635978070056,1.918844982729183
-0.2714302823507708,-1.41834247738155,1.954434507644586
-0.2582910352834926,-1.4119440247027275,2.0470952857641795
-0.24520000024611702,-1.4051497030884323,2.052436512342628
-0.23047589597850934,-1.398277813356678,1.971298598915861
-0.21791533906917462,-1.3929154439908682,1.9716197377670326
-0.20482529851596817,-1.3880521258559535,1.917104807645333
-0.1904064598848642,-1.3822281450203768,1.9944199334169732
-0.17637557585668326,-1.3761066913939637,1.9585038128827394
-0.16420563984296221,-1.3715293674606905,1.9760235194053568
-0.15119701378942127,-1.3660881967737586,2.007723223931813
-0.1393152893845155,-1.3602410557832179,2.0697624202498353
-0.125082802266034,-1.3522197254992345,2.1076869735058867
-0.11149018705306511,-1.34436375262299,2.0800969988047875
-0.09834238046639056,-1.3374816285555955,2.09332242278101
-0.08607191935771911,-1.3303398582441,2.1172229694237785
-0.07229838484427102,-1.322694697638803,2.1057383022830254
-0.05798295400006575,-1.3149175793524663,2.0607866446027794
-0.0461317442986049,-1.3079793534602286,2.1348841184834035
-0.035536311367946764,-1.3011333210083786,2.2054400448710543
-0.023654420360848055,-1.291383213547592,2.2802387373763118
-0.012632698698157864,-1.2823892612159484,2.26049637817402
-0.0014785609720939365,-1.2735899710138114,2.247156706960079
0.012848433874180148,-1.2625482865102315,2.216773170327128
0.024677568387871624,-1.2541991561473815,2.157320387268017
0.035777567863535725,-1.2463133022405442,2.2106949797048654
0.04577798029362538,-1.239784059087188,2.167197943887043
0.05612917336077205,-1.23217398351248,2.237174459512592
0.06650165242913719,-1.2236074731347708,2.2847759505153027
0.07622312686452042,-1.2150715089323447,2.306979897700499
0.08679283970382207,-1.2056435186454761,2.3253909723256236
0.09658851253954791,-1.196937723682458,2.272051235307171
0.10795385691230085,-1.186470215217608,2.3285047896578472
0.11798315346310391,-1.1771256350750894,2.3572082692291847
0.12863113097607223,-1.1657979059188734,2.403860377988187
0.1385797691612338,-1.154359569574216,2.44247970836681
0.14731725903404028,-1.1435152343399646,2.454338663612473
0.15627716110156437,-1.1333786911873494,2.3719326220154118
0.16487653364134675,-1.1239466632165642,2.4427278835401465
0.1740574121335987,-1.1123597991612346,2.494431045548472
0.18193658313651112,-1.10042764047864,2.557597503825154
0.18943513227009776,-1.089041131308448,2.5789239720044304
0.1976465336790269,-1.076419370594506,2.5422659752344186
0.20652663872266244,-1.0628369175142742,2.5389510240916935
0.2147981516473225,-1.0515604267846723,2.4810545325037885
0.22259166580474726,-1.0415861880319282,2.4605246538265764
0.22796694065730866,-1.0329851736260127,2.614843060476056
0.23528123554921418,-1.0228455973611186,2.456781823125678
0.243264076748333,-1.0126066980078456,2.562847712028528
0.2515488997343783,-0.9992564258449806,2.592639834466854
0.25975567627399593,-0.987810423542706,2.452635342491564
0.2698102166926509,-0.975993865022061,2.4421434350912112
0.27899457537286976,-0.9646423455822527,2.4514978674002084
0.2879939609178328,-0.9534358719086687,2.4944899044788977
0.2958982960368834,-0.9421178909592313,2.595778541872961
0.30252739436932596,-0.9292191740933916,2.6225704688656304
0.30938567779698684,-0.9171443290886464,2.604137687472573
0.31617060511300604,-0.9062303088022792,2.6005217717569282
0.3234516643479232,-0.8935213330442219,2.6113128713443157
0.3304745673283291,-0.8812163120505587,2.6241127016948718
0.3371147859896842,-0.8670354166971783,2.6540230726210448
0.3436356661147323,-0.8537236253191078,2.629688616848867
0.3501737100596087,-0.8406699493885578,2.6527096091196594
0.35630544006670367,-0.8267974637379991,2.6927935358189323
0.3632613569734306,-0.8129308961424818,2.6724242326302146
0.3700352462240656,-0.799047207072701,2.7058740149301435
0.3765486390040853,-0.786526378984159,2.6361971330710925
0.382213615048702,-0.7761873106406443,2.6310744972968383
0.3881306173133411,-0.7654925388259073,2.6364330102108156
0.3955871791394446,-0.7517150204798285,2.6303675127121826
0.4022105681164211,-0.7391534051313133,2.6210231591866844
0.409321781417666,-0.726684636869498,2.6326636641426466
0.4156950055909278,-0.7147740493522954,2.6545564988470463
0.4217677756491653,-0.7029438117175754,2.672289957615121
0.42906524992465045,-0.6900421481400907,2.6101583817291427
0.43527592411920646,-0.6790614480183835,2.619146472900104
0.44025820012069455,-0.6695253654974139,2.649485577752716
0.4470611581823518,-0.6567452471853558,2.6634948261036264
0.45370493881414103,-0.643893855898836,2.66753960278956
0.46077631894387666,-0.6295554876489061,2.6868908592946705
0.4668044870563109,-0.6161251480653411,2.705423719399469
0.4730108721332908,-0.6026431895431981,2.7177406942735094
0.479220807693419,-0.5895086179424357,2.686227227569076
0.4851570866103197,-0.5762245101009537,2.727096758370998
0.49067575464820345,-0.5636652083206913,2.715115840668226
0.49658595218223356,-0.5497804672282461,2.723103622183082
0.5030487549053009,-0.5354995638834952,2.683877379603205
0.5095248976461296,-0.5226203942243549,2.6624802589668253
0.5168617020328624,-0.5092402733925757,2.636552973722531
0.5215267621006184,-0.49798746312921927,2.7865850310828906
0.5272540312353324,-0.4857985106075103,2.662931400343892
0.5336063736351181,-0.47359215760995216,2.6201803191102857
0.5401055452668772,-0.4620761769814624,2.622243815496847
0.546513307779689,-0.4513409719584249,2.588328030412069
0.5542043773948303,-0.4389539688132108,2.56898645100275
0.5591917378474401,-0.4282062840069473,2.756605246706279
0.5636128477921032,-0.4169678944685505,2.797649936200697
0.5680785232856426,-0.40396162851334927,2.7370243415778357
0.5735739025765157,-0.39156122779589203,2.721779156565864
0.5762431018503381,-0.3772247381959087,3.125216511959219
0.5780236177484294,-0.36286811313302,2.9615802694543714
0.581599838899718,-0.3478651705305707,2.79458880276964
0.5873570629118242,-0.3337130806892233,2.69157096855226
0.5898221167965169,-0.3198590441087183,-3.119516566136073
0.5871768380833144,-0.30589410764429237,-2.8710420765645814
0.5848875566622084,-0.29277253529611114,-3.0046742866022287
0.5840717376316934,-0.27725679363149164,-3.140192867666114
0.585416589138424,-0.262643367776993,2.999977292634583
0.5886840716307568,-0.24922953352302388,2.8133072655989033
0.591521093080101,-0.23420681994071607,3.010091488094862
0.5932289122827981,-0.219926088876093,3.0083411108962825
0.5979371448439118,-0.20609209598123196,2.6065000325298335
0.6020521822202191,-0.19367970715619715,3.0408576800871807
0.6002314366511174,-0.17945426857150476,-2.8427569037714764
0.5959907309115279,-0.16622718467259195,-2.8237421341705145
0.5955427642209613,-0.15259086660595966,2.9805423325663565
0.5943464023321264,-0.13771477039281887,-2.8906154970668854
0.5837723224639101,-0.12379125189399616,-2.1284763065284453
0.573662690971362,-0.11321616134277324,-2.509044738834514
0.5650057031204185,-0.10028328203439117,-2.570438183045463
0.5544839750283217,-0.09180939051890653,-2.0609921611034645
0.5437507938762325,-0.08481393289128177,-2.2387070783963865
0.533325910389264,-0.07550817698815297,-2.3659237640133877
0.5195928846885662,-0.06870177120066262,-1.8167331194958665
0.5055960820304458,-0.06755611301391122,-1.571075776223308
0.49185833279022456,-0.07226934544617573,-1.0167935521441185
0.475350035216778,-0.07547314705314863,-1.6451776415873984
0.4616358072461594,-0.07240166476559771,-1.9177582145365046
0.44643297593053777,-0.06786352940912069,-1.9122699240275538
0.43343549272873644,-0.06345712885125433,-1.9156963372084699
0.4184811550338888,-0.0576569098680381,-1.9200529482071822
0.404088767800298,-0.05161112078000555,-2.000251208983704
0.39209586667234286,-0.04507436741298435,-2.1229895377928845
0.37538424369246487,-0.04497627607001593,-1.2381370801969567
0.36022293458873106,-0.04589337119951894,-1.6880391554963308
0.3476622639481198,-0.039099767821717514,-2.2699716449009575
0.33241340104889516,-0.0343746175470868,-1.6341340766131274
0.318951184609383,-0.027192413366892113,-2.3624561779461866
0.3087789950693435,-0.017195950373145957,-2.318811278766556
0.29924353777470025,-0.007188552574665447,-2.4042067167835492
0.28421593064043255,-0.0010512750551216158,-1.6960031705180527
0.2694068666702758,-0.0039012387750314227,-1.1746309091667808
0.25677897750548945,-0.010869878958689353,-0.9793386733349299
0.24528552769253445,-0.019969644962275393,-0.8333809190038277
0.23190844407163688,-0.022106301807521277,-1.769189717380083
0.21919490246205078,-0.01722973063433755,-2.0423902340939257
0.20596872466682073,-0.0101676886458957,-2.079704524637524
0.19167190256344369,-0.010712768189559706,-1.1873704500981965
0.18282482897523863,-0.023212537096236406,-0.32610593629262974
0.17453655843891044,-0.03597297594610317,-0.7951549234988378
0.16682483238105705,-0.04721671121760035,-0.4813752335222698
0.16184267712141046,-0.05869729919555967,-0.36706583848443763
0.15690386434328016,-0.07222197785855226,-0.3025534870097338
0.15318780520706698,-0.08470390311147252,-0.33286075757060934
0.14881450275595998,-0.09895285271403306,-0.350769812620119
0.14304182592748926,-0.11425419512191919,-0.3777344238061562
0.13622181781203957,-0.1272011852968802,-0.5211364965175931
0.12748259994515174,-0.13707879311503812,-0.8114224321699839
0.12083436747998276,-0.14854349505147033,-0.34845166978862036
0.11618360394802778,-0.16224915813976729,-0.2745629167840876
0.10648597603655201,-0.1752128382322098,-0.8997661303415513
0.0944373328810453,-0.180424047821621,-1.285410284222587
0.08008625696280999,-0.1838877804334621,-1.3457425249569286
0.06823115547315835,-0.1930658933144279,-0.5518736089688255
0.06307964268980727,-0.2050915847136675,-0.31589506692201946
0.05872968912206972,-0.21941981578872152,-0.3314679969703863
0.0470914152286855,-0.22860375007150766,-1.2687660683810325
0.03482901029147407,-0.23475681035775242,-0.9687729324256745
0.023444628300499502,-0.239239402991268,-1.4639771471012146
0.010221235653761613,-0.2451983589584844,-0.9809958390876147
-0.0006887108320615032,-0.2539828569818598,-0.8603672462059653
-0.010939870431864432,-0.2640776715381994,-0.7758023002530371
-0.017919592249199146,-0.27620460272449815,-0.38744250278704706
-0.02117231346061749,-0.2900872623076767,-0.14444175599954145
-0.02692645540438276,-0.30309397169343244,-0.6235133005070537
-0.035702563073035674,-0.31481558247557884,-0.6877863075775806
-0.04958513324186066,-0.32231032099087514,-1.3560787327483919
-0.06112461507023216,-0.32820586328998774,-0.8878043039501005
-0.07163876578895607,-0.33738010919293837,-0.8306097794171449
-0.08200159735201586,-0.3469507243287981,-0.7905924976786225
-0.0932921024602184,-0.35791787628154975,-0.8326048797389367
-0.10404533757931635,-0.3681141861007854,-0.7807218341756933
