0.6220672194018398,-0.9218094265356531,1.6135729190178423
0.6361832207744852,-0.9212082138452902,1.6398599125861901
0.6508843285397496,-0.9205054233049675,1.6291308280167387
0.665746472861831,-0.9195496105739801,1.6279077938855337
0.6811296980932352,-0.9186583666088298,1.6504099064111022
0.6944076722313345,-0.9173180279967931,1.6994311786396508
0.7089473690485133,-0.9152493193608762,1.7198392288378748
0.7237838757016426,-0.9130388316934792,1.694638929537853
0.7385407070979748,-0.9102632825191744,1.770146740637484
0.7528112511047905,-0.9074449623107945,1.8015653241935983
0.7679743906238563,-0.9038313664375233,1.8585179393328213
0.7827631633356505,-0.9008854232892983,1.8562912649110959
0.7942652301845987,-0.8973705446921119,1.862864992577142
0.8107904089580256,-0.8924930614153587,1.8872422027349454
0.82674328711714,-0.8870603721937497,1.9130978805119288
0.8404224431644357,-0.8821053115459935,1.895769067921846
0.8549129928915815,-0.8776603113516495,1.9014981133850812
0.868614165270921,-0.8731956305064188,1.915043196933717
0.8829766308566276,-0.8683798372390873,1.9188454827552852
0.8970659266181813,-0.8628941886994312,1.9548130026972612
0.9114366904954995,-0.8568670472931696,2.0029508424632385
0.9240871093022157,-0.8517879228331956,1.9797521330235544
0.9372466933375777,-0.8462298250973338,2.0017345211689532
0.9519361653889127,-0.8389966181480085,2.023798729225644
0.9662016029964994,-0.8323890705077133,2.03546358510301
0.9797345716934069,-0.8261813624760044,1.9918613233186444
0.9929472127512352,-0.8197155387720069,2.0738593097605746
1.004407489023861,-0.8134438492077307,2.0559734881259186
1.019499411238013,-0.8060894898348102,2.0685097296055166
1.0338564695539183,-0.7975748775916075,2.126929779674991
1.0443805612569754,-0.7910399500695132,2.154637125245576
1.0562002582120105,-0.7836738722959767,2.1166894448166294
1.069199242201808,-0.7768614354789698,2.050214296232577
1.083373963167962,-0.7694241198699349,2.0780075502979343
1.0973602027395457,-0.7619046374106635,2.0846291046113015
1.1105744305553964,-0.7542930292890322,2.1301192073126236
1.1237328622123883,-0.7474300241877052,2.0515191023651966
1.136266056263491,-0.740803572822578,2.0772023235672714
1.1501617321594295,-0.7334414562425093,2.1004100868107827
1.1636708947915144,-0.7255463439064095,2.12257109593867
1.1759640334865171,-0.7174145720251159,2.1507157285532963
1.1899250918612396,-0.7083570918873557,2.1824245318781195
1.2005270290515073,-0.6996097198721292,2.322660798140144
1.2105851343809886,-0.690971351094285,2.2437337293396635
1.2234650483072051,-0.6809510433274107,2.227453620473183
1.2346481142180343,-0.6705382352457547,2.3537042815271163
1.2432992623007755,-0.6614038253586892,2.4151449828325533
1.2510852749747154,-0.6530719644119718,2.3544348269709947
1.2606759934563951,-0.6442495276839888,2.28778358643823
1.2715639212091796,-0.63453330383303,2.3416394247320156
1.2819342260791557,-0.6255899512433432,2.263363258494634
1.2946646228053047,-0.6149533237141015,2.2643737372668413
1.3056203476431647,-0.6054743651926465,2.2866801591248658
1.3159943610280322,-0.5953031258109813,2.4070212663687163
1.3259217438872657,-0.5827738379182028,2.4907034847466125
1.3350448199164608,-0.5706113930283588,2.4703026602960647
1.3439993006907498,-0.5592776283083519,2.4305731277116154
1.3534316674968097,-0.5472537505745082,2.5329988127725964
1.3617821077844015,-0.5354441440549974,2.5432446382256404
1.369080884532814,-0.5253049056382602,2.485748602491735
1.3779601297989834,-0.513443158720464,2.5156633343164243
1.386603003843697,-0.5033927596287967,2.4186961514029712
1.3955491983336332,-0.49235376620135174,2.435692996765562
1.4023355016966765,-0.4812537355252366,2.608084690398591
1.4099924897830238,-0.4680752137404605,2.580761804326463
1.417275482334565,-0.4583468191442694,2.433422630632218
1.4265780726862753,-0.4470672127832236,2.482227936501383
1.4351259705662125,-0.4355088253410158,2.4967387536825614
1.4434210072201923,-0.4231523344310589,2.6037297155040102
1.4510594310617124,-0.4110260122658667,2.560251648383477
1.4574563561837013,-0.4012280343939712,2.5700045274497105
1.4653068468246175,-0.3900334971435813,2.5166775935777843
1.471876906918623,-0.3802365559919742,2.5981577157264746
1.4770526641316486,-0.368413830893087,2.7604018805017168
1.483126670160201,-0.3558122932095849,2.6208352377896067
1.489419772714798,-0.3454918314855046,2.5820946357680077
1.4959188792144174,-0.33391398387867777,2.6308962528629634
1.5023531813438953,-0.3220705661386652,2.612067039089386
1.5093776288366096,-0.30903445100206955,2.643391200429574
1.5168823219552592,-0.29556831508082587,2.597549523472629
1.5224259309264574,-0.2831548655601012,2.740697064994267
1.5276692414175557,-0.2696646747107142,2.783165125028804
1.533969463103257,-0.2572626382358257,2.6065299050455404
1.54071358435499,-0.24479731084034534,2.7398248028243612
1.5462971173623448,-0.23228642381993655,2.748315574074603
1.5511508828917928,-0.21966649643960576,2.7886210347625453
1.556930049430888,-0.2056170188842582,2.704379850117795
1.563016112977524,-0.19234300397037055,2.6759944659461916
1.569249855925748,-0.17928145689778605,2.660538438598479
1.5764768713920103,-0.16470218853672977,2.6735892921445132
1.5824940672501249,-0.1524462534160825,2.690835531229538
1.5890797866556623,-0.13907738059832306,2.672893993373991
1.5959514583996224,-0.12564997839687456,2.6903245485443077
1.6016863633176102,-0.11427653881695714,2.6681423092509573
1.6072738123794799,-0.10315439141761182,2.6445349452240534
1.6112028533746392,-0.09281587453265026,2.8607362517298296
1.6161415234457417,-0.07970734404043818,2.739569148965345
1.6217930089881898,-0.06764898814179243,2.6691875720179135
1.6283034319258396,-0.054967111372196835,2.662592830750819
1.6346329445484298,-0.041413613042610584,2.7497410744302133
1.6381658449759655,-0.029038883194662694,2.8910351206493443
1.6426592901972101,-0.014734756823735725,2.817527393639499
1.6474801162924406,0.00016248320333911992,2.779328041310456
1.6537785543621395,0.014373119228877127,2.6717903555906677
1.6605411349329493,0.027305353547404126,2.6689339037018813
1.6677772285536463,0.04036100301072066,2.6543650432215826
1.6745237082402167,0.053187783671152546,2.660949551167122
1.681574633791844,0.06664040957869835,2.667614043466543
1.6885592835213883,0.07866536086655097,2.6118945740441384
1.6948177994691682,0.09029924945940059,2.673122806936526
1.7019406213340322,0.10365301391402737,2.659590778534096
1.7082515825940405,0.11656344312198728,2.6525010742319486
1.7149674881384795,0.12972202357650567,2.651342906437779
1.7218980384792146,0.14262816624957034,2.6675345008460476
1.7275014799183814,0.15543186171124954,2.701019883161539
1.7330529694790626,0.16804548033461908,2.71348830314558
1.7345579787015126,0.1815571530337285,-3.0529160018342743
1.7351504938336375,0.19381863660716447,2.9737707639237856
1.7375730038325643,0.2062893265807909,2.875769841757106
1.7406795286409456,0.2207396964816571,2.995468907670846
1.7421217836803773,0.23223597540812774,2.986491957616735
1.7433588168798348,0.24490867442860276,3.1066521409141106
1.745275239752334,0.2560091447810755,2.8691138604019906
1.7491246216549508,0.2691981094352016,2.923274984108042
1.7524026744477252,0.283161913147752,2.872049070480022
1.7559392278133088,0.29408673420849735,2.779425769380087
1.760759043648276,0.30717849123679564,2.7986781290621794
1.7662378504574558,0.32087455905956797,2.773176662984427
1.7712350735715212,0.33630899559404964,2.74769312107164
1.7770314244536807,0.3502254868880515,2.7358070387200106
1.7830588024306933,0.3638168976495132,2.7076821335571264
1.7885127597537493,0.37712874162268795,2.7818533728496866
1.793917841729977,0.3911479045657802,2.782918138774712
1.7979339117601687,0.40145056800731105,2.779957363252596
1.8028642699267874,0.41392189528515205,2.776063168010946
1.806869556267392,0.42598072104218243,2.820930895367424
1.8114231928104585,0.43933593325320797,2.7565285414103586
1.815382053129452,0.45156772833259756,2.7963441487802765
1.819684000747537,0.46446910230750166,2.7761352264698393
1.823979672450885,0.4776693328191238,2.807872894485756
1.828382951717295,0.4903917400540045,2.778458028874943
1.8327884389260964,0.5022591961897065,2.7230059380445106
1.837952183202488,0.5149905965025046,2.736972666081487
1.844268926306391,0.5285885699497939,2.669523142504335
1.8490341494062494,0.5401172602364847,2.797078391674395
1.854303121961329,0.5523323457069638,2.705302468488882
1.860286937636489,0.5645043802571631,2.685835680783962
1.8665680814053411,0.5789573529236279,2.771876377496538
1.8713103904011668,0.5920483430418535,2.727542422113002
1.8776795443155505,0.6058101687097672,2.696801372394504
1.884230024747958,0.6209630311912792,2.7755554281498593
1.889404097109153,0.6339633691223377,2.726682394960309
1.8943550572050571,0.6474543062081825,2.7647564083819702
1.8974465833816188,0.6625366729599367,3.0691114013791565
1.9012626768093293,0.6758328874385988,2.747039750037614
1.9065570213973495,0.6893921244835229,2.706833546016065
1.9126821701977135,0.7035829597811133,2.7365748543454806
1.9195075218201487,0.7176079454239259,2.665560676598813
1.9266557840581338,0.7312285237897217,2.6375470425384964
1.9330275072164262,0.7440337398298642,2.691358610382198
1.939625172279028,0.7574642171299918,2.6760639840985814
1.9459710512216681,0.7715372502513663,2.6948167343997
1.9528495309103577,0.7859381218085005,2.6678680126070113
1.9579228497114962,0.7971988086478597,2.748348032085967
1.9632882813948447,0.8092931162700325,2.7389398617990355
1.9687917536129336,0.8248620138175744,2.8172541328516547
1.9710363221773946,0.8389712735793355,3.0198433635205513
1.9745390612545821,0.8540543244366472,2.8445941832371484
1.9785930958212528,0.8687986635667548,2.8377673978475477
1.9823698261870335,0.8837785427724439,2.8345844622789413
1.9866159058832529,0.8987235386489241,2.8574555873252185
1.9868003010493274,0.9140830507363641,-2.9873136621009513
1.9853805581205655,0.9289359740138878,-3.0993895229450725
1.9874465893329942,0.943148202859176,2.905668687727958
1.9921341375272406,0.9572019217001431,2.75449025305451
1.9971169477969186,0.9711375992431054,2.7729313730876153
2.002406462333709,0.9840899894267184,2.7430512585644817
2.0074880735323144,0.995410917078761,2.7346942415893447
2.0122909297618556,1.0072119738624217,2.700699696212286
2.0178091423120743,1.0190318273046868,2.665870032935539
2.024211711508359,1.0304308656230885,2.6515586690940167
2.0312801138748657,1.0449828529393737,2.6549304824270044
2.037610467224756,1.0576806992695427,2.7174775967724045
2.044182647032971,1.0720863375278689,2.703208915551952
2.0506038766501757,1.085267649883625,2.6467637013559293
2.057158402678528,1.0980357897237363,2.6667019234587452
2.0644035254406288,1.1122362979931109,2.624345439900331
2.0715551519665314,1.1258699644844643,2.639129399013336
2.0780213576731734,1.1400852801142747,2.7063154953325763
2.0841111475979406,1.1532274743825082,2.7009544263888325
2.0884179854156018,1.164766966238992,2.725967140077563
2.0953116551911277,1.1794370073039486,2.6818128377444084
2.101974728682722,1.193022265340641,2.6498969585429726
2.1082586056007875,1.2058408409729582,2.6472339873022164
2.1151749651173466,1.2194154548308116,2.6613341073603474
2.121976442928114,1.2341915166953286,2.682209907588146
2.1295053127074555,1.24832288478976,2.6428240774203635
2.1361850633537096,1.2610289480916208,2.6288627363724326
2.142704092578446,1.2745074619898515,2.7311661407525754
2.148154667723231,1.2876419458471131,2.6821103539169138
2.154327506446832,1.3021199818051965,2.7531035796744936
