0.8218957191593447,0.08983343173814108,1.6223313198613136
0.8352100418259245,0.0906772029591697,1.6312680976892926
0.8496915473191082,0.09162810626126731,1.6440909869007256
0.8647131427614121,0.09273451747550854,1.6845334571644022
0.878073901024335,0.09476259185300773,1.7305320655668588
0.8921165952893936,0.09713822610018198,1.766500938097915
0.90642713579468,0.10003039272664556,1.7972162031822978
0.9204952290815402,0.10268523349028702,1.796025213649176
0.9339258862233555,0.10568220335443668,1.8172691217109969
0.9498705247358704,0.10873847229500022,1.775723154291409
0.9642348815690439,0.11176816114294849,1.7734974461830113
0.9780032047520657,0.11490546265482891,1.7871694373543359
0.9929677468361142,0.11834463696574353,1.804636516447488
1.008125861070345,0.12215529495872375,1.8718270171439588
1.0220257945234235,0.12644740259053183,1.886479606902516
1.0370593470152785,0.1310579303656277,1.874270127626829
1.0506296854234005,0.13568296392929619,1.9459145891461853
1.0645746821522084,0.14081471818801683,1.8953124742646181
1.0785822297897032,0.14554868681020175,1.9339404289817028
1.0921709784389115,0.15088643565983317,1.970302368480003
1.105672507900717,0.15645548704944018,1.965027128991583
1.11889300737349,0.16188990018495827,1.9745592917771175
1.1325442312862817,0.16806302647156546,2.012570773037426
1.1454630977753348,0.1733758401046846,1.9210607767683565
1.1598893273551618,0.17859314924140826,1.9672539711858459
1.1733346947714398,0.18419445911342014,1.9636850950840212
1.1859620978072274,0.1902445964820499,2.01942761407834
1.1985161535209001,0.19680601541881568,2.047153130602817
1.2112821997587053,0.20242149421745886,1.9670873393316919
1.2242287497093898,0.20838697659025524,2.015536773592112
1.2367483860153767,0.21484178825637795,2.0741428895586123
1.2506898276022704,0.22205711428401217,2.0727497489923086
1.2648218570129077,0.22983189873778906,2.0553706900673574
1.2769957104291791,0.23513342623131475,1.9949441876954668
1.2907367146373652,0.24093032569396156,1.9783395479042212
1.3042573777522914,0.2481286075451553,2.099481414032817
1.3165930944906583,0.25590327965777204,2.2136792455068393
1.3286739682409543,0.2658354968137191,2.2645577356795075
1.3387925358786934,0.27303537440782566,2.190947846102336
1.3510308934168833,0.28108944239049377,2.147561705887159
1.364180200324345,0.2895808269899284,2.1618383114917656
1.3762050864799547,0.29707809759764825,2.154307672176587
1.3882079804738248,0.30568274114553456,2.225079737718963
1.400210654363384,0.315293620385859,2.2639198245098555
1.4102386404648557,0.3241521987500397,2.2582035133099327
1.4208828561415543,0.3331545347492072,2.2821070883347248
1.431318263956373,0.34172942470934686,2.243222167086623
1.4431649924125072,0.351402793372619,2.268907128758792
1.453304699284009,0.35950901177141287,2.2749912959429275
1.4643542190625556,0.36915649783644156,2.2820952521999462
1.4752043613774024,0.37747054223542703,2.247782410563875
1.4870002691210196,0.3874206428974277,2.3315133462285944
1.496627186102292,0.39835390579086954,2.448561862491988
1.5058635871478196,0.4079310249960282,2.321137386889784
1.516614127690103,0.41806711940203756,2.3254018009814845
1.5262260897355269,0.4274128424709242,2.358138455566221
1.5362967026401322,0.43795927785634875,2.3788060437817293
1.5446671629007462,0.4482137432658864,2.452984514020576
1.5534649171282207,0.45914772224878553,2.456552558205861
1.5621541381102089,0.4689243264735587,2.389081274612597
1.5711223643640126,0.47916639225187896,2.4632271239118704
1.5781648732027065,0.48774523309337287,2.4675388047009954
1.5865472125998867,0.49866101670469554,2.5137522314855025
1.5946628394336058,0.5110421604603322,2.578719761787273
1.6017264789321835,0.5241004841836701,2.6776974645721894
1.6078515135351619,0.5380208027317613,2.672901133003268
1.61451713469451,0.5523545943718102,2.7278207822481835
1.6203960499318175,0.565026780116851,2.6690166278130336
1.6267678866746085,0.5776301674592105,2.6821617016866246
1.6331828237813804,0.5899799839160556,2.6557596042757443
1.6396653685362879,0.6011312005835782,2.6165521535876475
1.6455338024199062,0.6117236933567747,2.618356511523325
1.6528603159930606,0.6242253914864541,2.6101130941636526
1.6562066414958019,0.6366395610212662,3.0491898244261075
1.657764543741925,0.651693923797991,3.0525024626429347
1.656454965466409,0.666773836986716,-2.905567655095306
1.65615742638734,0.679627992488451,3.01722336002494
1.6598389465099936,0.6921658142241929,2.777050918449882
1.6638995173948226,0.7075007228879342,2.8833086269184816
1.66419389379972,0.72056746522491,-3.0032810419397666
1.6655040986276244,0.7342571012735362,2.8478136176379563
1.6698703623222557,0.74890307447875,2.7941212745084494
1.6751238532476622,0.7612369998851406,2.6986412941773295
1.6801041598892834,0.7735817950341846,2.795165094003848
1.6848749797207583,0.7864567656471472,2.7443790057264787
1.6898779200495788,0.7992374267285325,2.7393620673569496
1.6955245926042402,0.8119142523945113,2.723873648825066
1.7014666185778182,0.8256412139319655,2.7568777662108044
1.7057546164267177,0.8383705932647635,2.812188201684197
1.7100972165353008,0.8517369629759217,2.820725983934439
1.7141073019762991,0.8647658631856627,2.818411215403195
1.7184255068913759,0.8776506592742268,2.7783307800493025
1.7182869303538262,0.8922057000926711,-2.9397264651861557
1.718660615127466,0.9042882262794901,2.9708284835448717
1.7218269063908471,0.9159510892046364,2.8431197155275547
1.7256191745537577,0.9274981938443465,2.823327858849856
1.7308067791679747,0.9405235360556045,2.7443233886944576
1.734448497448157,0.953845907471747,2.9419437079783233
1.7382952751711924,0.967233203046603,2.822179695823359
1.7424813307542866,0.9769550373536868,2.71804988823873
1.743929491957461,0.9892913762485537,3.1261437361797886
1.7459794579757106,1.00298447612909,2.896005983049704
1.7486202728744658,1.0177651745083547,2.929021171436314
1.7500682607798275,1.0316172913305663,-3.14135868893546
1.752072062707408,1.0456468519211617,2.9061688122769764
1.7563412002493164,1.0600832893855978,2.784969460907231
1.761350779183309,1.0745831397961363,2.835104288456651
1.7663155623195521,1.087987077081993,2.7912632624993154
1.7713957555639468,1.1009892747138994,2.749075869927845
1.77612719977022,1.1130145971701864,2.7363228680380605
1.7813402818117554,1.1253649741395586,2.725241103291123
1.7866732897764113,1.1351644176798088,2.628966459862126
1.79270118879531,1.1463741566538967,2.652661924838269
1.794229079098315,1.1593927614729491,-3.047027607477219
1.7954214451478916,1.1733225012021626,2.897733023380982
1.8002726476700521,1.184195944931764,2.654766998517787
1.8049625349671976,1.1973679408306583,2.888410708389249
1.8094166901630921,1.2087891453830626,2.675058111203338
1.8154668136182865,1.2193232913645264,2.638035624472407
1.8156396949450297,1.2359354319589468,-2.900855624094058
1.8118263142982434,1.2506174434228134,-2.873706882958838
1.8073945894853298,1.2667875777850301,-2.8939488300830503
1.8077081206308805,1.2815448060961163,2.947252987102048
1.8118272501282535,1.2947324682956691,2.783259959388418
1.8154561487528367,1.308650420711922,2.938259375374792
1.8183859887327851,1.3234584968622072,2.8837359941804577
1.8216668336063215,1.3369137212991427,2.8624928808282974
1.8248245168856114,1.3498041528120406,2.8582479934976446
1.8285717988234436,1.3640900192066816,2.868690539767772
1.8318749229061169,1.3784333504679966,2.8781202833276374
1.8357117354133499,1.390586940072517,2.872915549899999
1.839467645269267,1.4038888183254485,2.8303713679815905
1.8426082724453805,1.4136781831374725,2.8124461532926355
1.8471721810287969,1.4265714244066368,2.784733236771827
1.8510956010820165,1.4395515204969984,2.8428883137458394
1.8550034956497794,1.4529951462795252,2.8339788954385217
1.8602219351167595,1.4657328929122673,2.748099084191814
1.866023465663935,1.4795566446832495,2.7600289802220668
1.870066753436932,1.4910989990723567,2.8155395869485726
1.871625042555907,1.504719391184661,3.1017266658277496
1.8726927003319778,1.5169327944030633,2.9640669449817896
1.8748001868839381,1.5297084070879599,2.9510607959827295
1.8777985509957127,1.542014188865314,2.8708083385949674
1.8805285301247614,1.552742559123117,2.875896104446684
1.8838815507839848,1.5653068257611755,2.864208422776832
1.8872784216061071,1.5786995469458738,2.8595667273694265
1.891044107078655,1.5927374091252733,2.8270825189538407
1.8964679122463735,1.6057833468171412,2.679356521275207
1.9021755860034983,1.618878524105197,2.7394526090732163
1.9071710714294752,1.6311083932394008,2.7371078346162223
1.913035497335161,1.6459667512456526,2.7240391579815295
1.9185301241561934,1.6592171500580204,2.6899779567245066
1.9239564364166248,1.6725530983005443,2.7360897802959117
1.9284310775925841,1.685085762851702,2.7538177392268834
1.9343381116026908,1.6985878949882505,2.7635565211160316
1.9398834605236324,1.711933833329627,2.7272795425170564
1.946192729793623,1.7255621124697145,2.710868174438177
1.9535735535591612,1.7409864072536976,2.7052135230287884
1.9582399300657172,1.7533202973140267,2.798959881434763
1.9622720408052046,1.767587583809551,2.8242230187889357
1.9669887830081323,1.7809332717734572,2.780202362006212
1.9719261900480123,1.7957938829254643,2.8053267454151043
1.97710625914125,1.8095356697502714,2.7438587163602146
1.9812525385300588,1.8226071153614132,2.860544947020219
1.9857584088923288,1.8343415559141867,2.7706024825700073
1.9900840087486689,1.8469717418171048,2.8071474709930584
1.9946945210040687,1.8608753336324844,2.807153603786486
1.9999010500900556,1.8762338460064516,2.7983107130033495
2.005219258827553,1.888610055677528,2.6779062131523537
2.0116264171347362,1.9003496989251605,2.663362724256283
2.017008105699524,1.9107293206541485,2.678395291069108
2.0223304055265703,1.9222812215833873,2.653242899782882
2.027839495642766,1.9330298823482477,2.6762928787485967
2.0331791000549413,1.9443284195750674,2.684682795165116
2.0380720942914787,1.9547776436713704,2.680347204559275
2.0448300059012423,1.9676440382759797,2.667927892558432
2.05107637470603,1.9812983862136613,2.7569075569037595
2.056572297267634,1.9953274804470067,2.740108974029403
2.0626166498576133,2.008231584767936,2.6871646011204446
2.0692706230964277,2.0225934242667365,2.6889790013591495
2.073623483216869,2.0349719340202825,2.907519861893928
2.0778959955557563,2.049664167554806,2.847960549073941
2.082282675828907,2.0627357138102984,2.787924665120197
2.087967997297427,2.075346194350626,2.7436295115409868
2.0935071223967334,2.0877594931629515,2.7079513315461883
2.099514420693341,2.1010988882367028,2.682846055141338
2.104828675274084,2.113376563539502,2.7148979376597966
2.111124530108302,2.1272975961318914,2.7103313639129527
2.1186200514533384,2.142422935604388,2.6477827792118074
2.124727534205003,2.1562735424220625,2.7670164927090806
2.130082301441156,2.1701271179507793,2.742129776126314
2.1359622687014057,2.184182644930632,2.718274771462142
2.139188361263407,2.1971481157853177,2.9369602161347084
2.14309253651353,2.2102132933488177,2.8192558217815
2.1473427485946415,2.2224187557515003,2.7652167063290767
2.1518098936680836,2.235607273518822,2.7323145282708183
2.1574238854881584,2.2489556579639163,2.7360892684648923
2.1629099531543536,2.261372502340715,2.7161309277466623
2.168425198271312,2.275375910819685,2.7444962630405194
2.1725082800157995,2.2878512066465815,2.8134217619752735
2.1780281501403262,2.3006187810581515,2.640723807699927
