0.23320470165914667,-0.5802809129171507,1.617019509017365
0.24716300592366694,-0.5797128028240326,1.6215732094983017
0.26156241351885273,-0.5788554292953721,1.6312611475834355
0.2757109935821196,-0.5778291364829355,1.6682500040194155
0.2895548349199996,-0.5764855297936547,1.67575475408676
0.3034666551947759,-0.5748533807462174,1.715752852142783
0.3179569785029832,-0.5729600218858505,1.6991342639262645
0.3327083295358846,-0.5703739300075883,1.7450005579756707
0.3472405768118818,-0.5682226933106768,1.7357045774473967
0.3624302033837318,-0.5652423693699058,1.7721092478393095
0.3770652617831841,-0.5624708425441848,1.759724600466125
0.3899165042500128,-0.559426132671175,1.8231733863199098
0.4045099499143607,-0.5560768666823538,1.8270568638410056
0.41746895545597656,-0.5527554679019185,1.8320074521883483
0.43090176303273275,-0.5490541248536663,1.8671150276928454
0.446125016845768,-0.544457569527064,1.94820287905328
0.4612581876319281,-0.5389732366459267,1.9345614722276296
0.4744395309818758,-0.5335324122393584,2.004140889199571
0.48897001491716735,-0.5270957576979697,2.013841916518864
0.5026986905999734,-0.5221179226591115,1.9360166874792006
0.516606863195059,-0.5177329072858713,1.9011859617695588
0.531356673542195,-0.5127384655149884,1.9389064657558637
0.5481082577011236,-0.5059838092766898,1.9531980326794194
0.5616924026620217,-0.5009363015575781,1.9281160380571165
0.5765001271386858,-0.49598060200844135,1.9845969632369074
0.5900905581709419,-0.49030667945454603,1.9866442732069578
0.6029045751024563,-0.48451434248942804,2.0282871988244278
0.6168415234763741,-0.4777753899402286,2.054122640183942
0.6290363550477214,-0.4714683064362574,2.0721539372279314
0.6413817062622259,-0.465555797271509,2.060859876488939
0.6543332405253652,-0.45809093026461195,2.113160994809421
0.6652992537288253,-0.4521295328384568,2.080047647104485
0.6780975648609737,-0.4446204922305469,2.101039777346646
0.6912366217267766,-0.43612426142071825,2.1499257836163115
0.7022309262739101,-0.4289865438752503,2.1433442952843778
0.7156895455246,-0.42109193817628077,2.113989220944291
0.7289180580843369,-0.4128298186572472,2.121684892741607
0.740450451296551,-0.40575966470666,2.1790154588222777
0.7520542840791264,-0.39784698002598445,2.191760535057932
0.7645721939871206,-0.38865736234376286,2.2160446735228043
0.7773631034668529,-0.37928023759144674,2.2298182107833338
0.7880415429960284,-0.3704992592735365,2.267052959228468
0.7996374846797938,-0.3609504906113752,2.283999213197064
0.8093286819908492,-0.3535859231544548,2.2542282648445275
0.819847782466135,-0.3458399766726974,2.2068721361643835
0.8321831209928394,-0.33622343059506365,2.229755190344978
0.8438112809953267,-0.3260693218191085,2.350861097631089
0.8540930280523396,-0.3168154500074843,2.307085544702643
0.8648453395487751,-0.3062533458253206,2.3714295293343213
0.8719609260259377,-0.29779692250425943,2.445835594738744
0.8810050034954069,-0.28605977193133403,2.474464558569358
0.8913173509601986,-0.27381849795487956,2.429785821349087
0.9014459081727306,-0.26168780029962496,2.4735830977316997
0.9097837425082905,-0.2503260811891632,2.4855951429722665
0.917271890584216,-0.24036287107500887,2.5151712662694212
0.9252397748489748,-0.2282026817812127,2.569583852203709
0.9321551509035276,-0.21800178744465948,2.526911005463869
0.9403314022491682,-0.20659321745992545,2.519668037490756
0.9495667187200986,-0.193342622802519,2.548293580684474
0.9571244207891665,-0.18357613076933085,2.4478590894872436
0.9660856786487328,-0.17255476924423735,2.4399224973864397
0.9758025290333157,-0.16086783829728146,2.4604424205431923
0.985676680642811,-0.149121847798019,2.4706788460190263
0.9945445989612622,-0.13690397170498844,2.501534089675586
1.0034170413004078,-0.12492261561895547,2.5188982271268534
1.0121722914098636,-0.112616495670777,2.530962874654988
1.020782229940687,-0.09890447198317796,2.5890668199090876
1.0264804614210434,-0.08830720599842572,2.6547981425230134
1.032532848743311,-0.07742281271406087,2.656571488746688
1.0380791017175002,-0.06685414857303178,2.6116025315492877
1.0462592502314294,-0.0547264260232405,2.5167576987413276
1.0532754082140336,-0.04432617274287018,2.565293821665921
1.0604487164699803,-0.03337132039274435,2.574187137867163
1.066971896315088,-0.02187281118524647,2.631552286200696
1.0742732058018345,-0.00932322597947912,2.6014747068612722
1.0812743916424203,0.0033791435673646963,2.651315065313345
1.0880521428818384,0.0159950142252488,2.6162110337558167
1.0956537547555283,0.028724518001077504,2.5619438571611495
1.1032472364434287,0.04196089225094361,2.7135983076519863
1.1105041210432023,0.05574694937427852,2.623265737274989
1.117260564206671,0.0683387955127217,2.635918857457093
1.1241383848243172,0.07991834235554182,2.630267141449806
1.1297514381011802,0.09025246671163263,2.6226050453562832
1.135202547410688,0.10166199325880432,2.7299576536471384
1.139961099133817,0.1134947213985252,2.7104266908398644
1.1454478472780376,0.12512076178210474,2.655734394255982
1.1521776527705991,0.13829547304274617,2.6925082647501744
1.1590197181330624,0.15097511106771755,2.624139539178457
1.165313282380698,0.16234708245802978,2.652924467231845
1.171725820832525,0.17566076829111818,2.726345427374319
1.1782895402308255,0.18869167070693002,2.685956783869618
1.184429875521649,0.20123009384068039,2.6523613043010577
1.1908963887742263,0.21441230657842844,2.648864928767447
1.1981784933162423,0.22723760290690492,2.616332492091584
1.2053566788075742,0.2382702158992129,2.486486686340428
1.2127057403823784,0.2476026381093674,2.468743486634712
1.2200051606740976,0.2592361263989568,2.6286863274713617
1.2272714004966836,0.2732254167218685,2.696861742809639
1.2337488167938582,0.28706190063492815,2.678226904256513
1.2375890368493125,0.3012826439412075,2.9375134891492602
1.2425171478213293,0.3152416532579785,2.726182850886844
1.2479840508941573,0.32987140315689867,2.7736000225676083
1.253470328970255,0.34381999689716924,2.711502554528926
1.2587641677476744,0.3560093267934001,2.6923508185460543
1.2638274044847906,0.36716362170230155,2.7290480297763415
1.268920580246311,0.38034786487588046,2.774008291392542
1.2745448224334148,0.39245266954042757,2.6881689880379693
1.280691549909803,0.4053180617083456,2.6555981744349255
1.2867414169513316,0.41945878509473294,2.749099902048418
1.2920771334838685,0.43310239753744156,2.743276195965886
1.2955421266603908,0.44803845016068367,3.024358804220948
1.298267963332421,0.4609491123715349,2.905210568802077
1.3028337920722097,0.4741665460130973,2.758395428670484
1.3095944504723365,0.4870821726600981,2.704964372164738
1.3155077317707993,0.5005473704007057,2.7136725406072024
1.3135674486094409,0.515436664129553,-2.6934369639920264
1.3117752126214772,0.5291428949699536,3.0778900353767438
1.3112491002253985,0.5428509286299916,-3.0312477659209103
1.3070788485877174,0.5558318688047097,-2.666715497352015
1.3047840184445885,0.5692988274205484,3.138478223724389
1.3061069010524469,0.5800695702447629,2.9810263892554834
1.3060921654652495,0.5912648760428246,-2.9680712720704556
1.3107219465623603,0.6062418069449248,2.488541748372838
1.315766592506611,0.616707922782564,2.883052899528142
1.3233301503211938,0.6281853113742774,2.3672875000363676
1.3310497856400407,0.6411110343934786,2.8136643029561674
1.3343732612455892,0.6545745578139547,2.8885663090582807
1.3383236869766033,0.6684633762926061,2.9026013040751626
1.340938304584437,0.6807927083059476,2.8914505443828458
1.3450044974381534,0.6947100898508013,2.828057393639494
1.3488472912053209,0.7099484371240461,2.9645172476338733
1.3535948817299364,0.7240423308025716,2.7530391803536975
1.359263619200029,0.7382747173465638,2.778558950361955
1.3634917953952752,0.7511285020393854,2.8489123965557126
1.3674330060197235,0.7644677216903788,2.835097182004111
1.3713901755506595,0.7763875561524093,2.7635428831991407
1.3686531488354996,0.7893936258639737,-2.5804391836507055
1.360932357715032,0.8014869586589651,-2.5302388990356257
1.3578796600375733,0.8129622387708866,-3.069946284075051
1.3591254721355666,0.8248269571012514,2.9440927272165265
1.3608099136686083,0.8395680528490049,3.0578247630567406
1.3628638434349787,0.8533344360639008,2.956423075668029
1.3656263840946332,0.8660867135714347,2.8843268116118037
1.369957754400497,0.8788512810221926,2.8016547179569704
1.3707023079066147,0.8886321450260848,-3.0503234328366995
1.3689467941610796,0.9007100138078707,-3.0027764326861397
1.3701586099339855,0.9124934169746245,2.9160233572635827
1.373438373066756,0.924705541960769,2.85607901847871
1.3764419565530164,0.9372390510112235,2.864045483574437
1.378919980434272,0.9429651355233631,2.6910889516050642
1.384660919085012,0.9557691103000379,2.716922126285097
1.3899375844715043,0.9676740331847854,2.740251483133899
1.391581448265206,0.9786301257243534,-3.1375996841958878
1.3941968912963913,0.989850113723551,2.7806306688068156
1.398753691295632,1.0034944123551441,2.845225539212726
1.3967710614026534,1.0187736381759396,-2.7981860898675497
1.3923370315159256,1.0326918161899936,-2.8626890611990574
1.3884821286255953,1.0456655671518413,-2.848791555651029
1.384199448175467,1.0577243598544837,-2.7617399680202643
1.380868643382008,1.0711888612393834,-2.991741120552603
1.3781973692042844,1.0852988405596076,-2.9528405424018658
1.37608488958986,1.0983980400846967,-2.969657344410576
1.3739381934138781,1.114004006567707,-2.984109056476656
1.3712893188993829,1.1288402570842144,-2.945179741641927
1.3707468311810174,1.1433721097279148,3.0731227048346295
1.3736543817566556,1.1581647930859895,2.8770500000143784
1.3775362115836007,1.1712855254882635,2.8267447375984656
1.380908313430383,1.1866923093136468,3.0069384554123477
1.38003406988742,1.1993575956693228,-2.9220562549218565
1.3758653004855352,1.2140891632595125,-2.8338492572566607
1.3740857206934343,1.2291434018070553,3.118919254449029
1.3761471174897966,1.2431529597312956,2.9160788393577057
1.3791613765275323,1.2582611573244937,2.9768126616243356
1.3832692792521253,1.2703696199694523,2.740354105226435
1.3882957359302177,1.2831433743258518,2.753838316570196
1.3914985577205452,1.2982282356796102,3.0466659243045404
1.3934546621435568,1.3099783329726633,2.9257438566445297
1.3953615119514473,1.3230714964530372,3.0210253537249976
1.3956771222608468,1.3353859366387908,-3.1248616583791984
1.3939369366866108,1.3479652395024007,-2.926046323243452
1.392656344981596,1.360719037337595,3.140665493346306
1.3944120881411615,1.3750680161126208,2.8700120349608933
1.394197962451415,1.3881117769039777,-2.9257575862899037
1.3945690271783528,1.40153976473389,2.934662379411904
1.396414352177459,1.4172784273902739,3.088172737454536
1.3965766166791533,1.4315070185967682,-3.1209027225024966
1.396104911390667,1.4465806215846877,-3.1043859352435668
1.399091120616229,1.4601066829197311,2.7331964143040386
1.405766488164984,1.4731432451263704,2.6686027030686805
1.4106382288666823,1.4881609146254864,2.9190927829801008
1.4140950009444069,1.5014413604877,2.8649528175129726
1.4160592884405718,1.5166711339263457,3.0557858881868234
1.414009226182431,1.532260521665634,-2.86361084337933
1.4138777234968036,1.5461142007587352,2.935404316855994
1.4189635841955337,1.5585002480107968,2.647670885146574
1.4204871640701167,1.5726202495901362,-2.9649431390901118
1.4215935330468514,1.5873385133958384,2.888070826026497
1.4271884851688306,1.602434700166322,2.680726334693657
1.4334248984061577,1.6150027981467716,2.664949998172063
1.4392683092695107,1.6272159287857706,2.70810736421552
1.444516403506483,1.6405035621257364,2.7910760562628716
