-0.6330135188489425,1.176744521238044,1.5793412115345689
-0.6213238478203559,1.1764003991143424,1.5427552531778401
-0.6068989335263527,1.175977132123782,1.5529974179133272
-0.5925310214540814,1.1764190420180065,1.6233247007266416
-0.5777541317130958,1.1776743069400621,1.658182987290632
-0.5634311898761146,1.1783920673490025,1.6575838194193615
-0.5487965822194228,1.1802478278162047,1.740382441829643
-0.5349258630485492,1.1825238561887117,1.7135664849347247
-0.5219901875846943,1.1850680011042842,1.8293635627346825
-0.5063597451548373,1.1876073977957795,1.7705983977228004
-0.4917616379204616,1.1906252167460114,1.7529160023783819
-0.4764101927711191,1.1934371969091186,1.8082134199920303
-0.4615995391270061,1.196327515288745,1.8004576169717286
-0.44846974688155206,1.200087101222282,1.8990597226576622
-0.43420323470324357,1.204745281875308,1.8759806522702254
-0.4204817225145707,1.209031423560672,1.8898366501697592
-0.4057051981892044,1.2133872390483493,1.8900365956816942
-0.391348967753607,1.2181202746842512,1.8950538534018118
-0.37799232262935245,1.22219852510717,1.8556603995206835
-0.3640181345823552,1.226808224564214,1.9362492905981004
-0.35117673792300275,1.2318424321295072,1.9563250113998423
-0.337175793419984,1.2372980950585115,1.9750623053137264
-0.32454118147666494,1.242535715410383,1.9894849510581338
-0.3114893980190342,1.2493612884421812,2.0814576569491097
-0.29691845604641115,1.2563226953772535,2.0243721293991794
-0.2820398904641198,1.2628959910908266,1.985187409296993
-0.26925539861113085,1.2683497068831129,1.9922832229594836
-0.25523186649885643,1.2745575506788194,2.047745733299885
-0.2421669620080089,1.2811867598214275,2.0339417008320733
-0.22825025158150625,1.2874090084559895,2.022472845097092
-0.21546510327903962,1.2943891947539878,2.0718540375385683
-0.20239005843041954,1.300260547084543,2.0531755701545205
-0.18803939423664073,1.3062629543496347,1.9913271801638617
-0.1747553662003326,1.3131106419674403,2.1539767962364733
-0.1616980152811168,1.3218758604581387,2.163274208267271
-0.14785199639917052,1.3319526934600288,2.17934961131768
-0.13649652634409454,1.3393489865451924,2.1460528418559845
-0.12600262517321628,1.34612494141111,2.1482001329050586
-0.11450583862142685,1.3531856506857647,2.124963185185229
-0.10201392600400432,1.360899735996371,2.13405976028531
-0.0894091130095988,1.3689989455258156,2.159968117979091
-0.077777203727189,1.3776307442974376,2.235779179777875
-0.06511842322933936,1.3879249166965635,2.2531744724082152
-0.05437203633096521,1.3966724932233139,2.2818254480917837
-0.043926360931944075,1.4049810218508023,2.2217539627753125
-0.03204184106314968,1.414165010010819,2.255940904978143
-0.020674144090967763,1.4239167385163463,2.2958803780616996
-0.012597673197625772,1.4318770977361388,2.3493392293062065
-0.001392621235833237,1.4428620600140005,2.3670362005452623
0.009279743658130815,1.4543108649307663,2.3969871894274077
0.01872305085834097,1.4646331206194596,2.4019502431220565
0.027527160219355175,1.4737560001299057,2.4001347526219634
0.03700611878565267,1.4840612504093937,2.4045630700055307
0.04581250827922379,1.4935745094619048,2.383081394499025
0.05658928340630818,1.5058777035436641,2.4296307498906367
0.06666676556698913,1.5171527604551267,2.405605551352633
0.07637452531237629,1.5283484155281688,2.436011565353503
0.08555623340670858,1.5392897623960038,2.436488771970104
0.09490490691259695,1.5506260077670344,2.4423698877792455
0.10396415251475925,1.5610022456166723,2.4076603475510474
0.11373242949700584,1.5726065725576899,2.4219047465166814
0.12218321797924299,1.5820138467046165,2.428548941543425
0.13174837965341477,1.5946739353122759,2.5202525934167963
0.1397892390982233,1.6060810629197568,2.468420565281355
0.14880881854365255,1.617255495531436,2.471319428200004
0.15780732916626672,1.6293262146498122,2.52103170677202
0.1666846562448397,1.641541865083114,2.5256177763031897
0.17549599677059494,1.6548652603038556,2.5645466169712487
0.1837097220169079,1.6675972557811014,2.55535252452195
0.19034466113086163,1.6772826364643145,2.5398642529665976
0.19745760295741582,1.687108863741691,2.4987085630733263
0.20536687818938823,1.6990442562025623,2.5882357727481553
0.21143703289024338,1.7096494288186816,2.6855595375002164
0.2190856992567166,1.7219800807917973,2.5279510169448725
0.22630897747588005,1.7343888864043067,2.6358597942817874
0.23340341481153962,1.7476012578464628,2.6135869533392104
0.239892506012023,1.7580601680777894,2.5784001162163803
0.24247312892422535,1.7741650068737922,-3.048406938834025
0.24371139069451178,1.7879030546290893,2.917119218437803
0.24863382414204355,1.8016563793047622,2.7675816638582473
0.2525893383962225,1.8161831992292858,2.892273976637458
0.25670914892260954,1.830392709369006,2.8669793868747426
0.2608612302314951,1.8456425751767163,2.8694501266296433
0.26553463981116315,1.8563465856615557,2.6322805566202985
0.27146634016294513,1.8705113325744034,2.7307433193906676
0.27704799180651135,1.8841755344954272,2.7654869269373523
0.28192870363773603,1.8957457835047766,2.7161621995024574
0.2883780782414654,1.9103426880387522,2.7477530539336876
0.2945814202184315,1.9258561105339633,2.74788132960301
0.29962968652850763,1.9401486755126134,2.764483440347407
0.3055131257818948,1.9543244882950026,2.7340321467382847
0.3092175240210032,1.9693253370411374,2.9362018319511973
0.3126847946798611,1.9820275195201993,2.7948582823081645
0.31632139251146785,1.9939225128453415,2.834981213808097
0.31974000764140803,2.0069815648170186,2.9523297406060385
0.3223255432060064,2.019645981330653,2.9323879003506046
0.32332832818322815,2.034068052962938,-3.119296295321225
0.32514583195258423,2.0493228330274684,2.8912418738084975
0.32714553899255167,2.0644884108921957,3.10827158826883
0.3272596752259025,2.0790244406415748,-3.130582628848866
0.3294016122939145,2.0939280677761216,2.8860204527228532
0.3325535159611389,2.109325131221571,2.9839525957083666
0.3354439520585334,2.1237523928955158,2.906310275609222
0.3392995260987312,2.1373862957917944,2.8137015589878582
0.34357659847876876,2.151508332630656,2.888560345202371
0.34732441351029386,2.1640061928383245,2.8483126817436153
0.3507491561112496,2.178202628073208,2.850877433363878
0.3548418736921495,2.1930854912771167,2.851398722703303
0.359280298198051,2.207786359095559,2.8284759215549626
0.36385282101027006,2.221542271422391,2.783232655363132
0.3681074523799817,2.2354601425468816,2.8636482660861144
0.3700784902915586,2.249779251003628,3.0843461568428756
0.372341647178224,2.2644037214844888,2.9272005349061394
0.37617060801030844,2.2789613068566754,2.856686738678328
0.3793288662633645,2.2932229787445073,2.8690088096106323
0.3830838795348147,2.3066816251635878,2.872430774380617
0.3871273364630447,2.3197738171186577,2.7866676881116104
0.39076335167749426,2.3331065576114804,2.884864948005527
0.3937384732352782,2.3462899771699695,2.8936775031823445
0.3985484913177461,2.36137380711695,2.815535027098771
0.40258597509499766,2.3732952391907056,2.8188471067324965
0.4066862433018327,2.387644109904068,2.8055338906393286
0.4111986146073047,2.4007542538357995,2.7755064670956706
0.41514286089954355,2.414105418989496,2.7971993694241393
0.4201602211031407,2.427765233162657,2.7716042471707873
0.42555594776244243,2.4424142858758846,2.787807206001578
0.4306492732605825,2.456215929881276,2.808427133010918
0.43560518006434706,2.470597899526129,2.7658956295737913
0.44092393119474754,2.485610629337727,2.7489848497496325
0.4462116522099675,2.498446252108698,2.755375369471644
0.45162473138115633,2.511883131668573,2.750458660908699
0.45710463156714615,2.5255852382299158,2.8011172728075495
0.4613243018027983,2.538564702926216,2.7859865450358794
0.46628719713027317,2.552030141727482,2.8208497487632442
0.4719703439395411,2.5673478741661397,2.7698859096165185
0.47689858180865735,2.5809267439351182,2.819944533635421
0.48137359571496563,2.595034681740756,2.7922727448801687
0.4861411199135613,2.6084770240316626,2.798682757337926
0.4900773700068508,2.622165568783958,2.904327782090417
0.4943682607793654,2.6354226077366483,2.7739475092113333
0.49919043757653014,2.648877894123312,2.8022157091615734
0.5038876586193307,2.6640807173569097,2.8039536016601376
0.507651154790087,2.677435769836951,2.814540883494812
0.5132886065325228,2.6924854917654932,2.75521624075669
0.5190980125509732,2.7061428951864652,2.7340313439091948
0.526461995571052,2.720409182291728,2.6591183624230115
0.5316986961147603,2.733731738049263,2.7686541493679995
0.5357989876070676,2.7477035356342396,2.7692117651716277
0.5409361212602327,2.7610020546401572,2.724928132551077
0.5463766012491393,2.773237002111056,2.7451141534216084
0.5519171122004033,2.7875345227731416,2.75637658504061
0.5566301283654382,2.800005605950987,2.759465019739671
0.5615244261963948,2.8127326252294957,2.7476969676160783
0.5666261803424771,2.827515235173721,2.7784158175384057
0.5716861872581201,2.8408902451949074,2.7252392260648826
0.5769469045387942,2.855595872745427,2.8009511274767895
0.5808527337179117,2.8692014121804514,2.8377314878273574
0.584871287769469,2.8824323395449896,2.8121099076920486
0.5875862015108726,2.8959483609193564,3.069629748761064
0.5896272244971681,2.9104569150449913,2.9805764285642415
0.591127936420572,2.9247785650654397,3.0433987386095587
0.5942743852846232,2.9391175730576156,2.887633299004285
0.5971752018276069,2.953412449788488,2.8603190884791085
0.60225610886334,2.968625510409756,2.7980351228375633
0.607293511328671,2.9833161333034077,2.8106870928578904
0.6124463343425381,2.9979961729469813,2.7632133108294443
0.6175396236060964,3.011864741359242,2.7618744733673712
0.6228123347725002,3.0258096349283594,2.772164282160323
0.6277935837358856,3.039139039623467,2.755459192299626
0.6328181837534509,3.05318134821202,2.798706939464196
0.6381195469506534,3.067118948706588,2.774541028639386
0.6438349123977269,3.079968786023942,2.6791336893244617
0.6495736666441558,3.093240515406035,2.768645155339967
0.6547427508875396,3.1078259543438556,2.826040163703968
0.6593531763787595,3.1219231666528957,2.816073082668577
0.6635082931439462,3.136046019759578,2.882937738574112
0.6675591446730417,3.1510022396365853,2.827612197732062
0.6723298174181763,3.1648513908621405,2.7910025516743313
0.6771465852298454,3.178952899100026,2.7932575136091966
0.6824845056851161,3.192182925841885,2.7390131032434155
0.6877544306807202,3.2066494129498553,2.8250249205548985
0.6900627496590441,3.221719878791537,3.098885807768298
0.6924636543253309,3.235025482878247,2.8942891680759626
0.6964549315924369,3.24910907912931,2.800234397554143
0.7014355656475895,3.262625163348144,2.7968861566870977
0.7057082610889968,3.2774366029194657,2.7852938366713063
0.7109276823276932,3.292220756985854,2.7955299909547966
0.7147807188061351,3.3058673754221313,2.8405000998770187
0.7190132812811375,3.3210196629326223,2.830337632995938
0.7241050109384678,3.3353808726998038,2.797732609306469
0.7290631756599916,3.3494284038606725,2.7640204005938127
0.7344027996858614,3.363344104582546,2.7807340654032187
0.7408080979003778,3.3777386789298194,2.7324399559164707
0.7465539399959402,3.391778560265094,2.731542112197204
0.7518003886872918,3.4055693021271547,2.778865141632755
0.7567333863590178,3.420427641984308,2.79535516238784
0.7618925915187066,3.434353892017789,2.752200694036496
0.7665727916356708,3.4486799651486537,2.8406859796559587
0.7708629173700223,3.4616284175959295,2.8199466207899566
0.7748633631684473,3.4752759887445106,2.8110822417887364
0.7802037941906078,3.488482188133322,2.7351609212030605
