0.3203472095379973,-1.6526827116790292,1.621788589680199
0.3338162227173101,-1.6519061453226325,1.623015494880165
0.34867405553057157,-1.651069739479358,1.6413892270763086
0.36350230183634036,-1.6500740277171058,1.6382690651791716
0.3785548518105619,-1.6491082343920067,1.6466934894165188
0.3932818185087969,-1.6483772443705778,1.6376602694010127
0.4080206026869305,-1.6469610333055105,1.679349543550483
0.42174026446512547,-1.6451583572799313,1.7414248108203765
0.4364678066538616,-1.6431082742373615,1.7632801725818212
0.451389044917961,-1.6404758513543736,1.7863510858399287
0.4671838826065026,-1.6372358320896594,1.8085797663194307
0.4817640407829976,-1.6333998546189128,1.8272871771354016
0.4967646513239065,-1.6292242652918911,1.872154057562343
0.5104879772538378,-1.625284923686209,1.876629986857844
0.525734173342689,-1.62141672994789,1.8040206725161547
0.5398678709027689,-1.617660421372337,1.8625635896879724
0.5544914623110138,-1.6131054682594363,1.8790441079133906
0.5681841602847225,-1.6084114183816849,1.896695055724801
0.582100750905947,-1.6036028531786743,1.9467189285998676
0.5960224765441826,-1.598196446058679,1.9991191259401486
0.6097636930460048,-1.5917747284842467,2.003557557071745
0.6237752628463406,-1.5857722364831195,2.012081864166485
0.6375510342280895,-1.579135607081911,2.036178100870988
0.6524753200085628,-1.571603758554543,2.0598097109664297
0.6650368511582533,-1.5653715168825617,2.0482432727875537
0.679418998681908,-1.5583314705330777,2.084908506815005
0.692182121704655,-1.5511648562829998,2.1135139649062653
0.7060343696174146,-1.5433173052131557,2.058768629630691
0.7189641483569043,-1.5368557004437238,2.0098075226363656
0.7313689548718318,-1.5310027168882547,2.079201769139575
0.7438333122787009,-1.524525869318653,2.0404131307796534
0.756607431180234,-1.5179756463467489,2.0697526687625176
0.7693184886582144,-1.5095697640387118,2.185036502776405
0.7826942444729466,-1.500575284472633,2.208737621667098
0.7938400737607202,-1.4937708864777146,2.0585770130182346
0.8077659941301697,-1.4870881936684126,2.0742748548244676
0.8204290913708915,-1.4799837354046637,2.073649723937874
0.8345132210500779,-1.47315461939066,2.039905981117406
0.8487904307432689,-1.466136697318276,2.0990579038543986
0.862610467927115,-1.4577356267556627,2.096437389245764
0.8755737026905039,-1.4493131160520762,2.2271915813390897
0.8874309663733875,-1.4408397789886525,2.1984794504949385
0.8994358925458181,-1.433371030433162,2.109534543480646
0.9123948038786373,-1.42481753898059,2.211584577237525
0.9230711964876953,-1.417172831444934,2.1991467805282556
0.93463369350912,-1.4086863172066475,2.180949339487174
0.946436074588393,-1.3993785792665354,2.283891140595619
0.9570733841529613,-1.3897450208040087,2.311487885219857
0.9681400510332074,-1.3794141535718232,2.3187495363681583
0.9777947314169425,-1.3708895836954857,2.2910729812204447
0.9875567365090657,-1.361741696920031,2.3445791343798414
0.9970972810897317,-1.3512698669648702,2.418942949912313
1.006972638066568,-1.3400187108162935,2.4048318519546417
1.016276879158804,-1.3297301143570746,2.3925859768473945
1.0257463428445728,-1.3191212524534233,2.427949583297815
1.035317541648274,-1.3081189510326627,2.439834610488263
1.0434419164604056,-1.2973897341711442,2.505100761453704
1.0514429282394837,-1.2864647413307264,2.4890870398544602
1.0599964866113278,-1.2759384962833116,2.418142615360336
1.0679971068248884,-1.266891946174116,2.433191727847502
1.0774767062403392,-1.256778791940807,2.387858201468909
1.0874227946713988,-1.2462093717570857,2.3912228099988893
1.0971941157757734,-1.2363319547229061,2.3733225234485653
1.108239731794345,-1.2252634291146975,2.3458736819303634
1.1180236948419378,-1.2151598248869424,2.3982865261010207
1.126775781351423,-1.2052344685640377,2.4382387486914965
1.1356936498717813,-1.1955705910017187,2.387776316991706
1.1445925734982276,-1.1865674072832169,2.3428063801445296
1.1530655091256827,-1.1775731606546704,2.3894728305444772
1.1598750455641507,-1.1692417998052296,2.5096433043873105
1.165434605978937,-1.163553418173668,2.371078942385231
1.1716924854120823,-1.1551248009338848,2.542709618428247
1.1799887517229541,-1.1460102182627376,2.2934003155464446
1.188019977360605,-1.1371829770475084,2.4427988616327805
1.1959247767983932,-1.1261977570910495,2.531443623494684
1.204507357500737,-1.114050291998421,2.520598623617473
1.2125786884778968,-1.1026884830463994,2.5168868056800546
1.220543620230202,-1.0907313303042943,2.541435182764388
1.2286774415452433,-1.077474417341667,2.5875741594298023
1.2362741303204137,-1.0645841409280254,2.5946886584033955
1.2427569052840104,-1.051126083353384,2.640670565653872
1.2504059146450373,-1.0378794934966487,2.6110272436876594
1.2568157631754642,-1.0268190194860514,2.597610739986151
1.2644553243446404,-1.013308085339397,2.612517649681112
1.2710983991345637,-1.0022122564153177,2.563474200762443
1.279803617005585,-0.9900494683256548,2.5106284638690295
1.2877140937764202,-0.9771833759275113,2.614451881069443
1.294892799793554,-0.9645023155587936,2.612801791858084
1.3023550473985732,-0.9521485852012137,2.5626267433954264
1.3107019946013332,-0.9401204173612452,2.548658703799015
1.318187131758337,-0.9277970871536555,2.607594565421494
1.3259480114121418,-0.9129903855670667,2.635786375119201
1.3320301466723072,-0.902753846676965,2.5676747881545787
1.3386533415494726,-0.8932228978014838,2.508589608513865
1.3459708411568083,-0.8833890973130053,2.5212995036724846
1.353006097755978,-0.8729877926995939,2.5658765857927994
1.3619719388195135,-0.8599336397171531,2.526518115129616
1.3695303038729671,-0.846310368506313,2.6622180191493046
1.3751081480408995,-0.8346498544388137,2.6720837047520147
1.380665137031467,-0.8217825941782044,2.7132748664471116
1.3875606350846075,-0.8076050724409456,2.649184471883756
1.3941676065719129,-0.7953065019808913,2.6439916193653197
1.4007858675500937,-0.7833190026635594,2.6363608721371397
1.4075225379937226,-0.7718759665810344,2.6317349851089333
1.4121691422180003,-0.762081470320276,2.6920941970251486
1.4189649967347306,-0.7501131102299504,2.5604037782595865
1.4254093797638776,-0.738172788027683,2.675693758045572
1.4319414525033511,-0.7257955309250573,2.6526782597064504
1.4393994006513933,-0.7141849711940701,2.5670812872919604
1.4469069520966367,-0.70357462745615,2.5166966856824255
1.4546680624709136,-0.6915730723572879,2.569370310934803
1.462003317408578,-0.6808216806501602,2.5657710363503843
1.4690247137253447,-0.6692672017249963,2.60283695157427
1.4760598897864288,-0.6559980698425616,2.6210260614842857
1.482450503049958,-0.6429698565928583,2.6516240660193393
1.4892411459038235,-0.6291576108409078,2.7460607935790664
1.4945661186425931,-0.618341908834236,2.6426115931707495
1.4990494341484797,-0.6059454967444209,2.8994923848335943
1.503067733687315,-0.5935910095514227,2.8004253608814182
1.506657503462269,-0.5798817537541883,2.9071024885728525
1.5104102780870974,-0.5652426984546114,2.875606166777439
1.5134703178211226,-0.5511390303776769,2.886860756216019
1.5181245550623634,-0.5384275261124212,2.7498624116345662
1.522825196876997,-0.5258579222525733,2.8160934690246475
1.5279711776550093,-0.5116117353086164,2.730002860873576
1.5338414178662638,-0.49754255378003837,2.7584811786460453
1.538762907564437,-0.4857320315419474,2.7651845657775627
1.5438263276332342,-0.4724511404033929,2.7960085146631095
1.549082729641402,-0.4591582885883953,2.798776382923097
1.5536032723593132,-0.44645683029847927,2.8074447690528377
1.5563362737422204,-0.43099724280563423,3.045821523903759
1.5590766824947584,-0.41674719331719573,2.8867748767261907
1.563421126575736,-0.40402808497916676,2.7764309804373157
1.5681800653996971,-0.39108548575515306,2.7286643640901893
1.575232246080568,-0.37480929092787557,2.7308186194674673
1.5810872647485656,-0.36138453702618456,2.7152828972342626
1.5858893069305346,-0.3479888343100772,2.842528665516276
1.589992452938254,-0.3336756591332132,2.835201442319484
1.5948561106983261,-0.31961134722030227,2.761200199316089
1.6005295947410352,-0.30582412685244,2.7319022334043304
1.6056363996549914,-0.29196463929224503,2.8472594090631005
1.6097062449870034,-0.27777092998580655,2.8388791623049485
1.613339101959479,-0.263248085778675,2.8400417879223427
1.6176354552625756,-0.2506596838079611,2.7501488994664407
1.6235204508990886,-0.23589429820087693,2.765833784793529
1.6295160561687734,-0.22068430757414187,2.754100775090567
1.6342643334132512,-0.20778871697253995,2.7897193805861518
1.6393683554319949,-0.1944252876822444,2.751279414311499
1.644758181095156,-0.1827913947741564,2.741878620869059
1.6503176659544452,-0.17000288680256706,2.7258930575690825
1.6562619710844622,-0.15680850526082987,2.720850671667325
1.6619376982507947,-0.14428840315250532,2.7158700522758634
1.663141321990802,-0.1311394806183484,-3.0902830142520346
1.6624306176920929,-0.11769537777810134,-3.068710647846379
1.6611329363749732,-0.1049229089475842,-3.0513186798703016
1.6594596465852978,-0.09045025093909179,-3.002621573422542
1.6567205247244725,-0.07611791234296411,-2.938926432952186
1.6522966523792566,-0.06341933029494401,-2.7490516246247276
1.6478601377077824,-0.050539265419649815,-2.7600607207819126
1.6420276726611405,-0.03685159360543538,-2.705902573540668
1.6375993323300888,-0.023860433762727132,-2.8758093963491693
1.6330948965404997,-0.009766020781973252,-2.7751841128461576
1.6324720688859988,0.0030323615885318664,3.0274166825562037
1.6341277318700627,0.01832863144303768,3.022156492410579
1.6359090444244326,0.033001934225673886,3.010117006517312
1.637121605547225,0.04747927882793502,3.0248035097635757
1.6392625706143802,0.060964751115792706,2.9424959247658045
1.6415947914369957,0.07547305303079753,3.0143965599468996
1.6431216379719047,0.09020474370428129,3.00051716316111
1.6453079398488284,0.10427566484930935,2.970371776946965
1.6473321425636955,0.11845469500416496,3.032835225617995
1.64903870440453,0.1330243993211121,3.003028590286189
1.652468231090011,0.14754651693891027,2.861108984124072
1.6567947400537406,0.16243460332841966,2.831237412424591
1.660994466552476,0.1757354807645198,2.839726477679883
1.6659494995145736,0.19050866599612348,2.7668681815892353
1.6707822686512304,0.20498358976252173,2.7761526520996305
1.6762695378733887,0.21665789284342868,2.7070286814063858
1.6821529381610107,0.2293825088117631,2.6953407704895938
1.6891412619519297,0.24225691961836893,2.6356654103873884
1.69499374117026,0.2539365510682419,2.655820838851939
1.7013896025176705,0.2664693016971507,2.627629391973942
1.708882809825817,0.28004992824167146,2.6267390468542025
1.7156740968213555,0.29023763477848097,2.556742314301378
1.7226373553341439,0.30171548183398805,2.6112768448629318
1.7292001267386246,0.3143757212276895,2.67433370683824
1.736904969208184,0.32875578215051265,2.64455081389586
1.7442838287454157,0.34085848825884024,2.607255455665096
1.7526923238120424,0.3550364263026894,2.5826955254122566
1.7612860018687193,0.367108077583149,2.512212327282605
1.7697172141775819,0.37992136567914486,2.5924271114024466
1.777482147269217,0.39290763069565715,2.582935110018312
1.7848432101699556,0.40588664653024376,2.639864830058326
1.7920598617349761,0.4199514522307163,2.639837365391208
1.798629156061912,0.4317388854576148,2.624619900070027
1.8068901451898618,0.44483856865504445,2.5809846893949095
1.8145906360941917,0.4573409551277861,2.532641947974099
1.8229030886452093,0.4709595411614623,2.6596927650383697
1.8287929567352128,0.4822658766264906,2.663035956141397
1.8353424925483415,0.49592265415775355,2.6647826358613513
1.8417691886003518,0.508778566252003,2.66100352677567
