-1.6161995465209615,0.05466784625354693,1.6201796108959068
-1.6027926401933454,0.05541199326693965,1.618772963161938
-1.5880311264759774,0.056070106620054766,1.6175525451244304
-1.5733343219640359,0.057290057528584695,1.6792682662539855
-1.5588252555744417,0.058974610188906186,1.6934978665367613
-1.5439399400351574,0.06060313212343411,1.7028497429748444
-1.5301500268731332,0.06253905571262128,1.7274820964747455
-1.516250303006484,0.06465089720590088,1.7477287436550637
-1.501689022971373,0.06765527825839962,1.7968154579839517
-1.4877924885619709,0.07082348077962686,1.7933471531915421
-1.4738304172144323,0.07403237655594053,1.796516267642783
-1.4597185402531363,0.0773867870433621,1.8164275627188493
-1.4469952328598632,0.08063383241787744,1.8467818204331747
-1.432880704404675,0.08510201564227497,1.8830629173264257
-1.4187338919761754,0.08938340386230842,1.8683760415403003
-1.4054291041642284,0.09364862229082688,1.8842525487885877
-1.3930552943298344,0.09800572976131836,1.9110702691267956
-1.3777055959968874,0.10336933068801017,1.900858502770947
-1.3646018574957264,0.10768142055634171,1.9182546999872763
-1.3517493477251106,0.11226256101582323,1.9587423895967628
-1.3388906288024003,0.11768147747640521,1.9390211143998242
-1.3248615516927078,0.12288267673640102,1.934310581219504
-1.3114178856284542,0.1284810351532395,2.0020575659944004
-1.296526379197994,0.13479076945345322,1.981074749171956
-1.2836270753177497,0.14005459929860758,1.966573968508722
-1.270834230317018,0.14656295327560387,2.040322936885673
-1.2561599214735328,0.15289288797722222,2.00779347197996
-1.2434098600745709,0.1590461321773036,2.040921542809816
-1.2294672128258468,0.16630212721892357,2.097088146502893
-1.2172066425743953,0.1738379833664507,2.1341615181102744
-1.2066717615594096,0.17919962953600224,2.0301826687649864
-1.1950656246577367,0.18549653442142452,2.1447356143847447
-1.1826305843742868,0.19479970153875437,2.2084574166033266
-1.1708442192287485,0.2027957518838129,2.1500377545721467
-1.1586954605050166,0.21059525952962846,2.1376819218813594
-1.1458524953027298,0.21766157344186624,2.108550336043848
-1.1329209640621265,0.2259643315894815,2.1431974162755765
-1.1194088578537889,0.23462837328291797,2.171085958096955
-1.107048895260612,0.24417351091945202,2.270117959806812
-1.0962442577975045,0.25270248547001295,2.244907786365403
-1.0846538041701201,0.2625153074505622,2.277282645116846
-1.0731651571137724,0.2718329237275541,2.261261267277893
-1.0626404607373066,0.2808750495146595,2.3193118037969036
-1.0514829752378267,0.29165486139376623,2.32650547082951
-1.0414494670955505,0.3010902334823294,2.345122477655225
-1.0311040003999512,0.3107616441461989,2.267841941951539
-1.0208010287587599,0.31862035973831515,2.243950943259455
-1.010508887595789,0.32800119224388774,2.3256713699707765
-1.0016509898045165,0.33647505216940793,2.333879299667107
-0.9910215916415699,0.34693025147462714,2.3802964073258814
-0.98094386177961,0.35696392405272903,2.355083675368108
-0.971185442668074,0.36741872021050603,2.423500969107906
-0.9606339495381232,0.3793586875814589,2.4294949787221802
-0.9518858888304662,0.38986893428393254,2.441057616049723
-0.9432968662447677,0.39966500206146105,2.416352964057509
-0.9337558969350085,0.4108636000251814,2.4440977982997927
-0.9241569850631336,0.4219334021436567,2.414254440982352
-0.9145995769107877,0.4334430239610987,2.464268887380675
-0.9052922652084828,0.4450100988897577,2.4570308457783328
-0.8968428320351057,0.4557947622166782,2.4964205268417805
-0.8873442661268539,0.4675006016100502,2.4454178836394758
-0.8777947437232664,0.4786242687170657,2.411122738127061
-0.8681835348639205,0.4886601605967008,2.3504818972333297
-0.857772590163998,0.5000977576508973,2.4496914081790013
-0.8482984200971405,0.5126302696328914,2.472725244013722
-0.8380270222944651,0.5252676050467924,2.468385910878708
-0.8300382044687121,0.5359365441921845,2.4886430748266526
-0.821140231677095,0.5476620711798074,2.467253180811883
-0.8124633116403471,0.5583841342043819,2.4622749170908773
-0.8036784800466195,0.5692083173857874,2.4518845098695796
-0.7947375158525648,0.5821036709608788,2.580443722343109
-0.7871477078759133,0.5939639998219141,2.537213237575941
-0.7796856102270977,0.6062636755125442,2.5863411337315494
-0.7714479979152872,0.6195481889169123,2.6157541875230517
-0.7651177434075607,0.6318788834864417,2.607459471475679
-0.7580309530221454,0.6441458581243752,2.6257359930972672
-0.75050714363687,0.6583136074207145,2.6417104698514033
-0.7436954738673586,0.6707836945920624,2.6351791030353966
-0.7361196478722394,0.684028829358262,2.6140981076828544
-0.7297529189279948,0.6973975718500691,2.6434446984907813
-0.7231889756847825,0.7095212581773636,2.6985505398933487
-0.7167708850667095,0.7221125384198447,2.6590200700213678
-0.7105970146437091,0.7335846443807111,2.6614028254621984
-0.7033577491691005,0.7477809603932293,2.648888519731015
-0.6971877961386113,0.7603336065974415,2.627504928269713
-0.6901439572311457,0.7734261199184342,2.6300713275585528
-0.6823560615855986,0.7862811406272894,2.5939493341420734
-0.6750883454392043,0.7985991887221155,2.592687782739806
-0.6676564018439618,0.8109548532841088,2.587474625272578
-0.6599718037492505,0.8239530916192438,2.6419816918676884
-0.6525804561183435,0.8381217014100336,2.6452953084058395
-0.646690914636495,0.8492985030777813,2.6312759156519383
-0.6404502394603366,0.8607784696612863,2.6239046607221312
-0.6323762782453607,0.8742840357027255,2.5831213653144753
-0.624004565410523,0.8880830045710534,2.604070885330514
-0.6166472895744828,0.9016449230863599,2.654499319974068
-0.6102065882823483,0.914288516282991,2.6652652185106382
-0.6038275231164304,0.9266463551147611,2.669675881897711
-0.5973944731242513,0.9388173174476313,2.6429044738553964
-0.5911203531333863,0.9507467731527613,2.693679713917599
-0.5847943044753151,0.962569660073315,2.603681424223187
-0.5770251327994984,0.9761357199313162,2.63405899312366
-0.5698919280188091,0.9883239693354132,2.6206567192731898
-0.5632402393486692,1.0018983925857774,2.682499958718374
-0.5566845962249067,1.014421037464576,2.6613461147979467
-0.5506811824387264,1.027352574408218,2.695962698928059
-0.5453328904739758,1.0404254098342662,2.7547491610075108
-0.5393039300122676,1.0532512395879967,2.653964720128868
-0.531944687307558,1.067461185798524,2.621447544139735
-0.5243306236971811,1.0814974603028953,2.663489250703831
-0.5188213774933133,1.0936145658056218,2.7096854365491776
-0.5123545643852928,1.1074103110185733,2.597711282790959
-0.5055300308967058,1.1220788169881766,2.7536214189314685
-0.5000574630507498,1.1354936991641273,2.736923380439632
-0.49807539503161197,1.1490464672523408,-3.134574195901581
-0.4956907984972691,1.16319422544451,2.771139985438986
-0.4907388194537453,1.1764816468140862,2.7528759730087247
-0.485401805722747,1.1917736663052494,2.7705343630447437
-0.4808381145677584,1.2038534675098413,2.797318648107075
-0.4762498878835754,1.217635152303676,2.8155364121664928
-0.4720464325492666,1.2320710248889204,2.8346144177599046
-0.466840825314522,1.2459661203422177,2.7707724092287487
-0.4619664814065024,1.2598688127661934,2.8341235907250155
-0.4581586377133921,1.274211320716334,2.830248901263699
-0.4541783882616693,1.288168039921538,2.8297267920945974
-0.4487848174101161,1.3013091373997148,2.736638657991997
-0.4429887772484173,1.3140745181560904,2.7022025593014276
-0.4390685664232144,1.3284726817870323,2.9560078595827513
-0.4357757643013842,1.3403553136945074,2.8352260672453573
-0.4330019777660294,1.3537313328502212,3.0112277618707295
-0.4308557875756559,1.3677652426891742,3.003264328380015
-0.42804460903806324,1.3796527025494827,2.8873325357052124
-0.42599172904523985,1.3932812289764083,3.06391822744716
-0.4235643988781483,1.4054470858936925,2.884071019380437
-0.4206598028157454,1.4210707462497274,2.928060914689386
-0.4191059929467222,1.4339266945685818,3.1068465722031897
-0.419696098581084,1.4469344243260867,-3.0573514646788365
-0.42080590380618743,1.459972550516237,-3.0417548668113703
-0.421032842190075,1.4740452566163593,3.134010308628988
-0.4208828085649275,1.4887432633021764,-3.1397643920101883
-0.42072588504123537,1.5032849486454727,3.1321414673131507
-0.42599442455058456,1.5187212592589456,-2.603525448947165
-0.43153385127538396,1.533066924229201,-2.8823653055877063
-0.43270548003868936,1.5481456491318406,-3.0913225175240395
-0.4343379555792306,1.5611714722667618,-2.9597586681676935
-0.4378723227020658,1.5744109395339136,-2.8408968476701855
-0.44259809256581945,1.589446415156683,-2.8022094280319396
-0.4470934402894467,1.6020619196994865,-2.7824843538548123
-0.4497435199963251,1.6134330728142208,-2.9630253598858127
-0.45356454014849595,1.623548888012337,-2.674949835645949
-0.459500438087321,1.6352862108949577,-2.6208878855626137
-0.46665244095558395,1.6473153730602843,-2.594799404958222
-0.4695819497640019,1.659223495131225,-3.0684638562834783
-0.4722048042437781,1.6721914899415529,-2.759539287597307
-0.4766131443645869,1.6843992662541594,-2.8450212782957354
-0.4814415548704996,1.6996059027576416,-2.827176457531436
-0.4852722229574624,1.7129081875324152,-2.8465010828351933
-0.48906704699091025,1.7204781107166867,-2.6412147609966072
-0.4949842638672976,1.732566721043292,-2.68584602453735
-0.5005588523535152,1.7450299311824864,-2.7482313133102934
-0.5049644500075199,1.755851745920915,-2.7870988764931646
-0.5090841339432708,1.7695506961694782,-2.8899909488210556
-0.5114591461478423,1.7849058625846737,-2.9929341426502094
-0.515470986036492,1.800694379961835,-2.8340129723725695
-0.5187094199350809,1.8166138305083752,-3.025999741476771
-0.5218612028497854,1.8301771006723342,-2.839284246280556
-0.5279945814595869,1.842763879632327,-2.5985117718457187
-0.5347755841667223,1.8555560081072973,-2.657234921336166
-0.5398222424486147,1.8669360030123767,-2.703957901648577
-0.5435440143746691,1.8806713739350591,-2.997431035871335
-0.547902871909043,1.8922908900900626,-2.61851775543592
-0.5521815290363328,1.9043732389616321,-2.9163930997631637
-0.5568116233914688,1.916097965084276,-2.7418023734986834
-0.5629312185094502,1.9253765955506703,-2.462028660471813
-0.5716843123656327,1.9353161414590754,-2.3712584243077552
-0.5814435757859866,1.9454773990794432,-2.3951728415422906
-0.589622431321853,1.9560716927435153,-2.4978822610411284
-0.5961404665010422,1.9688252074765158,-2.7121856338248587
-0.6039923972528944,1.981768440020388,-2.476879010568844
-0.6113519929649652,1.993541565044428,-2.6667435048183923
-0.6184183035460225,2.006976152275876,-2.6814018152865784
-0.6237082391066299,2.0190049084300883,-2.7150951386768165
-0.6300286835505342,2.030098762163591,-2.5182566393950503
-0.6395334918321222,2.0425675937062446,-2.472091302238077
-0.648346351546009,2.054899937662851,-2.5262801933359422
-0.6575982583781735,2.0679342077900396,-2.5259825448310975
-0.6636566753871543,2.078862139583908,-2.6680599478472913
-0.6696680720249035,2.0900333054160436,-2.6545046816902276
-0.6772113230777573,2.1041902598488975,-2.6210086348353747
-0.6847301006230402,2.1163302309404326,-2.585389623467427
-0.6923625447391314,2.1287518955434517,-2.556931784691572
-0.6987592118910181,2.140249191164062,-2.657954646565208
-0.705621215570216,2.153421876456231,-2.6936850605844755
-0.7134831025603007,2.1651584279626457,-2.474502005438456
-0.7227518781268283,2.177858968591734,-2.5494544852899574
-0.7312048153798404,2.1906149826535737,-2.5488843161420913
-0.7408948129283762,2.20444943125247,-2.4645871316336625
-0.7503592318391872,2.2172406069184976,-2.47894693679847
-0.7589072803456812,2.22961354602623,-2.521101293587179
-0.7671739036055196,2.2401691632272516,-2.4095807238677294
-0.7775999353573052,2.2526594258944006,-2.470646459446256
