0.7182007282627764,-1.2049908271686658,1.6164388355664319
0.7318211984239199,-1.2043394022508047,1.6230610189809505
0.7466843289969731,-1.2035354576759565,1.6311367464639954
0.7618996083378569,-1.2025195852109876,1.651796666935256
0.7759574772672526,-1.2011363205271006,1.692616932521009
0.790379755596566,-1.1997377109572644,1.6658997640353927
0.8048294295727401,-1.1982480471573,1.666213372770527
0.8191194305681226,-1.1966470624582566,1.7210230904999337
0.8336562086942697,-1.194077237887418,1.7563461878307975
0.8467691293212682,-1.1912725409819749,1.8165785556137315
0.8613045706741871,-1.1880730196543214,1.804602995528565
0.8747386633088913,-1.1844326286201754,1.855843594254572
0.890194107380416,-1.1803082046040794,1.8344961209852892
0.9042385136304573,-1.1773279814556252,1.8479595819548387
0.9180436257844153,-1.1736018679849651,1.8452979237648826
0.9332278890795962,-1.1691049745148907,1.8781908072253042
0.9467091995462465,-1.1651478543016085,1.8663043002924105
0.9614036371344462,-1.1614101127542,1.8547737222254972
0.9759458159165578,-1.158166083059162,1.8185164705305248
0.9893854779794431,-1.1544477864998004,1.9004109543620769
1.0049252963856472,-1.1492386711129596,1.9194026509586244
1.018731470320412,-1.1445076771635765,1.9472252772628764
1.0334462893021839,-1.139138893087913,1.9412376600133976
1.049107016005949,-1.133635870733801,1.976796364638767
1.0616393655700558,-1.1284799534789143,2.004333541331219
1.0742499951448425,-1.1225381443714868,2.0144970138350087
1.087818511517906,-1.1169259605745072,1.9402849319584587
1.1010595585480398,-1.1110059650438984,2.0644312717591657
1.1161066689088965,-1.1036917658647218,2.0343620456008398
1.1311965487756224,-1.0973679353860635,1.990970340490484
1.144789335062144,-1.0915117737101996,1.9800925135213265
1.1590334836726983,-1.0859428162518014,1.9844945926255286
1.1726697572376215,-1.0791998757409877,2.0548143199056765
1.1849096433132331,-1.0723853647470096,2.0690421068187668
1.1978524135538577,-1.06435824178475,2.134461320825547
1.2096070703350454,-1.0568202222667986,2.149928033283681
1.2207191378204507,-1.0485753419761448,2.19317488183752
1.231790664895119,-1.0395824937904197,2.2635968488067766
1.242647527308305,-1.0302246802603006,2.295216997545914
1.253084739866063,-1.0218265716674797,2.1688554069352377
1.2652160401184969,-1.0145152529845327,2.1002323756929555
1.2748826474199082,-1.0087763128274765,2.106500632326358
1.2889296346559407,-0.9999016029041804,2.1633830454495473
1.3013020153327477,-0.9916012971619272,2.152265601415284
1.3123888306791387,-0.9835213174027796,2.245963060225805
1.3245634183191686,-0.9744028712485566,2.209429077779312
1.3359910419741363,-0.9660468418467465,2.251533371671849
1.3471272445692566,-0.9563519333330388,2.286023602809669
1.3576935831513117,-0.9466273571150474,2.3484795844822868
1.3689374172689743,-0.9359248714536856,2.318707937258044
1.3788147181759742,-0.9255348332925195,2.3910040864868427
1.3898853066606602,-0.9139442900855659,2.36907613468126
1.399723086983047,-0.9033219145350844,2.4200762337649175
1.4089592391513361,-0.8930122716014001,2.3989971062644155
1.4198213893288103,-0.8812513795695938,2.4339624517972327
1.4291784582036904,-0.8700084980024323,2.442281840656134
1.4384481713462067,-0.8598118923757999,2.4026385680016755
1.4479582257660866,-0.8493352528891094,2.402514185896003
1.45787342978541,-0.8370950684135896,2.440778724992044
1.4665354442737983,-0.8263982016752319,2.439665946197049
1.4751035523301828,-0.8166679699983417,2.3938113580025346
1.48460595389977,-0.8066984049774347,2.3733844657037446
1.494060692228413,-0.7964514532632804,2.3991223068235263
1.5031770958782213,-0.7862590269499709,2.4243411633415297
1.5120011918300822,-0.7760677202862232,2.460111493281289
1.5189582519256695,-0.7672807704082076,2.4331791954199726
1.5262326305259448,-0.7583943735675215,2.44358189551948
1.535721784260919,-0.7465751482157569,2.487442035191944
1.5445958828510744,-0.7349172910663788,2.5144458448752864
1.5528597241764455,-0.723898513746006,2.478293042442773
1.5618525460185082,-0.7130604309806376,2.453240550951058
1.5689370145805734,-0.7036125730066479,2.5081092751058947
1.5777187740375573,-0.6924569191693414,2.4653291086484703
1.5847595232450726,-0.6828558376600139,2.5132707679060076
1.5930539182532981,-0.6712585026006253,2.525217080944028
1.60182207182129,-0.6584137998817198,2.5466279924541673
1.610715103619245,-0.6451064414873835,2.534296964803955
1.6196495400031823,-0.6320459662784201,2.5309484733445755
1.6270941550992282,-0.6203662926257308,2.582796398253052
1.6344933218668092,-0.6085581370193607,2.586008041330623
1.6419568600816583,-0.5954638324123891,2.6402670052739565
1.6497409616662928,-0.5814232059675251,2.617234481716006
1.6573159709080363,-0.5680929800830383,2.5910206044703927
1.6635370512815553,-0.5565674507782896,2.631489634923096
1.6693182281882435,-0.5443328125219795,2.659780254050222
1.6765251980434364,-0.5319078787108852,2.576323888465263
1.6832985046361626,-0.5203215614065752,2.663643411020476
1.6894786810130207,-0.5070046521044623,2.662309226470575
1.6970866425142836,-0.49305993472883136,2.651149429482359
1.704077282931765,-0.48041453731352773,2.6278558637985028
1.7113516108741331,-0.46694100683806866,2.6288391861547837
1.7180264818612963,-0.45449362609955624,2.643098538976856
1.725000340252456,-0.442021249972781,2.615535197182087
1.731906369086526,-0.42983832077213224,2.6321514660307335
1.7385525021715043,-0.4188325395515399,2.5699728647143023
1.7462915268138863,-0.4066485072751231,2.5564991472861722
1.7532498087555806,-0.3940300654527137,2.681846463809414
1.759504494283079,-0.38038176273776153,2.7037616141131138
1.7654275526925982,-0.3684006896390766,2.6580249404053307
1.7725097164346564,-0.35427457673036594,2.6383166500689055
1.7796534811928422,-0.3408964950432166,2.6504217211338323
1.7861769218236567,-0.3286949013095858,2.6203393443687344
1.7926909013643362,-0.3154104476850646,2.703787517408912
1.798975274277601,-0.302380144651502,2.689080603512755
1.8053141745733474,-0.2878817705248908,2.7122309690973405
1.8109892014037279,-0.2742451531886056,2.7246718368345335
1.8157295520977277,-0.26163235231076365,2.7559940636329703
1.822641985271141,-0.24776410428662726,2.6437723409150857
1.8284955759660844,-0.23662753221439137,2.730142636837803
1.8345205380549612,-0.22307439478477117,2.694187669133537
1.8405179681389878,-0.21025073914105943,2.6978202410152057
1.8461491457079418,-0.19627531132871273,2.7504659280643815
1.8518409866839558,-0.1823480160874414,2.7070502198262654
1.8584457147905329,-0.16866335307262362,2.676906563742834
1.8644001753217858,-0.15461066758118913,2.733755259548453
1.8696526895678365,-0.1416033772726222,2.7035024634370806
1.874345700466617,-0.12784443359298625,2.8474200815879507
1.8789348704730686,-0.11278963848380462,2.8667376209319984
1.8824259382242572,-0.09895910262601314,2.9579757487138405
1.8854851496312994,-0.08553545567488907,2.917853862255666
1.8862284936882114,-0.07322445804859284,-3.074239908145094
1.8863543731371955,-0.060310907573022654,3.064719253980206
1.886281463698318,-0.04576627745687683,-3.0868312057624023
1.885139647539743,-0.03313914089414594,-3.000833398926649
1.8863427517049824,-0.02028200453401155,2.8894499060535117
1.8891108794931626,-0.006456083839392122,3.003263066026666
1.8922537846421663,0.007573958392017903,2.843763102549323
1.8962228777409793,0.021251287453522238,2.844386069068014
1.9002284526146898,0.03405191476657748,2.8154983177466275
1.9045924180930227,0.04772490891222143,2.84071316270837
1.908943149811819,0.06181278168928808,2.8270185309456406
1.9128578466612551,0.0762207890539835,2.878288489156831
1.9169107434605384,0.09053849893912334,2.816751219068149
1.9211576407665027,0.10371561096529697,2.8108956244205068
1.9257697978196278,0.11539363084088321,2.724989878555286
1.9313087088692404,0.12795642901995916,2.7288501659448854
1.937264592094802,0.14090647537060302,2.6995712115123895
1.9437090981894884,0.15437937240802768,2.6907415882410746
1.9482007508025783,0.1666075150058401,2.8375499333213954
1.9530459913058822,0.17954037524676542,2.7608664375643963
1.9581362981836452,0.19266900610025933,2.7565925358911207
1.9635860618201446,0.20718578694916187,2.7512259044299348
1.9689446693998154,0.22152125641301082,2.801376415715161
1.9739508556117953,0.23671747425029793,2.7961454110247
1.9788158818045112,0.2521590870817103,2.77898582618377
1.983365285168483,0.26566694624460435,2.800408725926576
1.988518989485947,0.2791355416922124,2.7280083625863396
1.994416505166001,0.2930705227261542,2.7387386414091517
1.9998116180885324,0.30525588361391154,2.6938956876201834
2.0060346663297084,0.3188656723465658,2.723225949697398
2.011371449469375,0.33259413928590303,2.7355597163993255
2.0164157661645126,0.3451318795811958,2.7291619865623304
2.0234902753482977,0.35896257605836807,2.6524605054790595
2.0300044553235606,0.3720066249773067,2.72349718716578
2.0363881268855972,0.3854719168969071,2.650635932746824
2.0429300446687018,0.39851404907853666,2.672909786758622
2.0455814134846575,0.4130137261931043,3.1347772397925224
2.04855198798415,0.42706900116772867,2.804971863380886
2.0512328171572483,0.44251932097473307,3.06594713542922
2.0544891799012546,0.45576805010128774,2.712354230811465
2.061272750020332,0.4694185300942685,2.6795125995608307
2.0662665924868198,0.48284594198418496,2.8487172426719742
2.07001210038443,0.4932099561099291,2.6721251434233024
2.074028509738454,0.5078815170952765,2.9334295260274375
2.076376935502306,0.521310434380088,3.0035326274157166
2.079659208853328,0.5354300808170449,2.85933754499443
2.082936220628397,0.5513404665988315,3.008098023109584
2.0866988517000915,0.566136400489135,2.815262375774764
2.0915468413763665,0.580731683633897,2.848974489546074
2.0953646215354125,0.5956398451301567,2.851402116527974
2.099601112466783,0.6097706927526931,2.819552065366518
2.104057074071263,0.6244733629947301,2.8360733565376246
2.1087535870861216,0.6373717199941593,2.7476979461821998
2.1145417944553344,0.6520956812617762,2.7811034470937654
2.1196838130802282,0.6669557191796784,2.8324213434921752
2.122942004576144,0.6797933496857848,2.91286291880598
2.126718550042627,0.6935535515018281,2.8629731010655766
2.130482620360491,0.7049350926461233,2.7062092861580074
2.1363485338891763,0.7171532597290092,2.686726677841137
2.1421641792560466,0.7280190079580969,2.6301273989003673
2.1479366514298692,0.7385337206111318,2.642096301527073
2.154725142662193,0.751292534473357,2.7061477583836395
2.1603194132457064,0.7631764365539445,2.7434749777349614
2.1657452546579408,0.77454357780134,2.6453349875462218
2.172809240377389,0.7872190112592284,2.6131006572539808
2.1794936878533586,0.7989032237187544,2.5977618950969616
2.1857133084979945,0.8103820241698179,2.647128743783972
2.1924536049783216,0.8223150805992744,2.587228311120823
2.200051144613147,0.835177997034877,2.599248937816438
2.207275207399176,0.8478737590886883,2.61425330975611
2.2145645386817367,0.8612536670506444,2.6539611411217527
2.2213876928953096,0.8735849090077339,2.6138828143009647
2.2274661785549714,0.8847106081424356,2.6062275030958713
2.233962850598856,0.8959867224099398,2.5783868279421096
2.241540421390738,0.9083369737411736,2.5883722020642255
2.2485277773135715,0.9209077262550928,2.6135059161343706
2.2549323782805324,0.9336694369090671,2.6636862904833687
2.261546461037206,0.9474078946987978,2.7040598313473816
2.2673497886509297,0.9598452211882063,2.7521864502523186
2.272464687793837,0.97146480076331,2.6827120981787402
2.2795128617574094,0.9841937512162474,2.6547765310372586
