-0.154403761457116,-0.23919421261861326,1.6220511726902305
-0.1409259660429534,-0.23831128700825907,1.6303835642718763
-0.12679853871547697,-0.2373045525246977,1.6578027071899304
-0.11173235858169211,-0.23595784881938794,1.6814999063938503
-0.09812990784558265,-0.23429716324628502,1.6993458899571252
-0.08452615352921766,-0.2326385897047606,1.6909194657132225
-0.07022567316015814,-0.2305550093789667,1.722709467568655
-0.055978752522921046,-0.22893705788261728,1.725999972248085
-0.042359595002752326,-0.22688429991033385,1.7651200482728389
-0.028251245244024236,-0.22381484238513819,1.8190457028508646
-0.015183451790126727,-0.22053067751083041,1.8449182601310339
-0.0014798063242960804,-0.21647573422694857,1.870855523123524
0.0127231352639232,-0.2114482326170221,1.9164155202277315
0.025473600887340405,-0.20711887357629716,1.9504935576284652
0.039622595473033664,-0.20214691309734162,1.893118180390875
0.05368103869657808,-0.1976673014684152,1.9067874290969329
0.06665191153638478,-0.19358848419966782,1.9418566017044174
0.08214768384063283,-0.18859770275563364,1.9098221764019203
0.094956098038571,-0.1832162927756075,1.9409610619472635
0.10850851646503121,-0.17833977498503656,1.9112642628507193
0.12191496864845834,-0.17231277669376785,2.0216395342934605
0.13457529060457532,-0.16706839707889748,1.9611171527249116
0.14682358700230622,-0.16259350498088063,1.9291142207699599
0.1594958277948701,-0.1581144272127175,1.8984323634524045
0.17254827947712276,-0.15339394663754036,1.9141237445003134
0.1859319949080064,-0.14844775490979517,1.9913245559858577
0.19908991089055822,-0.14218432520783936,2.0427377346501703
0.21345358190294192,-0.1356042313099174,2.0064062313307143
0.2274769924567718,-0.12842067663982354,2.0452543843562294
0.24106326543536521,-0.12125299287187098,2.0537277894393378
0.2552339586167594,-0.11453739392690869,2.0441467608554174
0.2680974136514399,-0.10763202430341119,2.087168804763398
0.28105086176282473,-0.0999680400970133,2.118691554508723
0.2950929616199685,-0.09135040387335187,2.1287575833854784
0.30904375709076565,-0.08246262223141196,2.1372180110907593
0.3203057349135682,-0.0742295424755644,2.213225987709978
0.332419682706167,-0.06563219536364297,2.1999404037179717
0.34593747331558933,-0.0555519431544545,2.2420279244638763
0.3564630448004381,-0.04701713053737235,2.2680358352083547
0.36731632679951826,-0.03792497325450304,2.274674212101564
0.37630768719907404,-0.03168249432448913,2.1547273945409517
0.38937893585306577,-0.021672757622009008,2.2709096860846927
0.39988938827055437,-0.01277145172008756,2.2981973397106614
0.41226131282825584,-0.0018903393997744555,2.236319411826643
0.4228847941850435,0.006884194933445394,2.250720659146554
0.43284521527511266,0.015314704041515942,2.3040210604162596
0.44367687071658857,0.025994884358581678,2.4191911511828974
0.45297625079672116,0.036017413800086065,2.3741985417675195
0.4618132896696087,0.04534900003407495,2.4130163545374157
0.4715723996139774,0.056286003593592177,2.3931293939188705
0.4812620928295905,0.06703508670654622,2.4362593163859843
0.4897987449760174,0.07671268574457653,2.378940989313072
0.49873481557411287,0.08733404716152615,2.4939560449566804
0.5070565223029548,0.09845876820181763,2.488557222164096
0.5163706555399217,0.10950846326844929,2.413505119827441
0.5264270810030207,0.12139960392588499,2.4447234729845264
0.5346409670624894,0.13091619873546992,2.402868697370932
0.5453386920208327,0.14226231518123766,2.378530360763975
0.556857229934845,0.1538767934543355,2.3606890559879123
0.566482807453743,0.16340964620190324,2.3266045842648957
0.5764257774501496,0.1730531648550982,2.3587705253261966
0.5847206662464599,0.1822974112445814,2.4157639744788963
0.5913751281355472,0.19171318725253986,2.5217733008435816
0.5990450667296832,0.20248815461304068,2.517225147990216
0.6083712664121413,0.21500144655955716,2.4762272053949994
0.6167795095245576,0.22639458978857246,2.4724448567143416
0.6258046285188028,0.2383423611380126,2.5126830391376322
0.6335266259108144,0.2509664115649998,2.5927298389450066
0.6413567764671273,0.26363548913179263,2.552305902223898
0.6483439289926675,0.27479234008847647,2.5468343254237724
0.6558839496327183,0.28631379547002006,2.5011889102044553
0.6639254369352864,0.29836085709558485,2.5616974237087224
0.6708438830160733,0.31059148540643217,2.62617267618206
0.6775224239895983,0.3227581911019725,2.6012727795762536
0.6847394473526742,0.33422896529173357,2.514543029301569
0.6932700660203335,0.345976163730814,2.5051047695266546
0.7018232134082409,0.3576042297385441,2.502966626143925
0.7096033803545412,0.3689574647053494,2.5742430595373866
0.7167414479129405,0.3811668626612281,2.584999517847618
0.7245624763476372,0.39346120587080985,2.5744179641459453
0.7332807658263562,0.407634544371389,2.5551085439462087
0.7394800992528726,0.41957061082262515,2.748990559403994
0.7440620152678709,0.428908899748435,2.61675384651001
0.7513553908096307,0.4433008235414758,2.6849075572507566
0.7580011456912954,0.4560399981702211,2.674144898910199
0.765610162055452,0.46930810368144554,2.5939415099086176
0.7728224027737783,0.48034462760540175,2.5637260819293837
0.7816497294587726,0.4920038427067902,2.486178835435094
0.7880690252094469,0.5018349325069719,2.5799846594403144
0.7949875994081935,0.5137456971193153,2.635602282970488
0.8003106305415739,0.5259259205577702,2.7993447178106226
0.8057283828131488,0.5377825983251138,2.6944370551674495
0.812033576509833,0.5509845068371443,2.6719314614748786
0.8191303650716582,0.5644545762574776,2.649591361284038
0.8258838143345307,0.5776287013230779,2.6556506992432585
0.8320871591675699,0.5876684955870947,2.5279296534825124
0.8378188472511093,0.6013920151144602,2.8762946159081966
0.8333043529818502,0.61625587456152,-2.4516515928592524
0.8297712292651903,0.6315085665314079,3.089990030794036
0.832280282853352,0.6446842109381445,2.9069621155467105
0.8366694630544197,0.6563388119919162,2.6575226428605485
0.8431730035881905,0.6704491064881569,2.7340301153995643
0.8414637790711884,0.6867278669584401,-2.6548037798672386
0.8374608506253076,0.7019171132311898,-3.0150097948295556
0.8375133812885721,0.7165624428765413,3.0115312046457965
0.8409947738488832,0.7308895760546756,2.7691473522196577
0.8465199183737318,0.7445430042779086,2.7131869084205804
0.8528338699844822,0.7587078014880454,2.710104368764861
0.8591733270180263,0.7726716929705054,2.7088584825736564
0.8601264466830537,0.7872425527372412,-2.986304391084324
0.855905051651586,0.8000907954452793,-2.6916251767427353
0.8452860253700323,0.8111455523252848,-2.3114062548964043
0.8418157153315128,0.8104205684536343,-1.5088909363819318
0.8267445032542949,0.8110757148867614,-1.721561489051939
0.8129494104250121,0.8134678011776585,-1.7575282431812371
0.8122675097627831,0.8119356301751275,-0.8351568989777103
0.7958463646582866,0.8063520820511663,-1.568708892655627
0.7990961921993066,0.8050447096413933,-0.7493601758509003
0.7877833678070673,0.7929781008974517,-0.845646825761641
0.7744645280483851,0.7843409445557129,-1.4995300911293337
0.7742979100808701,0.7816175164771161,-0.6177600190347785
0.7751262748187633,0.7780872412572796,0.2835948373207697
0.7855513667151902,0.7689554919036197,1.2128416561521738
0.801489700818936,0.7709671886329645,2.0462577969305618
0.8173311209320706,0.7701104597064755,1.1782004957448173
0.8329760908687039,0.7721208378003914,2.0865005443738336
0.8421501844864105,0.7832921878375936,2.6158688893827025
0.8459714054357464,0.7956053737318689,2.957727196880127
0.8493291953270774,0.8098965469571271,2.867751372176681
0.8556233869698712,0.8229822059593378,2.484166169039413
0.8630732796192861,0.8352264269395491,2.667481932537985
0.8723944082378073,0.8433083874900729,2.0569312534408923
0.8801756332792825,0.8548608948659676,2.8809597730686245
0.883000983395525,0.8693214091524479,2.980939223814039
0.8809213114854338,0.8841261297395405,-2.7878021895440623
0.8781528042998448,0.8938396875315094,-2.9265174807619427
0.8749074180349248,0.9071437049594974,-2.9094723003967182
0.8723588236147595,0.9213802278100636,-2.976157603930123
0.8631364646458071,0.9305289146045493,-2.031981178489777
0.8537026872100781,0.9443984117673552,-2.9133602379593753
0.8516283774254526,0.9571099833821924,-2.94392591422767
0.846094320718732,0.9691122127508099,-2.5913253709592525
0.8419293421634955,0.9837160233471147,-3.0384961056178352
0.8386276052855125,0.9955467373222239,-2.7681526525895244
0.8272725635265106,1.008466693029977,-2.223755895848612
0.8193031139406743,1.0227916237258954,-2.9796842740672522
0.8199303068490043,1.0363752813968508,2.9739436075857704
0.815703385094275,1.0521089768235783,-2.61725560397387
0.8102130038681015,1.0620390670490376,-2.695635426040257
0.8076297991075296,1.0749327378690814,-3.085818316616908
0.8040461562770461,1.0855214510856552,-2.665110829894529
0.7990561698818891,1.0955459641517706,-2.6980164354602727
0.7973011148182735,1.1104256713363838,3.0624549169225572
0.7933583162801748,1.1237853065312877,-2.6428444605425967
0.7908507086878652,1.1385687100245843,3.0760434159269625
0.788731102374401,1.1521546935866704,-2.8335953307941106
0.7869516268076389,1.1639032224365742,3.1231870718673926
0.7850384869594113,1.1770539584782895,-2.8785689424040566
0.7823706788357098,1.1920505166222037,-3.0591813572126734
0.7791106509058081,1.2050884183471795,-2.805239418751199
0.7759546689444748,1.217667987050452,-3.0093514047455843
0.7713190147858946,1.2296676016502368,-2.6164677684588273
0.7633148346688186,1.243789355677106,-2.626955807349788
0.7580322691681215,1.2559098467109013,-2.792807739685014
0.7529111959697018,1.2692032440218677,-2.781126840039414
0.7478859361174889,1.283876804364243,-2.847718261174221
0.7443091519809168,1.2992514788129745,-2.935092345926762
0.7365555613012881,1.3111636543608662,-2.374062594636813
0.7291455817600843,1.3242592890251463,-2.827279127026092
0.7226330426289016,1.3351987831464065,-2.549580657504541
0.7196798259365925,1.348485900921074,-3.114367678490285
0.7175091612053013,1.3592415442756434,-2.8461082493677967
0.7130148731152943,1.3720206789276284,-2.8024800642728684
0.7120954726839744,1.3837709626263006,3.061324282819284
0.7063038469088623,1.397360879012149,-2.4553479078406055
0.6983257279962773,1.4105422061182178,-2.7075109547901937
0.6892826278779098,1.4232053849351198,-2.362044126045207
0.6792638759251416,1.433694016030365,-2.3708037961463266
0.6704071957546263,1.4422463077990064,-2.295786894535404
0.6616464936202663,1.4526215390239856,-2.5143075857865154
0.6545605672885246,1.4616557152712195,-2.4128918257129404
0.6457451778507751,1.471597014356296,-2.426415362131227
0.6378375155643934,1.4820268429995336,-2.479627169686843
0.630409760327005,1.4917985750112441,-2.430966862187198
0.6220600734528083,1.5036515526842906,-2.569339405386529
0.6140127289960804,1.5138509586043338,-2.424560840626642
0.6055985565470511,1.5255734065502118,-2.588211625273062
0.5961318622968489,1.5379113941855764,-2.412725239724763
0.587993857067366,1.548199721894608,-2.521703516494692
0.5788059125914973,1.5610548027217657,-2.522714367966805
0.5696847401413371,1.572991816943798,-2.459463083817271
0.5629736365215879,1.58207384411306,-2.5295836662812596
0.5539009775740339,1.5940502149942588,-2.462455540776451
0.5437543408197402,1.6058535741795317,-2.414469393123912
0.537214784570278,1.6170287434360424,-2.714741780101167
0.5296876134074405,1.6312078537267818,-2.6145842903109187
0.5216915170860644,1.6447154248674212,-2.5566198183960744
0.5138338282890053,1.656583964602212,-2.5262362188637213
0.505112905620075,1.6683321280262318,-2.4811233639104993
0.49610231746095346,1.6794534001949026,-2.447822503694514
0.4845681690267894,1.6908658877025005,-2.3251042441864485
