-0.7376241760912975,-0.12204581340426275,1.5931719699805054
-0.7235249786440351,-0.12198902996759407,1.5845291711361915
-0.7088038057522574,-0.12175569903258308,1.5999175047821768
-0.6946400461920764,-0.12147678458277565,1.59268706753097
-0.6804545060388405,-0.12110476068340172,1.6098952008402188
-0.6659301211983724,-0.12058963066117527,1.5977656271654876
-0.6518188149488691,-0.11986464214979341,1.6376825991324615
-0.6368332157452171,-0.1185648584202542,1.7008926993594224
-0.623335996466257,-0.11625292825925844,1.7729139786992272
-0.6075743684503498,-0.11320114487929356,1.7669576061907422
-0.592373396429588,-0.11040426368250825,1.7544772140221139
-0.5785205128370275,-0.10788240850275493,1.7589543403301768
-0.5660156575489281,-0.10537680625913055,1.8186495916589833
-0.5514846035920872,-0.10166493403597064,1.8500731804541288
-0.5371896893849958,-0.09725735214851108,1.8917177160448881
-0.5239013571131239,-0.09271042322584373,1.9284447017353006
-0.5117847201652624,-0.08800084323740356,1.9713411991733238
-0.49823621259836937,-0.08309119790993147,1.9409313506824613
-0.48486751542807327,-0.078815356377301,1.8884072981699933
-0.4718327927182547,-0.0750504353566034,1.9068271875836749
-0.45908063147445827,-0.07084398003665425,1.9010086340077375
-0.44548352641865707,-0.06593569996231517,1.902778765659955
-0.4317004252920192,-0.06186852709326291,1.9226992547226907
-0.4191708590084993,-0.056964545280978086,1.9616541141590524
-0.4050041940055172,-0.050878622245608046,1.9592288960170252
-0.3919661092784794,-0.0453693704332121,2.004646087247576
-0.37827085832658053,-0.039120594852006876,2.0639750291486427
-0.3671610361177486,-0.03344168577379075,2.0620147649054608
-0.35378543262788825,-0.026636709237734,2.0756445931231107
-0.3417840668730628,-0.02004447927098239,2.0806881665282684
-0.3301731556666204,-0.013802343687624034,2.0612849690985713
-0.3172374940404234,-0.006982539945355538,2.100827228305218
-0.3038225736484644,0.001226097182153224,2.133687346506636
-0.29074909314903635,0.008901532658052123,2.0907939885209554
-0.2771614150706293,0.016986759766972115,2.109529312292185
-0.26353069364513637,0.02520446650174683,2.1579637575700326
-0.25183031670877365,0.03239433405505885,2.139395175920492
-0.24131983138258142,0.038941012934567684,2.1465411514628974
-0.22880932740770243,0.04741688591014864,2.1996215196781588
-0.2165358019180794,0.05637042249027979,2.221979143100056
-0.20523674529116973,0.06526446197952157,2.2481479075665525
-0.19142393521367396,0.07642253982140093,2.24956101758514
-0.1781821154658793,0.08780800820270121,2.3153443002356324
-0.1677513387157327,0.09791722249791408,2.367013755477739
-0.15813733174278777,0.10811972095373237,2.378818150742479
-0.14846178539371735,0.11982459634779623,2.5049048436696904
-0.1404298327957899,0.12958935875240707,2.4269071392793053
-0.1321213302833191,0.13934904758762867,2.434858487914376
-0.12275319117784163,0.1496141575649692,2.3928548948168986
-0.11421743279303617,0.15962813844296295,2.439309986488796
-0.10325193543411416,0.17074709895770362,2.29932690932319
-0.09339524710681131,0.18009313205976354,2.3638718158112537
-0.0837148906525596,0.1901798818113429,2.3794285514711593
-0.0739206123994347,0.2000847836191061,2.3746398645824587
-0.0624804877570348,0.211154387342184,2.322412882971066
-0.051551592050514385,0.2213193590996508,2.33747194795246
-0.04052704369685899,0.23323500875414194,2.4056640256826722
-0.031067957818168526,0.24371497564521347,2.4009820605432877
-0.02103983028210148,0.2546610976894031,2.4142149637268817
-0.011430664194118579,0.26573245689685,2.47737504088288
-0.001956821673677929,0.277179862544602,2.4301501057938553
0.007506361803070143,0.2885968800821754,2.4761601500118564
0.01724146420336735,0.3005090390432308,2.4243899328320175
0.02645743141600438,0.31224598875011267,2.5400114750815437
0.03407444000322048,0.32434063139479996,2.569721462583823
0.04271012578035291,0.3363898197239206,2.484447798193902
0.05152092342873217,0.348199901608366,2.494211956204437
0.058789251810616075,0.3576840177880744,2.4437878879113195
0.06765517711459149,0.3682590110001768,2.4725949452574763
0.07764256832309809,0.38015192306475815,2.4348729071504835
0.08620716171845495,0.3902343820172623,2.44776367295179
0.09565118949056041,0.40093118251655113,2.42000094981754
0.10382797868488915,0.41117111760170033,2.484914368228573
0.11383297206691986,0.422952858897305,2.406201787837922
0.12154328616092697,0.4328775256130201,2.4996880072171748
0.13095223890303898,0.4446902748063785,2.4907117915013095
0.13886447576361657,0.456161691485937,2.6218004302562177
0.14596098233379398,0.46826135541461184,2.544232691019654
0.15506475466472044,0.4813047050863347,2.5033427684644063
0.16326993734633122,0.49353213905587007,2.6108564131152865
0.16998459222941606,0.5064284420524379,2.6761972968149923
0.17682893033347993,0.5185701601676164,2.521024346594427
0.18514345747358382,0.5309239039831487,2.5928202126385047
0.19288965686101112,0.5447407600857676,2.650592162039462
0.1986540833128628,0.5566721393964084,2.6595698337001545
0.20493206485459717,0.5689074387887396,2.6558736510675063
0.2108084617677644,0.5808194909319916,2.6434947205385795
0.2182558880969807,0.5950128913745537,2.661618682605324
0.2239082633084415,0.6088408643709083,2.781227778750445
0.22795522961479403,0.6227353642242208,2.788185116331547
0.2337593261195004,0.635259392734562,2.6573846640755923
0.24044911836907748,0.6490417115086743,2.6901533075598882
0.24484412436715078,0.6626010550733967,2.9309464788598456
0.2490653682013956,0.6747533918715746,2.6989535938699563
0.2553722749609312,0.686042993890815,2.639954200622589
0.2621532991061068,0.6983928487573694,2.6378247317356056
0.2688922912765305,0.7110251428294655,2.6459636282519243
0.27551719847177003,0.724869122607758,2.6976697587870615
0.28072292733567966,0.7386680372286214,2.787272618672042
0.28605836996569833,0.7510963121540506,2.6820908485387975
0.29310776274295675,0.7642738755359886,2.5930617525670834
0.2997425951613877,0.7764797619769738,2.6836527406893174
0.30601480270321857,0.7892388717752904,2.664397735108428
0.31292016759203534,0.8026214949284656,2.665552512747937
0.31960198402779755,0.8164309462984513,2.6760520395282708
0.324437459141191,0.8282069843608371,2.7912523210748517
0.3279973599911981,0.8388861079624431,2.73329714224473
0.3345356430743132,0.851785077289317,2.6795146526528324
0.3379441490753756,0.8627171013081952,2.915408435826082
0.3423282148008545,0.8758882381191995,2.748892119933453
0.34525852843541033,0.8886114895072553,3.0081175949733012
0.34372337523035573,0.9007861208437845,-2.9349565120141943
0.3437941644903844,0.9134118737888103,2.9860373823020416
0.3455127048111332,0.9274782022116506,3.0308794708615383
0.34873209527910326,0.9410522669266826,2.8738193847087232
0.3524892444651101,0.9534640473505366,2.810925979408712
0.35455547924114544,0.9654371644181184,3.0468900276104733
0.35729272079017876,0.9789542287208564,2.909127070053217
0.361009062139917,0.9935806561509106,2.8695241875236
0.3635686729997519,1.0094037712195918,3.0512033921665256
0.3660511298869185,1.0206429217582984,2.8209869396711977
0.3704304364948396,1.0326539802887595,2.7908460926281586
0.37587935562567926,1.0469840735209286,2.7443386646789563
0.37425123172974173,1.061425530826356,-2.627931402814643
0.3702734659291394,1.0753901442607867,-3.004945714947424
0.3674217205026663,1.0894434961274433,-2.853951316789905
0.36429896019946734,1.1047359902618814,-3.0031235354269152
0.36610531454790435,1.1180055141521976,2.833084847364129
0.37288231390170223,1.1285740367752843,2.405761387081751
0.3794129758444295,1.1412325668774626,2.7852108899289423
0.3836863637788941,1.1558805057308512,2.805508763870762
0.3877953679553944,1.1684512118200783,2.8319585609921076
0.3909009556160397,1.183621918857962,3.015270146774541
0.38438510004787707,1.1975653366810257,-2.44056488196997
0.3791875699138766,1.2105779767642857,-2.975177874539776
0.3785795663436563,1.2238120141649778,3.0864842907757173
0.377883248573856,1.2353773737683609,-3.02754860354221
0.37737541625553034,1.2486443316736215,3.120666966095974
0.37555465445448044,1.2604705730468304,-2.853478395663863
0.3727932876566541,1.2736872024678378,-3.0286589784451943
0.3677564903333122,1.2873817008298902,-2.635991710341692
0.3649580037882493,1.300510086233202,-3.1284873332879592
0.3617380683925632,1.3147530255604254,-2.6905708044723093
0.3570661243849402,1.3273038994556243,-2.7911860725215236
0.3504156802691048,1.3364027848640239,-2.3867407620594943
0.344379745560181,1.3470882312970494,-2.8158378904427477
0.3393898745108935,1.3591676239465857,-2.720025068374763
0.3360008156442924,1.370676297891316,-2.894537262236196
0.3308165420581207,1.3805176609170031,-2.5199989340554456
0.323105859523714,1.3909581848527144,-2.4967227188315935
0.3178462603922091,1.3997345517575372,-2.6351808294051815
0.3137825468805518,1.4119120054503198,-2.990769444220406
0.31144104577254855,1.4253861506990366,-2.9720024771500593
0.30991725974585377,1.4391449655713304,-2.9783101315466545
0.30752365762505773,1.451640390765416,-2.942337701040063
0.3061517260857806,1.4666247030243116,-3.0954262908601855
0.3069725354992932,1.480408870251889,3.0004620726261564
0.3082990356791345,1.4949281117242574,3.066820807357818
0.308273587564274,1.5100909666803743,-3.0917300105806307
0.30744781563954726,1.5247017129200633,-3.081678207332895
0.30801638834638334,1.538662294753389,3.040400022320489
0.3111897360668381,1.5528909762855823,2.860496163416712
0.31433603248730235,1.5674732612164617,2.9874013704816518
0.3119156619002468,1.5829534684414468,-2.8207862381736457
0.3089583870335331,1.597716054468576,-2.9866807222894027
0.3065971353618938,1.6103010354502707,-2.9636922732692335
0.3009395879768689,1.622885042114787,-2.6421229687124863
0.29318989440309773,1.6376047206653164,-2.5977269462661687
0.285760661693635,1.649211439578909,-2.521864289381579
0.2734452828022775,1.6595232861775608,-2.0313350196928184
0.26334948871867575,1.6715897735517822,-2.720014662546403
0.25947135260882975,1.6855748650735223,-2.9342287519248003
0.25784406289103884,1.700385024576999,-3.111805084871792
0.2521707262221472,1.7153497044437074,-2.557389582359435
0.24315273523105238,1.7285543977198141,-2.5052282864017967
0.23438818456375224,1.74046093217513,-2.4862580478264014
0.2251816089535338,1.753760765206042,-2.5551103620680293
0.2156078977481945,1.7664548234067252,-2.482133805511225
0.20805320604354077,1.7791293168278164,-2.660040364749019
0.2003519590992414,1.790796112471056,-2.472253989950019
0.19200644134713546,1.7999233740474445,-2.3009966851069223
0.18474068039987956,1.8112557828599272,-2.7703971074700497
0.17704998168366692,1.824220559263872,-2.510669692701296
0.171614141601967,1.8394957766436624,-3.0136596516246983
0.1668820053995279,1.8525692711896558,-2.5944021494359513
0.15771649684335246,1.8650671341359109,-2.420544276342023
0.15070807857534652,1.8750372467309695,-2.618870654385032
0.14426274948062195,1.8884608815243693,-2.687532883035215
0.13741733275007237,1.9008873485862112,-2.627635421118499
0.13354153440159872,1.9141915049954943,-2.9706425202880564
0.12812666437091444,1.9266237826510846,-2.6191792665290365
0.1203765541109824,1.9381481425019897,-2.4945826470713484
0.112671982340041,1.9508177034392935,-2.655034682439305
0.10473892221135389,1.9645683994653025,-2.585783418738003
0.09795874821740706,1.9762683920075972,-2.5976333468032653
0.09021888371768784,1.9894454964517208,-2.570765976412231
0.08249416904574117,2.001484373609667,-2.5265918405383485
0.07330235591086262,2.0132662443755387,-2.4821614784547488
0.06454006465766544,2.0245224027115207,-2.48777236465373
0.05825720418694325,2.0358666669451457,-2.6303360359116246
0.053298000860354744,2.049463166402313,-2.846387695068767
