0.14749115881953026,1.281731145069022,1.621658769924047
0.1609747110350471,1.2826049646759912,1.6294384170910132
0.17538967212533546,1.2833638973252306,1.6431349146032896
0.189189608433447,1.2845930660250215,1.674535597972185
0.20376637441268297,1.286031414045129,1.7028621081958886
0.21742621567727985,1.287882637619462,1.7058736000343515
0.23142833826586362,1.2902364985491093,1.753731974475359
0.2455188503368008,1.2928540870214362,1.768580359160016
0.2599727819457016,1.2959380511331102,1.7871852906741366
0.2741132210792337,1.2987001717034445,1.7667723599158671
0.289657006151321,1.3013173122612098,1.7664329752505428
0.30501867475918076,1.30417715596489,1.7707243284263818
0.32025452387818926,1.3070760665227232,1.7591709498006256
0.3348628469603161,1.3103592230295407,1.8440663513589806
0.3473665147272112,1.3134927812230086,1.8432196088173038
0.36201351161673706,1.318565278315704,1.9062470754970875
0.3758812905163855,1.3233933904294215,1.8845948624396796
0.39090605108451426,1.3269355489598158,1.8411862365471512
0.4053872198982375,1.3322246145617722,1.9754862153907826
0.41881279722700754,1.33733002723664,1.9435106668339244
0.432480438087603,1.343136111988644,1.9939207248204713
0.4445992816361572,1.348795421588327,2.011553464595405
0.45811126936163704,1.3548703691761201,2.0151672607861704
0.47186008178921335,1.3612633980028637,1.9778716161763648
0.4859843689232216,1.3669815243635637,2.019477351005039
0.4997808979753276,1.373193723483345,1.9932534896243963
0.513752485086273,1.3790820153081973,1.9763075684017
0.5286684420944359,1.385464137794249,2.0469487134040554
0.5409407467613504,1.3919737382947663,2.0992115461012384
0.5552444048435602,1.4008905169569945,2.132124566212319
0.5680258153143714,1.4092800013969915,2.1782734809607835
0.5800336002441157,1.4169569884693334,2.0651032078774536
0.5922587991926872,1.42304068554783,2.061312035242656
0.6052332380140193,1.43097277295415,2.16607119504291
0.6179475791192448,1.4385387214311522,2.1196898074094213
0.6307443982325306,1.4468737111157073,2.1886772551469553
0.641311459768973,1.4541522718183306,2.159933013699076
0.6531251367472684,1.461996854233855,2.1980331900932613
0.6650593318832325,1.469712957095894,2.167558054187456
0.6764972211928846,1.4787972546118062,2.2899882350144893
0.6864370220180425,1.4872601452530818,2.2805953524884504
0.6989841076657475,1.4969216190951598,2.196086522482444
0.7100858149986397,1.5053182932985585,2.2755417568120446
0.7208203142819735,1.514206124118165,2.2684750515437297
0.7337014916327534,1.524136566260966,2.228614812539149
0.7452702938896173,1.5332378148470882,2.229332862844114
0.7581690135167611,1.5429769691912052,2.234304765412024
0.7696547072523172,1.55335405307283,2.3227931302579474
0.7789292812817562,1.5623222681059783,2.3364682775380756
0.788235045632327,1.5724328735461042,2.418464390261419
0.7987864863455649,1.5841152874891433,2.410531083664915
0.807388297545198,1.5937275716344312,2.422860579137427
0.8166568108330726,1.6054326245867785,2.4770066155875337
0.8247456636183288,1.616652953011168,2.4938650879933024
0.8331844807389773,1.627474164686235,2.4669666274509057
0.8430614505952075,1.639558546798893,2.431615719314597
0.8538251475494384,1.6516718970234698,2.4004384200622737
0.8594782355886367,1.6654832093116512,3.009917696647196
0.8636006597703273,1.6790543121465058,2.727600117667544
0.8698292579981887,1.6910062428368573,2.596671060439316
0.8769596736803218,1.7010286467659688,2.4575528364733636
0.8870430888745546,1.7128668137188852,2.4456986134653995
0.8978300268140346,1.7255566806182447,2.4177751688176468
0.9073600044235418,1.7380657193557303,2.5436492721496826
0.9144194577524283,1.7490458863046947,2.6006306551029907
0.920763628622724,1.762025640179928,2.7101196589295844
0.9266196175912865,1.7726278049040525,2.539146372756273
0.9356295597717974,1.7849774294793146,2.466132026428166
0.944115889843473,1.7969727164776532,2.5657474893936247
0.9450280085351191,1.8143982671640768,-2.9092051083341612
0.9452287841187319,1.8275309158463813,3.0384041147244774
0.9481327297362154,1.8411867724886353,2.8821845006257276
0.9427208308518396,1.857973269766503,-2.514611784742394
0.9362443271823169,1.86823826200277,-2.620833705465455
0.9290714020610984,1.881546643903102,-2.644858857439338
0.9218348308139429,1.8940057680558582,-2.5760071007222995
0.9192414391758369,1.9046687927196568,-3.08878718586518
0.9215315692721548,1.9178255594170561,2.830800613491563
0.9258978107173534,1.93188444407531,2.7765496447091613
0.9304696861296541,1.94496286010944,2.830976324638665
0.9329328501765947,1.959114850071198,3.082395839487389
0.9355532509442809,1.9737611894727205,2.8791377584726
0.9373023197703841,1.9890892675437701,3.1193513794306162
0.9375588445995078,2.0037691283144072,3.1370097831629535
0.9377163065399171,2.0174367671953894,3.11569724581783
0.9381677834361335,2.0297250242468095,3.0981493724740363
0.941311738243797,2.04211821061853,2.7483540871135568
0.9456094481761761,2.055028721280856,2.885494293126087
0.9493860313551675,2.067454654812088,2.811926159567167
0.9500455216088859,2.0801555927550126,-3.065050035190292
0.9474912705549428,2.0947781325989285,-2.9431682422534395
0.9468087158626349,2.1090593362443086,3.0980156688221743
0.9424323992944447,2.1247386088369464,-2.6507510349776195
0.9365445661954666,2.1380291359800823,-2.7560022063211287
0.930391304647202,2.1507364701694653,-2.62926904941747
0.9280578114999962,2.1616763988050534,-3.101854911776983
0.9264523034562591,2.1755389912965475,-2.970734088474939
0.9224345842184541,2.190008239708675,-2.7660954102676154
0.9214489130107245,2.203399546764605,3.027335962288688
0.9238053639097603,2.2173781011272395,2.95291804463134
0.9258585349143139,2.231773421248731,3.011257381236897
0.9253942331525398,2.2464699723320716,-3.011742785577137
0.924141039438406,2.2611439631518824,-3.088447654309214
0.9236300559158601,2.2756208828747986,-3.093387260441782
0.922904522590522,2.2903173516813764,-3.066307388678838
0.9222855660345879,2.305174695649668,-3.1160858488606022
0.9224665532384599,2.318970207103468,3.102281370079063
0.9232679359456394,2.3338828080129845,3.0842765626499378
0.9242304775409457,2.347196811939974,3.072673444360313
0.9250820115153823,2.3595943681655553,3.0957136580013227
0.9255748059490625,2.3721390722161244,3.0944631866454837
0.9267723715013247,2.3838091982382474,2.9955129228040107
0.9290466565930406,2.3973726456496705,2.960585335736831
0.9316519468587966,2.408789732301338,2.8598325491477645
0.9357516427128556,2.420741111309963,2.8170074727774197
0.9400372368523934,2.4336881954928105,2.8266691261342367
0.9446769964227475,2.4457662771655073,2.807782453086025
0.9489569890333356,2.457739436698441,2.807391612229299
0.9528788333732683,2.468691453070847,2.806344926363148
0.9574143252491625,2.481192110128365,2.783621889733099
0.9614020081865,2.4927347565143254,2.7965396389405237
0.965998855949447,2.5050990521727847,2.7693779871652295
0.9709926550722636,2.5189334180286793,2.788247719481064
0.974229118285404,2.5307929261891378,2.871262515331714
0.9775925846694212,2.5442563772661977,2.8322844211974663
0.9821173208434314,2.559924819416564,2.8132043514160054
0.9871288989962957,2.5740260114272298,2.7937621908067802
0.9921260474926697,2.5871593292392916,2.725166713932258
0.9978325891300163,2.6012577759393762,2.766919299137699
1.0034697652078237,2.6167836006034735,2.8157876891267835
1.0080601556622524,2.629736303534727,2.7908094114801654
1.0136298524029923,2.643401855746031,2.749569885181487
1.0194224628468846,2.656993106893838,2.7436961469016494
1.0252397604814452,2.6700442209603663,2.724305631553992
1.030726879703382,2.6852292905473387,2.7715523879585713
1.036276394987906,2.698984847603892,2.727201429987136
1.041799612345687,2.7127042548184024,2.733605178745441
1.0474837457398218,2.7248970436382827,2.6775123211369776
1.0526844603389192,2.737149933469257,2.7613563268576846
1.0571690214837943,2.7492004326768216,2.743656528473966
1.061891507693669,2.761620094523757,2.804450251189801
1.0663012495472035,2.7744800149657003,2.754760209056982
1.0713941125490054,2.789031053750484,2.8160183074271905
1.0768904312120535,2.8028654752618842,2.717749989044165
1.082535419341797,2.817437754628864,2.7088515624409175
1.088329321846827,2.8315924172419122,2.6841251487745854
1.093917496637469,2.8440085268701734,2.711098720980956
1.0996177049843505,2.8578781463697034,2.7044063117635777
1.1060423316489105,2.8722171892953634,2.6822905173184326
1.112441629428343,2.883992974204733,2.6813564194927273
1.1190415621457162,2.8975624151225334,2.685165553573074
1.1256220847621203,2.9106608524017554,2.6575690979105615
1.1320314270956242,2.9230628950792044,2.6718639841712726
1.1379155357203645,2.9347652710306815,2.6917062181015683
1.1438876083214748,2.9485458551696646,2.7236454485149126
1.1496276407709383,2.9624365023969843,2.7624108997456736
1.1549944358854232,2.977352711297287,2.8042368346335333
1.1607753956508609,2.9902231582761534,2.6979518809499927
1.167393136990386,3.003946041020418,2.717459259669373
1.1741418211558028,3.017753821361716,2.6682783041165394
1.1802097980878905,3.032157803017121,2.7394638254454495
1.1858508891001398,3.0469869228223083,2.759600284680797
1.1907860920850213,3.059376189610992,2.729896123635073
1.196027299713969,3.0700919825017645,2.695800226362437
1.2007252780627016,3.079913784386558,2.691275845719045
1.2059348761882072,3.0931787354434785,2.7442417313909577
1.2118694541399815,3.107188103854753,2.7012057683801545
1.217241655876943,3.119306897359414,2.7351400869818385
1.2223241586621576,3.1337732061965937,2.7891467362627727
1.227103696752685,3.1481471490247763,2.8008979918685646
1.231464025046917,3.1605956427491946,2.789998855767352
1.236918616174287,3.1737523822704485,2.6758159073128778
1.2437724716037468,3.187452194371297,2.6536092954571164
1.251345589538528,3.2010129773327636,2.611256306461666
1.2578230236921248,3.2128622403672233,2.6552151998444966
1.2642729713707204,3.2261105136923915,2.6911956141521656
1.2698203820622407,3.238487389173311,2.7554024434907483
1.2746496960926414,3.2503960819997926,2.745454852918566
1.2810540116155102,3.2652735314811467,2.7374109189926177
1.2867386477902905,3.279747370798963,2.7467286952875
1.2921676147022263,3.2944073066658675,2.791839744208226
1.2977230003826699,3.3079400935004277,2.75611633399015
1.302758397081127,3.3214848008131113,2.7375593864721317
1.3080400147852793,3.3349672655762492,2.71550650529925
1.3139509712975124,3.34912166530786,2.763686794997719
1.3198807794057297,3.363637733493112,2.7421263178989603
1.3252956541063163,3.3774149625002035,2.7163047656503383
1.3314624955588497,3.3905360662263075,2.6704087181692904
1.3376451560986742,3.4034947207810378,2.6767369572344863
1.3436337538583374,3.4167090989464106,2.678558375786743
1.350451362950777,3.4289782005617666,2.5917571251004676
1.3577871379568391,3.4431149627264848,2.658213702058156
1.3644109804931261,3.4575710803293416,2.69229494099757
1.369902537703595,3.47089248899723,2.7526513189448276
1.3754581560369117,3.484541451746771,2.723494840521585
1.3813535845296527,3.497914555992954,2.724082542045941
1.3863087622993995,3.511344728915955,2.80227162779991
1.3907696144914135,3.523510552108156,2.7754777702202595
1.3965770744594794,3.53611301731986,2.630274793939447
1.4037833954816128,3.547897721383558,2.6390458111639283
1.4107234578421664,3.5616249722754967,2.687832563329396
