-1.221161390633097,0.5028616944103846,1.6217098028834396
-1.207712416357231,0.5037280478392332,1.6329305980539495
-1.1927983330672502,0.504766875749115,1.6556938202017681
-1.1781880075040725,0.505773320905099,1.6520299080436691
-1.1635528610899726,0.5070290348693931,1.6705784045126988
-1.1489656994482662,0.5083582109289789,1.6651920024735134
-1.1344521120945403,0.5096246276246752,1.6828019753389947
-1.120710664515511,0.5115467376162386,1.7490474584211222
-1.1058313525586245,0.514470816712769,1.7595990703628843
-1.0898179690866328,0.5170287352353513,1.7361031291336588
-1.0756314540168515,0.5188093763808758,1.7321293837947607
-1.0608703214101758,0.5218608630223603,1.813012558451358
-1.047141579060151,0.5255415329772257,1.889870263566103
-1.033288543967579,0.5310700700209606,1.970505470171934
-1.019745865257076,0.5361379855267222,1.920382479582093
-1.0075273829872153,0.5402913978576807,1.9220576476991817
-0.9945998730199539,0.5449470735872439,1.9218475524371916
-0.9820243687295604,0.549308750811328,1.9200678707704437
-0.9683228294316187,0.5541283964892608,1.8942544997161925
-0.9537988734302401,0.5585305790301012,1.9280380831036306
-0.938429028376637,0.5638966098224842,1.9119533381079106
-0.9248668488512061,0.5679558608376696,1.874727170675112
-0.9107164665874669,0.5720511399045921,1.918769212887692
-0.896068058211691,0.5773884915893716,2.0136253024089505
-0.8825946809476765,0.583209534968166,1.9825386274965429
-0.8693178398529054,0.5901236612141633,2.0321078860915693
-0.8566149481871286,0.5964154171940637,2.0419670234703777
-0.8437487662233075,0.6026039254907088,2.050756229335058
-0.8299795704997459,0.6101660927733654,2.0661919264481496
-0.8185449337621209,0.6157172092599416,2.0663730910347997
-0.8069345129018206,0.6222930682296272,2.099344395861708
-0.795629603899507,0.6285443954500582,2.0819694009968472
-0.7828619900075958,0.6354542362401387,2.0805016472743696
-0.7707362980729332,0.6422242435745168,2.1146745592299623
-0.7551363886207134,0.6513832528031847,2.1058433717378424
-0.7412925205477088,0.6594577639439578,2.171107267200668
-0.729141635890579,0.6676936903621856,2.186904342787225
-0.7181969661026738,0.6760165501480994,2.24055194255452
-0.7071284990485539,0.6844683825000494,2.2215705839510766
-0.6957125795670497,0.693009398172791,2.21022949718346
-0.6847401772923666,0.7011423601784206,2.221167340895078
-0.6736843155052966,0.7093371579512392,2.2218246936740464
-0.662913199516321,0.7179440914501686,2.2646883423090722
-0.651304652990868,0.7280939935442428,2.274473853199164
-0.6412253452722232,0.7364357199235239,2.287937014298311
-0.6294771183866582,0.7465111253461482,2.2809608429814463
-0.6188446737889809,0.7557024193748189,2.3092902154287573
-0.6091629659595759,0.7648900150865264,2.3529794181998738
-0.6001540537753122,0.7750795178614448,2.4564267060614258
-0.5898141682199342,0.7860099399396464,2.345530784685881
-0.5807181798827376,0.7945881799794006,2.3600270541806965
-0.5696056580280376,0.8064180265000087,2.368506251420355
-0.5597818043215507,0.8172266201940968,2.3871911274798676
-0.5511393856927194,0.8271126576840305,2.45336805561032
-0.5422203376977113,0.8377293247671181,2.4200422457445407
-0.5335625559678816,0.8474282000333856,2.431831856186321
-0.523083914986258,0.8590366003970588,2.4142942005804215
-0.5132010720440446,0.8705952877361715,2.4766138707478804
-0.5051110991598945,0.8823918913132413,2.5380017560399994
-0.4971545887058255,0.8934809044296406,2.5204763613517756
-0.48817141761104077,0.9066701935949462,2.548471299368005
-0.4797822334290976,0.9161150329398976,2.3383227268798836
-0.4697603292970556,0.9271827534479865,2.4629567521167175
-0.4609324406915909,0.9384567052343641,2.4607818068491354
-0.4525841672081314,0.9489829078597857,2.466207173983313
-0.44345965456097003,0.9606123614489521,2.4823399776031705
-0.4345079919333929,0.9711458531721219,2.3815238946809822
-0.4248247765120603,0.9817024256840157,2.427382876825309
-0.41666511796769157,0.9934179348096993,2.5898026086132817
-0.40889015313563104,1.005772074277397,2.5690090627381665
-0.4014061690205756,1.0184174586162742,2.595886668769757
-0.3934238612575755,1.0315387448399973,2.6180093692260327
-0.38673894601428827,1.0438025820751256,2.6661049205146337
-0.3801344401734469,1.0554621536051532,2.6242432887352525
-0.37365043811380816,1.0670576272221883,2.6317682174265493
-0.36613318806238593,1.080917430193917,2.6660026845973137
-0.36025409955158294,1.092332932306593,2.603677579301626
-0.3525285277466038,1.1044646017318693,2.512899631107063
-0.34360401371485677,1.1171864160201475,2.593588497621232
-0.3375311139667657,1.1295610190264784,2.654711057544703
-0.3307526906803985,1.1427992247043885,2.64145404878838
-0.32402238462150784,1.1557215166767179,2.6604536657391558
-0.3163817491999018,1.1692936609999165,2.6363281501765448
-0.3102108924233895,1.1809491766391307,2.6524070187700297
-0.3034035795199284,1.1941062415646193,2.6344430617968313
-0.2952107061566861,1.2086056854855383,2.5921214056159934
-0.2878101264870864,1.2224220710614726,2.6329126658748705
-0.28062636560559445,1.236280742449988,2.684183839906868
-0.2738201252688638,1.2491725681440333,2.6082802626972397
-0.2658598349814381,1.2632459010667818,2.649118905982211
-0.25907561523795763,1.2762447116528106,2.683958498049206
-0.2527408038069062,1.2895019195796498,2.6767437319521217
-0.24600251022133685,1.3019966602154904,2.6532607622124296
-0.23848852415403343,1.315917404021204,2.6327940811685413
-0.23193824973822097,1.3275835449722515,2.6184378493940725
-0.22546322926858342,1.3395298472861832,2.583904113364144
-0.2188409579554832,1.353251737378866,2.735963251365076
-0.21262791442588572,1.3676152008859783,2.712815968264386
-0.20715543606269435,1.3792251893702556,2.70259238543583
-0.20043177940307152,1.3940451300290935,2.7069012064912292
-0.19435211584273127,1.4081428208442652,2.7348657687191924
-0.1881055356521319,1.4219968493738553,2.690731199432709
-0.18407361826539542,1.4361192081961396,2.9308528507722973
-0.17960060513693288,1.4490875799283014,2.7275010781960947
-0.17437217902580215,1.463654104988064,2.7922117144216547
-0.1692365027811838,1.476146053221488,2.7773035948517997
-0.16386372178595615,1.4898930517580995,2.7576023844556725
-0.15899718535127183,1.5031790801487908,2.781239884861277
-0.15476805112368672,1.5151948194611096,2.7880086885490694
-0.15044798136833387,1.5289084062230418,2.84249966713609
-0.14590506510816922,1.5431534715473691,2.77366470179974
-0.14097392161568512,1.5573177817241575,2.8161638483796927
-0.13533750379001647,1.571502309106523,2.7542549829361733
-0.12981039492525437,1.5841867618242724,2.682912475654913
-0.1235608235133286,1.5967502550805526,2.6347044253638225
-0.11803851890515549,1.61064709028032,2.816010408812994
-0.11385105638031429,1.62433438066883,2.7861860705679633
-0.10966657356901276,1.6370368895862935,2.791444656682369
-0.1045069819414712,1.6508639438891881,2.771364916885717
-0.09947557976151522,1.6651149272844892,2.7561373267768077
-0.09514412530156142,1.6782224961483805,2.8433821749081005
-0.09072545361997127,1.6928769143677622,2.8396632818131513
-0.0868432932711296,1.706074442097929,2.8293996274309876
-0.08234216474490123,1.7196425690405608,2.760927067739842
-0.0773267335559624,1.734612129060019,2.7553354851727505
-0.070709597463319,1.7482786626602083,2.6736488181674485
-0.06533011099817575,1.7614189627520191,2.7242128151993232
-0.061113784528437645,1.7747568575586348,2.9051911735837335
-0.05646675226348097,1.7886010702417048,2.752449812357734
-0.05202453580111935,1.7999143024050615,2.807880242176429
-0.047927132295444534,1.8129221893756875,2.790391269802962
-0.04347203193916929,1.8250314816970645,2.7850341630996645
-0.03797648476930054,1.8387638606329617,2.7254262594775387
-0.03255272148507419,1.8518913974464466,2.776029760151151
-0.02890558732726499,1.8658551763319071,2.918592083397906
-0.026921738631383918,1.8790481211011107,3.0757954235917655
-0.02526926953966363,1.8915916995460595,2.9739081923657458
-0.02357320940444492,1.9042754174459637,3.037688244538153
-0.025242646740449695,1.9164455707866541,-2.8890722933413553
-0.02490275440107931,1.9297969496773686,2.9802876358226595
-0.02122693215651267,1.9450275190384028,2.8684531808689835
-0.017526577604907157,1.9602307952274916,2.912029236130215
-0.013286890767433009,1.9739457267014884,2.792956781942387
-0.009060529377592486,1.988704130155039,2.9453468957755873
-0.006604423298918909,2.003595209524829,2.9374768913243816
-0.0023809199608785087,2.0173231087847427,2.7829814007464244
0.002832310176615828,2.031955119066041,2.7861758786548045
0.004896931652478659,2.0452754588254334,3.097491439057866
0.007131408321220027,2.056658125409048,2.910857713297965
0.0108178381667522,2.070641654616891,2.8645043025104004
0.013876426078887156,2.083072363925715,2.8289819219833223
0.015474388251101001,2.095383867318438,3.1065222298876694
0.01293615643549705,2.1081476259108927,-2.816969744705721
0.009464813094255507,2.121057659614494,-2.9176742801231685
0.008919516422183124,2.135114506769268,3.0982081376511874
0.008029412919490672,2.149664449983459,-3.00696855376995
0.0077283213761134605,2.163075072118318,3.051243308001468
0.0100504899939861,2.1753452247637064,2.9244855042744584
0.010867666209696049,2.187037119759697,-3.0931847022487684
0.009847614518187994,2.2005065550737877,-3.0611979148958697
0.009349571470323875,2.213783709762849,3.1332931474285557
0.00731822304386184,2.2259034731588603,-2.8983330339163906
0.005170737148345763,2.2408650186189636,-3.030009360483653
0.0047331103735847235,2.2550648136361704,3.1192202129611366
0.005751501602577911,2.2692849735666343,3.050291334425691
0.007994806929185739,2.284078835098645,2.951466635302542
0.010439552507382788,2.297711818942953,2.9563601235745662
0.01331661836288036,2.3114983247554783,2.9499725055233545
0.016793534749331696,2.3261508468698353,2.8595423722426028
0.016854150563481052,2.3388430312328303,-3.0760250004234604
0.016245792708770846,2.3524824379156084,-3.0952574583756305
0.01471106243798821,2.363666110906245,-2.9805117051651693
0.012045154649071665,2.3767040393858703,-2.9147174800433935
0.008523001523991476,2.3896102335010765,-2.8359063119649646
0.003508017451540962,2.402942379990306,-2.7172487859490118
-0.0025868135260114127,2.415490457736689,-2.6682833710545677
-0.010400378008182559,2.4284547419923856,-2.538782744959094
-0.015438785728497266,2.4408353852804265,-2.8972984617775985
-0.01991571096936068,2.4549273330609838,-2.7930975437546905
-0.024980859547550218,2.4688763406814433,-2.752838219229447
-0.031026175487027408,2.484686815757055,-2.72136475364578
-0.0364533533990338,2.4971058304150633,-2.7220913641911695
-0.04491385673936496,2.510943643606762,-2.526556466386734
-0.05178495823776232,2.5221060393492154,-2.6012084578205164
-0.05966889706439598,2.5345474954397167,-2.535235714481687
-0.06711355666668284,2.5453815402193642,-2.541856663216397
-0.07456559636811332,2.5565717353579025,-2.5526951468591967
-0.07911464947089526,2.571939143936166,-2.9921469536747685
-0.08390811816132811,2.5849460029112863,-2.6397403967547377
-0.0889402360561468,2.5974622435589394,-2.813607175382742
-0.09123166317339132,2.6126944331667814,-3.1083457951576356
-0.09044044851613402,2.62663806510042,3.0296901433372354
-0.08991002724570998,2.6415824593481005,-3.119346677001694
-0.09349889740609688,2.6550923370562463,-2.7099376339520354
-0.10031328521494687,2.668672685167999,-2.6958138141700463
-0.10699646096917934,2.6781243856432324,-2.390399018273233
-0.11533022887672972,2.687551939110181,-2.417524867462381
-0.12278063919452449,2.6974958680843715,-2.5327697097704482
-0.13073929899101494,2.7096358901690825,-2.5616066915375058
-0.13756679488791826,2.722709742750811,-2.7440583474811815
-0.14174197398916447,2.7375495322656227,-2.916943169860799
