0.6304546687447692,0.6546745587507251,1.622148967707978
0.6433435612056047,0.6555405780053036,1.6378189976944224
0.6576108467847055,0.656308935335317,1.618022371200679
0.6717502224180235,0.6570487353202957,1.629401697542067
0.6855861766080558,0.6580112146427931,1.651059131238599
0.699927380591942,0.6591043556966037,1.6630059993847432
0.7148931408796564,0.6608223857573282,1.7233506622758867
0.7301867358307361,0.6633884044912243,1.764956254179913
0.7455130857232961,0.6672741756999117,1.8234561498653112
0.760647845049802,0.6704633515995857,1.7834744311055495
0.7749164013046065,0.6732422028527,1.8027942371057957
0.7895100257592624,0.6759083547122193,1.77574970428081
0.8047975191530768,0.6795192221087584,1.81822169896419
0.8184099775543713,0.6832131818919116,1.8676475366444694
0.832743163863226,0.6876499489548614,1.8922378690944164
0.8467435080237553,0.6929227838311447,1.9473898071296296
0.8611017088581548,0.6986336256201691,1.9653635402668388
0.8747980192198935,0.7042081107066068,1.9750664297852876
0.8878882345310983,0.7096553946832481,1.9514346856244333
0.9022785002473118,0.7146247350462056,1.9729035718636916
0.9162920362567334,0.7209636087975971,2.041043084753049
0.9286158047637553,0.7267501593381664,2.0100502423229822
0.9376612407808932,0.7324771473873751,2.1479112733374337
0.9509594048000825,0.740303896697857,2.0760744443172507
0.9648786775266683,0.7482735082290419,2.105705017628111
0.9773638039560113,0.7534667871340087,1.9551089101448664
0.9922731720671175,0.7595465192539593,2.0062020948902903
1.0061706572723936,0.766057905229548,2.036103687059203
1.0193719719450876,0.773538779525129,2.091813577422903
1.0331151116994526,0.7812286831249406,2.0718683379446343
1.0450693944860692,0.787848847155695,2.113099535294395
1.0584797086653992,0.7954605070568967,2.1049256597004695
1.070654866929732,0.8027665075247324,2.1837145174776187
1.081822587315793,0.8100494417032349,2.0962908670631206
1.094716073643704,0.8179997671306085,2.154467649451324
1.106358174162632,0.8259297606192345,2.1923425918828268
1.117048234259136,0.8326869825706001,2.1503476847397525
1.1290436201929368,0.8408992591717707,2.1668629049747814
1.1418961278343325,0.8493709846021988,2.164491174136836
1.1536929448344628,0.8585131604121188,2.2129173595089005
1.1644373372771903,0.8659534797449454,2.166758574769146
1.1785691658851645,0.8744516241111385,2.1319574056724546
1.190395717109084,0.8822084152152392,2.1754275902529487
1.2026516322319805,0.8909332799333962,2.218472186728263
1.2140434668183786,0.8996923225984246,2.23965799028616
1.224691883958761,0.9084699199176548,2.2671824586671105
1.2348495982480583,0.9179680786295622,2.341344694446744
1.2447420796167559,0.9278157101731717,2.340359537843749
1.253994619178308,0.9373973171635869,2.3691944386758403
1.2639907149595064,0.9475050596468173,2.375694235068707
1.2743205476476793,0.9572896153077013,2.3162604480766076
1.2840049817142443,0.9666275151525553,2.349269279925507
1.29441687490255,0.9769653523820894,2.3638542141155523
1.304491147692146,0.9870207352201222,2.336694980436062
1.3146229008605241,0.9971859649897091,2.3811870667819246
1.3249798088343343,1.0073852831466152,2.3280951710622833
1.3339515670496147,1.0167259906423751,2.416362758705112
1.3425506818503925,1.0271073893691716,2.4501191447748436
1.3526404730318848,1.0391227224474893,2.4222237478305537
1.3586729560654753,1.0510564697616425,2.86091511235695
1.3638063555166615,1.0625506301411176,2.5901172521773845
1.3696209611467418,1.075853627358172,2.8039329009203238
1.376395976580024,1.0885595527687462,2.5768360709111633
1.3819721508762677,1.099497504371039,2.7254685125833524
1.3875130862450498,1.1117037745468203,2.6542148238869236
1.393599550889469,1.1239101001252214,2.658005675075704
1.399911614129376,1.1373744273007016,2.702751397112411
1.4063780343317798,1.1507900587184496,2.6511050966101686
1.4115481142534945,1.1632342562171214,2.7957261657530803
1.4153811945846038,1.1767919896277828,2.9189896457424176
1.419843852389072,1.190191795631973,2.766782289646316
1.4171579399770868,1.2064896089888089,-2.6904620263426984
1.4113719670906484,1.2176943040024202,-2.635279379397693
1.4083369040109228,1.2298940794371103,-3.046015355615747
1.4095043652418928,1.2427256377843319,2.9194670624269192
1.4126382528632355,1.256722860562522,2.940488219498791
1.4181929482280513,1.268833442842828,2.531126334306874
1.4184459932114821,1.2838821545826127,-2.8008368398462156
1.420529429102635,1.2991468676070927,2.7188109983685567
1.4285863956440927,1.3088386638172393,2.277770154570208
1.4371089399882375,1.3203223410136757,2.5876071358528465
1.4406898383882112,1.3328337811499587,3.0199900879715873
1.4349806669235718,1.3456605831695612,-2.4167900680432943
1.4302969060863873,1.359530780994596,-3.078822882193156
1.431113575721946,1.3731831341155258,3.0228035592113756
1.4289449194770136,1.3882190436107638,-2.7855278107007777
1.4255000993149516,1.4017457706352925,-2.9837283634863607
1.4214953776541666,1.414919526086241,-2.764268310802379
1.420148896412674,1.4275348791129767,3.0819428027253633
1.4224844809817263,1.441111299071515,2.9155792759734696
1.4267195042706782,1.4564975080645108,2.8293465234590647
1.4311628775125345,1.4703019460001854,2.82370160378656
1.4359278750966764,1.4837379789503868,2.7654005972105313
1.4408617362884295,1.4961032162929508,2.7921912721828135
1.4456067365855163,1.5083134239556624,2.781962175071621
1.4506817458819574,1.5218690308933986,2.7620776022014537
1.4560787444961347,1.5350829171544655,2.8054321483966977
1.453291784661222,1.5518634042321606,-2.638530425814998
1.4505867336065676,1.5661929146757092,3.1315375395694103
1.4545911281828474,1.5795671988518603,2.708406652774968
1.4594126785085622,1.593127356439461,2.9222450937375326
1.462832167377932,1.6062262720236378,2.889389625556592
1.4671252086008184,1.620403149065001,2.798367650226687
1.470490798611621,1.6345240304581028,2.978681568807767
1.4733601176402675,1.6481592490146684,2.909663272224874
1.4772047696209059,1.661813187018404,2.8673962768706924
1.4804549244387504,1.6760060673254098,2.8734456013975964
1.4834216957239539,1.6904216695564762,2.97291979575182
1.486284686150788,1.702711957693762,2.862546163029445
1.4880035583866014,1.7161084864272405,3.112158536855114
1.4907950472336313,1.7286824884815257,2.8535351402324776
1.491201326034468,1.7444616396094428,-2.9934464128573106
1.4898194132253915,1.7588623402803234,-3.0603190247168435
1.4900334930376515,1.7731070726838378,3.0558999963664077
1.49211970703758,1.7865135682920565,2.9699154715858267
1.4947913715599341,1.7997475643709315,2.9518943053133473
1.498916895727208,1.8116855263723188,2.7207149982777166
1.504330585415641,1.8248391361004677,2.7377761981188167
1.509242917820905,1.8377863457301273,2.8193113072205054
1.5134120506745887,1.8521762344311055,2.8454883186181172
1.5159675546964488,1.8671942621099489,3.0515454583785298
1.5162499440079877,1.8811472298033605,-3.095846664803293
1.5173155649866044,1.8955491135887754,2.9583245648807166
1.5190863032610895,1.9088373839533235,3.0211465556177792
1.5220332023203083,1.9229077443393285,2.8677168473793575
1.5253579713524987,1.9371663315391536,2.876109699742637
1.5295214981196248,1.9519875008809393,2.8786475678862966
1.533856030990671,1.9653512618099833,2.8018763989490583
1.5392023471337568,1.9796095646810383,2.7710048906373093
1.5429591097664417,1.9923354578096368,2.824816478423552
1.5473974006644424,2.0063620460733897,2.8049822854264725
1.5515126674107358,2.020971387693888,2.799937027815464
1.5563694750227457,2.034522829993639,2.7945363668134813
1.5616614809053642,2.048554339634749,2.7679319516151217
1.566877153132861,2.0622166803702453,2.736903758088524
1.5726074566720294,2.074280838104053,2.6926093762801715
1.5783765172058428,2.087630659957548,2.708892380347002
1.5829032250787174,2.098455826706475,2.7373503409103304
1.58838515832182,2.1108602544619512,2.7353307953755617
1.5936396195430613,2.1248182663855806,2.768023911687477
1.5988259654633281,2.138678042095461,2.787541212253608
1.605073263244976,2.1524722689389852,2.6853052648341715
1.6118457792135523,2.166151086232694,2.6803348292489413
1.618514071616213,2.1807992330998482,2.7326529563815734
1.623589833087705,2.193622581976415,2.7425300544287956
1.6284520446940995,2.205582116911855,2.7564358244850973
1.6340631844102584,2.219215736147274,2.7417003774382787
1.6404471846561721,2.2318253656229934,2.690097020548388
1.6454324816435537,2.24185990027446,2.6660047317375457
1.651734326592688,2.255176262741086,2.7359890221950636
1.6568839606112433,2.2679146997065454,2.7799405116248384
1.6625847404928014,2.280328964379847,2.691955458450872
1.6689481586346546,2.292989682139267,2.7160479504514825
1.675218746903492,2.3057597462408257,2.697499165269242
1.680399904344422,2.317678937744139,2.7233758424300487
1.6850986651552327,2.3309833421306005,2.7945948442109434
1.690924254405892,2.346111917738676,2.741773291133355
1.6962182096552871,2.359974746328995,2.704100878379144
1.7020851435721265,2.3746379651126137,2.820111684716225
1.7063625885856246,2.388232899760913,2.7639589407867438
1.710864725770897,2.4017785009064077,2.7760349571324188
1.715422803237163,2.4136399993577142,2.7790617538104376
1.7207018041109117,2.4270672874546055,2.70396013957195
1.7270665375816925,2.4407905932603686,2.718606486869098
1.731173364844481,2.4542817679143636,2.886282135579486
1.7352006708597443,2.468105889379622,2.8637169704899423
1.7400988406605364,2.4820266346551194,2.7723676869840017
1.7461479511613687,2.4967708800549784,2.749187983624702
1.7512617921598586,2.508759415346736,2.7716151148024926
1.7561617286640048,2.5216088484000307,2.740935684164931
1.7606229720853352,2.5331653574251254,2.749186943088403
1.7654055083532034,2.546160982537255,2.7519771770359926
1.7716680188907006,2.5606527166478683,2.737427540276513
1.7771682484044187,2.5746532634126904,2.7885102078156634
1.781986728994521,2.58909613037451,2.801521925717161
1.787129233859894,2.6024468800397815,2.784545055459327
1.7915746445978518,2.615375607493576,2.765987639583121
1.7971968718688796,2.6283107325311352,2.730391245856078
1.8026315118352383,2.6419075808558885,2.730683742495502
1.8075724780427385,2.6544194776079326,2.78721643660883
1.8123305980945885,2.66564087012299,2.703209642059719
1.8191559389256329,2.6806108854446196,2.7725737605220653
1.8237956484956646,2.6949207578089953,2.827175036987566
1.8271761649709704,2.708395569991096,2.8625670216722705
1.8313983639696843,2.722617200613089,2.8568389772720066
1.835886798248985,2.7355736823254047,2.7492911321388465
1.8416350071222591,2.748748356352121,2.751897414781204
1.8470900892589772,2.7620473573117152,2.7817589292494302
1.8524694983849972,2.776286711008749,2.7446436421327594
1.8574589363464518,2.789037824282219,2.7726936178151704
1.8615014057429151,2.803562026774818,2.93668527752667
1.865277386363746,2.817648306479349,2.8110394554524607
1.870666909603336,2.833167221883627,2.7885451078910792
1.8757987292852545,2.8468807273605163,2.7527624714302177
1.8810672440703842,2.8606741811529823,2.765761501912215
1.8867852331242576,2.875064915262462,2.7248547779098238
1.8924513371852847,2.88895877837804,2.747779004376407
1.8976198127723276,2.900983439873423,2.7315987038813723
1.9030433508696596,2.9155804385202946,2.762616499957224
1.90786031500833,2.9283960999002527,2.801554886254881
1.9119529854221937,2.941136785080737,2.850863371314345
