0.8274532558468265,0.8787558598713917,1.6216543032416741
0.8409113789938518,0.8796283917299882,1.629735919049733
0.8550366128908838,0.8805533189158075,1.626850054823178
0.8697341469740507,0.8815861201875665,1.630605111612769
0.8846327319592423,0.882701477329715,1.6634933953365776
0.9000587939665712,0.8847414492586021,1.7152846937281796
0.9139157682973015,0.887444005007688,1.811663387633719
0.9291285105620348,0.8904771227876843,1.8264812406015007
0.942814166383207,0.89364169602811,1.811233761173176
0.9584895709195996,0.8977731199429704,1.8443688656435904
0.9724940348485723,0.901311764568811,1.865033707820366
0.9864067754294142,0.905101342255189,1.8253043890255571
1.0006440021202163,0.9089796513365287,1.8740103858543389
1.0163345652925835,0.9134548317415204,1.891756126466915
1.029256382754464,0.9169442819806364,1.848077194734297
1.0435161940281674,0.9220698552597884,1.9384480766630958
1.0580617190513806,0.9276711011941271,1.9142889750064545
1.0719165828830928,0.9319275566137687,1.8620974940557526
1.0872105742585125,0.936637460513097,1.9059258871183433
1.102023437886635,0.9424119851828907,1.973493620501464
1.1170897539916023,0.9483679400929178,1.9683281623816586
1.1313069853794613,0.954390442112774,1.981920373296425
1.144661016625324,0.9600757544830056,1.9268764083253218
1.157034713541054,0.9662945498476573,2.1024480171810476
1.1707497928747341,0.9740545301260664,2.0413768526510694
1.1839330221065882,0.9824223235061794,2.1739995412963844
1.196531977271006,0.9894331190477228,1.9962026079814532
1.2098798198977376,0.9950758236304442,2.00123447751677
1.2224189538260288,1.0012626511258853,2.043065206026701
1.2342673500110075,1.0070433388152722,2.062258927446178
1.2463524591642012,1.0129381840441687,2.045683876028569
1.2585644416839235,1.0190373291538712,2.0658485954911976
1.2721671593905481,1.025946070554815,2.0218353210607343
1.286879161583335,1.0324936505675508,2.0335910564260207
1.3016866379334047,1.0395560679346358,2.0665077811985766
1.3138213492244237,1.0448333347827714,1.981485739849994
1.327606135173589,1.0507211211528742,2.0065303628652478
1.3413273950161075,1.057081695130789,2.0231768809398574
1.353772130804795,1.064101325675215,2.105106372872864
1.3684387212218598,1.072728993683135,2.0931530268781136
1.3831320905930948,1.0802770246012574,2.070832895606804
1.3940018922421415,1.0874662111420335,2.2327890937572934
1.4053020563872214,1.0952749791349699,2.1785487145801303
1.4183703710998927,1.103808491878518,2.131958509907845
1.428096615377881,1.1107536212978517,2.2424147289706506
1.4399206539143885,1.1210523620929131,2.284798105521539
1.4507714240657408,1.12992010581703,2.2862690290931447
1.4629364248939773,1.140111671882812,2.270527252704942
1.4735016786463582,1.1490515301385964,2.28792040619912
1.4850789835139688,1.158659629976865,2.2299977488719165
1.4968115025513553,1.1680195688879351,2.2829444521434814
1.5076327796698814,1.1783562507474425,2.3548272966577257
1.5186349762561204,1.189045828217764,2.353475949985476
1.528325756315032,1.1989071335479038,2.384359292683836
1.5394339881511232,1.211322730059846,2.424280001986404
1.5493210300200067,1.2229271641974218,2.42368534188677
1.558704992172507,1.2347638371125964,2.47266227171786
1.5680619769835367,1.2470215059135095,2.465046068701264
1.5730737786954565,1.2604110471076528,3.0468566696739066
1.5778576293123447,1.2741284851277477,2.6553511159820897
1.585104082037175,1.2852719245432735,2.4783008494775167
1.5921926233972528,1.2979606238322436,2.7323095725004705
1.597597320498284,1.312155793140797,2.7274125569056933
1.6018994710298027,1.325601130239147,2.9015859915054016
1.6063261885425388,1.3406384595237057,2.7564056368031813
1.6121103744109953,1.3549957495263123,2.745233062795924
1.6176877625722936,1.3695885567307908,2.7531531153779687
1.6238256526948187,1.3833501493290887,2.7019677624509977
1.63094114929882,1.3983007207980105,2.6701003130897045
1.6376682641388118,1.412288101361175,2.7500898851265183
1.635122654859497,1.42795214977913,-2.627627201208777
1.6328961845535068,1.4429801633899666,3.0880147903967097
1.633959428141496,1.4575045561505775,3.056110904681541
1.6273213363002075,1.473977300216292,-2.424817803039083
1.6215424271316097,1.48520538199554,-2.7984131130301253
1.6181570327761758,1.498305916760699,-2.923531488990237
1.6165355244398154,1.5126787799725514,-3.100254073160618
1.6189256723944743,1.5273080578405502,2.8420620659760027
1.619033805395246,1.5419534214735477,-2.9631628153429537
1.6171307671190043,1.5558600923834613,-3.025014122656184
1.6159297981277567,1.5712287633878694,-3.0851534613078915
1.615541515213014,1.5854561039396264,-3.1187878966404274
1.6183723943499175,1.5982389432929587,2.806207752816375
1.6212179826840776,1.6137880989057505,3.035139915052997
1.6231100311435827,1.6264559195086299,3.003080373787137
1.6231966472213635,1.6394524025200639,-3.0153635890593096
1.6221112956173511,1.6521604315386305,-3.0382989288533224
1.6208968435599664,1.6651731144028146,-3.0391096039791945
1.6209574613680955,1.6782794777264318,3.0593872140126845
1.6236128203663032,1.6912731455698078,2.8624038674497654
1.626571322038933,1.704412419482301,2.920900661399869
1.6303063110999476,1.7181814333824132,2.8113309001656885
1.6354302275012509,1.7317561816544758,2.750653477329442
1.640130915556106,1.7449951369716805,2.7521615675619673
1.6455720825560627,1.758095894552704,2.72702922844911
1.6516778284932547,1.7723520732932287,2.7141045561145574
1.6565736361896553,1.7871601306840936,2.8042152752849114
1.6610655032419275,1.8013988086358,2.8564461890190147
1.6648779058491485,1.8161677712999855,2.8467538739941927
1.6674503946757795,1.8324648699466832,3.0612132286154057
1.6679992542649427,1.8471951754171512,-3.1389085048878496
1.6674451703930775,1.8614335812168987,-3.0844379895017933
1.6683443755908565,1.8758755931149296,2.990070902412661
1.6703081293901672,1.8907237606653384,3.020371341734426
1.6710312432815038,1.9051272474702021,-3.138334907845034
1.6728244518387787,1.9177946311498868,2.890105044554098
1.6766423578114211,1.9327841447879943,2.87663655890262
1.6798435437266006,1.9474354252766777,2.8919017255699546
1.683503075220184,1.9598398310717724,2.856387892369091
1.6870659882194257,1.9733151733064433,2.8264965143528693
1.6916749681861654,1.9870620719145407,2.7939107292206837
1.6964414600261144,1.999105578289263,2.7425969560117855
1.7020575185130706,2.011049939667153,2.7136874552458896
1.7071438666349295,2.024646821532379,2.765289136704705
1.712838477075114,2.0386417981090927,2.7536557345716437
1.7179277570078564,2.0521613790398363,2.7817669431374163
1.7243268863914607,2.064957343925076,2.656369414334084
1.730425340137885,2.077357312953802,2.681129344549246
1.7359937635305638,2.089725845502071,2.74000025469515
1.7404075100766496,2.1023877768048753,2.846024236875948
1.7428622007018701,2.117446308856214,3.097900873937116
1.7453371055632827,2.1316411435005667,2.842473447856783
1.751429607265737,2.146202583357877,2.7282599267752916
1.7563658871439773,2.159403880890807,2.8518986869487373
1.7595123624479347,2.1733220029244396,2.9313358698627154
1.7623406718507435,2.1866141010735523,2.922086225651093
1.7651714857816536,2.198399448768095,2.868673998492212
1.7689296470409546,2.2111239793810835,2.8704566895466925
1.7735167863179127,2.2251163114982,2.791510989498714
1.7779661854273832,2.2389065138668776,2.814756437461496
1.7818477786991485,2.2532064192782117,2.834851901518412
1.786284304145833,2.2659431557578635,2.8111504042226976
1.790738673210106,2.2797346309109034,2.8436250250134787
1.7944104677811559,2.2922029498191425,2.821292826892496
1.798695015568856,2.3065640935549454,2.8204799330055836
1.8040200544409477,2.3214559636248167,2.7779411372353753
1.8083901116291619,2.3358244079246524,2.765039598304024
1.8128233402355238,2.347405014198482,2.6722258015072664
1.8184711753000633,2.35733114729035,2.6389443603217857
1.8246946491553293,2.3699283086588543,2.7043877804371697
1.8302295768853392,2.3825364303623746,2.7287538602448262
1.835714041273017,2.3955793674251877,2.7136911051782358
1.8411004724781908,2.410182404326259,2.815518478374546
1.8460171173536535,2.424589839381351,2.717737269384293
1.851406691895426,2.4378206658683594,2.7840515785045503
1.856592063166363,2.4519160901839365,2.811428968009479
1.8610821500284402,2.4670146272541444,2.8417297508304618
1.8660248564299906,2.480756588729696,2.7692253742145247
1.87056174483415,2.4924160202238155,2.750817643318251
1.8750198473719957,2.5062657693377868,2.8034654251322233
1.8796894633758303,2.520494656689941,2.7830660492195998
1.8842162271858593,2.5353274561514723,2.7826497017107776
1.88985067408451,2.5486968854998797,2.7326851850926226
1.89575816762116,2.5624385734021486,2.753595512213382
1.9018711588567447,2.575458912351661,2.663072212711264
1.908685949861856,2.5896305710667424,2.6986637211363904
1.9157191890238452,2.6030544772696254,2.6116193749548318
1.92196239457298,2.615088702898419,2.7037077680408808
1.9279728872025141,2.6274009464241126,2.6392666986929925
1.934890718262012,2.6410719340691133,2.717525702049551
1.9413571902934523,2.6553720640499496,2.7233962309491897
1.9464569959458162,2.669002624537791,2.7990062000868594
1.9520162330476978,2.680857107427088,2.684255383264902
1.9578093851270946,2.6930036894280156,2.689630963948517
1.963215033556255,2.704670744905641,2.6991827343113997
1.9691479286346802,2.7177181142353755,2.7364076692069377
1.9744269442865277,2.731557811137743,2.7436193935894297
1.9811610432436064,2.745379473645944,2.6860314396756224
1.9871668082093858,2.7597053988239257,2.77584099419634
1.9921886857302071,2.7727679506711467,2.7724027176194346
1.9974912720426865,2.785325171828232,2.714505205132606
2.0033368453558724,2.7991126357536453,2.7396674018725964
2.008736228996174,2.8133483451673382,2.7495889967590523
2.0142971339073,2.826432962309411,2.716211049319771
2.0202439101827503,2.840078339586162,2.7336121636361557
2.0264264338337017,2.8545052742889174,2.7167500277890317
2.0323095541338985,2.867381581823196,2.64958850860233
2.0395734074360323,2.880013295308245,2.5922231071604007
2.0475598051339827,2.892572493616896,2.571493512470678
2.0550646925598195,2.9062688495315254,2.6943044720707947
2.060811619037845,2.921381867500034,2.7567192372863683
2.066003953417897,2.934835377595778,2.7635920367736295
2.0705543055143143,2.948670963241486,2.7911456186458836
2.075391056972978,2.9629925127098145,2.749800321951175
2.0812789418935673,2.976622125566346,2.7242231948142734
2.0861029138344036,2.9881631363074734,2.673178103926737
2.092425842994768,3.0016143033277323,2.671871039826862
2.0984104292800843,3.014699272833491,2.717737342087122
2.1045820575827685,3.026797029347696,2.6044173268059936
2.1092477062555295,3.038571042831849,2.82404881245138
2.114419946404277,3.0522202878248335,2.715204883359858
2.1197505581715235,3.065024537491203,2.7314501174117263
2.1252970925330255,3.0786367161061947,2.7359903387105544
2.1303268630352163,3.0902472016223648,2.6938909053379936
2.1364291830417934,3.103116430151343,2.6919460460398708
2.143047107544213,3.1174358219330696,2.681264725987279
2.149306338914331,3.1304441718483518,2.635640561725459
2.1561348885944533,3.143349314238473,2.682326981501875
2.1624300780925036,3.1568686443198573,2.6864681400056005
2.1689034438705597,3.170595001013734,2.6718543857712365
2.175508923603344,3.1831880613225167,2.631346185266272
