-1.5134936539646706,0.563361519186613,1.6211275234529348
-1.500262438692467,0.5641331418620861,1.6384168068913072
-1.4861138210561446,0.5654163687635438,1.6765556922896105
-1.4722549201367685,0.567132447063732,1.7303778204707039
-1.4584236165964564,0.5685292274170645,1.7000129782619815
-1.4438663954992002,0.5705707804184272,1.7078150891300183
-1.4293920987342845,0.5726337257898035,1.7463836479532626
-1.4139975710988455,0.5758271363347873,1.7546352043800832
-1.400150946149743,0.5793017871944339,1.8215431522771588
-1.383704173087039,0.5831122686619321,1.7979063303933311
-1.3713842902973499,0.5863471938567301,1.8114624449135754
-1.357131283743943,0.589634025492496,1.8101301283776583
-1.342515035422192,0.592257729143681,1.8172269617377685
-1.3276772723778432,0.5955278375483778,1.8459237519020806
-1.3143804030205135,0.5992682950271465,1.8633906733556933
-1.2990367253647388,0.6031817452759384,1.8409087757073272
-1.2849712459493734,0.6074830532597519,1.8919802026025192
-1.2703890398270097,0.6118116085083547,1.8883894481772978
-1.25554397921345,0.6163287082692712,1.8842992858573442
-1.2419043416344084,0.6205839192115378,1.918248343796793
-1.229361739115831,0.6255114844119457,1.9221226306310584
-1.2146564133036413,0.6304021014341464,1.9288341671825449
-1.199598273347956,0.6364085301150594,1.942218453114649
-1.1853246406092255,0.64190754924478,2.016778286737773
-1.1716556906318256,0.6477117601980901,1.9634955073455873
-1.1592824597692317,0.6521432416702112,1.981873553666022
-1.1446265355879142,0.6586795023533499,2.021141446446557
-1.1335393971728032,0.6648669475181995,2.092216808398289
-1.1191753458577265,0.672229373810611,2.067526600064388
-1.106106241022929,0.6789247968269843,2.0413911147616965
-1.0926955245878673,0.6862911687938839,2.106144300555696
-1.0790168760563184,0.6946378785344062,2.142738018005754
-1.0663830245785049,0.7033126369175717,2.1954365054720055
-1.0544769535481433,0.7106614509670127,2.1187858210598485
-1.0420710185143842,0.7181794785546698,2.1343585169332147
-1.029640612866009,0.7264598560266141,2.1991321365686027
-1.0163786383298,0.7363545774624197,2.216630344614604
-1.0051979987983632,0.7444337296320226,2.1999509784347175
-0.9929076712462946,0.7529194730250953,2.1621787039751323
-0.9804949715561807,0.7616270212310292,2.2023027541048177
-0.9704928876132007,0.768964763833404,2.2355280072821233
-0.9604952605441002,0.7778075201042459,2.330230496946549
-0.9510601638651883,0.7872821453657691,2.3880413492179247
-0.9407552515169514,0.7979539080751991,2.353981604543176
-0.9306869764825898,0.8091150265760415,2.4130596068063084
-0.9211829602580581,0.8199664841114355,2.4132504853296814
-0.912598695232126,0.8289853712618276,2.3338762832263757
-0.9037688671546683,0.8376554018899086,2.354765605008392
-0.8938218686798919,0.8486261469260397,2.4375144372681663
-0.8851532881699006,0.858241537235858,2.391376321930844
-0.8740983533029935,0.8703233610839809,2.4314430294536296
-0.8657975420944124,0.8801311250837797,2.4069359462931286
-0.8559244269206423,0.8918831742479838,2.4707581211588505
-0.8468290921062968,0.9044314493282783,2.5205625332570407
-0.839353765138607,0.9151418490884228,2.4989922308247103
-0.8309655718732287,0.926701404073673,2.490127756014053
-0.8217830872673352,0.9381335418393524,2.449416145900035
-0.8117358826063804,0.9499702844069898,2.4376556381619983
-0.8021095984690788,0.9606287382305158,2.3932954428140034
-0.7929711673746089,0.971304547415331,2.4634186259569493
-0.7845485502680399,0.9816115087587872,2.426812322615479
-0.7756240438723205,0.9918286483243278,2.4012730368460313
-0.766591999824183,1.001626392001124,2.3936478805111303
-0.757348241586855,1.0128262827662737,2.506180242644541
-0.7483472641075745,1.025166764051336,2.4788623901433913
-0.7395195800173114,1.0364460131785158,2.451284603803521
-0.7306893708815979,1.0468333973862503,2.443215468263729
-0.7206382166451497,1.0590963117004506,2.4675708661829603
-0.710896846621736,1.0712627833919253,2.4329470885791324
-0.7012621404230565,1.0831509706102196,2.4831867078126755
-0.6932730054486556,1.0948697619931604,2.5523166353053455
-0.684487708356741,1.1066533820682563,2.4977371922202285
-0.6778722804256203,1.115797271309724,2.5345424664485323
-0.6710641521360913,1.1269412659749651,2.594939410174155
-0.6640788823780666,1.1404491128508805,2.6360974093229075
-0.656347718066337,1.1542537461525941,2.635586125297895
-0.6488234094949981,1.1670554387250691,2.6040158265776445
-0.640925257954572,1.1806460940907968,2.5713405661818
-0.6328045222458712,1.1931393340279441,2.5738390235654136
-0.6255347475941564,1.205567822928702,2.681843822590795
-0.6200641590756041,1.2186539008218489,2.7504732214952967
-0.614080783740931,1.2320067333632194,2.6615601276358922
-0.6077002798918217,1.2454935298380307,2.6691882561569633
-0.6013870737297229,1.2591245611397806,2.7072208158830193
-0.5951653284196096,1.2736703285599875,2.6835149835365124
-0.5884436545327245,1.2880233570055024,2.7087161858727082
-0.5821404915389135,1.301051959114705,2.690908001481998
-0.5756417803159293,1.3139960685244962,2.668482856229059
-0.5684005459934017,1.3275874628709055,2.667115013677747
-0.5619571396795257,1.3413279475076114,2.6747907276183263
-0.5558043311351579,1.3546728723969244,2.7435745640615177
-0.5506394045966676,1.3671403296777629,2.6923721846403166
-0.5438404207252127,1.380777540444248,2.694904235143126
-0.5376739410290816,1.3929231877299733,2.6553621037085953
-0.5298073370835046,1.4073256537643306,2.6777995652878577
-0.5225934044497682,1.4210376846919328,2.640245345555774
-0.5161251737248297,1.433552508778485,2.6265163170601054
-0.5087484849363052,1.447417452084389,2.7086547701672608
-0.5023870586122314,1.4598025517386017,2.6116765468087286
-0.49480700108360076,1.473410188282648,2.6306566222906773
-0.48836072951117054,1.484783562394639,2.630261729301535
-0.48094881989641347,1.499268598220473,2.6382128391812425
-0.4743911176416819,1.5109071523580302,2.6239228050125183
-0.46651253069075993,1.5245103365699273,2.6035902003634326
-0.4595205560590374,1.5362113402299402,2.6296290872928556
-0.4535499248491795,1.548618890235652,2.736263286214029
-0.4488053357557453,1.5619222951989067,2.7691979633372155
-0.4439529051644754,1.5752793774019163,2.7917823630196574
-0.43811437577315093,1.5897781103484185,2.7625536270824784
-0.4328880558664669,1.6028325175832152,2.7529954519537863
-0.4268168919093395,1.6173061315412784,2.77476988450234
-0.42158705505251487,1.632490182793528,2.8276641817119583
-0.4166051020848292,1.6461690917808578,2.7623923189675192
-0.41063758201925904,1.6608446860520818,2.7455778619076807
-0.40426379523809003,1.6746372404436216,2.6770282342154856
-0.3980787718345169,1.6873263019389335,2.6680205538417665
-0.3913751479896903,1.7005570259565526,2.673371286479377
-0.3844315336252683,1.7154536240195626,2.686072832003871
-0.378113943527322,1.7281798626379297,2.6481906803815742
-0.37248774909315013,1.74176806397242,2.780025383835895
-0.36794835021794703,1.7556946927519956,2.796164506703359
-0.3636442186739884,1.770005529092963,2.7661631343180066
-0.3577812622234635,1.783711304495029,2.73132043201972
-0.35204200505166966,1.7970074478192162,2.726083116818505
-0.34622898667535706,1.8083561809548667,2.63206977731272
-0.3387071931522375,1.8222729530499002,2.6511416366468716
-0.33214863188995514,1.835753248693125,2.7106916384335036
-0.32656745470704307,1.848680460624255,2.7260583876039792
-0.3212553248448077,1.8633178370564123,2.8482689067997837
-0.3177229390439253,1.8758573278678539,2.8139506278691266
-0.3139047979207833,1.8893900205437693,2.8235820278534085
-0.3095285725610326,1.9032196080218473,2.8600909750827017
-0.3054720188069393,1.9168435944749564,2.8464245006563913
-0.3002922206977579,1.930718387518681,2.7380515515447024
-0.29543428181313725,1.9445565223964187,2.7924562061248492
-0.29201624198869947,1.9584979153654427,3.0153722933701563
-0.29037844784256434,1.9731162810564,3.0384387865235025
-0.2886684872978075,1.9878378971696409,3.012954615296435
-0.2865773645402279,2.0036011831593346,3.007806552110775
-0.28465145318403845,2.018444829916192,3.0184231074006225
-0.28294337570032574,2.0315288846846786,3.0201360729316384
-0.28019649656725926,2.045428701897851,2.9116234135334134
-0.2770238496771442,2.0602734214710243,2.8941743628457535
-0.2734909448335461,2.075388849711169,2.974946564442782
-0.2710857869670854,2.090450044403165,2.977562811781216
-0.26859563370113987,2.103756596054725,2.9404918811756335
-0.2657434607199013,2.116464387543861,2.9220732595926635
-0.2626821976172482,2.1306787658994146,2.9454826234705713
-0.2602492081763109,2.1442963551296295,2.944582555995936
-0.25721636871510645,2.158710778462101,2.9172202533900187
-0.2539465180400022,2.1725092442014913,2.940502810408041
-0.24939439699771268,2.1871216930154187,2.7932944618901976
-0.24413757601314923,2.2021975058256222,2.8166144881622825
-0.24366009429911764,2.2160485579020706,-3.065261685781772
-0.24626591587463736,2.2293302948589493,-2.841949137591978
-0.25222171871744187,2.2428871821534475,-2.676197812078005
-0.25828351183157794,2.2562145014710895,-2.7401697330908648
-0.26358781132393894,2.2709350630362852,-2.7590967354298597
-0.26760158512526266,2.28598962634432,-2.9126629395335106
-0.2690528584749939,2.3005010181599763,-3.1403191165010047
-0.2697445216143808,2.3147136455723816,-3.025288369435267
-0.27081533011232395,2.329880921376036,-3.0702001211179093
-0.2698345591267625,2.3439041585634883,2.977402329254376
-0.26838714053854906,2.3592891469386377,3.111706743981973
-0.2677576617140632,2.3732326658631253,3.091689272574739
-0.2663302078050227,2.3876251520721015,3.020100360869859
-0.26426670180517947,2.402512969065409,2.9805443580725397
-0.26210928498569186,2.416895978940773,2.961624770037141
-0.2586120422098061,2.4312309314436367,2.829722077142245
-0.2568576227877708,2.4464409444062447,-3.1385664512268385
-0.25780577749938705,2.4603927137881905,-3.0291786679725146
-0.259513137308302,2.475017454740794,-3.0192242943894154
-0.26195081285638966,2.4889336422158705,-2.970186242019865
-0.2647004481487939,2.5030836640112493,-2.9085513592936167
-0.26862751562226644,2.516971485474866,-2.8405336564852903
-0.2729579657675275,2.5296450963794235,-2.77685071730366
-0.27742162234174117,2.545997960418076,-2.919519370526854
-0.28354431993422163,2.558513899955437,-2.521669537364753
-0.29011852584943426,2.5713887246164626,-2.7487340720801154
-0.2941458898904596,2.585706344879186,-2.8887395871294137
-0.29806897630126944,2.600227982910204,-2.8878544137131246
-0.30072475538292026,2.6154945662677553,-3.0293407036661724
-0.30538754295567905,2.630815178533103,-2.709517541726271
-0.3121209374101312,2.641710733438291,-2.5438191383749955
-0.320049146452488,2.6555141711711485,-2.651558201191743
-0.3269399256439515,2.667610191784522,-2.5715984733659214
-0.33553959349675233,2.681822437312059,-2.595946550684649
-0.3445841602693739,2.695742642901142,-2.5256452076692835
-0.3497707087042884,2.7075899690384038,-2.881111489267978
-0.35482313165526985,2.721166057478573,-2.6933336824616343
-0.3614641506635688,2.7337291959188317,-2.6142706667276605
-0.36564374690299717,2.74477183983962,-2.940345937013043
-0.3687211910531091,2.758165741133448,-2.9300433843885743
-0.3743003882550874,2.7685994956555104,-2.548609077461303
-0.38189159034110726,2.780092979709272,-2.559122898651834
-0.3903857652118732,2.7924843248738473,-2.46397503722355
-0.4009531012396095,2.8046808300360135,-2.406029247257042
-0.40979917783002473,2.814928803631763,-2.422244737010095
-0.4177818786023229,2.824069433271652,-2.4103408737044645
-0.4258828525017778,2.8334611643878502,-2.4045377550058338
-0.43619389137632286,2.8437786589581315,-2.3313885613469414
