-1.1319362168516582,-0.5707962412773993,1.6213172548608434
-1.1190600059694351,-0.5701498103756047,1.6175051076531486
-1.1043912441122115,-0.5691959400205426,1.6504574509529732
-1.0906985233526478,-0.5679155876179222,1.6752026233729902
-1.076033024272029,-0.5660553839195634,1.7184889296815178
-1.0623536379401037,-0.5639008828487971,1.721286298716072
-1.0480643533337584,-0.5621483529518234,1.7141455401273147
-1.0330368390082025,-0.5604998809125118,1.7028160001620232
-1.0190892383723342,-0.5584257006394762,1.7273380876909603
-1.0045002962946137,-0.5559300214301982,1.7124497615821481
-0.9898083835154229,-0.5534934205526533,1.743873993107852
-0.9753320220728608,-0.5513768788465039,1.72578021260495
-0.9608415692820167,-0.5483344996968312,1.8104336848799754
-0.9456782919386637,-0.5449142553420879,1.809116991455045
-0.9324956785923931,-0.5412182963643046,1.831749101946246
-0.9163035050357675,-0.5369100412399385,1.8110220016425187
-0.9029390747401937,-0.5326207968781397,1.8774476364909307
-0.8890360075057729,-0.5282196787158009,1.8909326782457276
-0.8764897944162687,-0.5246552064064111,1.8704009705753588
-0.8629918576677995,-0.5197501907596955,1.941494664893808
-0.8472430116381258,-0.5134458887376101,1.9767596086856112
-0.8306210514958825,-0.5065876845671345,1.9334375819672573
-0.814539854212783,-0.5008916525786948,1.916276660283541
-0.7996776728711626,-0.4963794660434694,1.9253360856420125
-0.7866016918563177,-0.49148086483303055,1.913140466221346
-0.7747527056574226,-0.48689955876066937,1.9536505502294974
-0.760931894321572,-0.4807445050114059,1.996151619096233
-0.7463644288131391,-0.4737027749119414,2.033216827968672
-0.7330429714016795,-0.46734726408825045,2.0649168911598816
-0.7201634391208122,-0.4595711662401869,2.1015188449798248
-0.7074863522335088,-0.4519745857304081,2.1201004221630138
-0.6955428544130047,-0.44501419025314737,2.1229689201179056
-0.6821754278806917,-0.43677525248545296,2.1273583187519693
-0.6688372930794937,-0.4287598754320673,2.1254573946268316
-0.6573230321795368,-0.4221406358905908,2.0900066661823393
-0.642896866804836,-0.41414855319616456,2.114094310526737
-0.6312360091186388,-0.4067909160503318,2.1340677876032705
-0.6187374057181945,-0.39857820201762395,2.1709298619029225
-0.6064767726505881,-0.38927581487399754,2.2657417805983697
-0.5948747026795698,-0.3806134897760963,2.197407558143545
-0.5827517924162057,-0.3711107728867475,2.308364300475524
-0.5717757311326584,-0.36108252661690204,2.3546170811268854
-0.5616480569762028,-0.3514079893409412,2.3653821535913435
-0.5514638801923322,-0.3443052568075976,2.1255037578160323
-0.5415493002744726,-0.33519611984887787,2.4211868330308173
-0.5294346040890867,-0.32431364434869075,2.2303881325582022
-0.5182872214585381,-0.3153218115505517,2.2869137212786526
-0.5070706033246788,-0.3049517124789323,2.3428924755782585
-0.49660742612458014,-0.294859998937686,2.3246284835144087
-0.4857551632340021,-0.2849418086673445,2.339760505410292
-0.47554003238405607,-0.275605255547272,2.302816399725235
-0.46543881666728215,-0.2655995148658908,2.4032061849576523
-0.45520620576169823,-0.25543108993816677,2.318267960921208
-0.4443016228870711,-0.24543814962002383,2.271932457604112
-0.43313203894422997,-0.23625153869184837,2.278087567788673
-0.4228177649707174,-0.22597059942164394,2.397365269742351
-0.41354619546950355,-0.2148154233770307,2.4680672850688494
-0.40502711568552113,-0.2044180616533844,2.422136361764626
-0.3957028813874585,-0.193747185013259,2.404105358853954
-0.3864445825001714,-0.1822395241380558,2.477927027212215
-0.377502161739282,-0.17021771520427909,2.5063749546743486
-0.36916801989832543,-0.15725500669444228,2.570343137404939
-0.36063276003621286,-0.1436338422734796,2.5754029429414405
-0.35364437283952016,-0.13258082303774257,2.549965645477257
-0.34656894621181294,-0.1210380092744539,2.6054335854414568
-0.3385814028178902,-0.10940646402545622,2.4816339398277782
-0.32992155085918523,-0.0982252932770327,2.468370463352424
-0.3209745343269777,-0.0862823366307399,2.524346738111409
-0.3119728841930534,-0.07345372612834235,2.503709600333556
-0.30430018721863183,-0.06121622478217026,2.5710108246118635
-0.2963844879452997,-0.04915226974092053,2.548393189940516
-0.28761972010833126,-0.035757322880669254,2.5617513279812405
-0.2796695771948459,-0.023728921833029087,2.5089834215115716
-0.2714697087160827,-0.011715319698503134,2.552361006200053
-0.2635761743847127,0.0016935340796581226,2.595871713288814
-0.25620597119587074,0.014243454797719093,2.616495335581406
-0.24864289788328817,0.026613025854792815,2.575767372115439
-0.24178798317859668,0.0377848934369016,2.5564033486362763
-0.23384570155879592,0.04979464822350376,2.5326212626708564
-0.22466320718747346,0.06297789369728107,2.556216724777773
-0.21737258675202223,0.07587167225501187,2.614391327855604
-0.21057994981084346,0.08726893311941657,2.593274798380561
-0.2029220969884205,0.10113537368403215,2.6386953970696263
-0.19640792800824874,0.11438888580104502,2.6889267742500595
-0.18867608780895712,0.1285771484689404,2.6119170435535657
-0.1815916910704208,0.14091247584717725,2.6013791099273775
-0.17340108432311896,0.15469985720153964,2.574667970090675
-0.16478948985473407,0.16795880320787082,2.562090830156553
-0.15591786924942816,0.1809943828615347,2.543732850274053
-0.14936078572708308,0.194242041723546,2.767111199642831
-0.14453787687178854,0.20889873128945877,2.768795898355297
-0.13893923029637456,0.22282831408304582,2.6808429374661458
-0.132901827656935,0.23489986511975428,2.6583335947485423
-0.12622112382678313,0.24805440299622072,2.655884090133438
-0.1192249047230202,0.26172172014438766,2.6401797048507567
-0.111921413367035,0.27498833202353523,2.601957239614548
-0.10469947513110522,0.2873216376152741,2.6452910788906605
-0.09778092130751521,0.29981947945462134,2.594077318639116
-0.09034559212787661,0.31260796188638773,2.6156954669910712
-0.0832627665159139,0.3247476495623068,2.616257065221243
-0.0764062629403645,0.33788454767163234,2.662612635069742
-0.07040005455630148,0.3500790584697516,2.7135363123929244
-0.06457417837742292,0.3638823440602824,2.715197476284298
-0.0584568528097625,0.3772870356165514,2.689319819960445
-0.052656252387486835,0.3902339773370049,2.7485727669232607
-0.046510555078496725,0.4031318704923923,2.653097812643383
-0.039141289200958086,0.4170128501001095,2.653999247942532
-0.03278550024603296,0.4297559754129832,2.6825903610848956
-0.02672529209412322,0.44189742330155557,2.677773861454671
-0.020261190002997243,0.4563864606156573,2.713239649811554
-0.013010483222000989,0.4703949380961195,2.6364512571995142
-0.006203957226755631,0.483956172261312,2.70170312792112
-0.0006267705062196131,0.4950323357763381,2.6742891716192507
0.006234029307364552,0.5091284895915412,2.736381950025646
0.009286147967776189,0.5247347586712124,3.0982631797553055
0.012680145369859487,0.5380111159481374,2.7411794056222627
0.017891620867614734,0.5515572373168067,2.742150326470284
0.022554786438825577,0.5658742027768409,2.9005381912603867
0.02631378982873246,0.5794578056416434,2.8357361748736363
0.03143226450150731,0.5945169148860895,2.811182024244952
0.03576738424149931,0.6073514345174502,2.827807848402015
0.03989866605750575,0.6196757366329689,2.7817894591771366
0.039198919013228584,0.6371249529728382,-2.9035425360232496
0.035203974333498686,0.6527882746126021,-2.8718769655888345
0.03231150085299841,0.6674355874737958,-3.0023201386633027
0.03275205831407417,0.6807535569450125,2.9607767782979852
0.03398026748141638,0.693983321289495,-3.1198168816027434
0.025771132629048354,0.7086561634970027,-2.3104605895360915
0.01855908215361232,0.7223484175883533,-2.832015662728906
0.018653990926496472,0.7357365419387362,2.947602671588264
0.017256464316309537,0.7473679717099564,-2.8451085908662805
0.013387386600190206,0.7592566416808807,-2.845074407406807
0.009984807074634713,0.7724741333282185,-2.9651701836349518
-0.001824550714169716,0.7852161747570261,-2.0931440497888367
-0.011105772542091955,0.7938007001565281,-2.504340795137145
-0.01583818990660417,0.8080377663858912,-2.9948829564482664
-0.022443208341470088,0.8203175133870637,-2.473303364719094
-0.027958060882721746,0.8335837292340855,-2.9509570965421488
-0.0317037551142878,0.8475005678740172,-2.835696281869873
-0.04217929816502758,0.8600672940642549,-2.1619713146452932
-0.05178283352704872,0.8686172882921863,-2.451000298038897
-0.06212378634874302,0.8773700748250141,-2.1495090536158843
-0.070871784228727,0.8861106680356059,-2.5062408713953257
-0.0746760468048317,0.8988669387999577,-3.0531786442619984
-0.079025871018146,0.9102628416124152,-2.6674948135177243
-0.0858718646068434,0.9231959861448322,-2.649092120133278
-0.09146671238139231,0.9345175375091208,-2.6955241634739258
-0.0982697489293077,0.9453425610993335,-2.535055019892244
-0.10399466390244529,0.9549243329330196,-2.6679207775891935
-0.11048831363763155,0.9675376905711291,-2.605648491775167
-0.11594048425694259,0.9788051695060581,-2.8670552542850247
-0.1214315322910289,0.9901042664380183,-2.598479150102919
-0.1272159909932389,0.9993114619584595,-2.5719565713784895
-0.13358824270136677,1.0102566531900241,-2.5890370399607354
-0.1397741144569211,1.0209069321339013,-2.6155542437933765
-0.14750283856297158,1.0335847796899107,-2.602467369729783
-0.1543142576158604,1.0455317736964702,-2.631353639233269
-0.16128845744047102,1.059708443306168,-2.6998504836447412
-0.16717227502767348,1.0715202918742004,-2.6915276228614764
-0.17194064483709767,1.0833379794812992,-2.75332155423633
-0.17734592080654044,1.094419586463286,-2.605537321817994
-0.18342915899320822,1.107037207483078,-2.733440946846928
-0.189493068887473,1.120296974802484,-2.678203459495123
-0.19470379874111296,1.1345287755232925,-2.794175582780951
-0.20136555334159392,1.1479096824019328,-2.589524807865332
-0.20865788773308364,1.1595778289185859,-2.575135163522527
-0.21796392832276065,1.1695346977969359,-2.2181970227205183
-0.2271648198473698,1.1797963946562173,-2.5793745568529536
-0.23322504705528405,1.1877838851652334,-2.4498769829723313
-0.24363312962724168,1.1953511370578211,-2.053441289993743
-0.25589509148410255,1.2015535711449847,-2.0525733771454497
-0.26799957784116446,1.209137086076755,-2.1827155163724403
-0.2761749560810572,1.2201696625166758,-2.7038515413334574
-0.28385182625120237,1.2299680198661482,-2.348799295812639
-0.2910223900044548,1.2379543714824421,-2.409772986010836
-0.30010697811888765,1.2481032409380897,-2.3968745820396022
-0.30831193625358605,1.257625503164042,-2.4327616259907696
-0.31888079026686816,1.2686939790971175,-2.365736783824526
-0.3295867504116844,1.2802916105709679,-2.384361376480954
-0.33903024609910415,1.2908110736392906,-2.4287023079678263
-0.34828788657526943,1.3020036741758487,-2.459164079325206
-0.356054049189278,1.3139044450139763,-2.6354835187600405
-0.36479752374615076,1.3260489215602753,-2.4162672833125316
-0.3719612611184767,1.3368983389242788,-2.639083505897416
-0.3795153524292987,1.3504848913178673,-2.583450008102658
-0.38762677166421333,1.3635576786111145,-2.6154571828312827
-0.39428208635615086,1.3755168670652596,-2.62295989459109
-0.40178593809826874,1.389628590378673,-2.6624881684758597
-0.40979346282912726,1.4032726458099787,-2.60286075279478
-0.4164682881968116,1.4146562065837451,-2.587760547529367
-0.42642779364123634,1.4286162943244594,-2.4896806476796383
-0.43283698457830927,1.4403541093765493,-2.706533737052132
-0.44012562903990243,1.4546757505013244,-2.6029638282025864
-0.4482865654703729,1.4675118156509788,-2.5757308317340386
-0.4562641698061017,1.4788315700607502,-2.462761235770385
-0.4656577294691898,1.490786740479641,-2.5120533911945904
-0.47495910268064745,1.5028350813570623,-2.445631538380328
-0.4831098837008566,1.5129496219679188,-2.448686833545863
-0.49415331380840816,1.5266730506829642,-2.468712401433607
-0.5042760869431534,1.5371457244826288,-2.3396323985978906
-0.5151442008385231,1.5474522299213123,-2.313124000919211
