-0.14502315603927007,1.3416497342310327,1.6170964015969453
-0.13085021880470085,1.3428027706000807,1.651326734219249
-0.11645093675972365,1.343827495291475,1.6421970626887012
-0.10142893802338136,1.3448364414365521,1.6609951795493676
-0.08688270025615522,1.346220163921716,1.6561085562859617
-0.07243421467439988,1.3473296936101964,1.6700274588486554
-0.05870262812260053,1.3485787165055312,1.6805361362266116
-0.044049786142567465,1.350517956782645,1.7483195382837313
-0.031131297919357266,1.3533751360819772,1.7999514345575094
-0.01586199008301159,1.35721905728682,1.804452578790484
-0.001480278731453024,1.3604698178688677,1.842312576729175
0.014212944130036716,1.3643996689041322,1.810739965134582
0.027963496374308634,1.3679893934960357,1.8455688846523348
0.04182852988355683,1.3716490146139526,1.8163835905745604
0.05416243440200626,1.3746186827247693,1.8543501125722233
0.06856867150870373,1.3788261459986444,1.8764653917887508
0.08340850571639076,1.3825486909338527,1.8573207969637548
0.09804133997122377,1.3860753550527745,1.7991112293880325
0.11113961932881446,1.3902170186259732,1.9345094553554765
0.12562262932599036,1.3953109659884435,1.8942206066028728
0.13966636604298796,1.4005615193239542,1.954845751516718
0.15250432276956144,1.4054402040693554,1.9630667233473458
0.16578162071685174,1.411318549677743,2.0044427271336094
0.17928221970569705,1.4176427196820909,2.046641920433644
0.19210898299351728,1.4233715314190678,1.96767415499561
0.20471139124005328,1.4289308642148042,2.0240010738388077
0.21913068321561166,1.4358782369455863,1.9991205473451261
0.23369190472295207,1.4432826863478248,2.090593274722173
0.24717242045591306,1.4510639539662744,2.105240035289979
0.2605848331132154,1.4585318372459697,2.08054919374635
0.2746470026956288,1.4661804478414457,2.0682259209796117
0.2875750233779376,1.4730076084924992,2.0572284300406496
0.30111692391344924,1.4799917020301554,2.0650354796476122
0.31458566677783634,1.4874415951989062,2.12806594348494
0.32844049225426003,1.4963411602703771,2.1546247965755443
0.3396545159078195,1.503501786748426,2.154283295456124
0.35228360266691594,1.511774464014197,2.1805901704469774
0.3647484101418729,1.5203124323107344,2.1574751907948415
0.3771047046876211,1.529573587712821,2.254298913194026
0.388551695989906,1.5372032334484922,2.094742174589051
0.40145243348728343,1.545168678613203,2.1603541836269007
0.4134881355492411,1.5531843372093974,2.1666380347704766
0.4254603163007182,1.5623380207502677,2.2359871555558724
0.43762455542252404,1.5732774781153103,2.29824471814404
0.4490885120218996,1.581776101070946,2.21706006729332
0.46066039620638083,1.5909641679295319,2.2780447139019047
0.4712677789860502,1.5997937930008193,2.302160623605516
0.4800196339538506,1.6071369987485216,2.2467172510033855
0.49126232643788764,1.6160916051522252,2.2427231844766435
0.5041150774645652,1.6255270423949109,2.219474126431466
0.5152624276491637,1.6346033628115855,2.292113111058543
0.5262247346191854,1.6450357645332034,2.3883074912028195
0.53658479773167,1.656676553076361,2.440314820055641
0.5454127098480488,1.6671641654912739,2.466384699916019
0.5538464541945252,1.679099132182586,2.5469635512519426
0.5620819319681288,1.6904859671545525,2.490626533613135
0.5715334175671816,1.701266576336674,2.4094814908346667
0.5811503962986667,1.7111763081248559,2.382163202417423
0.5912010269376482,1.7228799424372563,2.458228935255157
0.600539446501086,1.7342029400043155,2.44601309312946
0.6075336047328106,1.7436711019994713,2.49491226719337
0.6162325039807766,1.755365399517279,2.4727808391471706
0.6243880215852994,1.7664031401690838,2.4956560030536994
0.632469737485927,1.7761458166380908,2.411119406519165
0.6416075662231508,1.7854383893661125,2.3521632622746442
0.6516285062691977,1.7952462097559576,2.3601129085830563
0.6608629763164967,1.8054473648640192,2.42448222804426
0.6702720318770653,1.8163154775122043,2.4477921149793973
0.6767992775238921,1.8261391145029031,2.5845713592985944
0.6839584073573084,1.837712115048143,2.5923521247072783
0.6900975210641689,1.8486112694465278,2.6146073680537176
0.6974296311592125,1.860797986210423,2.6307905051337186
0.7009846303566162,1.870432712541574,2.7664112199472193
0.7062624251316577,1.8816351564750793,2.7340479247728036
0.7121618501204726,1.8945671161471866,2.7103666918810547
0.7134587030049009,1.9073627279790912,-3.0429966301940294
0.7097342559499357,1.9205388081988206,-2.6934992278334833
0.7060826998456193,1.9336369325543743,-2.8868210132468843
0.7051480591090223,1.9484297969966362,3.080926787271077
0.7070654698404262,1.9627329985952238,2.982185708866845
0.7112291859762535,1.9770614443788848,2.8119651197992828
0.7153434459212109,1.9889546061089776,2.766608572390409
0.7190178005621792,2.0012305727377577,2.8810943087329597
0.7223585833179488,2.0150016369248713,2.8751422392870767
0.7250403498360903,2.028693560478221,2.890669008220999
0.7278288949064509,2.043211218684611,3.005884444019599
0.7309952845319422,2.056528890374819,2.8322755769153285
0.7359166131884851,2.069789159521263,2.7855449366861245
0.7410219483610897,2.083109882566856,2.732108357616987
0.7463053387621854,2.0956760421931757,2.720593796668573
0.7486408388465344,2.1076578577621023,3.1254038364578927
0.7484486063517543,2.1219223885062957,-3.106256947608592
0.749130661186201,2.136056144996565,3.0170735862380322
0.750280068827691,2.1503188307520755,3.108815356758519
0.7521102776644066,2.16534619758751,2.9703315730814084
0.7518579050287683,2.1780942832882775,-2.971068691848511
0.7489355604069514,2.192485453676465,-2.902087728982739
0.7486425031229742,2.2070666179445855,3.0238923451628765
0.7489919047017727,2.2222959838243623,-3.094897122939598
0.7487806892741025,2.236210168251447,3.1219855318928595
0.7500249514188752,2.2493595731151914,3.0053405957045753
0.7512043132692192,2.264235080883958,3.0761582928619178
0.7520744660117206,2.278365530611051,3.0653085858192233
0.7526343735163015,2.2926222668560747,3.1178008431743036
0.7547322336680593,2.3056837585071026,2.906564694661735
0.7571447296702294,2.3184194904384383,3.0041201552508663
0.7587056348636599,2.3330478884475294,3.046792499460345
0.7608660190759103,2.3458053463961526,2.931511332899915
0.7638900549494184,2.3573032865913603,2.901248457475799
0.7663978816520893,2.3688253263827272,2.9484565045854265
0.7689804424613715,2.3829243159130753,2.974773730239043
0.7710357159457536,2.396727260451049,3.0138640253637754
0.7736084368545539,2.411156694791203,2.9500345702355393
0.776902153562622,2.424482880476834,2.8846663718414782
0.7807286726575108,2.4376203129387943,2.8545699440845884
0.7844884915531454,2.4504440644087597,2.844362679043134
0.788838281385075,2.4634898356450656,2.77357542690443
0.7930104459838755,2.4765622930854687,2.876473145963101
0.7962073578417663,2.4898548382167203,2.8779056184770777
0.7996821764644753,2.5031762735138177,2.8434320106403232
0.803265106295697,2.517645444352674,2.789181962489473
0.8089304521069249,2.5315968059502194,2.774514762655923
0.8134528576362652,2.544550703263418,2.827018909620636
0.8179764521071995,2.5557290592942223,2.7480027945668897
0.8227537002394715,2.569580711529828,2.862397943818583
0.8271153211311983,2.582568695476825,2.7860575790590523
0.8315778931142433,2.5960254403832677,2.827186379746338
0.8361129640625815,2.61017411613625,2.8032430083205613
0.8409229823524841,2.6250867142735337,2.780219495490341
0.8463961299571476,2.640315526238257,2.7560487430937903
0.8513786235645714,2.654657988689348,2.7868750039563763
0.856333472362552,2.668072341161637,2.812082956194474
0.861374714489386,2.6833255997684926,2.837171036149665
0.8665505109973956,2.6954925350735226,2.6665115654107123
0.8731409196760371,2.7090779070866913,2.7027476197372486
0.8796915272556706,2.7212345142468375,2.6583828038937565
0.8868232281920513,2.735394169001794,2.6937342858396836
0.8928499132534086,2.747919078987457,2.673728794060905
0.8976895099835089,2.759686172190191,2.758286591532885
0.902617484065124,2.7720243735927927,2.748956044117648
0.9079423958627532,2.785309000168234,2.7343809720073655
0.9139508659251133,2.7988903869325017,2.7290542466072565
0.9197225573583929,2.811390804924466,2.728509716703234
0.9253660600189473,2.823953760842238,2.694874921501977
0.931023867065237,2.8367824000019413,2.7279811875138607
0.93673250733016,2.850049930707165,2.7527024862415272
0.9426982059416867,2.863641934003617,2.723828401674917
0.9480852523270973,2.875279530633032,2.687462471101569
0.953787998560491,2.8866295998107643,2.690240120084202
0.9605363834339954,2.899585085996102,2.669734192791397
0.9656652933881736,2.9101737354550656,2.70868687911167
0.9708119408006058,2.9221888626594703,2.7678369511566725
0.9756560586749938,2.9342696724477157,2.8004484953199564
0.9798450328775625,2.9454479237451023,2.7851202839623372
0.9857957555097796,2.960401931756783,2.7355781946648126
0.9916319619606164,2.9739387121962575,2.7396029858417843
0.9973245425261676,2.9880914871268507,2.8122958722246074
1.00251082233623,3.001762553547557,2.75809978251846
1.0079549944274864,3.0141298385749207,2.739919763586841
1.0136562696125762,3.026830846300829,2.693195443490005
1.0194937943315214,3.0401270267282414,2.703649287936811
1.0259018986140813,3.053260081682823,2.6930140569436984
1.0319132865849192,3.065680707535766,2.690161059248476
1.0380761194806447,3.0786214662993814,2.7000743243128533
1.044122332007538,3.090839127012456,2.6903055043097024
1.050736070869556,3.105103086478671,2.744512991112304
1.0560417498461239,3.1196193580315406,2.714276712934345
1.0612303911336376,3.133116850942648,2.7622328336794686
1.0666900503332095,3.147692768211006,2.758540107653554
1.0728379232180385,3.1621549595338116,2.715673354941398
1.0790716133110319,3.1749949036359792,2.6934109491429066
1.0854191975367011,3.1899409751775396,2.698216012397304
1.0913479973023044,3.2042431336979824,2.69965815586739
1.0971478871132487,3.2179525717604274,2.7528318439897124
1.1011025538814587,3.232560543769931,2.927269860995249
1.1044384773795517,3.24651234371291,2.9028741219056866
1.108428305419005,3.259549587448835,2.8187762820894395
1.1115456677223754,3.272328646516439,2.849847487340019
1.1155568994532419,3.2856491136305177,2.8176558165936387
1.1200289907281464,3.2971595737717982,2.7562969333757583
1.125557530266615,3.3098525605018727,2.705874134294076
1.1300884114702945,3.3217451393025366,2.8094723909568122
1.1347249355289135,3.33455643602247,2.796972665455948
1.1396169364429773,3.348497660282145,2.775862863611744
1.144560004158448,3.3622369833533132,2.765473636172944
1.1496239859343875,3.3748066247459447,2.7517923464177247
1.155289106192239,3.389129541047239,2.725041308203284
1.1618547311382972,3.4036531106092918,2.706926030390549
1.1676273475247778,3.4174918631888493,2.729402429008827
1.1728663257477743,3.4306887871581377,2.735825366133545
1.1778051242668162,3.4438003010586193,2.7828038887513658
1.1819956287815054,3.4580820118793043,2.9006094538138387
1.185466085538418,3.473213654246859,2.848183336388513
1.1895684032884657,3.4872447668233244,2.8218891143349296
1.193658216971916,3.5012170768619986,2.8392760277951163
1.1982752750620433,3.5146635532685253,2.7494310422632187
1.204063408220378,3.5291482680103607,2.704599259009653
1.210254915747774,3.5431984837354316,2.732771281595903
1.2156791606841206,3.5571490626698696,2.763185741329036
1.2213454818340503,3.5711068325991557,2.7086490236342633
1.2274361863218815,3.5843779010632506,2.7036508308910747
