1.4088225078268835,-0.028646641222287005,1.619194204742226
1.422505522076674,-0.028181811060680986,1.6039806350558157
1.437540112935128,-0.02760666700356387,1.6089994374431005
1.4514567353209409,-0.02712069090953715,1.6191539412644078
1.4660681408686644,-0.02626305375297143,1.6592855090442482
1.4802172161493685,-0.024682680295418747,1.685832349005469
1.4953657049642703,-0.022918641087250235,1.698569765362367
1.5083968179380682,-0.02086576537999441,1.7534757859375563
1.5220598465847748,-0.019183851838603477,1.6978062477863598
1.5370293901043612,-0.016099672154724395,1.8088072887489284
1.5517307093575174,-0.012839328742583334,1.8184531219400029
1.5641960809016007,-0.009029990243409648,1.8494925915411289
1.5781902954797649,-0.005355467551799173,1.8286026116111644
1.5929944887111271,-0.0026351129898331232,1.7902360475954249
1.6068783598580871,0.0014314280789502487,1.875397900378059
1.6201369186828831,0.005631555087254747,1.912118066179453
1.634221766556877,0.010097447522005278,1.9260214183873205
1.6486991342535378,0.015755650168638714,1.9697904712282062
1.6618576376424592,0.02127953622777753,1.9328107993386427
1.6757193728045008,0.026362709290703078,1.9465102971004338
1.689361924322146,0.03193054259744033,1.978625359796993
1.7026226882697217,0.03681065078633851,1.9330816933993733
1.7162724805406284,0.041833589013457545,1.9196236429799072
1.729215913299785,0.04686175033127347,1.965486301676182
1.7437352812365057,0.052410185106966385,1.992283205349901
1.7588350745468109,0.05883342765661715,1.9987203597621435
1.7702687743315557,0.0644084405538228,2.077012360384312
1.782592492051244,0.07192841872862452,2.1421949382306313
1.794404238908506,0.0790926694241434,2.1277230029123415
1.8063512417808476,0.08738018580259221,2.1577039666459545
1.8195706724748368,0.09543332337250644,2.12284429390099
1.8331845897235288,0.10370451039383127,2.1128535200665235
1.8452588264884633,0.11158214965003041,2.1867115975771756
1.856680467305934,0.11928396204894724,2.1528901245714893
1.8659987979380754,0.12656106880512974,2.252726871124147
1.8777178167233297,0.13532508128824028,2.190905718327064
1.889086815818438,0.14403453309830694,2.235902152540259
1.9005611716673763,0.15280047253194778,2.1930013561377235
1.9127120432229938,0.16216544376370012,2.2479875608926077
1.9241330017140794,0.17205095758441286,2.306777156294059
1.9359989300385338,0.18343628128496922,2.3510078170980093
1.9464804261033863,0.19170215588149653,2.188779457469594
1.9586463835488124,0.2000521676844998,2.1620126133391966
1.97082062735504,0.2078287362666009,2.1251225378816723
1.982018462931515,0.21411362440661127,2.0815943677602875
1.9951405046903186,0.22194284326610406,2.144353954541408
2.006494043967908,0.22982406287086835,2.233100456598607
2.017688380825858,0.23859459050663254,2.2251144669469634
2.029099855814245,0.24727818843435256,2.19458549462055
2.041301215187471,0.25686806509404303,2.2596757993035865
2.0526043424428155,0.26537978527945755,2.1951443134956867
2.0635682474438917,0.2730745689908763,2.167231736608847
2.076630942247582,0.282377891348173,2.220749547886699
2.086022977334746,0.2899062768016836,2.3215839699626213
2.0959095815263646,0.298671039920881,2.2930885275873103
2.1066956020986196,0.3087709781615926,2.3291230186136445
2.1173147610404133,0.318231220910747,2.2965071906454875
2.1264994587342905,0.32661431851762607,2.2998066650303346
2.137666651996058,0.3370995551775371,2.322281535316724
2.146448407846962,0.3467524716469269,2.429764578097618
2.1569608350160285,0.35909416787134635,2.420965672660305
2.1639905367404153,0.3713205253120629,2.779930955234228
2.170024299844223,0.38581527679574257,2.698635608531572
2.17692128138538,0.39579456159107296,2.450860178892706
2.1861953769622717,0.4065958435187299,2.442905488785605
2.1952730748333082,0.4182264782448665,2.5075903173193264
2.203912510627672,0.4306642876477764,2.5591638027228254
2.2106286593351325,0.44093630241910264,2.5562444671197264
2.2187111656347787,0.45244208740692676,2.5521778903608614
2.2260307571014075,0.4635335895798854,2.542894606243032
2.2340754919937393,0.4755659742851588,2.526954576108163
2.2418942621554234,0.4878555841269344,2.5831058267408786
2.2497659213974615,0.5007564250846382,2.5945486070111743
2.256991074599798,0.5128922167144131,2.6299742580857743
2.264070238319631,0.5254438700469152,2.5937101212012745
2.270500756831261,0.5362944730120028,2.6123805465227843
2.2778212027103946,0.5488297673364864,2.5673272200866606
2.283620786363366,0.5627592702946315,2.869730748284373
2.287668973447902,0.5768576464498227,2.858340593027571
2.2921205864248795,0.5882698436525653,2.698485804350988
2.2978542157454194,0.6029374506465184,2.7633069815008477
2.302420108663939,0.6175081685479547,2.857760531410069
2.306794960453698,0.6327753958815818,2.8181593388649726
2.312002822631392,0.6467478521422679,2.7281986234067697
2.317096798872334,0.6613543561558005,2.8180694312092247
2.3222489784010665,0.6753165909826817,2.758514210761675
2.3284211259938097,0.6892498280481033,2.73829488679176
2.333161611487232,0.7014865630080456,2.808982276839483
2.3374177055784773,0.714284680009566,2.7933801299779053
2.3420580739059673,0.727371901979428,2.7595092882446193
2.3469597181348094,0.7412803827153674,2.7853987513635534
2.3506210701636645,0.7533603694301372,2.8132003271430297
2.355250855426615,0.7674487509293956,2.821228045110789
2.359475644453523,0.7805272345250224,2.837786245958124
2.363201167584096,0.7918176390040818,2.8182335598405963
2.3684304451386033,0.8045215609879822,2.7740193409688123
2.37295746832832,0.8158744985316945,2.7772946758092525
2.3787874106867437,0.8304629323812245,2.7710942929471423
2.383516742587965,0.8436851028664136,2.838865470828427
2.388427821228754,0.8577152941315044,2.7831685727101285
2.392922234265258,0.8722845165126201,2.781830186426012
2.3976331920660097,0.8871953752446567,2.7940544842266113
2.401538653540396,0.9015549855207635,2.810833212591936
2.405706008110875,0.9155817185814605,2.8536283341524395
2.409351932087958,0.9288297885530264,2.814452839491082
2.413512918239658,0.9411424058907885,2.814219006476275
2.418152801725791,0.9545045396468479,2.7828038495489853
2.423804494209419,0.9671124158389213,2.6632963294211716
2.4305877601170827,0.9792397528252124,2.6013986287639916
2.4392132926570924,0.9940817664570714,2.560242702013662
2.447246549551736,1.0061531400071926,2.567458625818035
2.453944083186207,1.0175781930077998,2.6242785494499294
2.460272686852695,1.0293811401971233,2.6615966925334846
2.4670767077686375,1.0442325813635183,2.719860570750239
2.4730586251151214,1.0582606953029652,2.7164359826330613
2.47814356513847,1.0697825728041443,2.7146864698252693
2.4836435334879976,1.0822357203871413,2.688869679717147
2.489769852817047,1.0960727027016162,2.6943205138536035
2.4966810472364203,1.111230530392739,2.6840108576345503
2.5022202322324802,1.122790036064428,2.6517098225403615
2.507862858355225,1.1341697546844804,2.691250235053566
2.513678852439784,1.1464506013308864,2.6708458954182825
2.519710306102756,1.1599510332541871,2.6902991520018573
2.5243049695090476,1.173283730689881,2.8093382126147284
2.5288495476541333,1.1873359040016873,2.7949017165588517
2.5343524172563776,1.201162260681868,2.7480541329852866
2.5396547585204283,1.2141635781534725,2.787504898789628
2.5442513178370283,1.2277356958906618,2.8323721718314396
2.5485768535565523,1.2426497625624986,2.8035062606425707
2.554043158676787,1.2568075582002403,2.7511323305861617
2.5589036360628836,1.2693405227213417,2.7587413764032616
2.5639978500346734,1.2831917884217772,2.775320938967546
2.569636118525133,1.2964474325485682,2.7133099924203528
2.5755765321402158,1.3095186871485773,2.6945674976065637
2.5819952073856425,1.323217701623631,2.7019320253629955
2.5863237034853963,1.3347698416135265,2.7963975551261844
2.590460587732419,1.3475033033538788,2.7677609569769195
2.5958089205555757,1.359041346960568,2.710835321260557
2.6013589002965865,1.371540471844631,2.7057319689466994
2.6071838709036577,1.3846687245420821,2.7170799271183874
2.613779935407074,1.3970053092315944,2.6148697793182216
2.619400695377727,1.4109273974213536,2.8976807212831095
2.6235947258299226,1.4242566021347933,2.8108714784781674
2.628585650858565,1.4390024608382852,2.8232124570477826
2.633923650669388,1.451911512439582,2.727535163660729
2.639891316671383,1.467836918352709,2.8022618999666715
2.6434067429625263,1.480471953610427,2.808110241857393
2.6479168133677886,1.4928114766570602,2.762395401600208
2.6539235616618098,1.507533576486953,2.7404293403727515
2.6599135412169788,1.5204911145531166,2.656942502341004
2.6669950715533677,1.5344668783695274,2.6551705858490613
2.6735960765327103,1.5470559906903993,2.6573572749612646
2.6795082924826885,1.559467819382843,2.7112350374546006
2.6857437962636332,1.5735321023563114,2.6667190099570908
2.6914286043008575,1.5865173847351206,2.7569965400175356
2.6972796592474224,1.6010709429000065,2.7263027800051205
2.7024484752081155,1.6138206692358363,2.6925969537245567
2.708613897102283,1.6255862965862038,2.6573840366541073
2.7165058683276566,1.6397639686112917,2.628060063740972
2.723332506114979,1.6527348909552366,2.673015365994312
2.728952938483663,1.664106379420081,2.6581594393200874
2.7349122295053796,1.6772610265652848,2.6867495655950386
2.741202194759229,1.690458286775108,2.644064409425274
2.746201703424262,1.7029101095830617,2.7958296767109836
2.7512729536317826,1.7169876363270915,2.7620894253549153
2.7558166425812396,1.7299153808950807,2.7501200840393705
2.761224631134993,1.743746791505046,2.75449213158685
2.766740733476673,1.7569165195757652,2.7170118756443618
2.7737371821404704,1.7722896688894945,2.7354281309654125
2.779652000726786,1.7862088000999405,2.753649233444348
2.7850618846207498,1.8015181747872557,2.761917505585725
2.790559294571836,1.8159659614548127,2.7500802408153935
2.7952810913415167,1.8294188296441047,2.790255300291556
2.8005645335275737,1.8435181603401642,2.748988716202476
2.807047983385758,1.856987359459051,2.686172410404878
2.81290139872849,1.8698902441995036,2.7170278927626312
2.817823620179113,1.882663558476486,2.727968206379628
2.8220981580833215,1.8930084809717616,2.77833433569697
2.825841378218264,1.9049419783679327,2.796838367210904
2.8298790347629876,1.917279421644936,2.8154292496828326
2.834234620506428,1.9308331526083122,2.8310833367888644
2.8382361657566215,1.9441248745809858,2.816267255674344
2.8434283257467374,1.9563346931907553,2.681010767084738
2.8501703182482445,1.9714442984546225,2.7259867581818784
2.85555575936112,1.9855009045360428,2.7498601025546647
2.861526286577759,2.000761652506103,2.785197687982787
2.866100150749841,2.015080543601097,2.786950387814701
2.8710678181105385,2.028921569803298,2.7503901756025706
2.8768620648029866,2.043240835069712,2.7551083601830286
2.8821624092415408,2.0559773423104564,2.7346306790369974
2.8880878593077086,2.0688807561303983,2.737698457677778
2.8942984199280297,2.0827774387221316,2.7526594459090536
2.9001139114735066,2.096244975352957,2.6820958873352825
2.9063082208268987,2.1090954553317403,2.692031623129247
2.9125470374503446,2.1219058298657636,2.6860961828089573
2.9195742054287597,2.1359911549188744,2.6887179027283024
2.926146981492575,2.1493205702804397,2.6845701496991996
2.932550899456467,2.163540742432817,2.7070438713710425
2.9387461674408852,2.1763881390373916,2.6826175061821758
2.9459232289942316,2.1914307186883755,2.697577466205065
2.9526325001472293,2.2050215060092273,2.660949483514094
