-0.2554606053307346,-0.745530691483744,1.579458929865279
-0.2429812288728108,-0.7458485064519914,1.5375553103525028
-0.2287578918637489,-0.745804936025193,1.6015001217533968
-0.21367941909770222,-0.7454076101587442,1.6065824544518092
-0.19953512111092325,-0.744376544624077,1.6565277381789587
-0.18638761973215462,-0.7429223399685139,1.7220551108361006
-0.172057824054155,-0.7408739027013032,1.7137306653723308
-0.1576407783001184,-0.7384868685257081,1.7533582227194595
-0.1434613907773449,-0.7356785713276102,1.761028468867141
-0.12889249586995333,-0.7326472063208812,1.8317429968171872
-0.11614737320959717,-0.7293277259792761,1.8471661112876048
-0.10171924149475685,-0.7266542062619297,1.8520370833215
-0.08751016405178824,-0.7227794950678633,1.8179873437658112
-0.07198087461523918,-0.7187598287747667,1.8281701543514353
-0.059962739776038304,-0.715303264388808,1.8826622188529676
-0.0459142084401162,-0.7104344179389861,1.913403498248595
-0.029919737784228205,-0.7061469889476095,1.8665897583397688
-0.01346352231279909,-0.7011969633080563,1.8830994290655663
0.0021927115347433073,-0.696615964931639,1.883219711072311
0.017662848862655806,-0.69161973316304,1.9504839458732466
0.031128860042516197,-0.6869302251436505,1.9317304724130886
0.044389987649547345,-0.6820718642312457,1.9634962849669026
0.0579393982914614,-0.6763428760822333,1.9692637440807192
0.07126297153711034,-0.6713235556141653,1.9868886677516187
0.08441266427419394,-0.6656746290438335,1.9874445063145967
0.09886278490124503,-0.6595865473113253,1.963852961201048
0.11235927220104534,-0.652948304165933,2.0216374175683396
0.12617310593927375,-0.6465981204061463,2.028997146624512
0.14060239198225377,-0.6390380418395397,2.067684668229866
0.15309326937143017,-0.6321522230279674,2.1007867615789673
0.1657374166555247,-0.6254404094838144,2.055121887294569
0.17990891275751153,-0.6179035991386632,2.085023163706039
0.19253779877566757,-0.6109269605973141,2.08958194797905
0.2049103385376321,-0.6039015559253823,2.136656722481715
0.2178308378396465,-0.5960766460538146,2.1478374583127597
0.2303011387525888,-0.5881268641419651,2.1869238235665494
0.2429482641781828,-0.5803068241197017,2.155786398075368
0.25472685270922446,-0.5724736500334393,2.1683607745999716
0.2660637508283228,-0.5655696214058111,2.07791525126152
0.278890305898858,-0.5570261390157292,2.1964079327462662
0.2921088600241414,-0.5481048657491137,2.168026160133144
0.3048525769089779,-0.5398293457675372,2.137566967048746
0.31935949048851225,-0.5306456913828788,2.180201473957542
0.3302152059730768,-0.5224217911905512,2.259306141177194
0.3415378369124398,-0.513946865793219,2.1958711281176284
0.35249129760822384,-0.5058328317456733,2.2608003131994017
0.36419579331790086,-0.49557743687314326,2.2747652824633016
0.3741695136193384,-0.48675544965089684,2.2979409394618893
0.3858940196890161,-0.47601281504779486,2.2855978831744967
0.3951241183315211,-0.46793582254132354,2.321641130956704
0.4025945940404892,-0.4598304981206406,2.4287648568883067
0.4118124395379942,-0.44935063402626213,2.4112372834168005
0.42110250132835275,-0.4380697183630721,2.4310156258322393
0.4303229116599788,-0.42738967998763994,2.441359242002252
0.43981246284048925,-0.4159504602273748,2.443392687834738
0.44905611889558433,-0.40571861772120005,2.388906631673821
0.45839474393601265,-0.39514892477503316,2.420110285329358
0.46532651843498,-0.3868896029474083,2.488169265535167
0.47430641017284814,-0.3748791641977642,2.5083446075027798
0.4811748787500465,-0.3653461076995956,2.5139907766772125
0.48900640417240815,-0.3536960999134854,2.530742364139985
0.4984633558529419,-0.3407711682573339,2.500552259243039
0.5074442264732717,-0.32880832177582936,2.5056772397839318
0.5160068982806165,-0.3166060097414228,2.5339719892954027
0.5240919243091428,-0.306993312902908,2.4101951053549215
0.533748504463237,-0.294899861016326,2.518902155502119
0.542100250954257,-0.2823271255230648,2.5609184345011036
0.5502333059435534,-0.2715659423761051,2.453688443403633
0.5590368257680189,-0.2606513449510958,2.481708303877809
0.5682409413358304,-0.24844419597426537,2.4995355098327376
0.5760898265810396,-0.23775115291638815,2.5540965712444437
0.5835088286722035,-0.22711572299715932,2.4965831870177126
0.5915007279700316,-0.2156694107779179,2.5413185523813167
0.5989587620597249,-0.20415614714425195,2.526184662229732
0.606942141476927,-0.19366640329303972,2.4925508045880025
0.6141093652233062,-0.18272040488110794,2.5662368680224796
0.6208917186804861,-0.16975864575476698,2.662026881234925
0.6273943454412759,-0.15607774193650784,2.694668666304843
0.6334213179830668,-0.14225174982938016,2.70379720487959
0.6401101099855495,-0.13051898308729357,2.582770750804605
0.6469204358934036,-0.11813479144875325,2.662507507996458
0.6541156428927548,-0.10429051998631472,2.620097848818281
0.6607521889098307,-0.09194789689781865,2.6529242477191155
0.6677891805508769,-0.07803239583641967,2.6322827648425187
0.6748532720684346,-0.0653075910461866,2.615974813152559
0.6819482240206949,-0.052244562013480704,2.5973439796189606
0.689214808585231,-0.03961690665057673,2.605097812878623
0.6959381330675878,-0.026706260003284046,2.690586069489476
0.7020823501760156,-0.014151683740717614,2.6829732145207292
0.7088671648244691,-3.387240582081267e-05,2.715621954449643
0.7145576085598891,0.01209202883037768,2.6856689104033626
0.7217277480154003,0.026949602781786406,2.6948181430142277
0.7287210604719987,0.0420870352831258,2.691296856712791
0.7339035941176569,0.05274954980825681,2.7033432235326993
0.7394508571323805,0.06291459153451116,2.5736006973594168
0.747111285557097,0.07535388871123223,2.6209127142773916
0.7531714550360848,0.08729498630270142,2.6916992126406494
0.7593975435084459,0.09881093522076471,2.6229532427597606
0.7669683006710397,0.11212060887796617,2.6038387776626037
0.7719587182592277,0.12600223821725887,2.8922055587346542
0.775977333519631,0.13953662197922825,2.8113906205598083
0.7811074961916459,0.15353027157641183,2.758344522667675
0.7861793760776103,0.16600706043395258,2.7403131000687675
0.7916957985561872,0.17866226688774414,2.6890531386790917
0.7978265875430564,0.19206652093803214,2.712173381844645
0.8030172319739958,0.2031662418913651,2.6923846829062215
0.809352774443755,0.21659138312687168,2.69042331202628
0.815220070700385,0.22933714628776578,2.704611434373779
0.8204127639032005,0.24197679594631316,2.7356135932194388
0.8263854450236006,0.2548098904893173,2.6867539272087293
0.8303386006419502,0.2669546062273767,2.9154584060596846
0.8301239039587031,0.2812617988718336,-2.9292825181866955
0.8306320667783068,0.29445609843094944,2.9465999555505573
0.8343031473089095,0.31079652332866314,2.916573794735313
0.8340619193800136,0.3248441571739429,-2.964374576968135
0.8354110585316799,0.3393761193651163,2.836899600394862
0.8485143052484289,0.3498591692189291,1.9214990152994638
0.8619545083165098,0.35940595531982517,2.4207594490517272
0.8641166686893897,0.3735406187877025,-2.9951174955252884
0.8683251362474245,0.389149318519388,2.636676539343159
0.872712094354251,0.4012406650219041,2.9370896611407242
0.8754669098405491,0.4141306175242913,2.9347907724589435
0.8782269436373212,0.4265992134325099,2.9328651088258293
0.8795723290183501,0.4406366035892948,3.109875522105693
0.8798818168748435,0.45497550913749213,3.108009210153036
0.8807217567653662,0.4690251520300935,3.0778235859380887
0.8806914812446689,0.4836337660819212,-3.088848083911539
0.881222547900972,0.4981055256232582,3.027675005534954
0.878301726761667,0.5123516516183128,-2.7517243909956868
0.8670117054776795,0.524785718171965,-2.186484143536192
0.8518663918794627,0.5252198471493774,-1.2629631116012257
0.8371568409034338,0.5284880266643669,-2.152572531788851
0.8290357109619966,0.5370953799803354,-2.5790831941213557
0.8146384430590435,0.5480159119798678,-2.000845474163013
0.7975136352653145,0.5474544421553703,-1.2161384886178244
0.7854903455146887,0.5398428008255395,-0.897637290737048
0.7712247644890354,0.5385939546442966,-1.8280952782387376
0.7576161180410035,0.5440705256198461,-2.0540538073586867
0.7510750338827539,0.5547650367966206,-2.9933991299263587
0.7487990625666664,0.5693295956409974,-2.96174152933132
0.7444561919936856,0.5813646306175615,-2.6455425807076454
0.7367629262817519,0.5954612723034888,-2.653215504384878
0.7313159365950553,0.6077177477606152,-2.793044329530562
0.7218826922562653,0.6195279733158876,-2.2288968081635625
0.7138262516928348,0.6285553890328693,-2.5846909710977077
0.704424584220787,0.6415330021434302,-2.4467589312056384
0.6990921821200499,0.6522179349039078,-2.783681136692093
0.692921892017467,0.6632539699656846,-2.5106670316449473
0.6813183893114562,0.6718392198830624,-2.011249557746326
0.6701605600134943,0.681340638291086,-2.44907815488904
0.6630221814846609,0.6923633005695126,-2.63243549741443
0.6561179979657303,0.7049895826847933,-2.630559772105262
0.6418813400147624,0.7139716719538755,-1.7875064479814768
0.630510280295008,0.7208201513233214,-2.3159676860067693
0.6226473012026861,0.7310817045997329,-2.5807501651079248
0.614079267721617,0.7425821758223382,-2.4317019360260828
0.608612375794482,0.7540480053278936,-2.758965351716255
0.6024068559597247,0.7656360373094975,-2.554911843465901
0.5927742816992692,0.7749480314087079,-2.141320369087686
0.5786149257082566,0.783355501236642,-2.075135102570785
0.56548026456722,0.7881325136755526,-1.800047597895706
0.5545826479413607,0.7975989602310867,-2.6037273070123255
0.5517108838662206,0.8145689028782614,3.0649077014632993
0.5486496498291296,0.8275188571276307,-2.724588275695662
0.5400612621381297,0.8395622856575001,-2.361122490106905
0.5328360461507907,0.8499111920149693,-2.6553509151011774
0.5202605378551405,0.8570699842361673,-1.7022618017393256
0.5070261127748095,0.8618363433920546,-2.046826860305674
0.4919214532010868,0.8669478279651486,-1.8045860470902026
0.47773806878792524,0.8699504192804207,-1.7712073437428546
0.46484671406244626,0.8778725841608369,-2.3031570648721296
0.4559444648790935,0.8887331077856969,-2.594750079743554
0.44605779768505427,0.9001972094502779,-2.290784723754246
0.43615280762085107,0.9100816117764466,-2.3960169699065115
0.421478020824892,0.9131730521663999,-1.4528869977080667
0.4083125898127179,0.9071883734106925,-0.9817425723178368
0.39572324637702283,0.9030008805754307,-1.4359627538681479
0.38193669474781883,0.9065334779388227,-2.06438582875144
0.37137955340637624,0.9158164865170852,-2.4184482353507533
0.36078194320510076,0.9235002198286569,-2.071420164326481
0.34666882045188196,0.9303936582766881,-1.996936436455217
0.3326830279900564,0.9367479224574572,-2.00926314665663
0.32051831055153734,0.9429024112205906,-2.045606312256949
0.3088045592049292,0.9487300120374396,-2.0392442044580608
0.29806626588203805,0.9553970000849552,-2.258448639710512
0.28696046659335606,0.9647735157452234,-2.3107095411005876
0.27564289394667735,0.9744069719866674,-2.30881453296024
0.2640013178331936,0.985964777937517,-2.4087654589219536
0.256139981102651,0.996413118927626,-2.5247138016197472
0.24577446096950176,1.0078018622680813,-2.328039278901657
0.2361418424793731,1.0162521319718485,-2.291317973320752
0.22575870202290113,1.0259854926683298,-2.3169502813624683
0.2147101684767346,1.0358970944190153,-2.288182628854232
0.20278964660176613,1.04529486522713,-2.2517934212352864
0.19085370114696837,1.0535967116050478,-2.1829047091377416
0.17995879620754524,1.0615825487598973,-2.228814580219689
0.1692413569212128,1.07102257517266,-2.2989718031431585
0.15789707841217812,1.0799668328650471,-2.214601598720998
0.14614660917883834,1.0883330320726214,-2.1928347902477614
0.13378800925875142,1.0979717301998928,-2.2653011168326582
0.12190505542667203,1.107527716714103,-2.201665262290725
