1.1148999017653092,0.030725305045585034,1.6221675797669832
1.12796984910478,0.031558961685572116,1.6296483811607723
1.1421098387093045,0.03219826373888097,1.6266792054164854
1.1566925848553526,0.03273873260240056,1.639818057662367
1.1712543679099598,0.03401413814420323,1.6789363049440682
1.1852529155242593,0.03609409916219881,1.726173083546941
1.1988974426251713,0.03869013909207278,1.7340472806567082
1.21332492801568,0.04155045296731927,1.7719145996653753
1.2275209675995729,0.04442698892151091,1.7990826674366722
1.2410921635609418,0.04768380838864,1.8099671710610579
1.2564971795628677,0.05184579241866578,1.8313040364728468
1.2717346289919869,0.05542255054202356,1.86612558740503
1.2869419468170538,0.05965601722233897,1.8846061209451705
1.3009745645031296,0.0641131081582489,1.8720878604469935
1.316584195141444,0.06768299135811458,1.8642623685800719
1.3305397130054941,0.0712022877117441,1.8385727784647066
1.3438667528291635,0.07580958895938557,1.9365773711282497
1.3589814397963431,0.08154237958024368,1.9853141290906366
1.3728227519149951,0.0873021629614446,2.0094231025391402
1.3860394929713857,0.0933636362390926,2.002580174019079
1.3994560727482206,0.09901980107990258,1.9054060029135773
1.4135406809531628,0.10438110046964667,1.977111061877672
1.4288532802248357,0.11027483899604165,1.976280228544849
1.4431252184584609,0.11578762384128173,1.9471564172787983
1.4574830866503519,0.12163223912907199,1.9874356706069962
1.4688672623734806,0.12667956707347922,1.9709859983651121
1.481979477372981,0.13253138345352433,2.0213534303526126
1.494733416763937,0.13884621417228818,2.0235376422162323
1.5086109414734703,0.14567716857469254,2.0593676400692558
1.523505217700613,0.15371634291706324,2.069356042042408
1.5354482500194178,0.160335078613481,2.1273053425263906
1.5490136305225353,0.16915231806971368,2.150341658229108
1.5614606255407186,0.17760205463659823,2.198243169928107
1.5731384597197378,0.18623685997980666,2.216916022588937
1.5848798674121964,0.19427605762289113,2.1794946752359903
1.5957735340814143,0.20206169706772412,2.172789799926402
1.6076879025810369,0.2106988110772739,2.2376632923833366
1.6194815102762368,0.21923286667271993,2.169058289521762
1.631150223563715,0.2275778591509795,2.198741891123455
1.6432654858590687,0.23513506981787294,2.119710053706812
1.655389162663584,0.24420676575524075,2.253728543544017
1.667854233096197,0.25379782148539504,2.2235340795546565
1.6806301517451323,0.2625603345765976,2.193863228852404
1.6920409220020967,0.27035094895575745,2.1914506446067996
1.7034212643906586,0.27859714810880387,2.222965022224146
1.7157614503105003,0.2883491311795902,2.2524696459262477
1.7256897208631226,0.29637212811027214,2.2572868262458576
1.7350569732417775,0.30439279920796253,2.3003640842661333
1.7460727862288747,0.3141655537427016,2.2917592843209604
1.7575522877807448,0.32470829897120257,2.2875700625746442
1.7672840588325371,0.3339659361939092,2.3692458420415115
1.7760022627937972,0.3420053202596363,2.2777405451204324
1.787076493479427,0.352264641091652,2.334119417792125
1.7981624869465291,0.36238760450873353,2.2957538232130172
1.8094751358874002,0.37189133734393537,2.2860093233370016
1.8198705957570396,0.38112482109008733,2.2944981297096825
1.8313730209736985,0.39174501150311114,2.300939829513479
1.8412422087544074,0.4012121578512176,2.3895951237381894
1.8505336249446767,0.4112764492154065,2.4051602280045477
1.8590214425596867,0.4216122060189326,2.45677613684756
1.865674620341294,0.43219977553137623,2.6488031389294404
1.8728433702835732,0.44344284325698746,2.5248796775809885
1.8819420216175688,0.45577130298481283,2.4820858266471433
1.889488815564431,0.46780889064201053,2.5634621261874266
1.8976135188251553,0.480668318132014,2.563359867182173
1.904461904993925,0.4927134817167142,2.613428232433844
1.9101576464348111,0.504337981021391,2.660824342170515
1.918147470297447,0.5168191663137593,2.495388471688903
1.9253109541616351,0.5275236443645057,2.5442245501109424
1.9337802078774102,0.5404995223377912,2.616364534410661
1.9411523853508008,0.553272481911661,2.6174879388091887
1.9475419987253828,0.5666556223414934,2.6843619062734754
1.9534192143150373,0.5781952413790555,2.6122439557474646
1.9616694105444805,0.5913217331091638,2.5321529892002586
1.9698560147157964,0.6028478566528744,2.552617529486421
1.977537471009396,0.614220101725032,2.571525754518364
1.9852813980316246,0.6269206669622032,2.626256750574895
1.9908643296757749,0.6410477756507232,2.874911298886482
1.993859665839847,0.6557840786257163,2.882272154231491
1.998215655621155,0.6694799218338205,2.79984588725123
2.0015849341437417,0.683866048685894,2.9650063340482147
2.00339460304851,0.6992206310009732,3.076736980185386
2.0044375633229627,0.7137278710020312,3.0851759863119317
2.0074207625591782,0.7274412895040129,2.7711442778692787
2.0123618243405597,0.7413313366639713,2.835408476785032
2.0163219550862292,0.7538514805832328,2.8624976525233228
2.0209203688291413,0.7665682797867559,2.81147231434428
2.0239795588224356,0.7786491560666178,2.890689487118447
2.0282846050745156,0.7914112933401564,2.7989656751265324
2.0344609890438505,0.8058902282747131,2.733457717117508
2.0401372647183895,0.8201999068208029,2.760661055087115
2.045069917541923,0.8328371053250244,2.7515294651627773
2.0498906229652887,0.8450008322471885,2.7477756937113385
2.0551236398712107,0.8590804047181092,2.75730540084706
2.059889595469746,0.8706678951970098,2.711153670888026
2.064936417909613,0.8842234307921912,2.7887717585609213
2.0699562453836897,0.8969215579648308,2.7645016426003663
2.0746956417710405,0.909423571008405,2.8111590792282626
2.0793808168827366,0.9229796129296451,2.801568413443065
2.0830318881698835,0.9391509382624459,3.0400372302941747
2.085748019199472,0.9527540667437451,2.8886100917385265
2.0895342458719743,0.9662054936808296,2.8386709827365695
2.0937054465849054,0.9801654536327125,2.8282355434227444
2.0975872366549786,0.9940955845004744,2.8772495596191154
2.1018621988165447,1.0080218863620805,2.7867722986915826
2.1072725379494934,1.0215854533400983,2.7447500500067763
2.114016600539779,1.0353735013187289,2.651119253286882
2.120673855536221,1.0489130261269772,2.682562044141633
2.1262799681877493,1.0616595222585445,2.7570056355305503
2.1317747021151656,1.0742617615065295,2.705393290120644
2.1384054122745626,1.0875506495243221,2.6532067194764943
2.144580866528322,1.0985542726525184,2.663105198241842
2.149250054103146,1.1112235409318123,2.8159956197542284
2.1542698304632193,1.1244989899066027,2.734032184939601
2.159924086269945,1.1363373900193212,2.668891241230359
2.1665710903707542,1.1474425264619394,2.598043799440302
2.171733648792764,1.1575953179475147,2.7021709537677197
2.1775924001868594,1.1717550219474275,2.780866736436599
2.181608564320486,1.1826864279431812,2.7157110703506753
2.186596458883462,1.1945612915285224,2.7590560370582895
2.193245796557199,1.2096007108554774,2.751716511417062
2.1988319250076462,1.222933005208695,2.752498837068914
2.2029632006382402,1.236110814618991,2.9130634295930826
2.205746973624321,1.248471261809407,2.963061866651528
2.209123025690338,1.2580764756211043,2.7282270082072886
2.2134914833868287,1.2705487790539687,2.87082144831434
2.2160783964808664,1.2832559650375248,2.9799217515229666
2.2178805442570333,1.2962374159471413,2.9527527577223083
2.2205393362321804,1.309839945180898,2.8437477266204283
2.2243193210969197,1.322291123185006,2.8001740675351203
2.230655619487252,1.3366202483493743,2.6557546153872584
2.236261604842224,1.351154834810556,2.887989586515685
2.2410424071066632,1.3659410152450855,2.765856378888972
2.2461724825455205,1.3800792399304493,2.7791231952768274
2.2517911309150183,1.3930487457096525,2.7013421764543804
2.257435981134874,1.4052913321757252,2.701800921386265
2.2633529710827407,1.419929033263991,2.782646685116068
2.268294255306938,1.4324667376105824,2.753449271346041
2.2738890917838375,1.444414808195782,2.6751542203170926
2.2800853317456418,1.4589244957593306,2.7496972994235325
2.284845490267987,1.4707662734393605,2.80556941825613
2.289494904802396,1.4845250673978723,2.7463684528673986
2.2949487643040984,1.4982163213913997,2.7499040168320636
2.3004188514466013,1.5132301838061049,2.763226537904539
2.305046403106831,1.5286941619288876,2.8802479506287764
2.308758079269047,1.5436319392502709,2.861478549624276
2.31247156748844,1.5585174254420375,2.86714440865346
2.3168549251720947,1.5729048686371288,2.8142172670903083
2.3212676842425206,1.58627968822251,2.819526164235117
2.327317495259361,1.59937125806557,2.625962334620404
2.3341727554367826,1.6139237940001046,2.6940368416177476
2.339761042658817,1.6264759768971704,2.7071392809545323
2.3458125124591502,1.6394639673939584,2.6838731566970306
2.352040705646446,1.653053145189084,2.7107955841811657
2.358050154926841,1.6662849965094344,2.6804607197963852
2.363854845920741,1.6785467628624537,2.689051047743214
2.370199141752196,1.690953498217501,2.656076639113864
2.377126071858297,1.7045685950178688,2.6586804461169655
2.382452271508298,1.7170180651510434,2.7243688873315097
2.3892278322632587,1.7316494425812383,2.6788458136950357
2.3957470745336997,1.7455588197064553,2.7236062618947776
2.4014454636675686,1.7583717460107036,2.6649995143986756
2.408808904910899,1.7726136685505667,2.648078325960087
2.4148426332584787,1.7856973909217644,2.695818518769163
2.42110451858252,1.7984558734695806,2.7022609734179768
2.427345819254448,1.8114029474558984,2.681867568676182
2.433703678712801,1.8261133037032966,2.7098634326408373
2.439832279140754,1.8394140292396173,2.655543212455053
2.445417775248957,1.851893129335953,2.7601852958448125
2.450933907773621,1.8662956380786015,2.765575641031686
2.4565398831381895,1.8792182845880252,2.753592575650004
2.4620088700971015,1.8917723414414611,2.7221050310790207
2.468232274397146,1.9063181568928291,2.761347031014998
2.474499370977535,1.9204661864886257,2.7265196631643382
2.4799478785523097,1.9341598287242436,2.7485075457982546
2.484595271044606,1.947085128226255,2.82604297035582
2.4886926819229376,1.9615430010487787,2.8065391067671364
2.49327316792872,1.9762955180633006,2.853214224278401
2.4979242890628415,1.9906525343370565,2.790836869307855
2.5018954213831837,2.0044200327357307,2.84181479365578
2.507489260909121,2.01787185087494,2.6835073308648307
2.5135117576695603,2.0315877334718055,2.750866373764493
2.5192929729283486,2.046166903481033,2.755491047059759
2.524667314619344,2.0599383866467407,2.764573458415921
2.529589560974047,2.0746455455640835,2.7870805467754862
2.534798050145567,2.0891618047712224,2.793954740514417
2.5402343264047684,2.103729821873378,2.741823495124268
2.545546855153524,2.1163399351882197,2.7176613162188024
2.5509671260995055,2.12922171716527,2.7403267860987013
2.5572205479876904,2.1436342363550316,2.6848477707770453
2.562409238837441,2.1570228540560192,2.708314784082406
2.5694296960328535,2.1712505096103234,2.6787669557486313
2.5769422359126777,2.1853886637759006,2.643196979057649
2.582944977932308,2.1994749840326917,2.803144877829327
2.5877764033253476,2.2136027171419284,2.7897415307493865
2.5929073040422703,2.226709243934265,2.7204873705344674
2.5994716524934947,2.2409651907339563,2.6662588175053443
2.6068285477685857,2.255315300018344,2.6568540269987646
2.6137489572994888,2.2688174467759943,2.671593721685736
2.62048496801813,2.2811467297057293,2.6002005671456727
2.62832272447135,2.295303909208719,2.60772780267919
