-0.2567354209829635,-0.33776690500120365,1.6165749232516469
-0.24319172859045957,-0.33750785210428724,1.5996452946850357
-0.22878201539492513,-0.3370410250169024,1.6063664932136419
-0.2143728862401391,-0.33643570979897836,1.6230097826068932
-0.1993533212560129,-0.33553348254514154,1.6653863332027077
-0.18438971920555222,-0.3339587732786288,1.686348337839002
-0.170067271522674,-0.33170603034798846,1.731352143972295
-0.15684892252125515,-0.3290917019818107,1.8055830893941054
-0.14288083143793603,-0.3254735085825574,1.8308469696746366
-0.12852933802487135,-0.3215756128444133,1.8423874766346193
-0.11216707390339505,-0.3174461346683927,1.8354704928164276
-0.09756214189891964,-0.3138366287254795,1.8574836304939444
-0.08237482974783078,-0.3099781115810262,1.8226940199772548
-0.06922817533514221,-0.3061890079705123,1.8627029715697805
-0.05504178923063652,-0.30228453697432045,1.8944799440067197
-0.039670295772536654,-0.29812086435212476,1.8679546438213894
-0.024799751020971053,-0.2933127329758662,1.8992123049444325
-0.01083266796038711,-0.28870333769033224,1.8995356885399046
0.0029583650062713746,-0.2829530296499107,1.9792668787361676
0.016493967848130228,-0.27647100858331053,2.0436006564800793
0.027014347344225836,-0.2716247327050324,2.006591546237627
0.03936387278651698,-0.26631974164233063,1.9714079829427436
0.052116102166202195,-0.25998009561942786,2.0370005087955065
0.0674081011837729,-0.25249656247935887,2.045841054922913
0.08101383599393272,-0.24607144967180627,2.0661270262131937
0.09446560937506988,-0.23898740942364774,2.0833936009198912
0.1069923738732023,-0.23152016036544448,2.103127705265383
0.11978951087095817,-0.2241672208242313,2.090669045623811
0.13269704809362473,-0.21648022250861182,2.1362110923693214
0.14536972516126548,-0.20851350563859514,2.173208402715908
0.15793049824436647,-0.19998221195006427,2.169115991393959
0.1712019116553704,-0.19117148595117403,2.1648875368552787
0.1849807897967239,-0.18260648192866044,2.1569448755311265
0.1966619649029163,-0.17513836784602255,2.169624627132315
0.2072658582920494,-0.16798263236992525,2.2011548491959485
0.22128045030319332,-0.1583438445197154,2.1123740574266154
0.2333805868122609,-0.1495182198743379,2.2501268872902433
0.24439504236571788,-0.13909310735814034,2.35583411751408
0.2561003938680436,-0.12863073543306572,2.2675818579596116
0.26577823108505466,-0.12178631998640152,2.155385593320326
0.2768034862645208,-0.11293436358371534,2.313459506083617
0.28608806622077776,-0.10345802530261707,2.355336239877427
0.2956981694302693,-0.09415942157209747,2.305762761178143
0.30605250563196407,-0.08368679287946766,2.38187123821173
0.31625228133762867,-0.07389185514104625,2.320305748650112
0.32624927844761265,-0.06386181838659694,2.372466557801353
0.3376961234264203,-0.05189825563142929,2.3946892079113775
0.3480531066053732,-0.041146030107600685,2.331613906978811
0.35817581737118326,-0.03188574930521905,2.2848156970123883
0.3687034259610502,-0.02206995241226461,2.3752832314212085
0.3780828251327554,-0.011535663571404212,2.4243784386736165
0.38897977448115273,0.0002945123245866818,2.3992455730927444
0.39940792663078034,0.011829741809512115,2.4143828718333395
0.4088383035080877,0.02124778690022338,2.3269758233418
0.41815035412342527,0.030933486171381537,2.412057211021423
0.42734342162525996,0.04297211142180851,2.5152658823398837
0.436364341335395,0.0533618930307568,2.3770165776777117
0.44669886064759184,0.06460550900049135,2.431212861458077
0.45598157843950277,0.0760516694246147,2.461116085478012
0.4637088168227027,0.08610673707497274,2.5072619949517785
0.47276393561661406,0.09811128495762651,2.4913517355254253
0.4816887629848377,0.1106993344956848,2.4972778232981283
0.489830800994186,0.12148191640836423,2.468731726337391
0.49851915438011213,0.13396164101728925,2.5716132072747087
0.5056791760080201,0.1457657609606364,2.5947923334911662
0.5133474428762798,0.15909690345227787,2.6249275700345778
0.5198460842159657,0.17052510638844942,2.5970154782445225
0.5268701083573198,0.18227865001511095,2.589580471774108
0.5339787057408178,0.1940492821327473,2.5872848591972115
0.5421464877410969,0.20663847741317354,2.537837932131172
0.5491015848626757,0.21695726351170405,2.5344688753975517
0.5569733821961812,0.22961918021790634,2.555921679064582
0.5643598439440135,0.24188379490513082,2.5923179685866886
0.5722904850111052,0.2543924886152094,2.5419395966751783
0.5802241085472705,0.2661510546289778,2.5252387790019606
0.5886195928926702,0.2774963467480758,2.487133606178228
0.5953518486915603,0.2865778004034223,2.4857732770842134
0.603253455316415,0.2983527675896866,2.598619281031176
0.6115095805730539,0.31206974003382854,2.6052545527616133
0.6186839379976075,0.3235810413259923,2.52730064020336
0.6268746804113523,0.33543445037155967,2.5166636855294704
0.6348457062832473,0.34704861001111603,2.5438581466861785
0.6430098126342015,0.3587478111322793,2.5280389070050866
0.653362906298827,0.37053378870049974,2.3463137368195355
0.6629971046270958,0.3805194090305856,2.376779810073545
0.6717635391473639,0.38988251669876833,2.3745598718040353
0.6809161782999347,0.3993386202685539,2.3553793555657077
0.6900097809316785,0.40823198972297975,2.3683618563281628
0.6985606805367998,0.41669554538861453,2.3534310633410214
0.7091947098961349,0.42716172990024953,2.339689621379747
0.7202202883175737,0.4377085388800761,2.322987429664388
0.7309785297279088,0.44817158843096044,2.393105759551062
0.7414445238399014,0.4582557756858033,2.2972924232290435
0.7527427256576176,0.46901557686847445,2.3660415410446562
0.7639637843000596,0.48021063918528806,2.3556683947459773
0.7726931721271338,0.48941680669322796,2.39352775338732
0.7821023802220474,0.4995674203953681,2.3937080306799117
0.7918180713312226,0.5099693278123117,2.377155633710837
0.8013314576565285,0.5195387330971122,2.351837255156808
0.8113811370929438,0.5291539453118516,2.3438507043638332
0.8219185000917367,0.5390772753371544,2.2954956643247355
0.8324542121961251,0.5478077256050214,2.2689605631870924
0.8422996791177324,0.557483200488744,2.412540422646158
0.8508298934873139,0.5673806729767558,2.4336371991469985
0.8597881075070983,0.5780547842883497,2.435668703683847
0.8671928891687136,0.5851910163867787,2.2341552296250904
0.8767898421505051,0.5940392127285943,2.3478899437222336
0.8870503024084124,0.6042384576136752,2.3289125680532687
0.8964063354806715,0.612740234259869,2.30414482222192
0.9066020891995518,0.6213676840187865,2.2452346815271182
0.9180831618322998,0.6267191775884224,1.790182156818498
0.9319766105572471,0.630924303689989,1.9858643563464569
0.9427510575238843,0.6378979286867957,2.2646459734487876
0.9532095306816302,0.6472040936286217,2.314615436131495
0.9627736186590066,0.6560212293363789,2.331010023911356
0.9772732224948412,0.6626501095917983,1.789872588421866
0.9900047715125486,0.6689471269584553,2.1421058273998734
1.0010556172647775,0.6777604013642078,2.282122812699387
1.0109301267100632,0.6866617424972808,2.319963371462699
1.0197267715809428,0.6952836963960272,2.325699416488344
1.031163508796134,0.702605888952223,2.059458381519972
1.0427907472488998,0.7088995226054375,2.14578667748209
1.0553421197573283,0.7169643243442377,2.1269385280731665
1.067303686028362,0.7242331354528443,2.1487998428347614
1.0777155275508645,0.7322679719564333,2.2528955280180187
1.0859464042602105,0.7395772318009007,2.346512934362901
1.0961753523382145,0.7470392349955782,2.107833718211379
1.107232604923012,0.7544321725084766,2.182861845428729
1.1191702364471545,0.7629824303817072,2.193186821016792
1.1314283478360585,0.7721601097520878,2.2255589549687103
1.1440318871852517,0.777909939110485,1.9002249216787175
1.1549402382933436,0.7848306708227691,2.3326449440760713
1.1658419723721634,0.7921060743538633,2.065024374373913
1.179834923382642,0.79869371719491,2.0390827624626278
1.19376882051781,0.8057293558691149,2.056631981704455
1.2068389812858298,0.8125823185576506,2.0796609504970696
1.2179843993836106,0.819697758953613,2.16086299944109
1.2312189381620013,0.8281360483135545,2.146570187592151
1.2445511103158922,0.8361508274401962,2.1152385669979052
1.257258383351139,0.8433717765462073,2.1097320087635483
1.2699140946174632,0.8485071393909767,1.8321577538245408
1.281889705930411,0.8518508524400029,1.898060229229831
1.2930480708492023,0.8577265578999114,2.182636833695572
1.3045453451363196,0.8653175279536233,2.119980816126332
1.3179022785923196,0.8749223965636767,2.241016803949713
1.3296345993782408,0.8846640156737707,2.2604294305259707
1.340926220720133,0.8932663961866334,2.2314906919426774
1.3542487859490255,0.9028319610781,2.216853755783508
1.3661757181898115,0.911879786289505,2.259806241686978
1.376672960686627,0.9208719689313594,2.3084772397499824
1.3868602939660735,0.9297977123962154,2.270806955209832
1.3976013727523735,0.9355215645044734,1.9619366397590001
1.4098582007757792,0.9395574927268291,1.8968736832987065
1.4215444520909,0.9448313607598389,2.079116416656062
1.4334831772975798,0.9544285495942892,2.3249623030304964
1.4427371204279704,0.9628422734416707,2.2719583669989674
1.4513368006017129,0.9702150920470731,2.2577217473243194
1.4642666499221733,0.9781168828880655,2.01546646676585
1.4760031252909296,0.9855833979973643,2.175848389484221
1.4878917237656328,0.9935224276653742,2.1353125467477017
1.499973887714458,1.0007575329501195,2.0691176847409842
1.511289904885677,1.0057793522778105,1.9730179667253218
1.5238882952686406,1.014352174059167,2.254874105334315
1.535487628889262,1.0227572861767773,2.1819774726774703
1.5467621616656668,1.030166108405725,2.1177240287153714
1.5610348100342688,1.03817741428577,2.0784686051911674
1.5725489398716033,1.044353438566906,2.087174270135901
1.584426429216403,1.0509262728451403,2.0989500628372224
1.596452976641644,1.0572942277809538,2.0294836928608144
1.6083926996233304,1.0615628355942368,1.8474028770916633
1.6202210580240806,1.0649913314952233,1.8981806672165857
1.6308417967367042,1.0700559782105095,2.050785049336263
1.6433182665268597,1.0759751748239206,2.01693290571214
1.6552793749980659,1.082026308470426,2.078279851886458
1.6672721440420644,1.0891410940878063,2.1022666311336073
1.6788087841853105,1.0962731276107225,2.1211606768560487
1.6908715237747007,1.1036490488760649,2.1279287960605027
1.7025691800432796,1.110340974341533,2.044167860728986
1.7164977301896598,1.1147987922168996,1.7228454069799397
1.7286783879329761,1.117911168976964,1.864717346569852
1.7412145044672354,1.122696805606453,1.954804966056327
1.7556946320534088,1.1266928879230917,1.8185787286193313
1.7664272998114603,1.1302774876781094,2.0060535029571094
1.780308463774974,1.1367369282072626,1.985146215970098
1.7903153224775812,1.1410292520308736,1.9574399961715683
1.8034629349258937,1.1459316255263858,1.9439476270508647
1.8181800135026125,1.152147692237032,1.9403093987633142
1.830264449594542,1.1568569347275837,1.9650301620554607
1.8417320647718134,1.161658066642138,2.0511309711353114
1.8564619022106692,1.168419967901815,2.0006587877053588
1.8687556499126952,1.1739993030444158,1.9860480427742766
1.8804733146630128,1.178755191531412,1.9643820688834712
1.8946049808670697,1.1848885968575105,2.0306856344875017
1.9040844385687241,1.189658471195893,2.0087718822584697
1.916294568930308,1.195321209652148,2.0193605783532873
1.9295802513950613,1.1994793630964735,1.8268685764802703
1.9394651429320215,1.2038668829854509,2.0499489681571
1.9527695375730467,1.2101583932726885,2.015758332828858
1.9657244093471604,1.2154416234859842,1.9513248213254903
1.9779890339143955,1.2184025555130467,1.7478243154541575
1.989461808839271,1.2219398072747025,1.975720106686993
