0.4495113201176717,-1.509297909686752,1.6079411787740414
0.4631999533894324,-1.5091051028655948,1.5997318762145112
0.4777385354565594,-1.5087626873060096,1.5981549286196244
0.49192394575941045,-1.508291739600109,1.618267874975656
0.5063969062497488,-1.507801402526447,1.6125968732903526
0.5207126180410169,-1.5072743058783156,1.6033298309367356
0.5354381932471952,-1.5061755960936283,1.6626372617399203
0.5493072927515036,-1.5043444129856474,1.7232341322502425
0.5645073337793792,-1.501850931891521,1.7157334476152684
0.5795321011681095,-1.4994761889367494,1.7367749475060503
0.5927468544465234,-1.4968996123164295,1.7585280363394866
0.6077812077192183,-1.4933597600268325,1.801113066998976
0.6239793876388339,-1.489835802492583,1.8031148920437874
0.6388372412559982,-1.4851305249936158,1.9396386712381242
0.6527191303154946,-1.4800960904036218,1.9170862240054063
0.6660324952498066,-1.4746369000937976,1.969300459146507
0.6788030278282052,-1.4694733740865933,1.9377558630898308
0.6936927894055432,-1.4638394688818241,1.9612011335115778
0.7079611366589356,-1.4587542809353027,1.960267443649852
0.721250359742378,-1.4533344559871744,1.958462831511813
0.7342161412103372,-1.4487394421890925,1.9186672371408031
0.7479247109108081,-1.4437735220171177,1.9328234128566124
0.7611927641016473,-1.4376842833155852,1.9819080988981197
0.7740252229893895,-1.4322768285440606,2.0000000851725788
0.7883766445269134,-1.4256844147167582,1.993493619533556
0.8048075954707904,-1.4188661310947053,1.9809626487473604
0.8190136545714793,-1.4135551395833874,2.0192279630254766
0.8327875448811479,-1.4062999764014805,2.0649068188683795
0.8454853571542241,-1.3993762034437252,2.0986934312988277
0.8581935411069134,-1.3921160239758024,2.077122343484138
0.8708430937267573,-1.3849310404856208,2.1412920085455744
0.8825053312857493,-1.3782202169056779,2.0585155158847788
0.894462862746398,-1.3713297643157705,2.085236699028352
0.9064498020800373,-1.3640374852881112,2.116748642038054
0.9185568781429511,-1.3566048099334687,2.1265093163128572
0.9303036870190501,-1.3492642397159875,2.109544999860485
0.9425440256602919,-1.341850294146125,2.110023854863179
0.9547769965678301,-1.3347204001050599,2.1403015791535633
0.966581752887821,-1.3249219614534822,2.3243229432220747
0.9745802869793926,-1.3180467547907375,2.2662961127242127
0.9854759625097218,-1.3108743826412736,2.077173530634039
0.9975028737889065,-1.3020991217042792,2.2715769650593924
1.0078974118006576,-1.293297815736833,2.264856426082075
1.0187579891476972,-1.2840402160635318,2.313171605237977
1.0295968688183164,-1.274631700238822,2.2944576935571943
1.0414773480385107,-1.264240630615035,2.2900770014001757
1.052014114019784,-1.254750887297076,2.31393467796081
1.063366334523672,-1.2439095057918066,2.3276913648766127
1.0753035431914308,-1.2326169540909018,2.3556423081184814
1.0866024169734054,-1.2215433194923957,2.341281446358594
1.0969943074143784,-1.2115380196768082,2.372589836311176
1.108253240829193,-1.1994019761688428,2.4109262253561803
1.1187439977546088,-1.1879082970943118,2.4168020332849687
1.1291866084918456,-1.1774439889299118,2.3581566873265607
1.139616781967828,-1.167019488247078,2.349980851666773
1.1486945740220762,-1.1573116628720366,2.4030611288291497
1.157801007452881,-1.147369625447767,2.382819393097232
1.1687665885569447,-1.1352291325145838,2.431119266934945
1.1784394344279965,-1.1227939983834987,2.506121836527991
1.1869579445209457,-1.110803668629511,2.5465270030204508
1.1952239392316262,-1.0980748502551925,2.557545965250825
1.2035040530788177,-1.0857899215011688,2.5517140885573055
1.2111971162069242,-1.0741255370963165,2.5260077823775777
1.2190359845739833,-1.0617571728353115,2.587221726468388
1.2268843718312656,-1.04921201809098,2.5802171794070357
1.2344718503191565,-1.0362504182594767,2.614886744182413
1.2410681443634566,-1.0251197277139619,2.5855227842302178
1.2481838824304454,-1.0127432264951506,2.6370400419954905
1.2547481617705285,-1.0000578570734724,2.6665710352391843
1.2627716232097106,-0.9875011598390381,2.533959190628219
1.2714140860655492,-0.9757921605753332,2.464064935918121
1.2792995706421324,-0.9651241035230058,2.494441761337839
1.288483139473811,-0.9525664858243795,2.4904759676492394
1.2978227215564289,-0.9408436252182973,2.482407745671235
1.3064718487260738,-0.9295073905407073,2.491382322793898
1.3154039531604544,-0.9168984721546167,2.5348404689221793
1.3239636775175285,-0.9043955250564436,2.5622720645282926
1.3316181557270172,-0.8921114013062251,2.5567298659634976
1.3392277553939127,-0.8798301162681641,2.5665529664676012
1.3465108870071294,-0.8678982742756636,2.5732972863089323
1.3539031844341858,-0.8562014041638328,2.6002361751310974
1.3613530582184603,-0.8448966855964475,2.5364473223447948
1.3692942273249855,-0.8335591086525059,2.5276020918641424
1.3767063787293694,-0.8230237751392866,2.5475252371011865
1.3854921203742512,-0.8110837876393068,2.471738278689468
1.3946767447179182,-0.799146554484243,2.507142252816633
1.403964507609718,-0.7870126168003194,2.4547829842150906
1.411707198085355,-0.777345413194975,2.4514634633472077
1.420721332164973,-0.7661863423454612,2.4659077910638656
1.4296948872294652,-0.7559025935662379,2.3948811167431012
1.4404607492452508,-0.7454674224212808,2.313881566237363
1.4480727782999263,-0.7376182032041722,2.436908188788575
1.4575668242744664,-0.7270254451847653,2.4190984678883574
1.464854033384182,-0.7183923906756888,2.4421522850340587
1.4740868598888148,-0.7072938106879828,2.4263510721006276
1.4853910094716058,-0.6947474559914556,2.413871819137978
1.4942871313261306,-0.6850188109275267,2.4180307710973685
1.5038145352854053,-0.6740963049325968,2.402722798299036
1.512055678076282,-0.6645867421906692,2.4081436141488433
1.52061665482626,-0.6544981478988445,2.476904036982871
1.529614633242916,-0.643076596080827,2.4638364327222306
1.538124301850202,-0.6329948910301761,2.437301682810152
1.5464222135840908,-0.6237513254287664,2.4105622511719944
1.5572763451288956,-0.6104538151991267,2.462812281794578
1.5660609877951308,-0.6002762663451578,2.4107473609249395
1.5740396151068483,-0.5909990973439638,2.450115112398535
1.582455709467083,-0.581968861562255,2.351608951628369
1.5907076538655338,-0.5736594123301237,2.3660604011901043
1.600464616889037,-0.5636212596412551,2.364403533945971
1.6103750421365515,-0.5525711081057479,2.4237116875012745
1.6183679407823348,-0.542434744805904,2.5271498643563426
1.626807624147097,-0.5309702415796469,2.437170299361827
1.6348336397131618,-0.5208377566591177,2.4738757264937554
1.6433465300754606,-0.5105753450638644,2.439612951874423
1.6525416659837457,-0.5009024791193625,2.3429091801865676
1.6611452414449364,-0.4939488195266504,2.214335395496639
1.6721924027309532,-0.4849675226904495,2.284997477771299
1.6824966620876278,-0.47552702687374204,2.3346730997711447
1.6923095431165642,-0.4668277919890291,2.287795554624652
1.7030371904346606,-0.4568416793070883,2.355833113759182
1.713375097596463,-0.44845173202581046,2.129962736112406
1.7246263160722615,-0.4401711757417637,2.253451669927178
1.7356283853056653,-0.4317128952422375,2.210515481450511
1.7488226343486455,-0.4243632009785545,2.0037818132142355
1.762726917296687,-0.41762943965010463,2.0455465851128567
1.7730871154782548,-0.4099600208878313,2.2959835426843433
1.7829627205819751,-0.4025199514808067,2.1792269275576714
1.79511265175075,-0.3931785983755444,2.226591532972106
1.8065945497937625,-0.38449272031649795,2.2285818219156894
1.8186088864234966,-0.3772242264449814,2.118396536177155
1.8308497729213924,-0.36787237455682575,2.2878972294117474
1.8418303597463839,-0.3594433851778943,2.204899827717698
1.852081978358523,-0.3512126688733372,2.2442622230166593
1.8638030322743036,-0.34545408614084266,1.923087764520167
1.8777020589454883,-0.33818664869708315,2.1994985894515615
1.8883577317493203,-0.3301677903292248,2.210796814411757
1.9017477461854486,-0.3253959290805153,1.7550996057493446
1.9160679550875168,-0.3229105038052857,1.749102714595526
1.9295178355169615,-0.3191899053091827,1.8878895119528882
1.9403153093597914,-0.31588207765966403,1.849428567139224
1.9544039611315691,-0.31449464761653356,1.621517609560178
1.9679019041179342,-0.3129873944341174,1.7181447069285878
1.981581596605845,-0.31096393177243054,1.7127032988570043
1.9959703028078473,-0.31150362602837517,1.4025544968396662
2.009905757541346,-0.3131583402518309,1.4468160641974515
2.0232692355838906,-0.31227964176953943,1.7989669039381055
2.03779591434357,-0.3092843165129285,1.7681002016464746
2.047889641884263,-0.30458957325871255,2.141456673416793
2.061179857341826,-0.2982335532846004,1.9713199404903021
2.0735699304119044,-0.2963682440484276,1.6365724228289225
2.0873770175901147,-0.29299019893112704,1.9218003024329318
2.1015307854331224,-0.28667957149021817,2.012609041933659
2.115049639379256,-0.2806596026984651,1.9806815221852314
2.12971389355948,-0.2770784934961643,1.7892432516195802
2.144591080866046,-0.2751815562634458,1.5873858707339579
2.158380003914464,-0.2714806877404673,1.9676623137637308
2.1740434764620886,-0.26546338755534105,1.8736057548704212
2.1890478585229096,-0.2602186443903639,1.998463377223225
2.2018883520341848,-0.2552402936286724,1.8708958213703881
2.2150778010720296,-0.2550832536311392,1.4113708902768978
2.2292114511861043,-0.2568085587256957,1.3849821950557546
2.2440559543938723,-0.2573577119400507,1.645191243837336
2.258570101432839,-0.2569684498603558,1.5653659062405227
2.271422652430287,-0.25959156774680975,1.1987889635764266
2.2853222427111453,-0.26387756947207996,1.345941232587736
2.296073007219447,-0.26903677896548106,1.0630259634368184
2.3096355586126527,-0.2722870895462715,1.5121195936266387
2.3236052992480913,-0.270449507430475,1.8324395956325015
2.338609148051298,-0.2675435867797235,1.7202563596490612
2.3532464294970463,-0.26680957035453734,1.5714433943871893
2.3675963467941177,-0.26519949695775763,1.7528077183733088
2.38128973114135,-0.2639898008678306,1.6025221287519427
2.3955263663040234,-0.26284009285495225,1.6754328757559034
2.4102382173472283,-0.2614199582418074,1.6622409985063233
2.424343900759386,-0.2599716160393785,1.681643926049158
2.438915024767789,-0.25977094139462387,1.487389372186629
2.4535992152924924,-0.2615708927635056,1.4164025489460361
2.469071299541895,-0.26323907394731816,1.49698251114341
2.4839110952810213,-0.26451365332740884,1.503640151599769
2.4978172215264967,-0.2706302654739603,0.9130584812200206
2.511148500807397,-0.2757215936581466,1.3786618068903673
2.525367566873742,-0.280608225080972,1.1084419940298198
2.5378916846520925,-0.28346479863295215,1.4885941240009006
2.5491585958451517,-0.28688744334851257,1.1945723865730735
2.5638278223808983,-0.29018928896624063,1.428964300241069
2.5780494149682696,-0.2928088409546868,1.362462220464899
2.59218134783357,-0.29488534583080567,1.5155194683834017
2.6074972891370853,-0.2961414613952843,1.4493502293869307
2.6209899419896914,-0.29979913895316135,1.1881470609660982
2.6308592825984856,-0.3067341929240899,0.8232114847011172
2.642276313873784,-0.31609021228432427,0.9310552293595663
2.6546704219643344,-0.3241804977886988,0.9849497475137294
2.6648759193898552,-0.33064245118935515,0.9705286333443788
2.679271539577558,-0.3350974428478598,1.4474411989804041
2.6915967510163825,-0.3397820555229308,1.0121366112144898
2.702603244325099,-0.3463228518023972,1.0615736166742205
2.7139547340932437,-0.3525285638691106,1.056203887193817
2.725702446466361,-0.35927781868858655,1.0434294224451908
2.7379254210422377,-0.36701868228274426,1.001044381757907
2.747229961814348,-0.3738433764720031,0.918502756762062
2.756181226585032,-0.38099980448756915,0.9035821357349675
