-0.8395313050601478,-0.4624403224477261,1.6144852251129045
-0.8262251782853574,-0.46206600974908735,1.60747987683707
-0.8117536796208683,-0.46184377497264395,1.588980151640285
-0.7975076153183971,-0.46115832525288747,1.6341438243418769
-0.7836459491139925,-0.4595123001308771,1.714184871193432
-0.7692011996867213,-0.45782227283480403,1.6806832941505745
-0.7547427049111973,-0.4559573024424581,1.7400099669155082
-0.739273283891505,-0.45463449567953584,1.68859829697829
-0.7254668609208326,-0.45233342910116386,1.758665036642358
-0.7118464955865935,-0.4493478879926455,1.7948580988620324
-0.6973412570840843,-0.4461738621476495,1.8376738311925727
-0.6829788312106977,-0.44233606626907074,1.8702792901317675
-0.6690341523179362,-0.43788204406431747,1.9086650289477096
-0.6538825957615252,-0.4322147520618316,1.9240109665637428
-0.640290501191997,-0.42723797602385916,1.93446627796761
-0.6260692973938082,-0.42178335183202165,1.9408259978068554
-0.612411641826283,-0.4170187487181229,1.9481533227145131
-0.5999797046242177,-0.4124372808835563,1.9559543033931217
-0.5853573109756768,-0.40705451961413625,1.9098629490313526
-0.5710980669407042,-0.40145476996311813,1.9267905852100775
-0.5573859758761751,-0.395810965615263,1.955316933764144
-0.5419944422966153,-0.39045632708849887,1.8942218516962832
-0.5295291913176514,-0.3848712006658259,2.072333429304787
-0.516905565115122,-0.3782393096674914,2.051356200507476
-0.5045764088047147,-0.3713224614513182,2.093984834001868
-0.49288852733737826,-0.3660936129690493,1.917315195391182
-0.4800659174627634,-0.3605815547433062,2.0478298467649907
-0.46694627029218005,-0.3538021900519437,2.0442959370262397
-0.452500003958668,-0.3466145980166979,2.082204640702707
-0.4395917311440727,-0.33976418250104573,2.0182667008710387
-0.425702460194011,-0.3334624929241019,2.034686670361007
-0.4130227573690602,-0.32581893129864514,2.1930369368137717
-0.40040922820022457,-0.31576178261367915,2.2782413253032097
-0.3886463917418806,-0.30740646889424816,2.1609282906726333
-0.3744948731993005,-0.2989506026785416,2.0833328503332473
-0.36013441808201363,-0.29061296394623554,2.1205322544427507
-0.34789982081480625,-0.28263150658826414,2.1262749899293936
-0.33572570535620605,-0.27556407768784863,2.1458672427757395
-0.3233577133802055,-0.2683322344100536,2.1065632137277723
-0.31080531215056945,-0.2597749877795413,2.202835957262007
-0.2989175329923807,-0.24980038387882933,2.3349392285609474
-0.28888846321457506,-0.2417669198420914,2.1784284517335566
-0.2801888169783903,-0.2336600842788072,2.38973920479597
-0.26884992715006945,-0.22247823409267303,2.3147610530825884
-0.25866006110773615,-0.21230707308848945,2.3835638905665775
-0.2487096436457872,-0.20026942035195916,2.465020873629377
-0.24061274127917495,-0.19084750314321614,2.3842642644177143
-0.23053581579203206,-0.1791335293340586,2.42796847362545
-0.22182988224436714,-0.16861992879818197,2.437905719635111
-0.21355412683016414,-0.15780581044451336,2.527845574928199
-0.20526454452630302,-0.1450007203046664,2.5475325010426184
-0.1963323821992624,-0.13237468385223186,2.467444882250929
-0.18751175537727688,-0.12087488660087646,2.472836143504768
-0.17847896599089644,-0.10960495612937418,2.48056067766759
-0.16946905966042353,-0.0968127311248676,2.540263572810307
-0.160867900379903,-0.08455775962285396,2.4905307342245524
-0.1532804908249788,-0.0741715643557563,2.5230228928406992
-0.14378519795162328,-0.06129618795657144,2.548954493856217
-0.1361848839524488,-0.04938769794834921,2.5874361369366867
-0.12812743307716798,-0.03734874339762364,2.4871551297397865
-0.11906759969558389,-0.025578129953855926,2.4829465121167975
-0.10972350675613313,-0.013455166946342877,2.4915058314773146
-0.10116877766022307,-0.0016582491768267387,2.5081621384272856
-0.09289058430359036,0.010141851156846125,2.528553263400124
-0.08414532896600618,0.02202887102940359,2.526729539885324
-0.07530900119315417,0.034613159201214695,2.51832044503788
-0.0669089387564515,0.04730622579584651,2.5600086035174434
-0.05981413511496798,0.05848959074202605,2.5558800727403685
-0.049813827018227785,0.07225108712264681,2.5155524779035674
-0.041962888916973876,0.08298331357060863,2.5224420398561436
-0.0333561249171876,0.09533829811188041,2.5373569783227135
-0.024248959084303245,0.10801022231245738,2.545537984581448
-0.016382893767924962,0.11953064786430156,2.5259522387058153
-0.008061096292858897,0.13100835284706763,2.486474907430517
0.0006460611296436355,0.14354148514829346,2.5677147174113846
0.008391832856687723,0.1565876170268061,2.6163948473781025
0.015204037261078333,0.16828780231430554,2.584073988662375
0.022404965099236,0.1800497663674609,2.586721304099415
0.03038216889830895,0.192101524750651,2.546609081861442
0.03818308153072155,0.20241218208003015,2.461651292756726
0.0437051105116042,0.2102546408860422,2.5751043440798074
0.052176946105332446,0.22279906580189193,2.534208775225658
0.0600662295555724,0.2340596666659795,2.530399651577611
0.06762002060265554,0.2439886635090368,2.438290312678815
0.07625195769212974,0.2539694113089498,2.4131813001535645
0.08565018766934415,0.26448082365065095,2.416990836593133
0.09530757908089481,0.2769144187121905,2.490455336776192
0.1050174483304363,0.28717351727038687,2.3441781765454452
0.11246876280847128,0.29634152435298394,2.495004859369971
0.12077577011972628,0.3065190284453029,2.432868814222905
0.12912173915033834,0.31569792534105523,2.3936538037739643
0.1388055014658958,0.3264402446767097,2.4272058484678967
0.1481004214320556,0.3380371529630104,2.4402048083600456
0.1573186940420653,0.34841526024249564,2.3921900872661106
0.167269153126478,0.35895950114927316,2.3735671425957197
0.1769940031855691,0.3690808777507425,2.3873709137765755
0.1869319044083194,0.37820502330429545,2.3067815874355406
0.1955964583780417,0.3879813480435876,2.4401533419734354
0.20392252213802808,0.3974337934052787,2.4003747659091856
0.2144501013058497,0.4079777188863079,2.332232644293281
0.22476893158101638,0.4185757013454156,2.393150456974422
0.23370702292834386,0.42881317846956885,2.4161820324563315
0.24336411765193078,0.44049202758570705,2.4640640714801774
0.2519486244139926,0.44987527797313004,2.3892183039576294
0.2610409052806509,0.4594381634541445,2.3938472693000787
0.27035951024658844,0.4691578640349906,2.394765411371122
0.2797195580544302,0.4790164381986844,2.399714469811725
0.2891567042390223,0.4899638976950559,2.4223106570403323
0.2991437859745717,0.5006532913758078,2.354192835201285
0.3077260032653275,0.5090406160886516,2.3296191392270513
0.3179689137698534,0.5194786474155733,2.3571378446230975
0.327394522121651,0.5289213798011618,2.3607527419032053
0.33624603447773777,0.5356974396456738,2.171638767290576
0.34687193009922074,0.5447377058286602,2.364055398361501
0.35797080043779644,0.5553323317435681,2.3077107377474246
0.3695186027180169,0.5653696486995482,2.273128986976659
0.38120923231289144,0.575091140056423,2.2668833850570214
0.3919302197884183,0.5842870361974429,2.296080648604069
0.4013032707314016,0.5920201108209061,2.244624905841215
0.4101677731330098,0.5988650168777202,2.2374409689969514
0.4211274434878606,0.6073006375367326,2.2270379723931812
0.43251735050448725,0.6163830309336726,2.2719639501628213
0.44154966120414096,0.6225382964647178,2.1057892909232288
0.45415705268582307,0.6300905788265974,2.1199541245878244
0.4652575870968834,0.639125225666715,2.3605124525386416
0.4761613390121766,0.6500411925421564,2.35797905747211
0.48596846961952095,0.6593273298909675,2.3278840685018563
0.49579931038812797,0.6689683921315017,2.3566351150621343
0.5057429289911359,0.6785480404883395,2.3126470377002613
0.5171571846290989,0.6888504072520579,2.3177256419708967
0.527399086574283,0.6979764902454925,2.3070235042116836
0.5392960195304348,0.7095661286227651,2.3536413265560228
0.5481606536136502,0.7190995226122682,2.3881298679878
0.5587798878913313,0.7304891419429452,2.399075540293491
0.5689594791672554,0.742973206906104,2.50328804899593
0.5780288382953894,0.7544064493110834,2.435022228316216
0.5876408182992071,0.7635167168060081,2.268170862378792
0.5993484424261846,0.7727407300286736,2.2425213280332317
0.6099145970010955,0.7820019452840421,2.294308403227849
0.620848867501834,0.7917714326270735,2.2885682496262563
0.6327701412207571,0.8006713613701324,2.1803029761492856
0.6451823402271822,0.8098808628376274,2.2452178331867256
0.6562168020482496,0.818450666682119,2.22439856711122
0.6687796053166963,0.8264774154183405,2.0905348721059145
0.6811461313714298,0.8357303847609131,2.2989377633760193
0.691055433815617,0.8446995493582092,2.324783203414921
0.7036451206967343,0.855298576306947,2.217978467683434
0.7149769194346446,0.8648782733495867,2.2801740701306223
0.7272184757092297,0.874980292138785,2.266948700099115
0.7361671842228406,0.8829520837868436,2.324154354605554
0.7457798167587127,0.8907351103081874,2.212688421265733
0.7578771907222729,0.9005026251124991,2.2992257636461058
0.7688444962765795,0.909461031877674,2.2078882137221987
0.7794444335164856,0.9172883205451624,2.2254906713287395
0.7910515831924244,0.9268747543811288,2.2835197416125173
0.8016503921828855,0.9361955477477849,2.307972399598138
0.812233019569278,0.9460630392910032,2.3153548490863076
0.8222624138108156,0.9569564495581738,2.421589529034373
0.8304635203370427,0.9664928919207075,2.4432148637982665
0.8391452718432505,0.9779476752683499,2.5108980039597997
0.8482542884272596,0.9883545448939964,2.3672775453959023
0.8584172768822534,0.9957446114948323,2.143537341149072
0.8703101450981232,1.0031507737253826,2.148984674749293
0.8825544955079268,1.0119117406661045,2.21234457266084
0.8942884446263466,1.0220118935086568,2.3207965517668008
0.9050779543893778,1.0309645179916085,2.2621387432165028
0.9159063042166283,1.040057051463682,2.2850668636659406
0.9270965054471821,1.050354581303018,2.3405146537566464
0.937508718248087,1.0602057320101002,2.3402482079416598
0.9484241644010271,1.0664718860904139,1.9700617812659211
0.961340948306006,1.0739157317170482,2.1559736803496503
0.9735557586477136,1.0826819220297803,2.2120932100076693
0.9863828011502895,1.0917416828672228,2.161798092886814
0.9990583525010249,1.1000307376665823,2.1521351323957814
1.0116490364846387,1.1087597701465906,2.2091656174370335
1.0227674957428772,1.1170932856880966,2.260685477345843
1.0349200449028408,1.1264795765567102,2.2201964182223044
1.0461212481071147,1.1343800528364993,2.1541334604459133
1.0579508318620257,1.1439972632824817,2.3258147354650416
1.0674816988118225,1.1528713997306328,2.2972153727303795
1.0771754684980996,1.1635568476981357,2.502218790453429
1.0854979179505997,1.1721436961782212,2.2888500415082196
1.0959879282832958,1.1805304422030645,2.2382578898637675
1.1078352874188484,1.1899399015589296,2.2455556597727413
1.1174748223856534,1.1966729880103981,2.19164908482757
1.1289540115070524,1.2040185193396566,2.1306165514296502
1.140960108001637,1.2133585749292175,2.2807318915932844
1.152907087649703,1.2234419187021965,2.290443545585368
1.1629994443376117,1.2308381497923846,2.1848569434102996
1.1752587213155372,1.2395979617367154,2.203419043967521
1.187026079627825,1.2483191492960775,2.2093832276231473
1.1982633794300719,1.2562004413157595,2.1867385869715603
1.2095668429685809,1.264419473207637,2.220071093388298
1.221750490448212,1.2735167266110103,2.206337796485102
1.2339416853024632,1.2814676763598754,2.1534260605787034
1.2461563425053181,1.289083749008222,2.17467500759745
1.256489927394342,1.2963119714369924,2.1992136224193484
1.2650619687552946,1.302852149537813,2.225101538582641
1.2747898935882498,1.311039521240383,2.2692553212970354
1.2841913662277635,1.3173166055911456,2.0967931103472774
1.295451917402224,1.3253931768471496,2.232070203793634
