1.197089006335945,-0.0341917217514001,1.619187637353811
1.2107859488466566,-0.03372513544390941,1.604340773343488
1.225341211496009,-0.03341883591592969,1.6089594708704271
1.2398639219513927,-0.03247988445254313,1.6430363678156608
1.253546293443008,-0.030966651715081683,1.6930421227479748
1.2680010103266233,-0.028613859471663165,1.7401486579467114
1.281924965809473,-0.02572699704168968,1.7990078693660656
1.2964143520898779,-0.0233485280008311,1.744573597044351
1.3104493513386246,-0.020545269999977103,1.7814171328666746
1.3239191937054193,-0.01757459126017698,1.7901996695575777
1.3387887847490374,-0.014734318144347062,1.7890869255453805
1.3521874890862906,-0.011253760299902178,1.8604854345944264
1.365705796431698,-0.007420825977371566,1.8827937340354353
1.3788938534606414,-0.0027730867092290055,1.9305036074502324
1.3927566989786662,0.0027060469055292316,1.960802306274059
1.4052959418834794,0.007966102955624993,1.9687592392419708
1.4199061515134086,0.01405090329171154,1.9898003854734323
1.4321077936566673,0.018057466008304057,1.9089084821409046
1.446909224249485,0.021753244780699118,1.8800113353721108
1.4622251544107405,0.026715289560337977,1.9267314853934145
1.4764264042797208,0.03211075984759936,1.9502816373828475
1.488825020192357,0.03785833305201791,2.036199766760076
1.500994545126969,0.043674795872198344,2.0214962368382334
1.5150487147666294,0.050725180338342564,2.052040013408077
1.5283230183646492,0.05739917202230623,1.9943553570954489
1.5424467129759154,0.06375385926368254,1.9992998638597879
1.556900293128036,0.07045479713105965,2.0174745867453017
1.5695390067589166,0.07740139954454739,2.105720866628907
1.5814627072568124,0.08462317583625976,2.100383238588409
1.5933761692475454,0.0910780400976919,2.0518621108521264
1.607694632517884,0.09795238582183308,2.0702106915631964
1.6212196052661365,0.10487496139460932,2.0510384346586297
1.6334732667822105,0.11077059830934784,2.0513769229148524
1.6467465425121934,0.11810407258613533,2.0880598833060535
1.6595648540906314,0.12597331395230282,2.1348904939929736
1.6719140158859433,0.13358397499903682,2.158764544996538
1.6833241435775697,0.14242890886011056,2.2764540943878804
1.6937704359500483,0.15106691290665625,2.2714749007299995
1.7044985010557945,0.16046912051825818,2.3064855788101224
1.715448456521579,0.16923876035381705,2.2137238097361926
1.7272643202311475,0.17945766978967248,2.3181204340309045
1.7376089966989539,0.1887386532481046,2.287099825501614
1.7472293815387834,0.19725286010732354,2.28961485517081
1.7570769359885905,0.20609611156117322,2.3159862632027006
1.7678823604867948,0.21671675941100618,2.3630258963270676
1.7789542262933054,0.22795173919188105,2.3559048912528975
1.788800488251164,0.23664241504866293,2.289033921463261
1.798471967206487,0.24567574241740722,2.3526864819135365
1.808029759635148,0.2553272158125533,2.372420489507777
1.8170818796095658,0.2642352149330023,2.3462487115045056
1.8275723761007976,0.27551508309386524,2.390292481776511
1.8364203637753576,0.2856140927207855,2.4479930389375872
1.8455214319766153,0.2956582170861394,2.382192198948566
1.8550575080072158,0.3049386045900949,2.3382991920597758
1.8649240814055792,0.3163324899861478,2.4809939553317704
1.8749973304863672,0.32866340955124285,2.4501816684379714
1.8841898901776966,0.33827739770735843,2.359803857469483
1.8946477542840494,0.34960123066776116,2.4302873108213947
1.9044294630401215,0.3611769030923013,2.45020046452836
1.9133744133705337,0.37135416518182196,2.3869929565520334
1.9243035560013009,0.38269959176005564,2.384726762864397
1.935257118449337,0.3949834013944572,2.4436204359701508
1.944681066742125,0.4053104297216692,2.38010070040105
1.9543101689684437,0.4149668733118785,2.3067594889985497
1.9657637776286296,0.426945042583547,2.4376988023454285
1.9755500081276691,0.4382332313517337,2.4127696966898333
1.9832572280761318,0.4484904972769977,2.5862721458498297
1.991134275508864,0.46077345217982557,2.5682315958919766
1.997840737697257,0.4719887837518616,2.625311394975883
2.0052683209448583,0.485682864794359,2.675949010148716
2.012310415262464,0.49908557380404,2.6324975995636146
2.020334390078036,0.5125458157007178,2.565083921335333
2.0279662516493757,0.5252182185227657,2.5998151569455477
2.0358371410205143,0.5382604750756851,2.543673065290759
2.043724085388438,0.5510365581838501,2.613430806958614
2.052315419459722,0.566049088893731,2.6128653055947964
2.0593548874610024,0.5788688041193517,2.639885844782475
2.0657857346242703,0.5907582755897121,2.6109191532596263
2.0734053238978007,0.6029613133325649,2.59209721214385
2.0812099592199815,0.6129488298881085,2.4191071131384443
2.0903438770413234,0.6231513276120973,2.411054812185287
2.099061428592672,0.6335418296636308,2.4652423339583867
2.106351067292223,0.6428687468591714,2.515074984650069
2.114057101139237,0.654526400565703,2.5868819642607153
2.121028156073575,0.665224366217565,2.4997774749285884
2.1310240454748612,0.6766302592742603,2.380654210992191
2.139449683551419,0.6863528638333217,2.437158720702701
2.1500458065384254,0.6986225990078437,2.4207218698845603
2.1603999100104554,0.7087590165502564,2.3123587241788544
2.169252782928136,0.7160474491689859,2.2156490312027923
2.178109952210977,0.7227234554080795,2.2055412249281154
2.186826829850981,0.7303084604651268,2.3212418724561594
2.19820465902882,0.7348127273086305,1.773984396086751
2.212573980286362,0.7407178370738882,2.0975694578858812
2.2223472651991476,0.7492711669628901,2.4032909312121267
2.2331026532761684,0.7554190354348563,1.9067195323883097
2.245531011334273,0.7630550569199549,2.2598900473763597
2.257950929579506,0.7724311276420714,2.2332691366905153
2.2693343823078633,0.7808951317050988,2.1941581845510263
2.2798291526984364,0.7849705633565702,1.8751885459687216
2.2907356864014,0.7906321056025928,2.1827011600053106
2.3019566518978647,0.794344576106806,1.6844165244684848
2.3140884507613433,0.7976779636528583,1.9679616359182388
2.3263268821775616,0.8024949191928104,1.9129526266257277
2.3376176146487078,0.8032787999286388,1.4923324203480768
2.351344341352,0.8043528318428137,1.7607615095068854
2.3657443437692747,0.8071764366752358,1.7993633070440591
2.3802087452490284,0.8119382770561551,1.9891330707358514
2.3934712527980224,0.8141052339148627,1.534413386464842
2.408100104260473,0.8082261702483202,1.0007800596308982
2.422658414120068,0.8012822851251086,1.2322346344680941
2.4367522382117563,0.7956428433530247,1.1590328070693543
2.45223444129258,0.7900728237262601,1.3023495339491424
2.4661003606518634,0.7900351271578038,1.76876826744957
2.481420600428839,0.7921519199484441,1.6794318152806644
2.4954146352665187,0.7926653832081755,1.5562182523610455
2.5085704853348925,0.7886974805741926,1.0920890261881224
2.5249782998704613,0.7868585486193351,1.651496016095988
2.5373521523879017,0.7890479851145586,1.7789776856830528
2.5489096244054994,0.7914522225269596,1.8199032360261593
2.562388599873688,0.7944940998916362,1.7933323688771619
2.574521567748382,0.7974116928424426,1.8144367932406953
2.5891470205099796,0.7972730086056616,1.409007736716958
2.603463902363861,0.7964911784925444,1.6599873693857692
2.6150884228766618,0.8005141312731566,1.9569328219876674
2.63073209458178,0.8016488990310277,1.4564958496638973
2.6453166669394452,0.7964902083025661,1.0987943324009781
2.6570326442753482,0.7949704545595191,1.6285347889838868
2.670661980574693,0.7928085959707033,1.2846863517140317
2.6854500694928642,0.7906540030881619,1.4824593342878312
2.699287686136548,0.7876237553246614,1.2097772391983022
2.713829971158235,0.783407950156829,1.3276223208596551
2.7280675313097156,0.7796721095091066,1.3298734263680445
2.7413474008084524,0.7750868357924217,1.163009407188352
2.756055053438313,0.7687599431217563,1.1575368972903515
2.768092364942927,0.7626008312384012,1.037365117500358
2.781673029431418,0.7592253363752124,1.5445480231478619
2.795821908544207,0.758137701350947,1.4525660054586331
2.8086698093398828,0.7542537403698741,1.1096267004471858
2.8224173674929203,0.7498743485828296,1.3781536960761203
2.836673765178256,0.7481666225788436,1.527727984304933
2.8507207205554295,0.7449292661861763,1.2601475325388265
2.865474104566857,0.7411827055115072,1.3316805868385617
2.879804095735245,0.736634321935528,1.1907640100069206
2.8896898701123668,0.7283143698099287,0.6487948135910636
2.901758466593859,0.7190562958133884,1.1395911570185346
2.913292762606082,0.713468373167516,1.0880064979951973
2.9226885867605814,0.7099301602446683,1.280363152798919
2.9356372931117556,0.7077036703838541,1.479843234196328
2.948059878811931,0.7066319799002911,1.4687736633594115
2.9595291337036156,0.7069320811600384,1.7044047518234995
2.972701454801243,0.7066768271052832,1.419013228504583
2.9850962188240184,0.7036625148155856,1.2927073538696352
2.999546289375215,0.6995316118812933,1.2930779595312445
3.013141325177992,0.695717902454891,1.28936044656205
3.022114750543558,0.6910354546706419,0.9828042786830897
3.0335349705302725,0.6859727095251185,1.2180534521635171
3.047472638320324,0.6812194837405943,1.1920934389539135
3.0588651617727214,0.677575290845316,1.292997919071823
3.0715086208444484,0.671517388855225,1.0457578267502987
3.0809279873714437,0.6631988671721414,0.7400011666473378
3.0914743584415896,0.6551837479998583,1.0541187870475173
3.102632302207381,0.6506775470654571,1.2496204445678645
3.1151216525880536,0.645729667183962,1.2028169765045362
3.1280023103054786,0.6411477054727192,1.2302571684409973
3.1395582135796203,0.6360422556114521,1.1105359883633306
3.1514905089146166,0.63119607889926,1.1840787240752222
3.1651223678071867,0.6258461875603597,1.1983442090370682
3.1781982771045785,0.6204111685405643,1.1238241682383077
3.1912128753007356,0.6142716053935393,1.1165308235713942
3.20394750137554,0.608406553490543,1.1531601900355093
3.215272627982414,0.6032087760374318,1.1165174562950158
3.2256032526765503,0.5987952045378484,1.2015842493933897
3.238603391799799,0.5937409049130531,1.1916650229424235
3.2514908674842955,0.5882422341052199,1.161780618664639
3.2636912146900094,0.5828553409081523,1.170363058545158
3.276468319252593,0.5782403339513257,1.254286409013915
3.289132567889806,0.5755041305621289,1.3630653140080224
3.3002748068302865,0.5695353233684054,0.9799402694303359
3.3123908330208063,0.5620093695314806,1.0543087703757132
3.324079868190567,0.5538700304506645,0.9074624234540571
3.335405609385318,0.5469899442359342,1.0361733588554727
3.3478576415103656,0.5397392569887797,1.0451020771745099
3.3596166536514502,0.5326560637309105,0.973126851778165
3.3687512323797955,0.5261192659148853,0.9287385715171197
3.3817228207041974,0.5170295686403729,0.948945649643602
3.392216727008145,0.5075922084110838,0.7801359196927634
3.402829614145834,0.4972324614479574,0.8116969988639813
3.4138096118950414,0.48946160962571356,1.0548918978791306
3.4268881732886984,0.48160175637884095,1.0074805096582882
3.436740753608799,0.4743139491176744,0.8568424064232784
3.4476714295332265,0.4671736279002424,1.0317273716707487
3.4585962999406776,0.45956390554613447,0.8965109223936658
3.4686218368068142,0.4508972420506116,0.8540779584671575
3.4803420289159472,0.4411063213872639,0.9065850194133618
3.4922202868700087,0.4339250543386127,1.044940132336954
3.505157726522131,0.43062122429946936,1.4254150596105641
3.5168986342934194,0.42552650117690577,0.9788027344546558
3.5288655367570176,0.4167429408316003,0.9240772581537842
3.541059227947521,0.40934972286613636,1.1236130107884335
3.5559431814681726,0.4023463013028358,1.0936236251695322
