0.3106969390324509,0.5744094236646103,1.6206112572483555
0.3239841070022507,0.5753021205280102,1.6394591005757755
0.33800277225673797,0.5766280340279076,1.6753960023523096
0.3519925443389118,0.5781038672713705,1.6696430798810304
0.36616121404494095,0.5798023862145096,1.690383358587682
0.38062116279047925,0.5813532703261287,1.6838743921849295
0.3937621336049442,0.5836233583741546,1.7805244209894935
0.40733517925236234,0.5871282887964799,1.8208586729684808
0.4220314379136817,0.5898461074558565,1.7677689521547
0.43453008080959116,0.59279937090447,1.8016363952606336
0.44867898003228673,0.596464727364307,1.8376389402364175
0.4617900690397039,0.6007137123851114,1.8820447124786015
0.47674202568950363,0.6041784115142562,1.8773766494133977
0.49051748159571396,0.6085306498269776,1.9152540798725959
0.504377042751024,0.6133129555292747,1.9564331533682024
0.5201485574118642,0.6191889571482381,1.929964444310299
0.5335327106370427,0.6237553046346581,1.8847045386809218
0.5491959287484279,0.6284413623780108,1.8742546006137493
0.5635502964017679,0.6323050300689893,1.8684508593515938
0.5777934208731926,0.6364487338036212,1.9018539487418433
0.5928741510545714,0.6413253452955157,1.9174808279673348
0.606714951502628,0.6477891553544112,2.0194358846571774
0.6203641114733421,0.6548130045021141,2.0367225392611994
0.6344037720679796,0.6618391150999394,2.0784814773877325
0.6482555436454108,0.6688301166792321,2.0338142972332065
0.6611430728530147,0.675747325660173,2.0669226799413174
0.6746455354478217,0.6830334170522087,2.089352710624028
0.6871892907706254,0.6895151856041031,2.0548099090220093
0.7006544927518362,0.696917421666603,2.0904574733695185
0.7138485651222877,0.7038097336312166,2.071493741537273
0.7274204813011454,0.7114350059187888,2.1226045949519072
0.739911108007794,0.7185409895574949,2.0857943425095278
0.7522466902135755,0.7251898389292775,2.097110907644225
0.7642120430392065,0.7312467030875245,2.0082404249130876
0.7769001652148195,0.7369207615861861,2.0612548066396066
0.7887098410709965,0.7434333631622599,2.09528095774403
0.8017824720389155,0.7511278832861387,2.1107169810596234
0.8143430885752095,0.7582267276675102,2.088352502184756
0.8261450858764926,0.766425883394619,2.2736083939867027
0.8377428837035014,0.7749564335551535,2.1420963787873974
0.849263217548805,0.7832085318700611,2.190827828003183
0.8609917943912138,0.7920112062191714,2.2349964125543496
0.8723101469202859,0.8007399987430887,2.2182202299985683
0.8846975597962332,0.8100801932492615,2.2230818635348775
0.8964134932543874,0.819119646000949,2.2699332289792693
0.9079433999628646,0.8288511055059972,2.2862049154785398
0.9198397446991704,0.8397488863952665,2.299153255782729
0.9303388950798894,0.8500026184020913,2.3450647165186362
0.9402822533380228,0.8589912217474925,2.3132529659773615
0.9495092728509564,0.8683784587291307,2.3913308350033398
0.9589981859029139,0.877693186856457,2.334171313384592
0.9703465758791583,0.8881752981798353,2.3169497733602595
0.9799025535157192,0.89987368295595,2.4970068678841275
0.9892938243633338,0.9128415580870138,2.466442442669563
0.9985050805086823,0.9253149112489146,2.523897846142045
1.00756772462804,0.9369682284887597,2.4506443569427523
1.0173903870792327,0.9486872678421077,2.439867861826837
1.0267040244251946,0.9599632558138723,2.4449587365737346
1.0361860929796098,0.9691342013485253,2.267262224804225
1.0479178033271808,0.9789922029799365,2.25799961869964
1.0582633927770255,0.9896957261262301,2.443157081711102
1.0679402955119137,1.0009852958963896,2.3664310745641792
1.0799082923341903,1.0093528709809274,2.1012993236641084
1.0934768614298702,1.0177748585776174,2.156122114552549
1.1031226820771038,1.0263715489183896,2.4347775662348305
1.1133649084932722,1.0358685689136444,2.196654727029593
1.1244885037398213,1.0456153658967626,2.330498172104792
1.1341321042763859,1.0556410596525745,2.4038654145954284
1.1432392583841264,1.0671666270240894,2.5222298398611582
1.152564526782257,1.0802913885863774,2.5026457143555847
1.160706311430502,1.0915752772726863,2.514387017217472
1.1691607153114574,1.1028415830067362,2.4954613853986167
1.178368030349186,1.116619098821298,2.5709258127159367
1.1858332394435909,1.127883827137223,2.483731696801209
1.1943902493926226,1.1348279065961495,2.1042666395069705
1.2026306978518673,1.1417524674333122,2.3263439982709735
1.2160969267741173,1.1476273143127405,1.835371747067318
1.227800212082669,1.1546127558069237,2.280506425935387
1.2422170256262994,1.1608842181390642,1.7445567165964824
1.2552032924684398,1.166518573898585,2.0903355152266343
1.2701909585630153,1.166569421759013,1.3112549350064344
1.283198778152802,1.1669274613370428,1.8641352082610076
1.2929565176066622,1.1731837192778563,2.268038478344556
1.3045604917829725,1.1788477371455004,1.9354753864679846
1.3155510916375974,1.1858775899335081,2.3039583357216795
1.3271235983089302,1.1921477390323172,1.892587096033852
1.3423884670501776,1.1949805750845397,1.6965010245516154
1.3544996590821556,1.1998461703991783,2.078918591423343
1.3669414603853927,1.2081966689919157,2.213512427871881
1.3763334588422107,1.2158191258809,2.282554234555455
1.3870226975732067,1.2245315513303798,2.2342691905739374
1.4026686158471386,1.22982598323293,1.7327883838937344
1.4138217222671683,1.2346234496704078,2.156366598893283
1.4248511159001953,1.2428316850377057,2.2037735999463384
1.435369332500222,1.2506485308728388,2.2070627358303807
1.4436734615966034,1.2578519855032273,2.325305549755998
1.4531989818819524,1.2661701404134715,2.2417329271632904
1.4639151418603644,1.2713912542111214,1.9440939060110454
1.475740401360343,1.2764641406362065,2.024856079298444
1.4864820595792605,1.2820443930772065,2.1259770751354856
1.5024441087961868,1.2827946697689065,1.303574922427399
1.5160389705895219,1.2839969278052394,1.8745958311426558
1.5276231416501087,1.2907332231884214,2.188551933995652
1.542525545595598,1.2957443881750035,1.702393708679322
1.5567175912690119,1.2939325832088362,1.3006916393201837
1.5706439889415609,1.29319302516272,1.6319290756667622
1.5856461994631337,1.2896865098569759,1.1205274742466598
1.5980711759533666,1.2847425726139976,1.291560353373773
1.6116142572904153,1.281599763459506,1.3175347129566668
1.6239443768806987,1.2773616209045386,1.2041072471045648
1.636726091106458,1.272582758508682,1.2059326192357562
1.6482931932497453,1.2660915538341775,0.9048466756192466
1.6592852197048387,1.2625720880415026,1.3976102739714091
1.6705094784326942,1.26418366093892,1.8125180529288623
1.680215850585264,1.268611180584594,2.087491502684432
1.6919924683290548,1.2724081091005301,1.7943888360527798
1.7035628767628115,1.277472767609621,2.0176571174366646
1.7162518398738258,1.278934695028659,1.4792825538561336
1.7287635769043164,1.279424938313985,1.748966415763323
1.7419457072789128,1.2823464396138318,1.7988559318612163
1.7558899259269565,1.284902798672242,1.7107674249389673
1.7696260168880837,1.2875557732044822,1.7773628033755162
1.783896706708025,1.291047006852561,1.7947042707896241
1.7984934916793736,1.290416239646436,1.3426667903188623
1.8136353281202544,1.2890297416359706,1.595229022023109
1.8277201629131952,1.2894635556669234,1.6048972082732538
1.8430598925933444,1.297887397169332,2.379695893701297
1.8585302578187244,1.302034503872523,1.4909695675768495
1.8723215043307075,1.30201924165292,1.653288723908582
1.886176172966728,1.3074274922114577,2.1564803872279885
1.8952944570499604,1.319323554711979,2.6719380568725994
1.902342006686192,1.328985755082724,2.420880843433518
1.9126163797196394,1.3382184364193124,2.2544153031928977
1.9238628851723807,1.3442215057833438,1.9556564027970584
1.9388865152330503,1.348650602184978,1.943464802146906
1.9539591958941769,1.3527819614868029,1.754416146746278
1.9657569478872956,1.3573088881406978,2.082371038369853
1.9782937978045743,1.3633335932247326,1.9796547319186804
1.9906624544557319,1.3682326359046348,1.9994929381296151
2.0046558658511366,1.3744067030771818,2.001495471482161
2.0191107427594583,1.3742817959235198,1.3542584728935492
2.030207807506799,1.3694263950499783,1.0525635542327187
2.046170165318837,1.3661853611267787,1.614943806802376
2.058247440538318,1.3699652532910565,1.9864821866388254
2.070981932774863,1.3767797875107868,2.0787510352576377
2.084184672353462,1.3795477368302962,1.5729064339428191
2.0971940394845667,1.3777668584747749,1.3149973568189517
2.1095943795602947,1.3735392442792687,1.110595578147041
2.122522719320616,1.370177361079292,1.5002444367162242
2.1357646412563005,1.3694425542645308,1.519761275091871
2.148604927781752,1.367603612532272,1.3880425605260678
2.1626319401724228,1.3641218620378652,1.2272541449850876
2.1758028009153163,1.3601264468884098,1.2116687432816284
2.1918791540303175,1.3601793280989554,1.7877060182807052
2.2055386732903326,1.3616853627078822,1.6084847809249385
2.2192104865270927,1.3645551685796,1.8650562801906352
2.233069668757196,1.3653156784898208,1.5899859057696941
2.2474122384409263,1.3660828175397604,1.6779934763523945
2.261287458678852,1.3688220056234917,1.8634814019392274
2.276432754317528,1.3726648643390602,1.8064151050991568
2.28908644911748,1.3749141326573882,1.67794069809675
2.302803765366034,1.3767372252434973,1.7087898908714316
2.3161219844252976,1.3806358327866741,1.9500132185374905
2.3287999935744663,1.3821354815743943,1.5260624167528418
2.3426816885719846,1.382815287856043,1.7150554435074692
2.3575622087646693,1.3817799818975267,1.3470220792957477
2.3709745850151376,1.3796816738318807,1.5085595879701192
2.384823470801579,1.3772484231300397,1.2759365619003935
2.398500709463749,1.37729588791981,1.7384298785271193
2.4094547454132167,1.3810102251408334,1.9513331579642343
2.422279243127645,1.3876091981588443,2.0346201375269946
2.433356396979814,1.3930248951176631,1.9676828607914854
2.44680055605369,1.3957263510062663,1.6898717574187985
2.46120470634968,1.3956824584922212,1.5053935750241267
2.472364366052579,1.3931191572518433,1.2828492261424578
2.4866323287079,1.3901972747101474,1.4092146013074842
2.49978617515516,1.3863418455219516,1.201052664468011
2.512709585891739,1.3856610044865862,1.6990994987990673
2.526873001689187,1.3889468593328949,1.8530618812822888
2.541336200002586,1.3935088120194106,1.9028241697426886
2.554781867523047,1.396631316514401,1.7424583645027394
2.567534581123593,1.399520130946681,1.8704770990552226
2.58269467113853,1.4003009414294876,1.5393847557691827
2.5967587868452657,1.4023545665234125,1.8603168131100298
2.6094986363018893,1.4070352643695714,1.9400521014265217
2.623890752916794,1.4085974254166078,1.5340908836074718
2.636926474365437,1.4078839360742077,1.5036816453991015
2.6517125726904256,1.406953168640569,1.5155063495658418
2.665642474527835,1.4072692764932435,1.6487117322607698
2.6792037461411335,1.4084606974504044,1.6700856802940582
2.693563303357552,1.4104089389830858,1.7528375110512329
2.7054945802955728,1.4103100390405028,1.3723856961439402
2.7180798554000543,1.4068337392050922,1.227473327206795
2.730817726105271,1.4057262958887011,1.671486787208735
2.7447176787292613,1.4078579868788756,1.7903236668590299
2.7575405432711366,1.4078642390905496,1.3931154460144126
2.7709707878363417,1.4070095675552485,1.6442404861561537
2.7834528038899573,1.408249297805664,1.6765244681008866
2.7962849907760576,1.4098561618013943,1.6880517323729491
2.807928584819203,1.4119118696062471,1.7585861231237683
2.8209455002196244,1.412959789823708,1.6113695733229072
