-0.535094692142609,-1.190492287071465,1.6223442287193954
-0.5216001197560957,-1.1896055279005577,1.6305921046522731
-0.5071323098763537,-1.1883876571201903,1.668553434294656
-0.4931887922956931,-1.1868884460124571,1.6988550670488531
-0.4789865765450869,-1.1851575088852908,1.6811017748654424
-0.4644979011564707,-1.1835104826630316,1.7128259222876514
-0.4505555823849358,-1.1813138788825734,1.7617279774216323
-0.43766107478358685,-1.1784889223239658,1.7933757927332734
-0.4241772626724965,-1.1754664929248209,1.7909776050142439
-0.41060458216324647,-1.1716954332553642,1.8718053410390731
-0.39489735504178763,-1.1668655222137447,1.8529396541323586
-0.380629884494644,-1.1634385913096332,1.8329218144092243
-0.3670845456438539,-1.1599091710425684,1.8720441778117358
-0.35285334779970534,-1.1550279520762619,1.898885186200498
-0.3383457144795411,-1.1497466461543313,1.945213211797388
-0.3246381713449073,-1.1443689418951752,1.913829812086662
-0.3108611079197638,-1.1401474648987284,1.8999950321815757
-0.2981226299680203,-1.135234429030851,1.9227092107176924
-0.28175838587090646,-1.1295648974945391,1.9558563412587247
-0.2676249946979702,-1.1247018984536605,1.8805888590242479
-0.2531720215439307,-1.11948297735008,1.9262673442785465
-0.2392797074595441,-1.1147322329930487,1.9559197825294146
-0.22436199898905107,-1.1089877296782302,1.907566297238808
-0.2101691748397818,-1.1022278211536216,2.080709702812789
-0.19834297403059103,-1.0965828706309237,1.9985260349505705
-0.18512169038369225,-1.0903343648765615,2.020226304858094
-0.1711474709008526,-1.0844385412293904,1.9434013282796763
-0.15747950678665532,-1.0785464343666766,2.0055326421499333
-0.1436356445567845,-1.071554009527155,2.0199898241214784
-0.12951181724034463,-1.0654003747491296,2.0223816128643
-0.11513085047213165,-1.0593691682464823,2.0007446736138763
-0.1027708638435967,-1.054199994725645,1.9631765967994161
-0.08902979698070772,-1.049067745737424,1.9787352299795797
-0.0756919619580874,-1.0413890582534928,2.168997613662364
-0.06455239445529899,-1.0330564687514119,2.200052944640851
-0.05200161781279668,-1.0243050928311503,2.190114197728219
-0.04182714466065763,-1.016672300366827,2.2514226058347475
-0.030817903316508674,-1.0072477877365509,2.2771574426162116
-0.019958006146649353,-0.9989915004371622,2.1909801007687357
-0.006415147972077802,-0.9899954933255012,2.1396678990301043
0.004049231114945495,-0.9815769331381722,2.2676070846039877
0.013933184310390749,-0.9742099589402177,2.172071757509092
0.02490295506435858,-0.9669367374530822,2.1476397295434944
0.03741722549282785,-0.9584544761351267,2.2150431435236193
0.04850794889174691,-0.9486160646393218,2.3323602810649
0.05930074730717594,-0.936917738406607,2.412589631330756
0.06957425604354577,-0.9253193048101978,2.398970578423504
0.07962073178068531,-0.9149944006967823,2.350003665474816
0.08976776389771746,-0.9039459644762731,2.411250304517673
0.09980769806206427,-0.8935643319144637,2.364659918207672
0.1105903524600418,-0.8804746061804366,2.4980086380546322
0.11940035458146103,-0.8695740469109599,2.437941724678229
0.12767154275617065,-0.8589218751908219,2.4617101573189006
0.1359527966511316,-0.8481023634422233,2.5056788116243487
0.14511929831327028,-0.8357363590095473,2.463469152040225
0.1535326779670825,-0.8253236325278136,2.4522066502011275
0.16119928460627075,-0.8166903705108134,2.4342768606923766
0.1686815294056559,-0.8055827752108256,2.551479024176507
0.1764816045443577,-0.793849182778307,2.564026348738568
0.18427525363142827,-0.7820812138929559,2.5494275066227163
0.19271939097562327,-0.7689674940206395,2.5702739071163054
0.20024227239132877,-0.7566807488612766,2.531487621227665
0.20724593522452983,-0.7458833435882183,2.5617375635537276
0.21415797876315276,-0.735059580190197,2.559133646384829
0.22127139927444653,-0.7241962814394948,2.5652929063705154
0.22896746535099127,-0.7115211322567712,2.586368279246531
0.2377407568911163,-0.6973755476449104,2.5755544298946544
0.24537323628067556,-0.685847474795452,2.5640361334684183
0.2525194490632041,-0.6744449117220749,2.5463846996292414
0.2608340731423763,-0.6635878722654477,2.4863082675851387
0.26908689956984955,-0.6516021222682784,2.517723441263974
0.276229183102525,-0.6411316517859339,2.5641092671316996
0.28335416695926213,-0.630809392467605,2.5440760310818082
0.29073377543318546,-0.6196398069479753,2.5471372190837385
0.29719457533695304,-0.6090045502041778,2.6051042905427506
0.3042894918779848,-0.5969285630893756,2.588082634999099
0.312610221906533,-0.5843055861936914,2.5410846260578572
0.3215431140915532,-0.5723102587408259,2.496307034770015
0.32796202084011206,-0.5631069203536487,2.56551959215703
0.33659216683244647,-0.5525121494146161,2.4318602473944586
0.3453556466320163,-0.5420736651524409,2.4555092394029696
0.3547551401264298,-0.531734054933861,2.405764022529909
0.3638963346851074,-0.5213162768219608,2.4068501409866494
0.3741396033612935,-0.5107407671517299,2.322109431857276
0.38342533330609213,-0.5011963310482334,2.4233275670560737
0.39231220567722236,-0.49096851126055735,2.4465344562917704
0.40160974546459227,-0.4806612573256418,2.363906223085907
0.40996803832791073,-0.4712154712328221,2.3875090138720925
0.417777558438227,-0.4622854123552751,2.421540373484431
0.4271570698760012,-0.4505720239650186,2.504361853338394
0.4352878641036231,-0.439017181575659,2.5211857220275173
0.44373414921477067,-0.43020591012150444,2.3399078297066245
0.4551890204110258,-0.4188823435363924,2.340438314751037
0.46495839933152394,-0.4084779260334724,2.431317260239479
0.4735079916266262,-0.39861965585652465,2.4042469290185258
0.48231568349112064,-0.38936082101873626,2.373622666616794
0.4921975604302174,-0.3791437693103333,2.4043178865263957
0.5022499632244348,-0.3686606181520139,2.3512192519547592
0.5124400629294795,-0.3584372080040339,2.349837236371741
0.5216719844275404,-0.3477522622331028,2.463910475158729
0.5311466627002412,-0.33769560523518316,2.347463753486204
0.5408973211104827,-0.3277779606854673,2.388943317827174
0.5497152556464043,-0.3189104033838393,2.3608610956263867
0.5586524276543079,-0.3092348717758101,2.397694461738103
0.5684816637119714,-0.2987140058066538,2.371666603682538
0.5786442290256119,-0.28870931896414903,2.3454961773746654
0.5877844081985277,-0.28066734788532316,2.235359231659561
0.595519087401871,-0.2733745687989752,2.4118595846161686
0.603444469869857,-0.26410464466928296,2.4830858116933254
0.611337883870928,-0.253592290155597,2.5154263121208364
0.6179847421897637,-0.24689805659431285,2.279576300017362
0.6286540563197528,-0.23794024288834167,2.2413513968786436
0.6395782226386014,-0.22931109255396376,2.21100144448886
0.6485461857804827,-0.22190503903522305,2.281851537852079
0.6578265502595982,-0.21392919457602808,2.230921790840662
0.6680693545068502,-0.2059267935608687,2.2725656427487015
0.6781105342623965,-0.1970935791193639,2.2872001905978556
0.6882873749767638,-0.1873006574191368,2.3593506167733085
0.6977580983654539,-0.1777289941962595,2.3431238156280196
0.7068188987379046,-0.168775295043241,2.3415642078443986
0.7174188379949081,-0.15940011453520309,2.2643982091111603
0.7284243319027605,-0.15069149940643303,2.236243652540097
0.7384044400423645,-0.14321037378885165,2.1962297976287424
0.7493794346119043,-0.13451669895382126,2.2750765995586115
0.7600995326231904,-0.12628576778848308,2.240129850573692
0.7712769896534662,-0.11655493424585689,2.302099779523003
0.7819568790962789,-0.10717380241656062,2.3013762855121134
0.7927246760865451,-0.09766112398386335,2.2899594237669167
0.8019756156003834,-0.09013523278709527,2.2195655316494407
0.811534736101525,-0.08267475776442741,2.2727533670015996
0.8213230532032576,-0.07375011736728636,2.3505045941681617
0.8317573748581754,-0.06348298635713219,2.3453756846947575
0.8418728831314447,-0.05225590231965555,2.427257730042904
0.8508673389895276,-0.04197516823188783,2.389299685274841
0.8606511496855127,-0.032361328438838995,2.3381221443585196
0.8714351588963464,-0.022744888500429515,2.2686398541129473
0.8826289380133053,-0.0134770138783512,2.27144756436446
0.8933812719600794,-0.003947232707433216,2.2780975986392895
0.9037351700333138,0.005305109235954164,2.30359140128193
0.9147715360213116,0.0157066029157771,2.304427795697484
0.9234397006787971,0.023971065879933934,2.359191623114376
0.9326679476466816,0.03148170309860852,2.2180391660513448
0.9439785748326083,0.03911517159149051,2.167863060123894
0.9582786964639436,0.046975049350322956,2.0819631553333684
0.970356812462232,0.05373491505089237,2.103272682222915
0.9830278768056276,0.062186456028522984,2.2071186530431617
0.9942598321673631,0.07004222255193908,2.19386759621389
1.0058571518186843,0.07828771977790486,2.1567208819972246
1.0183565516577977,0.08648336994057697,2.168812222318367
1.0305451854032326,0.0946343996057542,2.1584473051018813
1.0415245250618983,0.1020425793126915,2.182204688732265
1.05078876783701,0.10786963723719861,2.073247233191411
1.062957381055302,0.11467086534449321,2.0814303209863376
1.0754879390018801,0.11867144639389136,1.8008493920491697
1.0889847720205814,0.12324232921195732,1.9176321466508115
1.100026779330398,0.1275785241273495,2.039226357142055
1.1087189292749353,0.13472682552709112,2.2898763489586798
1.119212435493676,0.1433896480620121,2.2102500077414637
1.1295224453613972,0.15050686235495395,2.177737563679258
1.1423764833426984,0.15770234110105488,2.03218044808064
1.1560615712692073,0.16457834383790992,2.0603973712420873
1.168888471519416,0.17134691980616848,2.049732928781284
1.1826379463837644,0.17764531917352366,1.9714673889943986
1.1967015098283271,0.18374828954402936,2.009766302613219
1.21093042607673,0.18986318731184554,2.0096524571525887
1.2235232727155065,0.19700188146568337,2.0970488672252388
1.2354203420061594,0.20391096461527145,2.124934970714163
1.2468242934734275,0.21221161237950514,2.2629499306982903
1.256504031260362,0.21891104424770483,2.1463233021915737
1.269120530226936,0.2252917190588057,1.9474433604627472
1.2830320789616947,0.23129144482277353,2.0033344267190065
1.2972769329450446,0.23665563530738334,1.8810492328299493
1.31089275676346,0.24188771988321134,1.9225286734923637
1.3233124259398203,0.24745534845923564,2.0276658607056786
1.336532901002125,0.25328626361937145,1.9556393420139733
1.3497762587811792,0.2579914231579771,1.9036040651247625
1.3590443156567644,0.2631251486062145,2.0914953880690055
1.3720349045520464,0.2700199124905813,2.10715368230226
1.3852297300931848,0.27734328614506526,2.091392870652352
1.3965265679669323,0.2842558367081514,2.1314169479149676
1.4093520848217147,0.2928309474292616,2.1562218401610993
1.4219161266923923,0.2999822213019423,2.0426135021234675
1.4332527899170162,0.305158560536952,1.967829179713236
1.4484961106836458,0.31053398676139576,1.8879070470916866
1.46134847313979,0.3153926798127428,1.968263194165522
1.4745922091676587,0.32064821644362157,1.9968569968115115
1.4850723799769845,0.3261425427200606,2.0360966281802484
1.4973311572571775,0.33435856498196204,2.2337003174749444
1.5096447885440127,0.3420231264116361,2.0666178148446863
1.5223679784941702,0.34894130022836384,2.0748092405150804
1.5347010498110891,0.35572824512657747,2.0551650857603585
1.5489172685409778,0.3621323993875451,1.9784488981414443
1.5638118019108644,0.3688397071607338,2.041081923219861
1.5756748969995806,0.37486834287561327,2.029477113537923
1.5862050911902357,0.3795018792367391,1.959503059335553
1.600379551032405,0.3846931185131263,1.903477317436505
1.6147615722773667,0.3876174407456182,1.66997214694034
1.6263148935857334,0.39092203752115173,1.973708966688554
1.6400912391111706,0.396297509009993,1.923990128229469
1.6540873981275526,0.39759785756854926,1.5492948084276654
1.6675506904878974,0.3956277146812406,1.1837652364950004
