0.3402614217535541,-1.0028324471428502,1.6164695238511135
0.3529972003020788,-1.0022157549934558,1.6190205201010548
0.36766839279842806,-1.0013848120726014,1.6440158857691418
0.3817571559572162,-1.0002353498555132,1.664934777822909
0.3964618215460335,-0.9988836662158906,1.6858459785354463
0.410703902775816,-0.9969947784568025,1.739766823754388
0.42531590368413646,-0.9948277561405088,1.7470450680329241
0.4400815789768684,-0.9921033894395653,1.7685813813068627
0.4538304516093278,-0.9895427943052163,1.7721916372502526
0.46837957576958505,-0.9869944067220285,1.720477577068117
0.4836341010192109,-0.984230494042806,1.8126019520877437
0.4977357696174554,-0.9809192269517929,1.8309299095113756
0.5111193835261133,-0.9764059664087307,1.944965253963716
0.5246776748378965,-0.9718332567245733,1.8914224270233566
0.539230390669869,-0.9677928272811616,1.8015677189978871
0.553304400728359,-0.9631484588643784,1.941297772362182
0.5664272572511444,-0.9579083201103952,1.9587110485239463
0.5791865177386673,-0.9532682776465318,1.9350486638510453
0.5926178424033928,-0.9484735126373753,1.9145377140941693
0.6079614069040953,-0.9423667090989245,1.9917788839234332
0.6214421054062113,-0.9364950773984871,1.9503648851539754
0.6362347807737606,-0.930624000449426,1.9573431176723688
0.6496145183643187,-0.9241163695447691,2.0536734834656425
0.6616584820635343,-0.9190467263996085,1.9515139415842402
0.6752433478058002,-0.9133001949526965,1.9832610703251534
0.6884611932102035,-0.9064029955563172,2.0958815826851143
0.7015634627790115,-0.8993957953609351,2.043575540920237
0.7149107701875511,-0.8919763702998994,2.1536648817671407
0.7277067727389901,-0.883673336072361,2.190707973736784
0.7401232559430976,-0.8754171830577296,2.190224056817845
0.7520879821230777,-0.8679669606128587,2.103300328058044
0.7659955286353121,-0.8592816927940236,2.126002774703426
0.7789760109208166,-0.8506444692453092,2.174609529325135
0.7914124250520881,-0.8427289557607718,2.100408084402448
0.8038983090856919,-0.8362597972616646,2.0999701435613214
0.8164490176458108,-0.8286445550432637,2.0955687183645972
0.8275558386345356,-0.822444206094424,2.128686271673135
0.8408125187300457,-0.815042893063049,2.085943343669837
0.8536749555440756,-0.8078778618785406,2.1427169654292295
0.8665763964719819,-0.7995071633224834,2.1545230071083576
0.8805375251414379,-0.7897369947038092,2.210292633041351
0.8929888169484431,-0.7803399362509469,2.1938842599202877
0.9042332572676435,-0.7714048020096865,2.2697373308060778
0.9146492622549744,-0.7626106051836021,2.292935837667461
0.9270703813753044,-0.7534840770281173,2.1533945334634015
0.9395046675796643,-0.7439771500905511,2.271525349012685
0.9506953154757195,-0.7343237105323607,2.283803084913337
0.9619507375993281,-0.7254352115730157,2.229095918719772
0.9720575182780546,-0.7170943494240786,2.322312696661119
0.9833201080278576,-0.7061261904489484,2.3541202600571407
0.9934096954136854,-0.6954399991606022,2.3770276902016847
1.0029635478513126,-0.6840565378082653,2.434197489723263
1.0120679082822182,-0.673137060841623,2.4551170190316522
1.0215446987995997,-0.6608793741523429,2.505132226607986
1.0307117120413072,-0.6488188437940817,2.485913433272937
1.039352208792702,-0.6366602766326361,2.5227746875712915
1.0481306247007254,-0.6253460727064655,2.4927304977297955
1.0548150595506842,-0.6150180465688858,2.57350827424914
1.062065978171411,-0.6036229363378434,2.570740422998089
1.0701171387280097,-0.5904338110775783,2.633844120287878
1.077789574983137,-0.5774256395904884,2.5878723852609156
1.0858671078306288,-0.5636037849175913,2.6287654617917444
1.0935411227855074,-0.5512957064909852,2.5534020255757484
1.1005921021545855,-0.5401253662728321,2.5667826769438147
1.108813983378729,-0.5269239789913608,2.5675621265346273
1.1167507943568538,-0.5147344625383807,2.561595820228489
1.1245045801345022,-0.5032437875255233,2.54784170182216
1.1330777210544931,-0.49097394228360053,2.521372140598989
1.1405677665971459,-0.48026911326046273,2.5539568528631884
1.1488044687860335,-0.46794598657815645,2.5784571763208963
1.1566195417355836,-0.45547008625250585,2.552038373837669
1.1647993815945032,-0.4429729393328238,2.543181389306326
1.1724680951842616,-0.43174645662834343,2.5625945594431134
1.181201175656657,-0.41809737857067175,2.566573509237121
1.1893999012084047,-0.40486791583688686,2.608609143664986
1.1966123145044218,-0.39297958071294453,2.580575965814226
1.204736946243106,-0.3791028576985135,2.5692480115664846
1.213675411685723,-0.36492204910123455,2.5518131751974433
1.2218544888167362,-0.3517239227065707,2.571785511335583
1.230355904850969,-0.3367024594033914,2.607761913437253
1.2372783601425732,-0.32184206050430725,2.6391250809363114
1.24388812207002,-0.3099763464862225,2.6086672817391454
1.2519574729759881,-0.2972110167376582,2.555976573751028
1.2599591460274813,-0.2872129771462977,2.4014373042900403
1.2671954222870654,-0.2772424320510604,2.5965093242184856
1.2744895785054804,-0.2657916895728913,2.5536245307469496
1.2826835711453946,-0.25278643272122614,2.5584907513392747
1.2910522928448434,-0.24033026815942043,2.533915802649586
1.2998490642675904,-0.2284111078502829,2.5134387084943386
1.3095656693027422,-0.21737014287822878,2.3772883453756104
1.319320455318088,-0.2069949734017399,2.4025188053682207
1.3271146870264339,-0.19747278420597236,2.494257327516514
1.3362307960550464,-0.18673097455675897,2.4141323501570175
1.3465915133490343,-0.17524368711952598,2.3902090684631188
1.3555732306270103,-0.16508426958738762,2.451204002470176
1.3652088457889282,-0.15538833657008622,2.303382823828236
1.3755634824547893,-0.14562299619931,2.3402557456581676
1.3858461888036615,-0.1350850000348615,2.3685360777859703
1.3947510263333867,-0.1258716866536395,2.390508664872228
1.4039802693679084,-0.1149246683718372,2.4528576016809525
1.4133416449046925,-0.10315796888588409,2.44449836802897
1.4238731344193165,-0.09274194696562808,2.3392215263875
1.4345944920922094,-0.08183757146830545,2.3808279468743865
1.4440147776346064,-0.07295106220374528,2.337591196978418
1.4516552643491134,-0.06260097315440659,2.516864528254954
1.460552529329363,-0.051099252199069925,2.470492317655892
1.4703742227220968,-0.038592010842108206,2.430016101381887
1.4796829803773575,-0.028942665522723034,2.3607253289006427
1.489691884471142,-0.018790873891364208,2.35785370043871
1.4988031080192565,-0.00900081147426991,2.4118214128971736
1.5098210733302364,0.003340638048004538,2.4011753944765175
1.5195573761265737,0.014698033328324532,2.444714543822421
1.529606586336723,0.024971027769703495,2.3074351090034506
1.540366440302378,0.03488393687517667,2.3294476919491967
1.55110016338265,0.045444932939372504,2.331309030987526
1.5614100392199806,0.055490632699199516,2.357032125097849
1.5724385504665521,0.06665076288502762,2.3792371934935734
1.5823171055177132,0.07645544784660303,2.3427446090571036
1.5935812695668319,0.08696336049789904,2.335685156655191
1.6031202921206413,0.0946118422922593,2.1846266328062045
1.6148213986120754,0.1036990503191913,2.2557641637435952
1.6263740651967302,0.1129596424419616,2.280153522835227
1.637646417141748,0.11855726046094017,1.897041850642091
1.650711047648874,0.12445404976984945,2.069100330193333
1.6640125023233485,0.132260651226028,2.144919347467946
1.6761119791321115,0.14064888322641375,2.2257637906929384
1.6876351583427232,0.14897946339262655,2.1979239213807724
1.7004202545386773,0.15931922512446928,2.25127959294245
1.712951357562287,0.16458313629389265,1.8001320566633994
1.7250451473453257,0.17016842946702215,2.140327598600055
1.7371779257576994,0.17884842129151693,2.230900029831212
1.752140297450959,0.1815038539770695,1.4446633981447026
1.764970837077598,0.18375799989636385,1.9403279613808369
1.777036730186251,0.18783643946329118,1.835044861332835
1.7883810669001008,0.19316163471919512,2.0888379502334398
1.7985515143857433,0.19962328567796228,2.155011785891874
1.8089857572663082,0.20403068544297429,1.7990760095677514
1.81937288556347,0.20749535689979642,1.9582054453562132
1.8293082979984763,0.21312000704100081,2.1800792734908514
1.8450506718198707,0.21558729072457433,1.4948770921939263
1.858864360866942,0.2176742950758402,1.8921178159995784
1.870761668668092,0.221553934004624,1.8526283324341397
1.8802450422201145,0.22394775472262443,1.7434217028419037
1.8941494146865396,0.22810029518054556,1.9101556904524368
1.90618073552115,0.23284400448197778,1.9403477867630468
1.919505488782795,0.23829378941946677,1.9698769756224732
1.9333933231481226,0.24460652726089888,2.0157072155113496
1.9466028087019793,0.2491828126478475,1.8891929763292228
1.9606301364588188,0.24932536927499846,1.4287677387864435
1.9749553539196445,0.24979329526764074,1.7358633541002204
1.9863906146656392,0.2547353478090521,2.0642207181502163
2.001374230119033,0.25604469650517325,1.4036213325791713
2.015666180249975,0.25706320656189013,1.8185221012697392
2.030788775597587,0.25393046857279805,1.0887182500960815
2.042951084271573,0.24998399006434388,1.2907925599741341
2.057946663310919,0.250158627286693,1.7484240944355822
2.0710173647922927,0.2535037769964435,1.8873610950944455
2.085112159213145,0.2527515573352826,1.325948801435374
2.0995699312019878,0.24722241919366975,1.1316851326866033
2.1127096684771,0.24727979751460655,1.7618639670508907
2.1269669871162877,0.24997973378580002,1.7638977811285947
2.140859059124519,0.2504954632422339,1.5329367224783204
2.153821863022896,0.25152693046628266,1.7501890984467203
2.167643620956144,0.2522778895076814,1.501961668903041
2.1805070308939536,0.247704339968844,1.0802977784203722
2.1946462882250124,0.2454918616662914,1.6513308042650336
2.2096727911929706,0.2407261733009539,0.9369330623668731
2.2216177617515336,0.2330391850657365,1.0513150816451255
2.2327883377294455,0.22607396156224904,1.010847898998203
2.2472940687438325,0.22236444759735868,1.5296774620321079
2.2603014735801277,0.22335856440114837,1.7515981467990405
2.273561931291706,0.22516830577831637,1.6586721316874893
2.2876872065716602,0.2246445348649549,1.4684331400858817
2.3007588902658513,0.22186752373132507,1.3205621041907851
2.314978746449189,0.2189782160962128,1.3827319321031046
2.3297501452788003,0.21716875225943266,1.492317202405012
2.342803711550068,0.21228975293823704,1.0127378636148388
2.3539629545596323,0.20462108465354178,0.9122201799794162
2.36691877629974,0.19881727445915887,1.3244958422061595
2.3814876672992473,0.19824142910425682,1.6192585405245399
2.3956621724661913,0.19683730457087079,1.3776456869503593
2.41092901130508,0.1958237604175017,1.601512912434702
2.4238080946481024,0.19786025826720427,1.788962835652388
2.437423811372342,0.19774245915792174,1.4180549405947724
2.4485409251161525,0.19520465488334726,1.284352845705363
2.4610288927359263,0.19187312780690835,1.3510809994347857
2.4749458923004974,0.18793779592013832,1.237739591448974
2.488066305114279,0.1820114030797123,1.0787662319876477
2.498476860252912,0.1720734697562475,0.650093976135089
2.5095539509743254,0.16281925835962396,1.0780477736330911
2.5238193800641016,0.15497841426033263,1.0319612314967221
2.536165627130983,0.1474383961189045,1.0167577780443562
2.546241250079142,0.14109156695687955,0.9991438563236823
2.5579197399022315,0.13333950136303332,1.0134827017320431
2.571158797910851,0.12618342242027866,1.0779635509810452
2.582573137333338,0.11943703040980948,0.9999389942530313
2.5931303205833194,0.11306748222318114,1.0509057125032462
2.604863714851265,0.10569812900344053,0.9706228510775815
2.6149819489259074,0.09853384002043396,0.9508912819018487
2.623875243450412,0.09256803124830316,0.9924802261091135
2.6355764966648563,0.08458477277440371,0.9507186139533343
