-0.2880150469863694,1.2404006396880736,1.6224301988394902
-0.274241285859756,1.2413860176258669,1.6301061985686662
-0.2595309993720783,1.2422648289933524,1.6258187915247937
-0.2455303588667433,1.2431327079037924,1.6333077312241293
-0.23170976322465342,1.2442427119790187,1.6756688395373849
-0.21664632516316998,1.2457761729135648,1.6611329690648435
-0.2021992383784468,1.2475761288161602,1.712418738738508
-0.18800264816579426,1.248979507824079,1.6755557438738735
-0.17440475476664655,1.2505890061703495,1.7289974737957758
-0.16117225240419591,1.253059932428719,1.7525548741450216
-0.14570309041917684,1.2558824384317706,1.7924424249540274
-0.13006614598938498,1.259431977942623,1.8173914163719174
-0.11497168717013292,1.262324058098738,1.8163877181247992
-0.09938268907063734,1.2663082519392639,1.810293922338362
-0.08579177096411957,1.269606408069828,1.8482279084328899
-0.0736013330319133,1.2733130805721882,1.8757647983993273
-0.05965054798593878,1.2780032754692188,1.893328060230868
-0.04526731629904596,1.2820435752914086,1.8860984793930302
-0.03070582195819394,1.286416726308632,1.887815784128129
-0.016111883855676516,1.2905044311588942,1.8645828852362856
-0.002702852065384664,1.2948180737039467,1.9029197033058483
0.01096531287746103,1.300425175781667,1.9979478542832745
0.026010304327706704,1.3058188630633087,1.9474018703302427
0.040430848554978346,1.3107325592023518,1.9913181676672744
0.05417006351322303,1.3176245562871745,2.0681475811485313
0.06778563645886661,1.3248564814872021,2.0724198555283633
0.08022200232085908,1.3322667849949699,2.1641797208259668
0.09273509088106253,1.3401440370560145,2.07054123260958
0.10831842119520067,1.3475906697211137,2.0535207993934925
0.1207806121931398,1.3541406716065076,2.0954070804908107
0.13313725275820923,1.360724461091554,2.0802224774965543
0.1480769509517383,1.3680818630365705,2.0167692727377577
0.16236226529851988,1.373804747597018,1.9657795523255568
0.17608991368172872,1.3806773011214115,2.121471498308907
0.18858082055390832,1.3878663314476116,2.1067847849871995
0.200905898069886,1.3951978255734183,2.128382379545511
0.21486763126090305,1.4027667530725272,2.1062202847859264
0.22754320137954187,1.4110844012991772,2.1927800206894688
0.23864460266901993,1.419703170861408,2.267953143922944
0.24868952022704685,1.4279052929174911,2.2801728732044992
0.2582289145977089,1.436493678480917,2.3345266407548864
0.26889463337097036,1.446757124988822,2.3475104726391116
0.27926817118602026,1.4576432722295327,2.3989449583591145
0.28956619148956464,1.4688885188321943,2.39871393595281
0.30055889682151665,1.479653167820907,2.303644797509635
0.3118108714342116,1.488893731495774,2.2417763434415656
0.3228674514724697,1.4979009384897475,2.313862857436212
0.33331987324935136,1.509175388638183,2.444325951057533
0.34310195444318414,1.5212242865899073,2.4628758088452667
0.3533217350890832,1.5322788599905297,2.334701505859554
0.3642673637698087,1.5424552205315571,2.326278106993597
0.3754398594179923,1.5525353895635443,2.2957314599277314
0.38577544905994643,1.5637521893118558,2.427067605267161
0.39515419451067285,1.574453951504068,2.4218067627408266
0.4054154709235102,1.5867547046034556,2.4395156073562454
0.4143059551956657,1.5971472910649183,2.4441273397136563
0.42438668471853813,1.609146021725098,2.4320086742053713
0.4332848597273739,1.61904705218574,2.396318358105726
0.44403986877177587,1.6312662317456068,2.446389952508992
0.452972922680869,1.6416288256546534,2.4039042660548575
0.4628211012763543,1.6528819722821773,2.4290828682655246
0.47225947197336104,1.663966622317557,2.423219259608466
0.4809863082482628,1.6740629305402785,2.406776439477786
0.49144008866190786,1.6856262869570864,2.418138759221365
0.500460103524294,1.696350930667814,2.4435895016429328
0.5086754290244379,1.7071406726434968,2.480580936523137
0.5178440643170699,1.7196721089731888,2.532952391565108
0.526268511174253,1.7310199626260694,2.473263739946899
0.5340896801003027,1.741453114013056,2.4978555639087063
0.5447453745039791,1.7511537437822506,2.217180535766853
0.5550344413458854,1.7613064623745653,2.435768234945771
0.5646014076821964,1.772469914382712,2.4060613072982244
0.5735971457693951,1.7826162386025861,2.4321828476677205
0.584499503722986,1.791707449225294,2.1689912257807995
0.5966984805869409,1.8003126500719622,2.1666196264211046
0.606300302160862,1.8085481052705086,2.3434515412270867
0.6159539666433302,1.8202225919185189,2.500309794733653
0.6231784958855068,1.8293842877473836,2.4762433940412882
0.6313564514134568,1.8416854227685118,2.5785503627450987
0.6409834014571135,1.8537636455487378,2.404081543536305
0.6509001379228193,1.8650398459991915,2.4308108799107804
0.6611288756666246,1.8752667216728534,2.3121774881167676
0.6695985978023533,1.8862268392717736,2.5750918053557377
0.6776746738507293,1.8992738273861831,2.5699928787002717
0.6855918058274003,1.9099072045959884,2.473472004949645
0.6943345880059124,1.9208862164630498,2.4632047246451556
0.7031010147201376,1.9324096277180538,2.4847979332500643
0.7108048998757338,1.9430428547923528,2.5338455831963707
0.7189552085843937,1.953289287661257,2.433473740864103
0.726607807382493,1.9625557206162925,2.4564541878911106
0.7360136980990103,1.973668256581863,2.433496646938776
0.7446950368715866,1.9830535603875916,2.3649785550098272
0.7544435708852955,1.9928051743947683,2.3685851200696213
0.7644961148536835,2.00302022794736,2.349241904621546
0.7763639259471968,2.0134229031649413,2.2694110361908697
0.78823046889347,2.0231219634460964,2.2736023663967617
0.7986290417215016,2.0305976708522633,2.1739797955969076
0.8092308702386679,2.0382697636920866,2.233488130471692
0.8179901180555194,2.04688339934498,2.4816578749536236
0.8276888732383475,2.059993537417886,2.4967355468512635
0.8380604605043103,2.071836515707279,2.4099135640640976
0.8478589260453858,2.082340983886702,2.3841630937969107
0.8574768498733756,2.093289126354502,2.4614066362509464
0.865660748234594,2.103322259293116,2.422625561453654
0.8748834595419067,2.113360610036847,2.384395843849284
0.8840162192680017,2.1235059275510744,2.433445614572488
0.8929771094154908,2.1328136198380396,2.3063896000714563
0.9027919293655439,2.142105359507779,2.3679257440379518
0.9127870861705812,2.1522974409838276,2.3719020978601626
0.9210724137423195,2.1609390483176574,2.374770974101649
0.9334179530500417,2.168164663896029,1.9290484225142688
0.9479888190316855,2.1715853399088627,1.7938297419422198
0.9601710983481553,2.1767454576844028,2.117289555721157
0.9709976403820695,2.1855117820386933,2.3045823548656617
0.9822522490318317,2.194714619556889,2.27337784876374
0.9942535998177079,2.202263198834634,2.0356577400080997
1.0076121164523473,2.2086123337312276,2.050656034117629
1.0185964297780505,2.2124250967795294,1.891376058790515
1.031390196558945,2.217303041608156,1.9131237326790609
1.0437693365293281,2.223632021673445,2.1285037220355245
1.0567580097415048,2.2325760036519005,2.1985883352509874
1.0697590359426052,2.241126521015127,2.1213065297539315
1.0829072238921933,2.2497227334789125,2.1670904770175454
1.0941546502196566,2.257935901080047,2.239106846429286
1.105130074421253,2.266918853253722,2.264303522505582
1.1155436205906732,2.2732820839606687,2.059687544070061
1.1274930953050946,2.2806767509121664,2.210413245382086
1.139389310603449,2.290032347982985,2.2456622973682845
1.1501527673913634,2.297849811422137,2.1601428035011505
1.1618068445720018,2.3053791100680043,2.143684099369382
1.1732199133617829,2.3125576744578153,2.1737091530759414
1.1848567795649692,2.3202967564698076,2.13136657646021
1.195170759208995,2.3273200140459123,2.1603977462638038
1.2059359466013821,2.3342212981407626,2.155437448234375
1.2166100240108095,2.3424920237729756,2.274267172957603
1.2258753425960698,2.351213601391118,2.3212424677294257
1.2357034756172707,2.3603968854969297,2.2903687369286776
1.2457108549651996,2.369503602874737,2.3104534832974237
1.2552831192156662,2.3781912411330626,2.3024274167860166
1.2650463701636079,2.3875001040678527,2.335282283944248
1.275367597763346,2.3982201623145074,2.3952927237626818
1.2844090708778528,2.4079074961635625,2.3713681755984823
1.2939440748242332,2.416950256239262,2.2886573838396296
1.3031832244073183,2.4256956245685206,2.3466901656868187
1.3119804798770667,2.434067828863836,2.310692968666019
1.3225505517285894,2.44294541760888,2.267893481274865
1.3339332250976577,2.4514667000083388,2.2126591677176117
1.3448098599425198,2.458970713221459,2.204963227271663
1.353431519078544,2.467273383655213,2.3897613911814735
1.3620542439875198,2.474820671308277,2.22943888311639
1.3748742281454036,2.4853754825718566,2.2659764246907184
1.3863782975692962,2.4943189039076894,2.221087510210607
1.3970398307990888,2.5028300105022083,2.247087270759598
1.4068613618591022,2.5098966224598165,2.203060616197677
1.4158141580259345,2.5178049218630028,2.3191155321160895
1.4250587288014398,2.5241642865895124,2.11244294970513
1.4344076655873697,2.5299003121297843,2.1172478197776408
1.4467777129155541,2.5367366042469524,2.088868208936726
1.4603537204470471,2.544729812514336,2.1490997475664666
1.47172984457458,2.5535664989249103,2.2805052759684203
1.4838134439231947,2.5631203880207503,2.2218162403964157
1.4963587986806068,2.570922078010428,2.033622763956025
1.5076615597622263,2.5763465313449876,1.9795113796020882
1.5194803787091573,2.5821214695876895,2.0895811493810634
1.529210680799542,2.589242591006099,2.2567384003843594
1.5410115498306955,2.597546195991994,2.1593850577784264
1.552605575703386,2.6046737507922573,2.098376541303737
1.5636966133569001,2.6101534942600866,2.0005327128902475
1.5755474201145627,2.6159161832035127,2.026401577920003
1.5876993887955277,2.6235272445756332,2.189731122043111
1.5989212752592992,2.631077166852908,2.116699289199246
1.6079298113708245,2.6374655272456016,2.247193040705258
1.6169667285613174,2.6421761822161494,2.006254203739512
1.6276727095911863,2.6474415000700344,2.111552199834117
1.6376004950783303,2.653649836508418,2.1083751162624473
1.6494777629875192,2.6609860744588505,2.147522532085822
1.6594125365766799,2.668244040281896,2.2174012648063735
1.6695425978991183,2.674260492972894,2.0715686648907057
1.6806709937277948,2.6803176364247205,2.0826546436668547
1.6912500772264178,2.686508811154308,2.106136376462429
1.7025596814259905,2.6923345154836165,1.9778706895750957
1.7130531070278863,2.6975252896028525,2.0176712467700626
1.723592981626864,2.7028849864900466,2.0162470202463467
1.7335068474874795,2.7089579588721078,2.204249053047797
1.7442159468683047,2.7173148653929373,2.2482085989365177
1.7550742160461976,2.7250708782297095,2.1500879549540763
1.7660642075612134,2.7322008372415003,2.1667509489339003
1.7777038624046049,2.7398911447872027,2.1777197377631214
1.7888662741561312,2.74775185830115,2.1901202667427393
1.7982236048367148,2.754061896209187,2.1543558467228365
1.8107103267726035,2.761905778147389,2.1352383245795767
1.8219976233726654,2.7694660972737553,2.1835421977768275
1.8328758042871498,2.7771087600997246,2.1898953831826393
1.8430594382487349,2.784473253154611,2.231240666916222
1.8537763913758194,2.7933483621721162,2.2544917469291277
1.862818650768226,2.7992337679301063,1.9847732314436022
1.8721491549867182,2.8049400228115546,2.13980597043304
1.8836035530145812,2.8124944306043087,2.161588811119515
1.8946963394156062,2.820338527758567,2.2127967741619723
1.905524096883564,2.82860512723885,2.198125883594249
1.9173450936449654,2.8359817407845767,2.06917909332682
