0.9223824987332859,-0.8829390099671528,1.623541020117193
0.9364587175404043,-0.8819503685713758,1.642127048829546
0.9509906720317997,-0.8812705686011444,1.632582900803944
0.9653227929554518,-0.8800030948634374,1.6852218563436279
0.9799363302258202,-0.878077368669949,1.6955869114791118
0.9938249115199832,-0.876297144170099,1.7196030409551868
1.0078638425096897,-0.8740193478496471,1.7440767264009394
1.0224264988465104,-0.8710638399331312,1.8055408706228506
1.035890254859498,-0.8677418246206543,1.8147462133864112
1.0505816331878102,-0.8645091900752385,1.817288521035383
1.0647380437320426,-0.8607327173235889,1.8644887001480894
1.078215157351506,-0.8563578481236044,1.8727608953527686
1.0927610036186264,-0.8523379517624964,1.867939028964616
1.1060783075047118,-0.8483701548885357,1.9084769779841841
1.1191915883974262,-0.8437265932635319,1.9134023135459215
1.1324230795725385,-0.8396449377029864,1.8993154713896223
1.1454968389198004,-0.8349850803643731,1.9486406599904922
1.1597637888731174,-0.8299704895651205,1.9409507322509678
1.1738956619188528,-0.8247891153190487,1.937973644301963
1.1860783992099737,-0.8202090840699504,1.939398045363787
1.2005113616244343,-0.8144052909950052,1.96771033115365
1.213253260744488,-0.8088869208943223,1.9685785964771776
1.2275886932886557,-0.8024650472474546,1.9728269407189636
1.241055227065575,-0.796190210620857,1.9996716796152008
1.2542044723275494,-0.7901926377697874,2.0166617236997846
1.2676720256653173,-0.7838295116514313,2.0606495029932526
1.280083731523317,-0.7776913744650422,2.0375092789676867
1.2922838767278249,-0.7704534506473449,2.1208206322400938
1.3065084986214315,-0.7624173301434293,2.1286183937184004
1.3188915158465768,-0.754437749608624,2.177271891354212
1.3306025589560089,-0.7461559831441684,2.1720159881489915
1.3423096827727896,-0.7381451626509499,2.1477040022490073
1.3559464492798903,-0.729802678425638,2.130942425522027
1.368780660910071,-0.7216762521229773,2.1583963581444414
1.3805872352168196,-0.7135815280607767,2.2025994037103445
1.3919007026105723,-0.7053740044667809,2.200223092910746
1.403175036828631,-0.697495473550563,2.198613333711734
1.416362072587761,-0.6873467371055855,2.240556556220084
1.4289614556073584,-0.6773087626484728,2.2120380765992977
1.440998598989874,-0.6686177484575301,2.198412213560201
1.452973188623663,-0.6602215791553282,2.1821398601627067
1.4661030593889697,-0.6509973403335992,2.1904048403342817
1.4782492362046473,-0.6418241593581574,2.2527525130608135
1.4883536380150293,-0.6336657264794008,2.2540664042587464
1.497734989386985,-0.6262265641048972,2.2694453613281165
1.5093400567480157,-0.616190142280688,2.2970545842168604
1.520190960560631,-0.606797104426379,2.2900312434441656
1.5298786128408408,-0.5984826571964672,2.291668423424098
1.5395541198398925,-0.5883542304617995,2.446484127804544
1.5475451421735096,-0.5791184619372807,2.3923143183486926
1.5579592561116322,-0.5681177702960484,2.400353361191505
1.5690225130883035,-0.5561006998756902,2.3838907489973034
1.5795110804553394,-0.5452272391288147,2.375899766166137
1.5880376056563026,-0.5359089941635727,2.4218536007299187
1.5968728490718245,-0.5257246612634076,2.431933945797312
1.6063772261857976,-0.5160102854043576,2.339481020401654
1.6167001341718352,-0.5046800612321746,2.42371132011335
1.6278437023598662,-0.4933366252186615,2.364586126871116
1.6386497712743893,-0.48188004250046584,2.420941487972244
1.6485634973121226,-0.4706834369137966,2.387978692567178
1.6581824694650753,-0.4604464166715895,2.3985333884081617
1.6674556393120312,-0.4493767311169073,2.4550304042964117
1.6741100879381803,-0.4383672861591169,2.6438901118834846
1.6812790608901487,-0.4239642283871784,2.679114309685262
1.6886000822764096,-0.40862346573271396,2.658852316829111
1.6961349250190614,-0.3945976834673193,2.6391097038134634
1.7032992323276996,-0.3817824060799268,2.6250810398690607
1.7097622025181038,-0.3711043605901977,2.6175925801652458
1.7166556756893023,-0.3583942524435777,2.61395038352381
1.7239591650071049,-0.34556689990473566,2.6083494769412376
1.73127240130663,-0.33313941932972363,2.5888566937256745
1.7389913553066778,-0.3201956241695647,2.6004999118909193
1.7474006762553478,-0.3078004127146527,2.537144723857503
1.7552357655153563,-0.297547958273709,2.4953497154747373
1.7627761982009065,-0.2869182409138825,2.5107705651155556
1.7696467788469095,-0.27711270246142755,2.551495293146456
1.7765940432666565,-0.2671338326427664,2.5083651324299936
1.7851678519218268,-0.25494561813793093,2.5494775581543427
1.7928385698594005,-0.2435879614389083,2.530208879967661
1.800012956419604,-0.23209269075723682,2.589792665366767
1.807196235820211,-0.220422025486071,2.5650258687155376
1.8159918410101108,-0.20803554733279553,2.4926295311830593
1.8208716910461054,-0.2008518505910229,2.548502381999745
1.828935088803092,-0.18974665838893023,2.491374272720348
1.8364221368838118,-0.1804509179663365,2.460385329364177
1.8446548704616519,-0.17041503485392148,2.449333360269874
1.85227885563619,-0.16046985858744142,2.5048973193741344
1.8606440828237354,-0.1497887953311809,2.4175086082573345
1.8692521016381909,-0.14101549771188354,2.3705986680409104
1.879138927835619,-0.13151367578266918,2.308175862643677
1.888207124274842,-0.12234459055526711,2.3482742860143864
1.8989548131165774,-0.1125181350152469,2.323366740118534
1.9087244425861158,-0.10332151171163528,2.3281526964104398
1.9184509783099528,-0.09445814425044094,2.3011909541005933
1.9281747030540473,-0.08456006464171069,2.371853149969814
1.9367771795104873,-0.0736992817417084,2.5180548043626527
1.944130548659551,-0.06481536694242807,2.3977827066410047
1.954809236820585,-0.054760377355067,2.3008764791975125
1.9636869421685614,-0.0467246587401263,2.3042101952732454
1.9738765604995876,-0.038599425009112336,2.210281824936088
1.9851748584571296,-0.0320669506226359,2.0560138882664285
1.9954685703104398,-0.02517877111591762,2.239571485871413
2.0054436562495592,-0.018200526606477325,2.150594809523502
2.017313833614297,-0.0096637133421101,2.2309183940236146
2.026589497624178,-0.0010243648362883169,2.3809110107836213
2.034678700794471,0.00782612778722426,2.407895640863931
2.0436636942584996,0.017112923657385266,2.3446683869944356
2.052635481484744,0.02531407034901899,2.317069499125698
2.0621047458861974,0.03416110365515877,2.320873722309384
2.071058059228888,0.042480339381322375,2.288443208656759
2.0822120859181648,0.05124464492038012,2.1839869165924672
2.0915484925077883,0.0588993185838884,2.2932778301531513
2.1005303113550395,0.0673737328155384,2.3403469085944524
2.1095870666537992,0.07748320603189165,2.4112931027532287
2.1177227466487687,0.08656330490353624,2.3932552696591327
2.1277057290597226,0.09668698824053268,2.344464943354897
2.1375205079763924,0.10639627431811897,2.342358490969233
2.147650504214367,0.11555827338125438,2.297592250356331
2.1573192193765056,0.12130432006798224,1.9983947431204885
2.167815743134266,0.1267649356708636,2.168838697819767
2.1792274891887913,0.1345031065177376,2.196026786822988
2.1914353255155192,0.14136735988678822,2.074410898426474
2.2043328060881247,0.14900671402864926,2.1303740689163795
2.218054246409936,0.15524737074221967,1.9791900057756713
2.2320133496002,0.16240924484506164,2.0641000412746604
2.2439129322748568,0.1686897221908403,2.0465740900464664
2.2564491364728023,0.17435041298693724,2.032542938799224
2.2690611795969597,0.18183625044951193,2.2233723457757653
2.281169539386463,0.18851034495581762,2.0224630315309606
2.2939458153794225,0.19362471179769059,1.9677798089081975
2.30741214937586,0.19758996278248117,1.7786658993762685
2.3204362504059404,0.1970150340109028,1.3632322813772386
2.335001483559855,0.19742719607914455,1.8609365551626667
2.3487919000613195,0.19819345175016892,1.500054137601681
2.3615946451348426,0.1988783351303573,1.7090301621681987
2.371772096878241,0.20207218921527284,1.9608405792540318
2.382752814881848,0.20786433071701044,2.1005898830020056
2.3958468242087583,0.21322535665125716,1.8574829104960502
2.4081400586690997,0.21575384466770414,1.6877242768723997
2.4211416666165255,0.216436387324263,1.5546387659615488
2.4332498064588517,0.21437306826963665,1.300752486225337
2.4449471956677544,0.2091214737523941,1.0234284688244313
2.4571729494945003,0.20425312539984933,1.2505615014912483
2.4699754216884853,0.20432819909833064,1.764233358587939
2.483034066639718,0.2054240400291038,1.5114710674860528
2.4954544659392854,0.20364332450147618,1.4001604708469717
2.509660354178379,0.20090992897762106,1.351638405723394
2.5253946772032014,0.1990547619003895,1.5113346707582318
2.5379923923684946,0.19542405832885462,1.1482069124882093
2.551776206634439,0.1931147556465843,1.6316159914493562
2.5644993791256327,0.19218232220517703,1.39789610600081
2.575912724833362,0.18988336077294446,1.3371368138970694
2.5870053817105276,0.1846417889825738,1.0770524784767
2.598602802780226,0.1788001764503617,1.1250954761141003
2.610312002162301,0.1739603259619182,1.2114740160518198
2.6217688861611186,0.16736860800753117,0.9420734779721527
2.634046222848978,0.1583960276618078,0.9195549912338188
2.6445899936366866,0.1492044437871113,0.8118683834697095
2.6548345884669873,0.14158411335556706,1.0083355296508207
2.667029232551044,0.13411050117534384,0.9816412398365515
2.6801370293702305,0.1261336451211612,1.0118382954286271
2.694252298986087,0.12223942636961196,1.4776748725216122
2.708014143055245,0.11842743526397725,1.0811325052328877
2.7195495033688446,0.11043677776744613,0.8940151323374829
2.7303816818274322,0.10211492392873181,0.922320223466142
2.743439970304485,0.09340351963546001,1.020685007091491
2.7545477689122517,0.09011809529968495,1.457151481502099
2.767733758617958,0.08722906872257007,1.2679797033957851
2.780117974139779,0.08235715170935479,1.1096620945822886
2.793949175123805,0.07977951082567536,1.5316844364910707
2.80839726338588,0.07916040238648957,1.516071635812681
2.821755587075521,0.0774192485457832,1.4034210777504676
2.835608125287717,0.07495453810264194,1.3494983185139255
2.8499786867389796,0.07194136279928538,1.3571494631844907
2.862528262808495,0.07001556934825724,1.3658152992636376
2.875230573210573,0.06766301368712935,1.3436270582210499
2.8858038107560664,0.06191887228931609,0.9089984743295919
2.8971503730428854,0.05292258920787658,0.8906900905814832
2.911049565733573,0.04601275680815254,1.3503883905618366
2.9247816123098977,0.04247213669550415,1.299907264671932
2.9378230002594563,0.03505144203965596,0.9210570116294925
2.9503453986346413,0.030828346147421477,1.363701374104638
2.9634145339316644,0.02591055335267753,1.0899814289431036
2.9768544332986915,0.022530629561884088,1.5360069999148493
2.991139909079359,0.022147650976000716,1.5525301111432033
3.007782942196652,0.015154964716761705,0.9339183441405934
3.0159386004455424,0.004133047747450201,0.44157928179610223
3.0214728096030123,-0.009042891558910715,0.35467359416092
3.033034116997923,-0.020939383666014142,1.0769312325861562
3.045872956579895,-0.02688991780801597,1.1232607528787617
3.054733510157342,-0.0354379514771311,0.59363337651163
3.0628088151544173,-0.0453636069662314,0.7238590098393468
3.0737680699758427,-0.051888447304518845,1.170917533844918
3.082757931246572,-0.0560136113539212,1.0851137419294141
3.0889837237726967,-0.06530321759469325,0.40396534376055104
3.0962505835006695,-0.07858825091982523,0.5985383969484038
3.103576653965803,-0.0881479008491109,0.6533723663116126
3.113089687477825,-0.09657656384353587,0.9893878999693011
3.123693754041286,-0.10358254895945275,0.9773232378570724
3.1340787539812216,-0.11262129152168986,0.7478941054802842
3.1449728551892955,-0.12189374265159195,0.9571460141352659
