0.9617132596275769,1.0551625219317857,1.6218956921082852
0.9753078703311823,1.056034019833953,1.6306174724027804
0.9901044148110321,1.0571970627961877,1.653012726433449
1.0042433825241703,1.0581436536772233,1.6278197722815082
1.0187323209325738,1.059431946477721,1.6607430132578966
1.033081406443169,1.0608964182734568,1.6991926500808288
1.0469634044101213,1.0628666098460573,1.7281504188676908
1.0626575855033804,1.0652764308861737,1.7336414610700572
1.0772714235408596,1.0678739999573006,1.7653325633220531
1.091957555413728,1.0707555332812873,1.751922912798855
1.1064394637800987,1.0736475542844268,1.7706222078604743
1.1207377921669026,1.0767237351339725,1.7869345700513952
1.1341536140182953,1.0805203152945901,1.863795367598173
1.1484873993851668,1.0846468854606093,1.834753706898005
1.1623660925924346,1.0873587686553756,1.8216776202184968
1.1760928626561615,1.0916207953214287,1.9039790574332596
1.1886309185391406,1.0956364803067078,1.9249819580031604
1.2034357680732946,1.1020116320615398,1.9760623882271384
1.216529754476079,1.1078721950091104,1.9656403513409093
1.229578287118848,1.1131410323212028,1.9838533945368564
1.24284053711864,1.1188791667473093,1.9781969487747213
1.2564740778385288,1.1246079478104447,1.9997108255269196
1.2722081268143077,1.1310291173249671,2.011117808894279
1.2847334266742272,1.1377625357891934,2.067479426861144
1.2962948166606671,1.1435690074182334,2.053775295125329
1.3098055916598768,1.1505356376224432,2.0734782699136387
1.324501795450449,1.1583854709867043,2.0846137630517614
1.3375978953304282,1.1665084105729482,2.153330600572705
1.348736817442357,1.1739931364770066,2.2066997141251523
1.3604732975312932,1.181877190584539,2.1585147882882096
1.3734748319052865,1.19046553050633,2.185219738406693
1.3865372192534067,1.2002868974108793,2.238200034331055
1.3974137792130785,1.2096088133259544,2.3013393007816587
1.4095823581606957,1.2188533066146536,2.1816960258103015
1.4211740244290783,1.2271925919127533,2.181065626126746
1.4331126670195116,1.2353928841689201,2.1714224916576037
1.446412941489515,1.2434041340807624,2.174957872807719
1.45841541608446,1.2519906474533602,2.2185417160929637
1.4704430323693025,1.2617207909122312,2.2461154527016642
1.4815929412921485,1.271961327031253,2.375723960387537
1.4920816242735284,1.282259331014746,2.3345704802908447
1.50254404947615,1.2925452865389555,2.352235680269447
1.5126959926520602,1.3025555270936557,2.3205371569941806
1.5240149357943307,1.3127155431230406,2.318146217096517
1.5343609275459382,1.3225269469291294,2.334554431295294
1.5454982761948535,1.3336432596652033,2.3570872073350837
1.5556586428874435,1.3437453902589396,2.3172793501171896
1.5655600453002463,1.3528193220457552,2.301882936952719
1.576183430284371,1.3616703669975003,2.2598226980775107
1.5859058211382295,1.371229015279761,2.3787248119749207
1.5958249997294585,1.3835172504336315,2.490287156327652
1.6034317514141498,1.3930127040561273,2.4114242840018507
1.6128419106283371,1.4036776960529214,2.416083950167105
1.6234190042814485,1.4150320388401356,2.351770249675577
1.633120363425825,1.4261917898549938,2.4452567641564387
1.642898772599135,1.4387912298190306,2.426836820015365
1.6527764393829585,1.449743643742914,2.3953319730584344
1.6676071730264546,1.4533330622236098,1.425050113127617
1.6822643059961098,1.456334301447783,1.9916191215950612
1.6993068022440792,1.4558296920858596,1.2698542158828992
1.7148389146979643,1.458259526279795,2.038201338237862
1.7274564630348557,1.4646812820201223,2.0408522154043958
1.7410281829182377,1.4730632805220907,2.1882936546644793
1.7508770149706385,1.482114392739304,2.395205575443003
1.760172858497469,1.491514173958562,2.376651491808797
1.7701592938262178,1.502092790392967,2.390215539241916
1.785602858537298,1.505527796681857,1.479458352350742
1.801512779525243,1.5088986515117102,1.9562974413856737
1.81629828235875,1.5135774633477328,1.8333483088342395
1.829470193592308,1.5179837823249345,1.947698587004572
1.8434539842528352,1.5247763631215647,2.062580478940603
1.8541896910230886,1.5336320419439862,2.3775327174649927
1.8651695357360942,1.5410731621800826,2.0453338781698904
1.87872485006102,1.5494919133157372,2.1609874650990983
1.8885500474104133,1.5585394587255224,2.469898160937878
1.8997796507131584,1.568433199959763,2.1914080548390107
1.9123787674773955,1.5737538644262163,1.820704246228787
1.928342504116585,1.5718846883744904,1.2270484225677767
1.94034615279816,1.5678784914910366,1.2804903501259512
1.950298331785684,1.56593011413111,1.4950915887602654
1.9597153779323087,1.5630597269402902,1.1972778616394217
1.973050395405944,1.558374269313637,1.2274154635422985
1.9885819104822429,1.558842025001239,1.847478385571194
2.0022309645956575,1.5661290126270166,2.181041785695972
2.013289830286804,1.5723618371022658,1.9976139189631916
2.0254042068626927,1.5809855426807735,2.303841336297804
2.034683232262201,1.5872347968101146,2.0416166040609953
2.0483106934006843,1.5915475701344732,1.8535403552005036
2.063270186286971,1.5955001132615312,1.8695157807282248
2.0755611094408524,1.6026548117644877,2.230521957792313
2.089221595744863,1.6076332399401314,1.739960431018021
2.103119278343306,1.6076035927091832,1.4923061593229798
2.1151811927762556,1.6084975123441116,1.769179553538007
2.1268325127430217,1.6139487682912752,2.143105780634904
2.138285870830817,1.6205433646774545,2.0189388855998827
2.147875147558658,1.6272436732651985,2.1769268389281886
2.1575536502574137,1.6333924161432871,2.132339189817614
2.1696740444570555,1.6382282498657175,1.825142865603649
2.1832816871937406,1.6427769428533283,1.9077852449052215
2.1956229110834893,1.6467055730427442,1.7969238987543643
2.2077029929770733,1.6495188914797752,1.834970228199156
2.221948204663019,1.6512623201602838,1.5969188599850983
2.2354138128157985,1.6517784320990785,1.6097462681899437
2.248139203898503,1.6517872239004168,1.5443304726121712
2.2613281848977134,1.6529691051362385,1.7222911484641525
2.276383081728963,1.6500203895045034,1.1684304257737397
2.290650837849117,1.6466704886639607,1.476106448003361
2.3046618469674574,1.6439853151807287,1.3445930596450835
2.3203733684041765,1.6415643566859826,1.4622835767641444
2.3337784110402096,1.6384132972301646,1.1812316799430786
2.3489412932279334,1.63320721063289,1.1883684349661314
2.3639221999084206,1.6297927268708214,1.46411820703008
2.378517671699448,1.627906260718769,1.4313739188976202
2.3933266748386095,1.6258111803876851,1.4088824857200706
2.4069252051525125,1.6235162333425222,1.3938159223794881
2.4214153134633167,1.62230165990719,1.5263259657976804
2.4356567042785096,1.6215236206657269,1.5252154568428773
2.449868606206279,1.6207729779577473,1.5350800988453261
2.4621412855448854,1.6213737069745118,1.685919299397967
2.4738505316178636,1.623628286873246,1.772131324221944
2.486753225489578,1.6263794722633669,1.7683277453173214
2.4987775352540442,1.629456608792987,1.8927827979014538
2.512128130616016,1.632117346610307,1.7016294624081607
2.525422100403783,1.6329592398412407,1.5861698325052178
2.53916621200032,1.6323521326386323,1.49724194141572
2.5515853690954033,1.6342708232538394,1.8625876802006227
2.5650833241834365,1.6379305381624787,1.8389787829940198
2.5798540382368236,1.6422250772649687,1.8365335298008367
2.5944241229294307,1.6454043290525115,1.7628237014197197
2.6098797126477327,1.6474546406706456,1.6611703571546503
2.6241109388836072,1.6474854680847013,1.515414306523948
2.6380256427053563,1.6469836307720513,1.5342809548281848
2.650349272178572,1.6435989308498984,1.212467910131554
2.663992448015569,1.6392663490269324,1.3179474361899295
2.6748490878908777,1.6351097901624827,1.2077466527477478
2.68621094799597,1.6322223587285911,1.4257949021159033
2.699857525306878,1.6313891720540734,1.5822556628177569
2.71262132083477,1.6310978149461073,1.5065559554667114
2.7250778508974136,1.6290739040733255,1.3766669643399314
2.7374651484892585,1.6254928268833513,1.209512336444498
2.7514132466174783,1.623140288885136,1.556739654681138
2.765444823217885,1.621740905716908,1.4199139406979748
2.7793598942451037,1.6173260403412353,1.1141155262579525
2.792216280302471,1.6114508150769284,1.1715685342866833
2.8061855351259024,1.6057862432863754,1.1733529625822487
2.821196678946944,1.6021220384943495,1.4382497060012411
2.8367806496065255,1.5989600203817664,1.3092034832692125
2.8495546065431694,1.5943787573483539,1.1934346796304236
2.8614068334759155,1.5895393573980103,1.1808599499286851
2.8761229336725607,1.583402191454391,1.1485690224356215
2.8884730172303974,1.5772524308582034,1.098628796703977
2.9039860650098426,1.5750373715412507,1.6299498539006982
2.9170979843897267,1.5737676016657738,1.3513121639565586
2.9302784800973276,1.5703291417156204,1.2912489880000175
2.94115563601719,1.5658857874650247,1.0550898918036604
2.9548045269927554,1.5593003672545747,1.1585130689280654
2.9681238925008255,1.5542397629087563,1.2118911703100002
2.981143215300094,1.549377128593365,1.1874768028402123
2.9947700556750987,1.544391519413304,1.2240531357895068
3.0090343763074188,1.5398810958582612,1.270571571634754
3.0225361532020503,1.5359627260557789,1.2710851283027447
3.0364169821335527,1.531897727124021,1.2694150223431544
3.049583519563512,1.5284624624895264,1.3031273806836075
3.063640194763427,1.5250206764649628,1.2528560835224254
3.0774919355402215,1.523195720836927,1.529231984064499
3.091450672432967,1.5208295300479497,1.3535033806479906
3.105685050895332,1.5190242318849827,1.514992675120821
3.119140250542959,1.5165220037327192,1.3214119369249753
3.132182574428926,1.5118283650372868,1.1432768933159103
3.145106070710768,1.5063883695094424,1.163596544173758
3.157864677457142,1.5012753133532273,1.136905559273515
3.1722175927017155,1.4953261412045382,1.1876152150070896
3.184589686742239,1.49320554413578,1.499814294358851
3.197596581281813,1.4906389685061248,1.2968597216392188
3.209698939023833,1.4860617498853954,1.138531866514469
3.2244209585729884,1.4791665869868327,1.1245261960217998
3.239489637864918,1.473781371005972,1.2268946469231403
3.252700347585706,1.4697117227714656,1.291694467444676
3.2647159584124674,1.465523432820457,1.193463201259823
3.2771210348624797,1.4610087240584504,1.1834419426462135
3.2916766575810903,1.4592770059544617,1.614803940578654
3.3052411431883106,1.45752016272822,1.3065819486188088
3.3187211256202027,1.453473269021166,1.273975941973033
3.3310585545715115,1.4479269745687302,1.0334616260790817
3.344187179553468,1.4398606826561466,1.0009637631373025
3.3548796738920004,1.4346380709466253,1.1420718623565402
3.3664531329069702,1.428666236468303,1.0173388832342356
3.379848075693914,1.423613709950454,1.2950248971586038
3.3932202835506544,1.4189189910600113,1.188906851484798
3.407603348505052,1.4153815142612107,1.4044042557955014
3.420237259253282,1.411580056564443,1.150889897349008
3.4344617683031,1.4060291228689938,1.2392102471063893
3.4476232957046644,1.4022081982470938,1.305304747577229
3.4615650668444564,1.3985575036203284,1.2416144879132922
3.474804064591531,1.3944499489913433,1.2823501131369452
3.486886537896102,1.3899627554650844,1.176085965698979
3.5008445607100778,1.384554177089282,1.159507591326919
3.5157069090960547,1.3790577470463434,1.2163372266819852
3.5289121120423,1.37276827029508,1.0697017853231872
3.542339940921241,1.3660350192250028,1.1264422590690901
3.5546449175306045,1.3603781736737945,1.076294458894463
