-0.9623524153827537,0.8319617463047563,1.6194555993165414
-0.9489684566986626,0.8324943889185066,1.6253004782715657
-0.9338710687089525,0.8332400277002907,1.6424112597249665
-0.9197688698519559,0.8340536878649146,1.6367034730567127
-0.9048588750923693,0.8350546746301862,1.6790463840300491
-0.8904867895811738,0.8365045332282344,1.6807361132527003
-0.8759980042314693,0.838067603532778,1.7071239215855438
-0.8620721891543397,0.8399688902454768,1.7142314919877142
-0.8485999667034428,0.842473251326852,1.7405165991537668
-0.8342082732734925,0.8453110848693942,1.7587576145516008
-0.819686006986955,0.8483079846009071,1.7943071785549543
-0.8061358583043534,0.8518871083149688,1.88328683391467
-0.7930921173249489,0.8551880256259934,1.8592548645662739
-0.7795622258664958,0.8589019891508408,1.9048274173277187
-0.7646271530251124,0.8634525084739582,1.9031554060127909
-0.7511278045931552,0.8679956029218937,1.9473824001882307
-0.7363348307505185,0.8733075085033977,1.9542304279023253
-0.7236898280446783,0.8783138772951422,1.9467864996373456
-0.7095413875117065,0.8832885873394751,1.9495097351824693
-0.6960489495696341,0.8879816839710506,1.919933316104671
-0.6825780325877286,0.8933327013124801,1.9596425566142308
-0.6676099894682355,0.899724099747634,2.0002080494577528
-0.6528211842623955,0.9063951249353142,2.0020394937665396
-0.6401659269619362,0.9123001815765952,2.035599878757714
-0.6270705366323982,0.9188135444734998,2.0345192481460095
-0.6128444840179045,0.9249408487575939,2.02189225787481
-0.5988888848607872,0.9322086445624002,2.0792455972340633
-0.5840572770193768,0.9390950754552998,2.025379193283033
-0.5711341937345474,0.9447071598830331,1.992315869991925
-0.55833951608907,0.9508625892284722,2.060322561895984
-0.5444740463690233,0.9578779699122991,2.034137643406668
-0.5302851628613221,0.9658246458328601,2.125477228785068
-0.5158922300038895,0.9751669325430712,2.171119291934188
-0.5036977760236548,0.9840648092082741,2.205429974089631
-0.49302928093196835,0.9927404404055078,2.315248300445075
-0.4816453510794539,1.0017561683944818,2.223422937409282
-0.4705824336966189,1.010504749364008,2.290828856654287
-0.4607093823510019,1.0185706030375796,2.24449776021625
-0.44932026983988055,1.0281160949895176,2.30273558468807
-0.43888933127873825,1.0374197547677535,2.3217824370316618
-0.4278051109387672,1.0482533832312078,2.3750720421204847
-0.41776544224559825,1.0585059631279945,2.381577103007317
-0.4086289229031755,1.0675227085997239,2.329814955857777
-0.39852081242851356,1.0775795049420327,2.3811931457352293
-0.3898306073415404,1.0875494900180322,2.456430734022262
-0.382020857901291,1.0980610711313228,2.551083172760809
-0.37317610951323954,1.1102852145596933,2.444444091344407
-0.3635576436141437,1.1221658296707004,2.4537383221243667
-0.3541620956767231,1.1343544624543649,2.4620968509963106
-0.3450043245525853,1.1452132475421486,2.409224624551046
-0.334801113676558,1.1567229660187444,2.394818671476425
-0.3259056254538258,1.1671383217737212,2.469834048607278
-0.3168190746675678,1.1792907851195364,2.5150254716274865
-0.3082156540543726,1.190475458878853,2.4191502847295947
-0.2982987427177296,1.2016200426117893,2.408187815866841
-0.2891383128660917,1.2128273848541113,2.481541036813775
-0.2793822199054889,1.226254585873393,2.526728526176182
-0.2720885401537988,1.2366266568729771,2.5305577217385204
-0.2633877636314632,1.2492283529497819,2.546506269314952
-0.25469258513121934,1.2625746100181199,2.5550340316810014
-0.24789134463331788,1.272416219718041,2.522577373806839
-0.2401941145083536,1.2826967225001968,2.4931149244974913
-0.23233439521501228,1.2932771167542647,2.4797399711136423
-0.2237832613758895,1.305276842468852,2.524460148201705
-0.21603863366356185,1.3174415931832129,2.569757692389671
-0.20823790611665705,1.3297184370410737,2.5508223298616115
-0.19983162513875485,1.3415547058156179,2.516422835753978
-0.19175388002311497,1.3532223980995097,2.5338500491601375
-0.18463219072614015,1.3647211537747521,2.602654312313675
-0.17703264473944,1.3779327619549435,2.615859669413328
-0.16974098191776113,1.390812154585932,2.606547432059068
-0.16341305024680705,1.4015486443380705,2.5340485860207487
-0.1548091979885524,1.4130338774273534,2.4944920181882533
-0.14558672606269674,1.4258073830616431,2.5132229850114496
-0.13757313349217717,1.43797184998939,2.5722459674495535
-0.13205840211742528,1.4469743314237475,2.579992916330319
-0.12636662022603684,1.457091334554482,2.7542313414821353
-0.1217151831875161,1.4656515090795135,2.588025791672066
-0.11379969622512434,1.4781005507883636,2.586412511298442
-0.10516061596646005,1.4892114110839925,2.3565599033505826
-0.09663858480933547,1.497874107259237,2.4012137164376353
-0.08831692515938026,1.5096472996530856,2.5532054617587874
-0.07925948107993212,1.5220271564126373,2.51246994996291
-0.06989826717248931,1.5354132578909996,2.5520676166730945
-0.06215775099068236,1.547912309572364,2.5855983784260443
-0.054119674884853905,1.560185046374237,2.575026973645246
-0.047640777244333056,1.5704690106681067,2.57764051865411
-0.039178075230222306,1.5799315990081486,2.3088113139415407
-0.0291010008277093,1.5900282023300771,2.365743264896905
-0.019977746802372656,1.599590036124451,2.3970904767291215
-0.009647444048885168,1.6101939998392276,2.353656992108542
-0.0001469736941127419,1.619836208494779,2.382774960456257
0.009629645552230509,1.6316812944562722,2.4898391589792284
0.019332682463318797,1.6439037322776984,2.454043518812111
0.028103656179921006,1.6549597115264474,2.4422482164219264
0.03796538157076915,1.665957399730083,2.3876606768981388
0.0469184748744298,1.67604459360952,2.4766342483687613
0.05507307799397712,1.6862191015468988,2.4816620056619554
0.06312872880619606,1.6955950233858925,2.3929121411103575
0.073490519245842,1.7063749029311979,2.366426713480061
0.08270371055894778,1.7160910052859015,2.429909269185581
0.09168209070451976,1.7258057399636495,2.3730443800809082
0.1024112527822296,1.736786976639113,2.3491406119300144
0.1118434776229172,1.7462962937743238,2.3711061518313348
0.12063258032368196,1.7557088397272345,2.391590931579718
0.12968024481150334,1.764988692565558,2.3603553305798974
0.13887308339265844,1.7738601198124404,2.3385796157060725
0.14746961979612302,1.78240989094886,2.3615147742563525
0.15739856579516565,1.7922117141478233,2.3282603215982944
0.16526487922350286,1.7995130185421058,2.2980048984539168
0.17526318808621272,1.8081891191918638,2.309960997164397
0.18469664310575046,1.816972733760871,2.3350892591678907
0.19320962676400172,1.8253294877598272,2.3764936793330382
0.2031945442313871,1.8352936800515218,2.318922413707861
0.21310700135018767,1.8441473340552634,2.257731562224264
0.22322385274045556,1.853053045723444,2.307440775674119
0.23314175238044102,1.8613503541384147,2.2237816468747758
0.24293015021079753,1.868065156357873,2.1514566924397287
0.2556519210614152,1.8758103628519396,2.124292241420718
0.2690834014743628,1.8844038527998546,2.1375279126402664
0.2803370794369247,1.8926035430679764,2.2659618205247662
0.2907582532972632,1.9016356219401196,2.29804534424982
0.3014618061038479,1.9108601241808094,2.2756796515712674
0.3123165963554497,1.9200751618113543,2.2776267114630993
0.32387276042611346,1.9292173389163476,2.24170399200344
0.3351010416587887,1.9384992963410002,2.268714232281409
0.3451295963763965,1.946926215096089,2.272800619881205
0.3539430889933563,1.953822208139455,2.1995974647824745
0.3662075458393108,1.9624664383657493,2.204084101384584
0.3778295138800981,1.9709477222590996,2.22167011720864
0.3906110626801963,1.9810239882064042,2.2393108362210397
0.40152935615017843,1.9905363419875046,2.2857667013214824
0.4114158382325567,1.9996542051345254,2.3348245759464694
0.42284562642075135,2.0096502364125306,2.2788588717558675
0.4338210618478872,2.019726459150513,2.349818860640453
0.4433750626460777,2.0296719625062303,2.3708743200870295
0.4525670037102759,2.0385779124314563,2.3264275329664574
0.4634712903911101,2.0488760825810597,2.3166568833959866
0.4744179847262226,2.0586846929380527,2.302115785262521
0.484199749889199,2.0681014033827267,2.365665685076728
0.49295814238128793,2.0766889057060003,2.351853300064974
0.502227459450028,2.08517794015428,2.308094829510818
0.5134373125400032,2.0951341735829763,2.327382776190316
0.523756736387868,2.1056660729055237,2.369623176105774
0.5334793335271159,2.115459437367554,2.3616912691714513
0.5432961572844763,2.1270811031883397,2.470844720613806
0.5516719884389378,2.1376781298013507,2.4673832342134916
0.5610450145227865,2.1486638095485326,2.426882077937883
0.5703007430057526,2.159210029713554,2.419007274089092
0.5806470473142872,2.170041244436043,2.379087781924897
0.5905973294772058,2.179509461782924,2.3245368970538838
0.6011274288088403,2.1888441781924675,2.3015601841245212
0.6106705649824935,2.1985364000547567,2.3934086086632536
0.6209127915917707,2.208515925024148,2.289147422072019
0.6311615422278343,2.218057003240963,2.3432587844332207
0.6400172397139718,2.2267452637437932,2.3524866820270716
0.648769922787447,2.2335442336318847,2.2068096399831627
0.658045232697368,2.241781405569387,2.4237696821940293
0.6654173398673056,2.249280826540754,2.3096572790995897
0.6757964335641261,2.259477712989348,2.3929463978825147
0.68529973690815,2.2691915600356283,2.37818287426025
0.695183370562703,2.279603951389423,2.3839410641406693
0.7037804411989657,2.288684338780688,2.3632666341084425
0.7138039676304765,2.2981867605574635,2.33272221566535
0.7230385865421971,2.307075605748708,2.3477010915099323
0.7328584298534528,2.316183988921978,2.321303330851308
0.742014196055072,2.325163696906896,2.387664072661718
0.7476086084979257,2.3306841097101247,2.3066710370999974
0.7583187905991465,2.340415680149961,2.2998967513595803
0.7685647479633653,2.3491099770037245,2.272039683973566
0.775981096831615,2.357103963040961,2.4190874765238726
0.7864111891717923,2.3670621926886195,2.3166238737820084
0.7975197783510994,2.376987987322247,2.294550695739994
0.8061056393998088,2.3848937803146146,2.3462526023755657
0.8153760332439085,2.3928043822560245,2.2479650042324004
0.8256626160736497,2.4010161424839342,2.2561581180018373
0.8354440606336769,2.4093607610822434,2.2815053799384026
0.8446038518801186,2.4160487561171236,2.122887585495081
0.8521055959447679,2.421916956320556,2.3291070786690375
0.8618649172490406,2.4301956991464944,2.2634041619590013
0.8719458196712278,2.4385934668917058,2.2648641218967875
0.880351743791725,2.4450496400466935,2.1765469019280483
0.8906447581026111,2.452772864943336,2.2558925624922805
0.9030884656067154,2.462251044929203,2.2098990495061477
0.9143383150832121,2.4711023089846362,2.2611492250920144
0.925860573528458,2.4803445590862836,2.2260266914956692
0.9372665323364568,2.4890238439925922,2.219586234189772
0.9483104243903843,2.4975520292151665,2.218136120080089
0.961059709625735,2.5060109325602236,2.142426273580249
0.9709102498515051,2.513440304974926,2.241533165915357
0.9798360088620202,2.520801272945801,2.2617770521905567
0.9894822420509354,2.528126429629835,2.218040527540318
1.0022805264420065,2.5375775716667124,2.234639831051133
1.0116859033535974,2.5464717887897215,2.382428396408795
1.0226691624764153,2.556682962596224,2.280470196986436
1.0328652267556009,2.5651037531045633,2.2457363964431893
1.0442436692851849,2.5756202273686757,2.3544113525210517
1.054168386463135,2.5855952449116653,2.373631022935253
1.0618774283513872,2.592951656072231,2.2587469116552765
1.0733158316600562,2.60217497087694,2.2395598950572375
1.0840045513915413,2.6096175931140966,2.163111831645918
