0.5706688745739267,1.4819753190270686,1.6219461530082293
0.583974910510572,1.482921792516695,1.6384176075760788
0.5985081137376956,1.483865629789793,1.6429574907144788
0.6130537310234424,1.4847440827689145,1.6527183561681835
0.6277065081775448,1.4856487880026203,1.6337466574684842
0.6422247996980643,1.4865543054622965,1.6464973653095878
0.657633996155752,1.4876188333353355,1.6689710869365633
0.6717353778663998,1.4892758593853301,1.7061327087063243
0.6851598371278284,1.4922801224389795,1.7966468070101564
0.69782203447128,1.4954595146483272,1.8413872720811824
0.7104435493804342,1.498718852564104,1.815525300477532
0.7238521690584979,1.5020377345631262,1.7890132754475725
0.7384957086299686,1.505401475558162,1.8456340099164448
0.7534083676938552,1.508976928088578,1.8540650475402085
0.7673504470617132,1.5129050643844788,1.9137171381304505
0.7813098423027932,1.5173906433029651,1.8942256871987317
0.7937905541180159,1.521852362681121,1.9253003972537248
0.8077211630094947,1.5276712058071644,1.9993580676161233
0.8216871617445912,1.5333722060906065,1.9369070567656783
0.8364763193415151,1.5384873519940796,1.9506298091371645
0.8511490250686102,1.5450362279075498,1.9948374907283217
0.8655450238480231,1.5515911312911785,2.0214770031230707
0.8787120974558137,1.5579764443403494,2.066800136588619
0.8919083154761988,1.5655811306068204,2.0834694862378855
0.9043265114597852,1.5725336572291948,2.10032622518589
0.9163260068328729,1.5795417526710753,2.1427554589024083
0.9294976389400118,1.5878242067899628,2.146395818933495
0.9430973563236643,1.5964894041785531,2.139937949300646
0.954633953408045,1.6040320277607858,2.1569574167660286
0.9669021765024448,1.6120773087565938,2.154138537748701
0.9772345301546947,1.6195111379016194,2.2309482433528234
0.9879482615187438,1.6275962416239163,2.210698375074845
1.0004024494429178,1.6363872633233287,2.1968085391146253
1.0115750070359266,1.644893992024855,2.2557745832901697
1.0229036701234935,1.6543888660659842,2.2672977958471985
1.0329402963979155,1.6628617187412884,2.259630714351142
1.0433348803994735,1.6709884613394397,2.194151467589973
1.056823359828249,1.681015648813895,2.2347410188501744
1.0685798631332228,1.689001004394942,2.0935570722466763
1.0819698751287745,1.6980797850693454,2.2124605037090554
1.0947664269721642,1.70784135552645,2.2222531356547726
1.1063568491895481,1.7158513927013843,2.199310117329783
1.1172866283527898,1.724294345611251,2.231157458780567
1.1282918427392048,1.7336234447444256,2.297972018629474
1.1380755603494541,1.7423325122854627,2.3515238836948216
1.1485806934637905,1.7533020761598703,2.358585728179343
1.1577467506546426,1.7624081821330029,2.3790099295117644
1.169061608227093,1.7730277658522917,2.291445209342514
1.180386317084805,1.7823766913757382,2.2696155561567464
1.193252264159163,1.7923766643504606,2.2232709964642963
1.2047634554332538,1.8014762425693351,2.3127397794736586
1.2150944803962256,1.8120109304221712,2.3897877263040628
1.2366968007464934,1.818844505082685,1.5195763018558124
1.2544821864999873,1.8091089242746805,0.7596459556662338
1.2682578887051836,1.7960448966954365,0.8596091875633408
1.2821227016462187,1.7834953611871622,0.8392823389873005
1.2968373635394084,1.7704449993260822,0.8337540017899581
1.3101688633951472,1.7594948082628763,0.8942902971271249
1.322946036716062,1.7473791077402818,0.7522419891823467
1.335563154251233,1.7355463870654255,0.8858590455040926
1.3465466713758596,1.7258061169928494,0.8179654255794718
1.3590652694844585,1.7142677432542153,0.8394493204538113
1.3729494775874491,1.7023408541937715,0.8778044882500557
1.386244001029514,1.6904848166875162,0.7946727113713277
1.3996300808275055,1.6784447632831676,0.8555425434776994
1.415121532999049,1.6649421302565581,0.860334658124865
1.4290326184289595,1.652284735341577,0.8287782608404574
1.4456785734040418,1.6389327624007997,0.9175810083065528
1.4606274576624256,1.6261478524367332,0.8386993378038902
1.4755215475779295,1.6132759679320434,0.876244114998304
1.490656157562663,1.5991391287720615,0.7468535825578183
1.5049516590722691,1.5861637049818733,0.8730387667557226
1.517337278815789,1.5751600330491795,0.8201697299424013
1.5311293757407336,1.562349478607043,0.8091759704941549
1.544240829002916,1.5503343839847807,0.8531182672357479
1.556120427209166,1.538524146315991,0.7596352599011806
1.5688248584673545,1.5265102697588055,0.8388437325553708
1.5843246597852834,1.5130957675626036,0.8535043788606306
1.5981643287798022,1.500335126004042,0.8442629495538995
1.6118607126447935,1.488145687691781,0.8229596391692502
1.627020165869903,1.475211548311605,0.892512156950917
1.6396306467574062,1.4633031599932182,0.7897592605386274
1.6526744755474627,1.4513487650245662,0.8671778433043456
1.667249572992531,1.4413860776472938,0.9753560331698358
1.6820490547877551,1.4310834629599734,0.9267020289331864
1.696496169320743,1.4190343026688201,0.8378807813665098
1.7109748316240527,1.4063881648450867,0.8727451011370749
1.724637395870308,1.3941889550518007,0.8713428036850261
1.73829189096431,1.381135299189721,0.7848956274148685
1.7522401608623355,1.3684602015844232,0.825930756748279
1.7657101812828826,1.355946023317679,0.8258073640325859
1.7801969667999273,1.3436500414322115,0.8639883316967014
1.7948201800139043,1.3312184747587852,0.8547710003972049
1.808870148689195,1.3189344803999525,0.849613685361255
1.8211080909588098,1.3072766569354102,0.7804550720100523
1.834060962706314,1.2962090670725104,0.9264778608943642
1.8484411827803864,1.2843775508003215,0.8281203460627463
1.8621882460937293,1.2720286319330698,0.8520252708252293
1.875168818099119,1.2607379490927566,0.8612417722419712
1.8885565885795044,1.2487571978871312,0.8130945642475191
1.9013002895120765,1.235706277648117,0.7523002468659089
1.9123738158107988,1.224795479689873,0.8705735158520641
1.9262118746310695,1.211938181913593,0.7942934970935055
1.9391854658880945,1.2005294780891635,0.8775863307655758
1.9521767128031,1.188641755942733,0.789603762305026
1.9642116473791602,1.1775443140210984,0.8585536818591615
1.9768350528566587,1.1648977590788174,0.775418027141201
1.9896656413775804,1.1531212627950518,0.8541411857412984
2.0020609201047868,1.1419878290878294,0.8114224818492783
2.0162849024750678,1.1289102354843934,0.870203094152839
2.030532148350191,1.115857471887316,0.8378538114115562
2.0439571451918646,1.10516774590729,0.958384587541589
2.058671548675644,1.0935293805125785,0.8679247347928419
2.0723809858295317,1.0826144481938529,0.8918655900581168
2.0865672053513507,1.0705245981237428,0.8349422536328046
2.100173902106376,1.0586164502339603,0.8716178519759816
2.113901620548422,1.0467381065700418,0.8397739823658862
2.129265605721302,1.0343056025512614,0.8947037390619385
2.1445996213242773,1.0206685124200845,0.791815513646769
2.1595995395183376,1.0067791065761433,0.8482066579239087
2.1748290837271957,0.9933996583969175,0.8304807895444795
2.188977519145966,0.9808884084144114,0.8472758412984926
2.203247465916442,0.9680917675521601,0.8244790900916628
2.2192200694612745,0.9549289813901284,0.9264270520806741
2.2341584740645795,0.9420418494883561,0.7924817517144123
2.248215272816275,0.9279761322043936,0.8176021599968044
2.261334770648561,0.9147141495385466,0.7874775443229738
2.2746096979911825,0.9021206295851033,0.8168586950389023
2.28800327456316,0.8889244355087794,0.7937961122728278
2.3008710294831722,0.8764952110935063,0.7770486759699365
2.3129040797654863,0.8652257327872345,0.8246530179891772
2.3255455846021276,0.8536263516366289,0.8575028162112386
2.340013887612812,0.8411694516394768,0.8338395315744781
2.353410417598002,0.82858293088646,0.8342133694983694
2.3663603556676955,0.8170928243063957,0.8453412392763979
2.3789961424462236,0.8050923599451586,0.7867339173990051
2.3914068026222557,0.7925119355287765,0.8000096818860377
2.4056575136213985,0.7793844472698168,0.8313603495089884
2.4199122818573935,0.7662704251843988,0.8703029319514767
2.432685682090522,0.7550357166448732,0.8144697734353529
2.4469782481912397,0.7428153066910086,0.8698685061740379
2.461897091897135,0.7302694260009567,0.8564933533225949
2.475422424930927,0.717175387541201,0.7718807768564617
2.4872309311195036,0.7053723694957468,0.7968284331778969
2.5015068516581973,0.6925368965727657,0.8755711999153342
2.513460837278715,0.6815775984387785,0.7713086380069012
2.526150374392,0.6703401926860586,0.9234391353242681
2.540770866577398,0.6573128549625308,0.8233936267541941
2.554824829404434,0.644926754256197,0.8676803814935917
2.5672708055472913,0.6351915921046376,0.925013042565902
2.5818145363271467,0.6228779899568028,0.8536879558063419
2.594608639334587,0.6114058810466322,0.8710067824585147
2.6085628787095705,0.5995761071943688,0.8488789001645235
2.6227299993861104,0.5865122650260217,0.8314346034542115
2.636705391863539,0.5735076812454835,0.8031236017090562
2.649643244724049,0.5615419603262826,0.8870614335255337
2.662826615730603,0.5499607219290281,0.8235136033667768
2.67581998208035,0.5371090882227357,0.7693397973545011
2.690223867312137,0.5239304641193405,0.882441771583008
2.7036825387592405,0.512341060708138,0.8370307296002429
2.7182687849004754,0.4996619873894152,0.8840152254735724
2.732228754818285,0.4878882181379561,0.8449481084411846
2.7462285202235814,0.474389007509904,0.7672988294576062
2.75785953308381,0.4611439628475719,0.7018842223754325
2.7704110435796165,0.4484561847663399,0.8228174872355333
2.7855481512685745,0.43507914675265447,0.8531340793507592
2.799346780358485,0.4229189649770913,0.8499656903756352
2.8107878053918505,0.41127900830874914,0.744258398735115
2.823614910852407,0.3981499551491813,0.7754720974792306
2.8361609016252634,0.3861085216731682,0.8434654107300886
2.8479336345858752,0.3737338297653552,0.7168474500136187
2.8618081795382744,0.36029171500439433,0.8492652401106421
2.8739112954985777,0.34884292483454027,0.757539274913438
2.887203720790333,0.33581752424090916,0.8696048495832712
2.899890701941783,0.32380797963334984,0.7873726101050283
2.9132856875681346,0.31150866017191564,0.8181618035085914
2.926028367039398,0.3008074074592216,0.9144954266390048
2.9393290334774336,0.2893422369379425,0.830267849719114
2.952050227863913,0.27792582395014775,0.8313608559734138
2.9668590675190107,0.265785280618593,0.918942784839418
2.981573511284781,0.25371891692263393,0.8669131583563321
2.997012644846618,0.241128493385246,0.8689617724157903
3.0110861537457625,0.228061363084886,0.7901314290344331
3.0266329136634598,0.21421088678570074,0.9020272971086428
3.040935174548876,0.20112060435763846,0.7731020416903988
3.054595563756761,0.18819088948507365,0.8345480929619825
3.069685214814225,0.1768426294180925,0.9656056220709928
3.0840970922118407,0.16484619385825644,0.8145523566267734
3.097869358040403,0.15359671547390066,0.9011800767631727
3.11304746450654,0.1412960397171179,0.868038323072061
3.126200149123552,0.13020329484627421,0.855607361372974
3.139610801135865,0.11804986677959932,0.8200229693273882
3.1542603786793144,0.1051305185053215,0.8438523456094593
3.168069152074974,0.0922774337621493,0.8306605599808508
3.183217576655875,0.08011999962813939,0.9126259920904476
3.1985591926457264,0.06693422688941415,0.8243811829059453
3.2132342556157067,0.05436027365035646,0.9220076813828979
3.22803081262595,0.04281983442834446,0.8550368060523005
3.2413437743764253,0.03167990149049923,0.8496534180003468
3.2550231559921365,0.019985212914438416,0.8203228045707182
3.2694510804131913,0.007405837267449446,0.8811323720374343
