0.6016898611241785,0.6371023558270229,1.6212644185613474
0.6149397223109193,0.6377650196794102,1.6373389235396723
0.6296635393267439,0.6383315450647562,1.607219103805589
0.6447412010645273,0.6389690101700395,1.6206297315421647
0.6595541202907987,0.6400029396934531,1.65217227811512
0.6743064113917696,0.6409529619170572,1.6388161013207332
0.6888547930716211,0.6429334201245864,1.7431770067564267
0.7026694245509267,0.6456511787467715,1.7487642205644864
0.716615688843593,0.6480571764626818,1.781721743475278
0.7320753316598807,0.6511719360462549,1.8203456288297781
0.745447098471653,0.655143777883637,1.8972818173542976
0.7602977325474773,0.6592391981709745,1.8288527026182138
0.7748805106895287,0.6627027443942116,1.8500741116032082
0.7909406590620881,0.6666207223741595,1.8356305183293107
0.8039007987425398,0.6706277399897695,1.8392499852420663
0.8178974475590407,0.6753628317874606,1.926414489423809
0.830943200070924,0.6807326165960785,1.9473547285444681
0.8448628173394996,0.687031647513322,1.993268962706098
0.858610554790503,0.6930854634188445,1.9687531752788308
0.8732979718073766,0.6978807456344859,1.8977261553323124
0.88633958912481,0.7030841334131134,2.0102587603932838
0.9008643206718855,0.7098618477117543,2.0423801674323734
0.912031024357369,0.7154433988547879,2.074541605676398
0.925834840615302,0.7215056409323256,1.9591295210866588
0.9407843275619041,0.7271837078662005,1.93039293894625
0.9552027825999946,0.7323605521650358,1.9965688310849818
0.9681241933547172,0.7380656989215002,2.022831663439136
0.9808885771009284,0.7446154339365082,2.0506206172077093
0.994092853579396,0.7512324889635904,2.0411267731305736
1.0081813131546302,0.7578240684574756,2.058474927018432
1.0218840800628368,0.7647654228420965,2.0503726716127844
1.0361803321409686,0.7732344921718062,2.1603262458686148
1.0483117783376998,0.7817137770527239,2.1734927419104157
1.0596388170638091,0.7893122140060846,2.168107382947873
1.071621146402181,0.7968336873320018,2.1434375789261515
1.0827156464434435,0.8046434892944078,2.2469172046349706
1.092974950003405,0.8126593731613362,2.2315378526131657
1.1047012831879708,0.8220418829421048,2.240299808254975
1.116076367755595,0.8311258303693594,2.280069643406714
1.1257309663666701,0.8394470193962085,2.284530048109528
1.136456594645509,0.8477153187481344,2.194552853241782
1.1478949995905074,0.857036647789397,2.3057710915475416
1.1590802369688642,0.8674536390634267,2.3122292821195716
1.1688515367390313,0.8765252404132048,2.333289123947366
1.1789048889996077,0.8868751817202534,2.37361746619956
1.1898948104519407,0.8983107731781993,2.382921917176728
1.2001981370320456,0.9086803499571505,2.3693247087598714
1.2112565180874242,0.919892536621305,2.352817678859135
1.2216216172627183,0.9303195245142728,2.368770838231252
1.2314668840330747,0.9397704315606192,2.3337884507482696
1.2418511803759433,0.9507244644217342,2.3904508282440022
1.2510359018716926,0.9610583086017851,2.4191642553969914
1.2597596072471464,0.9717050475465439,2.457355594636144
1.2685905571129574,0.9818528569705334,2.3626379419701498
1.2778633788852944,0.9928127654215292,2.433705505305864
1.2865881885804487,1.003233372284216,2.432906666532013
1.2964308828039353,1.014862759210966,2.4750224029538463
1.309943369669654,1.0214947369053615,1.7104607030672225
1.3234599213174856,1.0267860644604083,2.083356450964221
1.332783600797772,1.0358691194989806,2.494658735202589
1.3463178311199975,1.0418603474585242,1.652875097381576
1.3598417965018554,1.0475620372715349,2.1724499184992716
1.371390417655195,1.0548571455824245,2.135757301254684
1.3824504162787647,1.0635345687812048,2.295183699972892
1.3927006264115542,1.0721219255119427,2.2536897958550495
1.4053335852739193,1.0786828242642241,1.9262007556636604
1.4188998918842293,1.087074368827186,2.28203227795268
1.4290106189466134,1.093815418095921,2.1337820306886077
1.4423165861349638,1.1002660549469157,1.933526794880093
1.4555702624699431,1.1085805694010429,2.3002408340045415
1.4680499199505814,1.1170008673681788,2.0641569501731025
1.4808645966186054,1.1239949057562144,2.0881766151222068
1.4953224958707767,1.126265714516538,1.5204920470299603
1.508739176289339,1.1283389874737846,1.8958035636914476
1.5203424079034236,1.1328703232982822,1.9758546492390896
1.5314291561526407,1.1399925270196658,2.2371938254252175
1.5408774358104276,1.1479128692796945,2.2803177875313807
1.5528008980522208,1.1577295414334803,2.263906548336448
1.5643648945888313,1.1646475128009675,1.999188722766862
1.5785202828894966,1.169063157481758,1.8255868762558247
1.5910315097509924,1.1754332600346906,2.1383927376083833
1.602535479354286,1.1837948678497778,2.195872829308863
1.6109684860776359,1.1910585522282124,2.3175268136272122
1.619856287203734,1.201420126800622,2.461087803595528
1.6295357860112847,1.213281913263613,2.424144553759343
1.6389693547960895,1.2234699876237782,2.354857470699489
1.650111424612509,1.2303508682844682,2.0547794821511034
1.6623430136532094,1.2379589738676788,2.1833684873160464
1.6782084781119302,1.2393989262383283,1.373467176057916
1.6911053198403176,1.2406347961482809,1.859147512305901
1.7064781933463766,1.2381170262221672,1.1857913492096215
1.7192555655362376,1.233332377799909,1.238582156621386
1.7340951852656108,1.2309302395674933,1.4765926516260508
1.7475347046997856,1.2280534664619556,1.2689961923118955
1.76116743594219,1.2235004650875037,1.2677787654971209
1.776787004514117,1.2186250228209823,1.2588387317825862
1.7898585086312775,1.2139650576790986,1.2274190970237233
1.8001742160747254,1.20830619671022,0.953847807528947
1.799951691990935,1.2056780219519665,0.023182392416085783
1.8061328731612791,1.1929297004535129,0.7206262328364776
1.8150476283135433,1.1837932682402104,0.7896591156561894
1.8233151017757168,1.1738077595845722,0.6337296899984789
1.8322474865962468,1.1653494453384465,0.923355813060132
1.843085100950768,1.157013452768177,0.9192718781996755
1.8560111031190012,1.1510956641899677,1.2740689490158577
1.86892318836002,1.141740130590081,0.7246237487831326
1.8741313662625907,1.129895464197696,0.19349503502245916
1.8812742816260983,1.1163522224361897,0.7085765392081201
1.8896756086107642,1.105365937939378,0.6588179772649339
1.8973465257977595,1.09418484847607,0.5603319805458227
1.9076783232243872,1.084074844818683,0.9720448712885358
1.915899972717839,1.0749542672213934,0.5706206309960945
1.9215513470826184,1.062138069386708,0.36552226333247223
1.9272230365081404,1.0476600700498535,0.41719731328833226
1.9400647677648757,1.0386066319304297,1.3278748952136528
1.9542389794631188,1.0427960350573444,2.1606484023630443
1.966703387380515,1.050015894727017,2.0424339845159625
1.977058640927623,1.0611005464865535,2.611355098027666
1.9879900390427885,1.0712586845257188,2.128498894213333
1.9995209615682021,1.074485655942123,1.6304453648459898
2.0107648794733097,1.0737856851906462,1.37203021579941
2.025776271492089,1.069631388352613,1.2770819542915306
2.0374946458761762,1.0645232618512865,1.0630049854398815
2.0486847277333182,1.055947061836294,0.8614073486252344
2.065811435710363,1.0501569209546602,1.457934542713809
2.079398634702537,1.0513817885708645,1.8073482924482782
2.0950149745603754,1.0487555715020227,1.1830339239417902
2.1098579950879235,1.044625823169091,1.3848689518404846
2.1239399138154837,1.0452779731132038,1.7923891707501158
2.1385382507722785,1.0486885162951671,1.803278570497788
2.152139552015491,1.049479258948917,1.461186989532356
2.165003492306389,1.0446790918515612,1.0837498230853408
2.1765588032845913,1.0421248921024866,1.5079915570095606
2.1886112804618603,1.0435950009538284,1.7382690404233918
2.2019434198764314,1.045490880999293,1.6642538210649185
2.2142504470613917,1.0467863662585455,1.6611928179746103
2.2282357129791244,1.0439481783872435,1.1852371430335868
2.2386290567424254,1.036466294119124,0.7834840612565447
2.2484105517633832,1.0278072088256869,0.9078560051154966
2.2586596877190668,1.0199700662383764,0.884264944772991
2.2719095718820674,1.0160206369736322,1.5958181034040917
2.284964637014592,1.016084918941101,1.536266016915097
2.2981424557607744,1.01295057150103,1.1931283803279489
2.3109442765872767,1.0089070946490146,1.3472900372767445
2.3240784737124827,1.0042204109819626,1.1941360888648354
2.3380370680327554,1.0004698289890677,1.410854607688348
2.352010863209282,0.9947047097910786,1.025542552769849
2.3647592539376525,0.9888552247203609,1.243899767253169
2.377379695367492,0.9846994154606368,1.2629392918129372
2.3924468835695265,0.9793708457971695,1.226832768808016
2.403015021577634,0.9740141596650846,1.0075270601587398
2.4126150769476666,0.9689899016784419,1.0965753495726136
2.4248287129600605,0.9640461275371968,1.226784838632161
2.438233099741495,0.9596789784094807,1.2481640271487588
2.451187160926216,0.9581179004209917,1.5172960295605156
2.4651564136582746,0.9548535583046803,1.2027011974349695
2.47618581128912,0.9515697512329513,1.4101812129659608
2.4893048506945856,0.9488182858954086,1.3304771239890858
2.5029752740510833,0.9461771921981622,1.3800431907112982
2.5173797492501016,0.9432028111794761,1.3349214731866668
2.531428247366703,0.9428007550933462,1.6480757107776478
2.545848760179139,0.9439563683408299,1.663635616281985
2.5590967362507278,0.9420219137076179,1.3017572609650023
2.571033533260366,0.9380469554388979,1.2284372922510511
2.5825562602469994,0.9311754369413506,0.8751907409528321
2.5944432193192224,0.9259844553134745,1.422501219206853
2.6056929314959087,0.9235571013203003,1.324609739187683
2.6181905561396173,0.9199947745742106,1.2938134276805362
2.6303536711707327,0.9147518482859519,1.0794306439061911
2.6417676214704953,0.9128779870075378,1.5413158550812927
2.6541772510918853,0.9111526475215457,1.3474428727792558
2.664908226306106,0.9077732851666546,1.235790274556503
2.6794038517915504,0.90305047734731,1.2361484230122817
2.691399679759995,0.8982156631126083,1.195825935153152
2.7043718274467867,0.8928426264874735,1.1941982651489154
2.7177175881630258,0.8877529496502753,1.252162156934036
2.7265217819045153,0.8826072491133863,0.9570675561509041
2.7382303085393067,0.8776292089573265,1.2978830411516136
2.7489136870807966,0.8718852597600655,1.0047018480835876
2.7601659323828733,0.865275727768478,1.0472781541270282
2.770940500937253,0.8599523325497359,1.1906930893367442
2.7846641782195407,0.8576051464304106,1.533067579571439
2.797441133805467,0.8589601632857552,1.8222904076426958
2.810496050709792,0.8585629863368766,1.3589067955369958
2.822999214027649,0.8542706504827174,1.1531139104936232
2.8365981062976227,0.8496829087592482,1.2817358098310474
2.8491416388297206,0.8463160356357993,1.2548271977533723
2.862727993706144,0.844146813322496,1.5393296472182447
2.8765269028154363,0.8408233494579516,1.2090788432429618
2.888253745876934,0.8340308724817999,1.0103643350619997
2.8990469966181327,0.8285459526951917,1.1433863643857596
2.9101212071132885,0.8219270900756143,0.9528472482295105
2.922108711262106,0.8162811248424778,1.2104431385243974
2.934820927911662,0.813798268230908,1.458895745968445
2.9469728350549493,0.811545811483757,1.347938015642412
2.9588551108876713,0.807930171274799,1.2042419060319387
2.970539781762792,0.7999409018341196,0.8720092526454769
2.9783857212267755,0.7901632135812715,0.6316020159449866
2.9871144027096794,0.7829992501380078,1.0496106960737803
2.999021428476829,0.7800010621687481,1.5469918679775776
3.0103865644371504,0.77852267406534,1.3532784450376318
