-0.05803760723101037,-0.5591013647036941,1.6223847158982343
-0.04456134567799413,-0.5584262083528709,1.6291663691891944
-0.030335774918876766,-0.5576618929449086,1.6255468720240787
-0.015915739558630647,-0.5568757322376293,1.6384848933059422
-0.0008997426852385055,-0.5555004493784068,1.6775022518007874
0.013284221786277651,-0.5532692574250352,1.7577855467841341
0.02755609103371048,-0.5502987652074572,1.7972823966574476
0.04159093120811641,-0.5472889829385094,1.8101999947147633
0.05609131779765726,-0.5441926796084963,1.8026188593175136
0.07099121108401095,-0.5418827388090396,1.7727856789148795
0.08520200501787646,-0.5386904043521615,1.8099486025189562
0.10004330439991889,-0.5350557452550618,1.8355507674315337
0.1156382957994299,-0.5309315640343893,1.8202860939565484
0.13046269901377722,-0.5263598126202822,1.907981171852204
0.14515245323857381,-0.5214299993338175,1.8913525428085545
0.15972204399660597,-0.5170242731263399,1.882376562851705
0.17223548246016107,-0.5122400146562479,1.954053596572347
0.18677922436693128,-0.5061448211664153,2.0074849715043124
0.20036910696996527,-0.5005970654538661,1.9756942381313969
0.21487316894942707,-0.49524640057794345,1.9474564875089946
0.22840568657469443,-0.4897323801897006,2.0656838522980236
0.23905925501345365,-0.48399709763660226,2.0496767263858593
0.2547557464933809,-0.47584429645016035,2.104845420697328
0.2681005290087128,-0.46850977765012186,2.059314213372681
0.28072418767485163,-0.4621599378641144,2.057919305849435
0.29267122606954643,-0.4559607241437358,2.0555158853599913
0.3047542517010161,-0.4503814208269872,2.0301020658140927
0.3166857999932203,-0.4456527109441797,1.9757461875405817
0.3314862879001659,-0.4394349842724424,2.0023284225257294
0.34504094080617315,-0.43300382981646107,2.06845530010591
0.3578006010412947,-0.42531155452555275,2.1850613593397625
0.37046596009715155,-0.41634126384831377,2.1849240907474687
0.38268936671148984,-0.4078810538704688,2.190113566771616
0.3935144260905752,-0.4004890051445958,2.1557226044234237
0.4061733369810436,-0.39236298550779575,2.114718387795713
0.4163528190901974,-0.38536562596757495,2.2178591176242586
0.4278537899531243,-0.37715229168729275,2.16440131559129
0.4393413182467495,-0.3693702266563557,2.161061544815051
0.4493764191456878,-0.3619280258874972,2.228978945189728
0.46154238428441074,-0.35298145103454887,2.2008451604969825
0.47341975002286235,-0.34432198976737755,2.2241104712126223
0.48410039365459384,-0.3359154615719209,2.2565123115836894
0.4970932762902213,-0.32617998101241524,2.2040229337256454
0.507472935214825,-0.3184951163125844,2.2287226889406706
0.5181285355808039,-0.3089679846146346,2.3160139613573625
0.5282255163845414,-0.2990058237334411,2.3786582042098674
0.5386573249500224,-0.28798553270558286,2.3835973992684565
0.5493700522585975,-0.2766673748060406,2.365361011199496
0.5597583635044877,-0.2663649979565661,2.3595625147621715
0.5686733505257127,-0.2570855291364026,2.375621908847325
0.5789440362259762,-0.24583057950680756,2.4207871729808197
0.5875981591131024,-0.2359812503294615,2.390113222485707
0.596780705008497,-0.22509881092653436,2.454031523859747
0.6055662444803975,-0.21377301850398858,2.481804327188169
0.614267634272401,-0.20374596620403032,2.394980739927044
0.6245293432283416,-0.19282746717498836,2.385615767432032
0.6326662724709814,-0.183338826968425,2.4739586973506347
0.6424899838293179,-0.17125680918018277,2.446072165260125
0.6514182230434454,-0.15972910108336777,2.5159899514423447
0.6593597691308036,-0.14894499640425787,2.5033310719649924
0.6672858150989569,-0.1374695012274203,2.580980070838708
0.6758056806630359,-0.12473548116660439,2.5191665954310096
0.6827531756226998,-0.11530855632603942,2.477538555837322
0.6922831899227417,-0.10357510193109477,2.4324446461460787
0.701621953665295,-0.09247958058011897,2.429351270527019
0.7108887729942718,-0.08173448505815116,2.416668260218
0.7204785912550425,-0.06993676854666701,2.492419316829236
0.7294548246473687,-0.05752731708001318,2.5385638862618474
0.7371795235715309,-0.04569853054892583,2.5621131930712098
0.7446592664552424,-0.03346874935324848,2.594650326075479
0.752334577485392,-0.021186794803839525,2.6039227244835317
0.7605257417511812,-0.007679172870963959,2.5843124482809423
0.7687748074187255,0.0034609991652138493,2.463121086584715
0.7762929622817539,0.0130727806115915,2.504570853491125
0.7836721594996948,0.023670332830503366,2.5744357264349227
0.7911816754906462,0.035075491176963076,2.546978461815677
0.7994433986832257,0.04667949204735615,2.4909501917418173
0.8087677990038217,0.05817636718640867,2.45848684864782
0.8162904143347541,0.06741927619707389,2.4442241082032137
0.8258287554110425,0.07836267733125944,2.4280806661309646
0.8338463689671832,0.08782774976884238,2.443360677654038
0.8429965494374874,0.09779765722402536,2.3970728755574227
0.8503034422832465,0.10364126606851198,2.1564842011343734
0.8608696231931648,0.11201710378996242,2.305395897222732
0.8715978689133758,0.12238702397517406,2.3511882403320907
0.882073012826378,0.13144434149916995,2.2623718964352166
0.8928063701695577,0.1417699890228489,2.3711353701539486
0.9011170677960455,0.1510888984164113,2.426832131052552
0.9096045585602519,0.16069609045720631,2.4048974952493984
0.9180576752868561,0.1711692328426127,2.477406818290571
0.9258899544131179,0.18025196616978534,2.395737162388711
0.9348641354072794,0.1901147903057021,2.3841056021218923
0.9446429314787782,0.20037311156296805,2.3945283995341886
0.9539236578551405,0.21058401046960162,2.4081453755682998
0.9627832063124572,0.22049176591908742,2.408132304782051
0.9712018143544274,0.22945435625059277,2.362637926316197
0.9806702669793252,0.23792094678596437,2.3085735151435642
0.9919499675358722,0.24779195517351935,2.2885856307471357
1.0018239338395105,0.2566858848953265,2.3296059857025986
1.0102248414822055,0.2640343162466146,2.265468518882589
1.0200889638510477,0.2721250096303979,2.254308861155323
1.0298208943479015,0.28094507096906857,2.316408334239132
1.0387107054335212,0.2886087973672541,2.2308632552289707
1.050638537588842,0.29755217454292787,2.2106060637583895
1.061202676134341,0.306805474602042,2.327484319936088
1.0705190055641631,0.3152934205766576,2.2150742460544026
1.0799193624312735,0.32311826917559916,2.295318642731906
1.0909361237873012,0.3329588850038964,2.313913609075319
1.100695206290553,0.3415600693734804,2.301978228477505
1.108254359168393,0.3490506308472698,2.4068840930787547
1.1170066041559963,0.3594916985520879,2.4459092964144777
1.125436706479048,0.3701541282829678,2.4857097746762657
1.1341945734215935,0.38011874594132744,2.401996909712812
1.141972295517822,0.3876532006600282,2.292636773936985
1.1503902993458721,0.39546894218725775,2.3058872055798507
1.1605242079871598,0.40460405505323443,2.266342734822332
1.1703622317163156,0.41318582963355577,2.3190175782741105
1.178788041780835,0.4203875630141419,2.2530498228623195
1.1897687299340083,0.4287558602452577,2.1863478159117586
1.201753482724232,0.43727953622178073,2.18856689789248
1.212636394486776,0.4443756982256504,2.093839812631773
1.2217760913651434,0.45051489104000003,2.2448137984561405
1.2329000863823105,0.45957110817028207,2.228543567757923
1.2444402903090555,0.4648511136067024,1.8363250879277258
1.2542584990487555,0.46975070006896913,2.114907695110756
1.2670861841648386,0.4755092285475349,1.9208492515201083
1.2766773081483171,0.4804454108756324,2.0997340857060247
1.2887842391752506,0.48700138254505704,2.1273241141299506
1.3006741928129508,0.49375620519298696,2.09364022924057
1.3109199564457643,0.5012417492292935,2.2629598176307826
1.3217214225396323,0.5101801369260043,2.245417835046555
1.332973367067745,0.5191966342516195,2.27364418825074
1.3421590855736165,0.5254236311676491,2.1056076676343194
1.3516171695215726,0.5309340042386975,2.13409692942154
1.3639451736308876,0.5382213214322729,2.0993951708077248
1.3752214730913024,0.5422824065613697,1.8164588328084172
1.3885678193860849,0.5471306546921882,1.9253696601781074
1.401883291091483,0.5505232460966283,1.742215169975134
1.4143015939725976,0.5545919622293837,2.055197425155682
1.42535789748286,0.5607826965593589,2.0878540626773914
1.4373824122750063,0.5670750384303959,2.0683283986266443
1.450215309863962,0.5739631371148236,2.0610688012917353
1.4636612804035751,0.5798585508293166,1.909142966238422
1.4772814277014659,0.5866086643307284,2.1181325040052137
1.4896833543536365,0.5940809686346946,2.1179629167124334
1.5034425388561403,0.6028722365694429,2.200736631689152
1.5137845174159497,0.6097689522985484,2.0834697277850642
1.5248917384657834,0.6168073069722202,2.1759843350380197
1.5361015280025372,0.6235566913518962,2.0412296280035673
1.5470472807305817,0.6292821904293381,2.0837839201679285
1.559306048342492,0.6362969301781628,2.1186511738367546
1.5708766327114119,0.6399868909850344,1.7331099855639314
1.5836666552803933,0.6410733051290407,1.56284395618925
1.5966609832455034,0.6411142311643585,1.5938968324924894
1.6082640770617675,0.644866173884953,2.047234282151217
1.620550351106394,0.6508684973895398,2.0648116169696875
1.6324708410612738,0.6574154970204621,2.1191415566702085
1.6429441060585002,0.6642425347467169,2.1751923328786247
1.6564431782478928,0.6692181659544392,1.7745701073099671
1.6679681472978445,0.6735928166101666,2.0583190007922134
1.6785246166328656,0.6748298579253248,1.5468788964485576
1.6931002533396122,0.6761027739039297,1.7294313115887643
1.7071042841359136,0.681346501822227,2.017016915183618
1.7191431027343327,0.6889958980999855,2.175396111127636
1.7308710283845101,0.6962425878476487,2.0830048367080556
1.7447690393975603,0.6986133051200727,1.5654283540962535
1.7573969442926365,0.7011081965523716,1.897564538004879
1.7680692215198883,0.7077014071274659,2.1676443446926092
1.781814033911882,0.715188416631105,1.96442741126404
1.7954793074039164,0.718514689320483,1.7157659441340511
1.8095771805986642,0.7207064450158508,1.7378214016271123
1.82398716293588,0.723819939342423,1.8275707057793376
1.8371642742841172,0.727002666172168,1.8027062063219677
1.8494318800772829,0.7261594172734177,1.3326789583799399
1.8633689909344784,0.7268559197839989,1.8178589408031118
1.8751401136976944,0.7311040410359331,1.920095087364373
1.8843751360899592,0.7343200845453685,1.9150881059841245
1.8958233695475881,0.7378773481375602,1.890936464197597
1.9108974220368735,0.7408869718346172,1.6704579028085385
1.9212847673340934,0.7441290532382944,1.9713089284005127
1.9342268639589573,0.7500124052143752,2.0235547368864513
1.9460039995513478,0.752337771501145,1.6321957115292256
1.9602327077876236,0.7550518948955856,1.879949830432841
1.9738982499687519,0.7596975884675973,1.9225098177964373
1.9875067953516976,0.7653542199863334,1.9750556202938447
2.0018709478390813,0.7694597994592657,1.7083144465936
2.0149553796026796,0.7730828306226071,1.9079633976559789
2.0284674533116642,0.7774486960169799,1.9352398067863572
2.0419664783438276,0.7821330266865406,1.9607476002899704
2.0547700041891965,0.7865376246625255,1.9395642464627132
2.0679840253468624,0.7910263926270968,1.8872189877236059
2.081169916068172,0.7945630883009495,1.8109929820773822
2.094729343413588,0.7981363502755898,1.8554893227460005
2.1079097037922656,0.8034294986815366,2.004199290139501
2.120514705513204,0.8061653799963404,1.6449740430980304
2.1340826413169465,0.809666309112103,1.9574587527077258
2.1424341133794575,0.8144453322362928,2.2060574774708916
2.158333275670704,0.8181563138523262,1.5762522069797305
2.1721343315334254,0.8207296113775365,1.8577671537419596
2.185398342992662,0.823557573099248,1.7103909348281925
2.1985153261016706,0.8272800347774408,1.9043792763186607
