-1.2243727502873234,-0.8095519594216702,1.6218253509445544
-1.2108828182511528,-0.8086734875624371,1.6298265336831046
-1.1959182959001675,-0.8072885493511421,1.6860698862748063
-1.1819037213198298,-0.8056274960475088,1.6905159768061038
-1.16768248929722,-0.803474511227244,1.721669819075619
-1.152864913876894,-0.8014859959775199,1.709804440129467
-1.1374866987050019,-0.7993161043894963,1.7127018659054194
-1.1229472228489208,-0.7967372311474465,1.756624169502272
-1.1083752282900308,-0.7936960516633191,1.808332423751125
-1.0925012984020217,-0.7902435636591326,1.7999012049136924
-1.0771927668825723,-0.7868914462089162,1.8210799305977081
-1.0626799869597385,-0.7844533141623343,1.8199107026831338
-1.0490571369171893,-0.7798902915181943,1.9197423794910824
-1.03469855828865,-0.7747366889375277,1.9555182961647375
-1.0206828058731452,-0.7703222204833535,1.838709553254694
-1.0068660392648896,-0.7665498609754099,1.8895527883025187
-0.9935529946956976,-0.7621040930411416,1.9496893738846777
-0.9790746864013978,-0.7562799297923205,1.9582794893090647
-0.9648296386321555,-0.7509224992924819,1.9846878576823057
-0.9510089651549568,-0.7449084094347135,2.017022341144335
-0.9378321733999151,-0.7395556355938371,1.9845265047916363
-0.9257170366405714,-0.7344657147005115,1.9586617665115609
-0.9113707229129644,-0.7299741416727051,1.9408900598658099
-0.8961906213560518,-0.7231449956024593,2.0008366088329006
-0.8826922716520909,-0.7167316212169207,2.0308705115566776
-0.8691444937307196,-0.7103236578600368,2.0575046445301672
-0.8554581064729626,-0.7032468511784207,2.061120551820973
-0.844367190666742,-0.6978743211887353,2.028136896849524
-0.8301740483661468,-0.6909452303225601,2.0314259947332163
-0.8154462925150799,-0.6822773161449128,2.13356514218899
-0.8024452614430798,-0.6749712550516911,2.061737837715461
-0.7896601776492488,-0.6670268777369887,2.149762772351925
-0.775429259849857,-0.6577857023369269,2.162795856597186
-0.7631963057084094,-0.6496827480240739,2.1473789694887917
-0.7503335280744281,-0.6420408170421867,2.15919073887485
-0.7377175315607393,-0.6337545412189782,2.168981687382585
-0.725688552743113,-0.6255240607911008,2.187774121179593
-0.7138203781849278,-0.6175036092604496,2.1801573740664075
-0.7023976082396464,-0.6090946105624305,2.2117022375082147
-0.6902715289174316,-0.6004457446532664,2.1956446073513995
-0.678245246774659,-0.5919247639841454,2.1886004371466616
-0.6651872550844864,-0.5825823510489032,2.2547764439204796
-0.653949237646726,-0.5739658340855381,2.206082999634982
-0.6420174737877133,-0.5658199522374302,2.158677747523867
-0.6304491389312316,-0.5583207259999028,2.1690239610769484
-0.6190261936401333,-0.549295978976735,2.2616498129473905
-0.6080889654700978,-0.5406859135845802,2.2053639432007945
-0.5952978326605054,-0.5307960819625805,2.2323314219911348
-0.585491177619887,-0.5215707764771964,2.3957802921122706
-0.5756120952929467,-0.5091021555015822,2.5075137956723643
-0.5662690451816952,-0.496303408279618,2.4610114713896376
-0.5582463860085267,-0.4855598110116587,2.5058228246008505
-0.5502419043856885,-0.47393658362649005,2.5425435263190472
-0.5419012386566783,-0.4619415274352594,2.518576818857028
-0.5327796107802524,-0.4502285875418889,2.437678097436539
-0.5242299322562157,-0.44000289074977234,2.4368045992169414
-0.5141927687692831,-0.4288932177150075,2.356749124785489
-0.5051504145192878,-0.41809120468866234,2.504518062772697
-0.49626411197957115,-0.40584339991463064,2.490957002258061
-0.4865421057620471,-0.39404499204108145,2.439956307143619
-0.47833258702334713,-0.3827538478757731,2.531231694467623
-0.4702120266576168,-0.37070799624369505,2.51787058702048
-0.4623327339524083,-0.3596376374030654,2.4979136823680204
-0.45267233221839803,-0.34733941420548037,2.4694832924121317
-0.4438339337359923,-0.33496127224231637,2.558975757503472
-0.43583499655717145,-0.32255316692903724,2.5683272728951874
-0.4287466966904142,-0.31085261036643447,2.614659276070665
-0.42230464691159114,-0.2997029200400382,2.6375905609059678
-0.41571151645797105,-0.28686145687666353,2.634995134818554
-0.4079146095285062,-0.27434582648350975,2.5313531132898004
-0.3995970807101729,-0.2625869713818042,2.49042511598168
-0.3903252509513042,-0.24992639505181402,2.550365512906157
-0.38268238924303316,-0.23856709658991393,2.545596835234265
-0.37512718196346384,-0.22685390411768083,2.550258008225517
-0.3663279798775749,-0.21328987281739129,2.554186671338832
-0.35916494570090984,-0.2013339729318874,2.5760579340882668
-0.3505792639317462,-0.18605584660919713,2.635527801400523
-0.34327902511214253,-0.17252077509300004,2.654681661235904
-0.33770824897905133,-0.1623775160295594,2.602551552071378
-0.33099300327478226,-0.1501887100582021,2.6183230448512718
-0.32319324754380785,-0.13767986864151713,2.5768805682191096
-0.31613369840459704,-0.12630046246743057,2.5990298909119938
-0.30717958010365837,-0.11436022934978872,2.4755284658905183
-0.29928898510778756,-0.10467717843717134,2.453279636921469
-0.2910594988161104,-0.09375397842308471,2.491640268852115
-0.2818367488720495,-0.08240884622372825,2.458319371999324
-0.2721577768122485,-0.07045844191771299,2.4606578191816033
-0.2635784123705344,-0.05874561127902587,2.5942391311078365
-0.254844003832509,-0.045937319611386356,2.503558901017943
-0.24757254884892785,-0.03630603675046486,2.4850164500450047
-0.2364072908012799,-0.023583419782685137,2.3977254934440517
-0.22662132704813376,-0.012982927394754299,2.3964219851164983
-0.21728257124612146,-0.002774853370840395,2.3841299550440413
-0.20838623167935025,0.0077846879897550585,2.4255397711232742
-0.19967399056505986,0.017962222069212753,2.4828533282506142
-0.19045321503333462,0.02796706658714478,2.3206674471005297
-0.17915395786092989,0.03963721829237392,2.3946594270067476
-0.1701938972950638,0.05012292864277434,2.472870007550947
-0.16182876987186565,0.05949807121302736,2.4053365656264556
-0.1513108486991996,0.07047063052220269,2.34467756393367
-0.14068158785558557,0.08124602116083943,2.3602388269621506
-0.13135737947012063,0.09152793020256846,2.402449546131731
-0.12188464486537527,0.10179306374563521,2.365105916188662
-0.11126839525485376,0.11303706611199507,2.3613115609481214
-0.10103446268088423,0.12259993986993209,2.3289830846364548
-0.09065774512618804,0.13304446119948005,2.367783474720376
-0.08040368526443241,0.14291035677696678,2.30516510878296
-0.07006806813372865,0.1523643116586722,2.370346887252302
-0.06044754940310053,0.1623746311782747,2.375711402449787
-0.04960094699188724,0.1733331476464548,2.368641747394257
-0.038553481750657724,0.18375607759396656,2.3005906176146755
-0.027233598314604125,0.19330906021723934,2.291389882317553
-0.016246253266770618,0.20425785209991906,2.3760545369639363
-0.0070070749848485355,0.21277240523532295,2.3045664835608597
0.002142824850677491,0.22318358872071933,2.4952623957461464
0.012981493272796678,0.2349432757855333,2.3249995064753346
0.024290272627949794,0.24508050073889412,2.342112405145663
0.03504564463175989,0.2563730102156763,2.3888884863951403
0.04542293212719096,0.2662384220461858,2.3089403958118977
0.05615658485074,0.2767428948527994,2.3625849201601468
0.06597526906498546,0.28638799950654353,2.334217968863945
0.0762567779155473,0.2961468431833218,2.328675125752525
0.0847213380741474,0.3050763806075188,2.4387475712033635
0.09405895435894913,0.3157069539052406,2.393439243261111
0.10527388242078475,0.32583832842792365,2.277370043471855
0.11569174315794453,0.3335142971788571,2.185020190910256
0.12507743979120456,0.34175555923706774,2.341225179866873
0.13375381557006433,0.349888858506583,2.34321473458951
0.14185425502284663,0.3594975920384064,2.45031950087366
0.15047397957705536,0.3705947253133905,2.4816418267552263
0.1585444302163739,0.38099043007442623,2.4850686607753385
0.16692174347890046,0.3914551354374383,2.4346305738529814
0.1756894704371893,0.40206471157215284,2.4463918687224195
0.18527705740504335,0.41210253128204344,2.3669924698808247
0.19592596307520355,0.4228014984647501,2.3655528068214906
0.2051200863640781,0.4318734576333812,2.320898242443254
0.2164241852683131,0.442730984979792,2.3437252995025633
0.2256963671524093,0.4520125681824412,2.3993245726026577
0.2366264957469831,0.4627250310272909,2.3438799074410217
0.24597202633057236,0.4723677903970486,2.3841429206122995
0.25447487381834705,0.4821896778596048,2.425410246178374
0.26453934392295714,0.4924896679235513,2.274290493327707
0.27489915494891354,0.5008948338544381,2.28908257498174
0.28663682716486766,0.5105759842331671,2.2953263754265087
0.2977244670796699,0.5210090170909851,2.359891647882844
0.30684064444492415,0.5294867692149341,2.2990268838882164
0.31723450351776133,0.5389321159652336,2.3128645612886665
0.3267790495609458,0.5472234130128103,2.267541066719534
0.3371004765510207,0.5564930047621393,2.297836912677293
0.34861723748892126,0.5658947794612876,2.2212692830260705
0.35851376789798645,0.5736091829983062,2.2580694233664507
0.36686208817592947,0.5804359974504124,2.2015408017371656
0.378330746406709,0.5891402021051558,2.2265302368663753
0.38876843659528343,0.5976660361235762,2.2709616014701175
0.39975179659497806,0.6074021437901695,2.308646492098969
0.4109168426852369,0.6180168420135552,2.3375033903602644
0.4212480999667427,0.6282596927438844,2.323464777696495
0.43223896106768217,0.6364819818614916,2.1630710950326457
0.4410870795856814,0.6426169758732346,2.1728085730834605
0.45249884622534864,0.6514296112213952,2.246287996360001
0.4623692301146091,0.6579587272802925,2.077150435295306
0.47487128975659565,0.6674104429460943,2.3290041305901865
0.48580679604834626,0.67635958834274,2.2370924399171206
0.4962611730827428,0.6857662953673587,2.3004892017038974
0.507658823442145,0.6956562832671106,2.1998100512746315
0.5186370606900428,0.7048767482332757,2.2972526643926336
0.5291727628975705,0.7138680123629232,2.2942238705495037
0.539594410144088,0.7227830046477954,2.277003198848551
0.5508799468157711,0.7322536289108962,2.2743689636677247
0.5590561261045024,0.7403893062994193,2.362308219805688
0.5689721260328704,0.7492875649279781,2.263590517700364
0.5773783826323903,0.7566265825906942,2.2718744964299753
0.5897884523448526,0.7651383725916048,2.116625473579335
0.6026840070913183,0.7728944446177933,2.1020531222972885
0.6143427217172236,0.7794645038354976,2.0539881591443905
0.6281039151887159,0.7868405874143329,2.0945119404728096
0.6400639329983034,0.7938750460403632,2.1329399818578967
0.6514780855859839,0.8021328769901152,2.2432203431885305
0.662551116720749,0.8092155345203347,2.0952136976122544
0.6738828907396042,0.8172810027640809,2.2544280408868373
0.685813483364729,0.8261018527880637,2.1822415865830687
0.6975224371299095,0.8344581662596473,2.1956737390689893
0.7093371175867884,0.8431775300978972,2.243094284689094
0.7194875823214614,0.8500227475256796,2.123942127070206
0.7287517468855318,0.8575598930031847,2.3319971247734816
0.7394999181974499,0.8670893567763306,2.3243833539175567
0.7512914595152025,0.8767616171096704,2.192616501690844
0.7629713107538924,0.8854337343654445,2.2261571969615463
0.773631311979379,0.8930896267404669,2.163181746541931
0.7839137995983146,0.8995471980658446,2.175850104685429
0.7936590071458786,0.9071197098165681,2.280770440419881
0.8039552797347826,0.9158644803405893,2.242292638629658
0.8154708358733528,0.9252688457327802,2.2373852233905787
0.8261824304214154,0.9342685928831346,2.3102103467107034
0.8370698240757648,0.9426483565677483,2.134284820679628
0.8466861864118247,0.9486744064299438,2.15045287773647
0.8598138720958776,0.9583268294750952,2.286050752989633
0.8725627960715829,0.96686365007449,2.101830933324768
0.8841728779508365,0.9740250741738858,2.120173177992116
0.897644181136822,0.9822589703904353,2.1792279898909497
0.9106611557419291,0.9924046179555132,2.2691963908659245
