-1.3454289068850376,0.4856135779409721,1.6219466721477684
-1.3321848233743496,0.486286916635283,1.6096407325562674
-1.3173509057360946,0.48701637729122027,1.6254439860138734
-1.302478358664266,0.48783771288929495,1.6264143373414597
-1.2876441524712332,0.48857984634758866,1.637813451571635
-1.2729174732561057,0.4899340840134044,1.6919116556090508
-1.2582195016416604,0.4915745580092974,1.7146448427446916
-1.2449799197235254,0.49399330505429767,1.7633993678070092
-1.230201458010745,0.49668769908637206,1.7676319870117454
-1.2146851638155811,0.49977308044981666,1.7701216210999706
-1.2004306296416805,0.5035478466901675,1.8148434391277168
-1.1864828989871308,0.5074525144467638,1.8541852161831
-1.1714910076084664,0.5114855966711945,1.88888963191889
-1.1577962932750283,0.515703567111455,1.9471307974783132
-1.145959804231046,0.5198875757333132,1.9106696415083582
-1.1305355856107557,0.5250258807407541,1.893024025316042
-1.1173528348673103,0.5293769874533154,1.9670575110674084
-1.1035780061718024,0.5345847926905116,1.9559834110954912
-1.0888924025408782,0.540225253095264,1.9666782891495833
-1.0756901034383668,0.5452254442292184,1.9493778052335369
-1.061482095632733,0.5509093265495693,1.977307364424868
-1.0488935933817447,0.5556811773151559,1.9293109967589466
-1.036118388116793,0.5605397736934111,1.9332309352806352
-1.0218342962810876,0.5662243833017513,1.9744641299816272
-1.0099498623117313,0.5709611741796704,1.9632893653207306
-0.9946449189679063,0.5768816905850356,1.949159293261171
-0.980770026240903,0.5821366016609714,2.0033657238719047
-0.9671559617622066,0.5883724524015513,1.9814979655625233
-0.9517252293822708,0.5952905966663511,2.0317414493209323
-0.939354545769033,0.6024978119886725,2.14432460935685
-0.9256351312933825,0.6110530903105548,2.17239864299828
-0.9118910428681156,0.6201986007220627,2.108684655982387
-0.8996635964634759,0.6276878683630792,2.1274465043499795
-0.885350301416394,0.6368009243625963,2.160165738982472
-0.8736516848741465,0.6457579699765144,2.2908049686345895
-0.8614407583479526,0.6560607458297025,2.254833052247356
-0.8499760879365521,0.6667039620352511,2.370294278527548
-0.8387473230493777,0.6771190463670135,2.2408729715124442
-0.8277605108370955,0.6868489857547916,2.3241266119779387
-0.8188819732287933,0.6958211798869635,2.3707364125132377
-0.8069716434724378,0.7074809871777227,2.3333388710626313
-0.7975565248907259,0.7166853353307806,2.3509480010164188
-0.7881470503554155,0.7262327339445332,2.375334667401979
-0.7768371776776839,0.737206364074998,2.3323524454875746
-0.766902943828235,0.7473638787739888,2.4358673446766455
-0.7577800556591712,0.7579041488913251,2.4291958456803573
-0.7475797151301561,0.7693829553204774,2.403010727185308
-0.7376549821964781,0.7810444501041914,2.4730184287053154
-0.7279814033867319,0.7924766291616805,2.428089771459395
-0.7181760593008414,0.8040232223981204,2.4648399168246504
-0.7093019567155565,0.815331314035653,2.4463943793227982
-0.7013594290808028,0.8251469541486186,2.4758806942201397
-0.6930281339068892,0.8361103447408733,2.4863279889456913
-0.6842705387728213,0.8472263083862408,2.463409970224385
-0.6757072543969908,0.8586507326422556,2.5427468087342775
-0.6665915247647153,0.8712418226279195,2.497974367565719
-0.6575438735987166,0.8833072633436367,2.4733285895746495
-0.6483766374768466,0.8947631838961976,2.4592482940399156
-0.6387939470633428,0.9067574390391053,2.4683121616751205
-0.6295832515780282,0.9187482758230119,2.4907472402599646
-0.6213670769661566,0.9302364875222218,2.5575086369286417
-0.6141019744937042,0.9404825751480405,2.5205885289866385
-0.6061622798345647,0.9527064996920985,2.59931227832797
-0.5986781160450125,0.9646044541829056,2.5899856721733165
-0.591819953828988,0.9763869048407926,2.636380371883728
-0.5829619920929042,0.9911974651353993,2.601897667742874
-0.5747652638814345,1.0056740966334599,2.613057721673006
-0.5676938964237083,1.0184735853747868,2.6247768369412445
-0.561105638968006,1.0310638470350437,2.6596227679809425
-0.5554227060437166,1.0422154380121906,2.6413034008411675
-0.5486129792050262,1.055246283694722,2.674309241344775
-0.5429921620606633,1.067489272970158,2.6711695464438754
-0.5370728126457882,1.0786062489437958,2.6394654901956853
-0.5310483575840109,1.090499844208143,2.681660318581556
-0.524214812055627,1.1031912347708466,2.643289273414846
-0.5175662053675567,1.1158900759309278,2.669593613579469
-0.5111230321421714,1.1291258431832147,2.660599411983367
-0.504742109973254,1.1414820457752033,2.6185764545169925
-0.49862004750974254,1.1510880779160946,2.532578645914113
-0.4918739381413224,1.160798964607014,2.538948525102892
-0.48465049368521185,1.171854075506823,2.5893328419362454
-0.478665808914954,1.1821141388339007,2.6007279733134054
-0.4725209682125344,1.1929171332985566,2.6156670642123383
-0.46585839961756265,1.2041565820671907,2.5955657338822276
-0.4578651288976401,1.216833923368802,2.5770352175051805
-0.4515528690778647,1.227383398737217,2.605598890534957
-0.44493710216356575,1.239564148377765,2.605236569163279
-0.4369820978875105,1.2517156093075001,2.5322801011190843
-0.4279692765176037,1.263836411151348,2.4732179748304928
-0.4192883945232225,1.2736716665820496,2.395486151415319
-0.4084898347862965,1.2851970106058792,2.3837405662846347
-0.3990376694522301,1.2959828261570623,2.453789157283153
-0.3895736046322847,1.307424862038141,2.4226243871174202
-0.38034660587438485,1.318626958586253,2.45549056205436
-0.3702113700356469,1.3313958026524797,2.513024374059339
-0.36005817525568035,1.3433570402200694,2.400840694500856
-0.3504953397789128,1.3547918434216222,2.4446795936099055
-0.3420244800121664,1.3645026326325043,2.4178821126256667
-0.33527690372939395,1.3732150936195537,2.546379119203642
-0.32708099531525037,1.3831591507516015,2.431498553043293
-0.31765588672138,1.3949023930607078,2.459582726746174
-0.3078885065237741,1.4068440209802278,2.4370631899810133
-0.2979005203780641,1.4192120362663068,2.475488970382315
-0.2893631115704083,1.4298978451811948,2.4580352998987434
-0.278759105366554,1.441434505111775,2.3824035238582355
-0.26894688306331693,1.4520792150762318,2.402387401551819
-0.25930025041012716,1.4617044841074345,2.338172434969132
-0.25059033823876825,1.4700291128587248,2.313050646410796
-0.24029888274765038,1.4793473961919714,2.295361636642767
-0.23052730403327337,1.4876644202824556,2.278857806771211
-0.22066217746697286,1.4959547401696256,2.262436176201055
-0.21148641148346245,1.5037005134317327,2.265628901676114
-0.20181006353893055,1.511386763481196,2.242658300161001
-0.1908005206601256,1.5200285123633182,2.2389121879397877
-0.1802532409280221,1.5295811018338608,2.332622135488256
-0.1680862874002857,1.5393352748834888,2.2266429280728324
-0.15760826359340005,1.5480496700842392,2.282252037495958
-0.14794835308367735,1.556841605646049,2.3212109824916163
-0.13748975999435487,1.5661191929702263,2.2930055566861975
-0.12775798849006265,1.5751435212951,2.3134807227472445
-0.1186524740606706,1.5826630126886936,2.2712286582800436
-0.10922231706667006,1.5911173582621994,2.3482856900618074
-0.10080930521781435,1.6003472379507468,2.416371575798423
-0.09136680499655761,1.610327988044043,2.3406566314285584
-0.08069187455691201,1.6212633681397906,2.3893128729409323
-0.07283739142838001,1.6271774090154951,2.1768418157820064
-0.06333902187005239,1.6349279458413064,2.289099215138838
-0.051591702042646105,1.6456984435759663,2.299023010308864
-0.040968374816597465,1.6552750656277841,2.302352315053285
-0.03024188125388026,1.6638679884596623,2.222644541615231
-0.01914481915009762,1.6730285796364393,2.2746846913770806
-0.0067265461665514305,1.682664020352762,2.1947799082328316
0.005242805025792296,1.691896904285834,2.2514879079459242
0.016974841983222064,1.7023045331785394,2.3105329249973656
0.028437104077712928,1.712505535110963,2.3158415170445172
0.039135357886245975,1.7226093748346558,2.3057687638524094
0.05105529095328652,1.7327313117864585,2.2785085880503044
0.06139184174825914,1.7430743431408369,2.3989211359504656
0.070669992722508,1.7525215710647783,2.344949270921661
0.0810653432691672,1.7618238366712173,2.2874250791974875
0.09169531469885751,1.7715699210008442,2.30637844791659
0.10379437277788772,1.7824336174891429,2.319394673226627
0.11313438751788474,1.7901494336736865,2.246520180702008
0.12405346638861017,1.7990582876883907,2.2711076532099352
0.1325287019280519,1.8067356977672064,2.3194645969542322
0.14306635593740094,1.8175232098251606,2.3803361073164293
0.15294288177129872,1.8276028323385511,2.3721314044900677
0.16376344199617376,1.8376913239163708,2.3042089656140696
0.17353854481517747,1.846189801115582,2.224831073552917
0.18568632001801755,1.8553201390933152,2.2164362562936692
0.19633093343268782,1.8631436225735192,2.2089647569351634
0.20582872008344624,1.871575707583368,2.3476793092932797
0.21411212517606107,1.8810825061741598,2.405030397388798
0.22260795762538002,1.8903185201606478,2.4055998619098444
0.2299759244394453,1.8972963104856144,2.2945872459994194
0.24044229738617784,1.9063817395089409,2.274406195024563
0.25178594182682457,1.9159522820997597,2.276501713423974
0.26152861893463464,1.924629787785118,2.3084921817105597
0.2709599721574074,1.9331520772131654,2.2773439224891434
0.2797817040688107,1.9420698302704902,2.3804635947744455
0.2893303077610432,1.9523395373591252,2.3367424812972697
0.3006616494433849,1.9619008922091699,2.25525386483809
0.3117872420129984,1.9726495679151128,2.402980702098915
0.3205296873835914,1.9827351688273693,2.4405877655870154
0.328871963958099,1.9926340643584661,2.4061637738707433
0.338184855854102,2.0027927581455796,2.389444583111552
0.34577305814452963,2.0119810776493057,2.5110457019613572
0.35501557309244475,2.024757834632087,2.5280849908872485
0.36385200990166267,2.036111725637225,2.448931996208358
0.37370932548851105,2.047601941068001,2.4229511016860954
0.3814847366512036,2.05657062912789,2.4199800229606008
0.3910355089575276,2.06718774486121,2.377240152179941
0.3997088948241832,2.076183563181818,2.368392169529062
0.4100237423259819,2.0863874033224428,2.3685078494305745
0.42197531444051156,2.097996785705897,2.3197792556343857
0.43263229013902815,2.1086277578853414,2.4127497420676196
0.4414102005249802,2.118174747426199,2.3641128460729144
0.45238770026968944,2.1289118392693185,2.32434018845949
0.46334783716015066,2.1371581254877907,2.1377197490035176
0.47256114547073386,2.1437378057284144,2.2415654255249797
0.4819047551809035,2.1513804080916015,2.237176147327535
0.4934643220682462,2.1618008531801105,2.3529325060499247
0.5024619695002505,2.169919590320124,2.2652234163230225
0.5132243386992834,2.178128204978577,2.188679914611894
0.5210367116498036,2.1851089295174226,2.3982686078780446
0.5296298151007703,2.195131420473142,2.4467568879592427
0.5388684800619935,2.2044572528477504,2.2742553222907333
0.5505762731033328,2.214198900949798,2.23191356271964
0.5612236686684154,2.2231528401035527,2.2672746388530296
0.5740446716277697,2.2345815698760365,2.309458275973243
0.5825374036303567,2.24260280387447,2.3481941585498034
0.5917886654841015,2.2523898071510615,2.3772896529272405
0.6003064119174775,2.2598751500459846,2.226426270423632
0.6118969166254775,2.269714681775377,2.25557561185014
0.622680551773791,2.2791300435005435,2.3067872758250894
0.6302516855500543,2.287160199257762,2.3931183493684753
0.6385445419850831,2.2964845397190086,2.455086984450451
0.6474465687237692,2.3065890117616625,2.41170599144766
0.6565375051513589,2.3149391267763826,2.2458670461247285
0.6676851422552955,2.3222462567718334,2.1533717075791903
0.6791946627154367,2.330455818911826,2.207336208186478
