-0.2428935246011914,-1.1274741163668638,1.6214596069254557
-0.22973030548048773,-1.1266574500078397,1.6257202476296466
-0.21613916256141338,-1.1255453739511967,1.6451625563628611
-0.20207304551556016,-1.1244550415723058,1.6506080085186805
-0.18750482119090794,-1.123280622767754,1.6461524933707146
-0.17330070236017026,-1.1214773015410309,1.6967036005027831
-0.15930560190122978,-1.1199244283689167,1.679856093783496
-0.14563439067180456,-1.11797137877296,1.7478294475785408
-0.1300771023022007,-1.1155485504452651,1.7651122941817066
-0.11551449569874397,-1.1121988085045698,1.839608084717599
-0.10098854927183075,-1.1080400826098267,1.8853058346030378
-0.0869774373715308,-1.1048123653070319,1.7906687440373519
-0.07272055674896996,-1.0999250961049711,1.938439951575255
-0.05996793485891386,-1.0957697217944289,1.890233876634843
-0.043835524232585216,-1.090565965637589,1.8764429075358457
-0.02872736893029339,-1.086121360434087,1.9002965521913702
-0.014317323612294645,-1.0810311635215075,1.9167951163594592
0.0005561417645686046,-1.0757952852818071,1.9076452383010554
0.015692152317986503,-1.070782813877135,1.9499894499678099
0.028508818724790504,-1.0666828578398913,1.919782066949004
0.044620448673370124,-1.060693514067984,1.9328866127101358
0.05843762631226747,-1.055165948251451,1.96362104005338
0.07164609827316909,-1.0488203605792266,2.0445157821283084
0.08431095520944204,-1.0423489423792671,2.063584658513713
0.09797143579510356,-1.037327249390347,1.9158143312779055
0.11112066605644423,-1.0319902734534716,1.963147365658121
0.12424655347716348,-1.0265151388833489,1.9385925249422047
0.1374546845641582,-1.0197113062866567,2.1054252731803635
0.15189648682586654,-1.011761793714932,2.0308575138839915
0.16522566572474562,-1.005273348740759,2.0460123976338696
0.17975830045199992,-0.9978967276117342,2.0201449959273767
0.1935876722755796,-0.9916687030604963,2.031984757906665
0.20729670622625027,-0.9840968185358028,2.111578171683406
0.2188847479758949,-0.9766614507668557,2.1783299775981755
0.2303547329879624,-0.9692866100826178,2.113395864404896
0.24327026610254404,-0.9611348311318189,2.178825510276462
0.2554664852665879,-0.95260000505106,2.2241733735956535
0.26710948883170144,-0.9442573110780358,2.174548455995969
0.27954962478550854,-0.9354567938454786,2.197796156086886
0.29133744912589926,-0.9270761307798453,2.2009319244731143
0.3014433975987583,-0.9198146543973371,2.195777997142175
0.31462836843168823,-0.909904782049322,2.239543568130184
0.3267543196012888,-0.9005459893314877,2.200888546036827
0.3384556486103918,-0.8919332766970122,2.2186457216795064
0.35102221157175345,-0.8824567471604278,2.225988263956589
0.363524619550013,-0.8718777299754867,2.3141358422436236
0.37389910755342326,-0.8620586311585333,2.354861124842291
0.38350454159729774,-0.8523925089443607,2.376623300238906
0.3935546368972888,-0.8414390722872472,2.410249134936081
0.40391716889110585,-0.8298848272507743,2.4072780330287453
0.41322744665426436,-0.8189700596735258,2.4379197540613826
0.42161225891494336,-0.8085887910373376,2.530226883855679
0.43054516146488603,-0.7972377250901884,2.439095882579247
0.43914806175490045,-0.7859430586932048,2.5016737363987356
0.44907388878085047,-0.7719367032941273,2.5432680725256813
0.45691563534518054,-0.7596871577464812,2.5685523213027976
0.46401003017735476,-0.7481466167648851,2.5801260187864914
0.47189409646192587,-0.7357153157487146,2.585930038344277
0.4796937912299753,-0.7234294592684538,2.5948785019831377
0.4870314268941341,-0.7113469399747359,2.5623706327145763
0.4941303710019712,-0.6997255814537564,2.575741201350263
0.5019049865087893,-0.6872313281871814,2.5516940223154694
0.5101378394901365,-0.6763393131011072,2.500207285543528
0.5190165733207955,-0.6634201642892461,2.569505990243715
0.526874804664699,-0.6512167622861399,2.5540067411272136
0.5349508457129972,-0.6379546015350347,2.5995169629091492
0.5431530576822485,-0.6270075255893574,2.4688515489763634
0.5511229267038448,-0.6168196088905783,2.4936899534415287
0.5591646498717325,-0.6055864754872035,2.5409126748318536
0.5671280224372847,-0.593569232259972,2.5645167892421274
0.5752664846298596,-0.5812348405510627,2.5474133273689756
0.5839854843703696,-0.5675654026293441,2.61401237374257
0.5909034137760782,-0.5544723954282065,2.613318445571996
0.5980958440508471,-0.5429208570451363,2.5417894143787696
0.6070164751427676,-0.5305369057102584,2.517313058711695
0.6155420629287974,-0.5166877271446019,2.6139864176519505
0.6219698567192797,-0.5053733546162501,2.5992517449287975
0.6284721107044574,-0.4945064907677189,2.5823865069899066
0.6370040984373494,-0.48111771341549836,2.5823907318274566
0.6445403742088706,-0.46875847384135055,2.5521195526387066
0.652492815104412,-0.45745080270151844,2.5102671942993275
0.6601273074332487,-0.44612422074200536,2.5849683513021207
0.6681253103615191,-0.43407404228571067,2.530475784124578
0.6769021287997318,-0.4222211320052915,2.4785882557769257
0.6870653588137783,-0.4104673389060034,2.3908435215710946
0.6940576211850892,-0.4005658573076905,2.6241342265631866
0.7018221764398205,-0.389494079069039,2.448307097993543
0.7104453867936454,-0.37875401148753113,2.5052305093764153
0.7177356293206495,-0.3688860037841896,2.490277110962855
0.7263108827954823,-0.3583165935814631,2.453562169757263
0.7340775758780187,-0.3486353976234678,2.439834438333526
0.7433757005431711,-0.33780550163375805,2.3980369615479806
0.7535392226938986,-0.32759914534173074,2.3828812783940228
0.7627676118246915,-0.31841208743916627,2.362505954660504
0.7714526327313426,-0.3096907540651721,2.360247867656083
0.7817875224392385,-0.298830040324421,2.3564069623636046
0.791155759406836,-0.2900440259208828,2.335712013011833
0.8018300129705876,-0.2795288732893138,2.343527055473547
0.8116604286049817,-0.2706107247832445,2.2777453295769017
0.8237275713892741,-0.26049683753050207,2.278095943470366
0.8338147208782201,-0.25003674809178705,2.423993949371261
0.8427682487704168,-0.23971780880236945,2.4305078640667626
0.8515076795340981,-0.22893998468869398,2.467486209904588
0.8608050660153367,-0.21754968629354288,2.4801855407235887
0.8703564652891448,-0.2055385978953427,2.4550113778798175
0.8806138657753586,-0.19333612749354245,2.5008132792742157
0.889201523826932,-0.18237612353560537,2.4550801567923295
0.8986527518244539,-0.17217783978152987,2.3160201933893876
0.9094478648158774,-0.1621460767141338,2.311629037199523
0.9187205022334003,-0.15327625969133352,2.3413806532817745
0.9295139336299337,-0.14327318293558344,2.3463551236305804
0.9397174216624757,-0.1318427212448247,2.4325712450716526
0.9484981134628981,-0.12151777299583616,2.4131997185518093
0.958222371262198,-0.11100324984291236,2.356958311237928
0.9690528605368239,-0.10020512160677131,2.3298075244347562
0.9779851251916003,-0.0918954058205628,2.2713451221455836
0.9889971739155294,-0.08259540427153725,2.2576076441217663
1.000518003639792,-0.0724341312553724,2.294832009414766
1.011785970839671,-0.06200111488801158,2.333783381359723
1.023404431756564,-0.05057724716437897,2.3521626373815128
1.034033660317378,-0.04026158967379559,2.3378720364464924
1.0442561161023933,-0.030002086130037332,2.377699383697577
1.0551979420335962,-0.02101414779044218,2.1911941923470066
1.0672372745325527,-0.011139259780961109,2.288415023766906
1.078127134237,-0.0016420488345042401,2.3140334896113446
1.0886245181857352,0.007938834165634786,2.2973695001992054
1.0996638464388215,0.017745416812842987,2.3004350209289997
1.1107968023009296,0.028838965121619854,2.4057334895057307
1.120949620867708,0.03881853211323795,2.2989977800256494
1.1323160475970107,0.048343759319094945,2.252426006217565
1.1442560718063401,0.05648632015053909,2.107964337464477
1.1574682211144451,0.06489695801088921,2.170465747062618
1.1689285192708085,0.0730142031590296,2.1819830545886845
1.1798122440038354,0.08120473741549636,2.208631316400587
1.1908888905353676,0.09004794369906895,2.279793306951566
1.2024397109437015,0.09940479206904854,2.272800306551775
1.2135356870475382,0.1080041671669707,2.2150089166312434
1.2239185618614388,0.11571605484618588,2.21389106552186
1.2363854359312612,0.1249064157225939,2.2286702250719954
1.2481419768284374,0.13261996826510392,2.1018008554578844
1.2597489081761963,0.13833138037260256,2.034339207183005
1.2726932741446195,0.1445005433027631,2.0083366403543166
1.2860153884836327,0.1507387163256941,2.0219512529567547
1.298635434566787,0.15638203086450042,2.0074203113933042
1.3119700027070385,0.1645304377437749,2.191688230452728
1.3247399521557008,0.17307666884530806,2.1727350886367724
1.335779075028691,0.1802915425851025,2.148246696315705
1.3478193052153955,0.18703143245110315,2.0694952018188353
1.3610334391410768,0.1934770245929562,2.004615937378769
1.3740675435863856,0.20069013632832206,2.1106325372705688
1.3869132159024453,0.20846108479061304,2.0952437550376493
1.4009176817112214,0.2172998626463434,2.1783350787522884
1.4138799061567746,0.22567110423852,2.128328698389919
1.4242993376293935,0.233034567239392,2.204421451718824
1.436529668377523,0.24011966442053298,2.0674894036582105
1.4505159665846432,0.24770652182513156,2.1143770711815555
1.4623041811972772,0.2543961694905772,2.0863208410576766
1.4762707101707593,0.2622136498030351,2.0717172705861433
1.489218463939571,0.26736365496043824,1.9144706151812816
1.501220575940332,0.2740073550675662,2.188665570251449
1.5130706857796397,0.28062076275476533,2.041976088789589
1.5279306219351374,0.28412093338434524,1.7556310038043559
1.5433698247645495,0.287159380328693,1.7735623854522364
1.556926740394417,0.29241612586423216,1.985915935336598
1.5709455099261393,0.2994486331612612,2.0444266172481997
1.5844271331437532,0.3030542957874781,1.7630397661534545
1.5970569774765928,0.3073972199306765,1.9943206002558223
1.6104897825407407,0.3132429109080208,1.960223090023392
1.6247953242059074,0.3184329251535283,1.9437000859335813
1.6380223865143735,0.32198912057159973,1.8172805216592423
1.6523308226101843,0.32266255652891346,1.4585032492849968
1.666356282592179,0.3243790924840106,1.8831513167665415
1.6794787272929104,0.3272002283158324,1.810996306796266
1.6911787947178856,0.3326473384557514,2.120564576282302
1.702566082715495,0.33641811635415525,1.8192647761799212
1.7177272078122918,0.3400790680152668,1.8674422026075173
1.7313715108924757,0.34361477140585084,1.8484039849220695
1.7399384042138715,0.34771118306819776,2.103685166436683
1.752367727242761,0.35400634440532686,2.05226888824212
1.7653291294901043,0.3585654186723272,1.882564889856151
1.7788564314862216,0.3626733552624292,1.9226326116859462
1.7917761651873645,0.3670553399272005,1.9059955077152975
1.804768380628414,0.37200887977777236,1.9619065070073043
1.8189179446825372,0.3772335686276052,1.9580131567951027
1.8317637755613316,0.38272728645152393,2.0073188274983833
1.846094832843854,0.3903042249176911,2.0556546967389857
1.859375897295829,0.3964793104956062,2.011915727233906
1.8722802457339789,0.39939115003340214,1.7161649641745267
1.884403083152951,0.4028488886780817,1.9069449691118525
1.8958491227684329,0.4072594535544547,1.9728990659298644
1.9075820523898117,0.41281234992709664,2.0512916808837356
1.921058004908615,0.4193214050035638,2.0139694850048135
1.936303420739961,0.4260503444187928,1.9788970831546602
1.9514584978824545,0.4266357201073635,1.421417226578531
1.9667654794488656,0.4271181311085373,1.7602985648481566
1.982432911086336,0.42892976182183723,1.6235354957336088
1.9968729513821528,0.43191814978525533,1.875150948470455
2.0127545142273164,0.4294630067449107,1.0833342217438247
2.027211022072411,0.4276158394496363,1.6595947656828325
2.042060533533441,0.43066570204814447,1.8478806533728622
2.0577751718671187,0.43407303238914446,1.7736523226468568
