0.2193261603141753,0.2910689336466326,1.6223359621522293
0.23265593288853292,0.2917147659090368,1.6162764563594043
0.24712707559690492,0.29254755968728585,1.630263371701965
0.2625922236860941,0.29322422258154246,1.6588825464531554
0.27777246464644345,0.29463043711091813,1.6772687045077972
0.29100880231127924,0.296171768759258,1.6810485437166325
0.30495700183066005,0.2979949851762839,1.7071174376004947
0.31886973434634663,0.30005239443195186,1.756050044886565
0.33083684412361586,0.3024561446383877,1.7625421649108197
0.34491423555449624,0.3053451371526077,1.7729467406509087
0.3590997099760908,0.30817686823333046,1.7853670856747113
0.37323525727337853,0.310962953702599,1.82827704759035
0.3872831813977836,0.31403768157392814,1.8413579651945877
0.40160086646619086,0.3180688873273574,1.8357178573245214
0.41703200357033204,0.3228400530236663,1.9149417740907504
0.43001256561361795,0.3264832885223034,1.9074256725916825
0.44419812703637396,0.331054377221564,1.9287466881336477
0.45977750291723,0.3369633472058667,1.9291714162340452
0.473397141538268,0.34153414183655306,1.9398107609814963
0.48619454116233174,0.3464902891605941,1.9390751386002911
0.5005416383456713,0.35260635887091263,2.019970306217598
0.5128399734454823,0.3584976544690364,2.023224605812778
0.5261184276060309,0.3648670587805395,2.0675965784593053
0.5393472918208355,0.3710322147502616,1.9645739356687544
0.554136880807514,0.3770756749334101,1.959269312994483
0.5681744269978785,0.3822497218216596,1.916219039811027
0.5823521100175166,0.3869153438323733,1.9530593504013478
0.5964226835852809,0.3929588208636346,2.0302403600130567
0.6095641080834192,0.39974677040532897,2.0668513508380593
0.6218091175937535,0.40591658989659063,2.033781027137891
0.6338682527987823,0.4114718197997235,2.022210039936126
0.6463178845670198,0.4181349653262445,2.093465289771122
0.6589162012909977,0.4253644921294967,2.149454519407768
0.6718786966843792,0.43327750204289794,2.134548625150753
0.6855160442462986,0.44207343872928384,2.1304902861545285
0.6975260980314734,0.4500863671002274,2.193024565225174
0.7101252056842265,0.45931188025797237,2.1857870856363877
0.7229849030532172,0.469359476801034,2.2505299263118133
0.7337829386330503,0.4782090156920615,2.2442794600856515
0.74635610600544,0.4883658137234488,2.2639708816806294
0.7568559130367895,0.49738662724143295,2.2953065450099195
0.7674356262298815,0.5073098189528744,2.3612606691235705
0.7776491326141118,0.5174339288940373,2.367741494808608
0.787499899255599,0.5277179648264685,2.3645404054143433
0.7976423272781094,0.5379305229765051,2.320978351936763
0.8086763842343995,0.5479786599503624,2.312556342069766
0.8185591365345313,0.5572533978599757,2.32468273575058
0.8280692054479385,0.5662262784053353,2.350599076926575
0.8389729920866575,0.5774019688486896,2.3863492156611987
0.8494638410143659,0.5877035755807625,2.394882977851308
0.8586540107010143,0.5981139430305218,2.430932455976823
0.867064003224338,0.6076457648117979,2.431315674413434
0.8749067769988053,0.616498593298575,2.3924799426997203
0.8839112704861344,0.6269616730537336,2.4469422143941664
0.8935603334572735,0.6378184988052316,2.41433375367509
0.9034630696117727,0.6495268379411179,2.448191574318691
0.9122941886378888,0.6607855181771419,2.492346266869606
0.9196752940126415,0.6705540612944864,2.4947173864483276
0.9274651850999949,0.6809457057866308,2.4907847818851123
0.9358142369290662,0.6919202485531576,2.4744312351009294
0.9451880140822204,0.7027214847868966,2.3821216921358164
0.9564857696445951,0.7097158706985037,1.9588339486945494
0.9697216400029628,0.7165590754025297,2.1299542182879128
0.9805293028563631,0.7266809182042347,2.437402717791718
0.9918757329545955,0.7393090805458822,2.4262071687436237
1.0002115888414722,0.7491822083067721,2.4200054707322742
1.0089843034194808,0.7597987561342028,2.438360485632586
1.0190854482122642,0.7726961423495539,2.466645202474816
1.0275402361105928,0.7828085100089064,2.424076384075369
1.0354505264263252,0.7936087757217436,2.5872111045190738
1.042962485237158,0.8064523129212728,2.59027367140348
1.0526540522340735,0.8160944317546736,2.181177929005828
1.0628753358419691,0.8257607541506288,2.412402239430564
1.0717785580875925,0.8347942778218391,2.336635892131459
1.0800054811289852,0.8435585063846333,2.40515787837054
1.088732318139476,0.8524014326481036,2.316508957995573
1.0993376349229234,0.8610326856628286,2.2120496446415747
1.106756395460291,0.8686547883418774,2.4317612832348026
1.1142964110078695,0.8758452966043615,2.283187329529127
1.1243211151656045,0.8842969041282747,2.260047387940256
1.1367063036006757,0.8931700695203778,2.1576490804179658
1.1455932424309438,0.9005053451616332,2.3268935704714315
1.15398601678981,0.9096189950324546,2.4139135475372577
1.1624772404392412,0.9199084082279672,2.479096904150871
1.1708628671449082,0.9305868797357223,2.4543863047552907
1.179486490281297,0.9411822338473799,2.468012242071176
1.1880471913692832,0.9513762552352859,2.4066630165996785
1.1966599625890166,0.9612348162024911,2.3775456993605797
1.2072166371903916,0.9716318127916657,2.3356226049894984
1.2181168762029813,0.981792767159036,2.3219330279687016
1.2285743907706566,0.9923866908266917,2.3795378382788512
1.2424619489706,0.997481292888308,1.6227185765893561
1.2560205137753926,1.0016539361347947,2.058552730858074
1.2678235787899323,1.008037403232116,2.0447374674136922
1.279422487131041,1.012760774833145,1.8565316291043636
1.2929673703722264,1.0193806599967068,2.136477568282951
1.3035587583036923,1.0238714850550288,1.8887886565209686
1.3163128905298447,1.0307314270600427,2.150563075742904
1.3244764434870413,1.03777077420189,2.3229873534650154
1.3357998684524415,1.0476875941207782,2.2568952087440453
1.3509348626093407,1.0499232372883418,1.3675058798159085
1.3640599913419589,1.0509852712788323,1.8027319980214562
1.376584663729117,1.0561982937497951,2.1069677526938566
1.3883524153730267,1.0607838433566108,1.8394794762079405
1.4014057969891822,1.0668952062114359,2.122184394706235
1.4126471986801095,1.075285852861206,2.2807535201696054
1.4243181298631886,1.08086216644323,1.9050415035703934
1.4364297484982296,1.0877209526169125,2.2284322295625776
1.4473894493389972,1.095007304892739,2.1122202883245995
1.4599561984335252,1.1025599567506503,2.1278750384557115
1.4763478209883507,1.105951172228418,1.549221351371592
1.4918236580314272,1.1101138116212472,2.0477630772004294
1.5016170977350745,1.1179036032224405,2.3782405707828413
1.514951154818017,1.1253573194766417,1.8732284110930901
1.5292538608183408,1.1320501621268482,2.10409052781178
1.5400439910453836,1.1358881163484176,1.8535296258413896
1.5519499708295235,1.1408996960562623,2.1278648427898945
1.5634397012166819,1.1457323424426715,1.8707188429453496
1.578789704062372,1.1491284466386962,1.7978818205904787
1.5935803083048339,1.1467183613137686,1.2023777914762868
1.6075325103885902,1.1447177412406495,1.6140204637471016
1.6169989562082097,1.1481667591343263,2.0101406284012517
1.6256649134783614,1.152703742342334,2.0393761986150536
1.6367753398635665,1.1569087074742845,1.913442636699306
1.648728882662064,1.161239931937617,1.9121884854748352
1.6591175537942933,1.1662009919023333,2.010250898903378
1.6710693992176855,1.1720839723455916,2.063421248187307
1.6827987107511844,1.1781885970918082,1.9957962365495134
1.6931961475749133,1.1827047359969682,1.9349551290827776
1.7059095929773245,1.1867076633584006,1.8741715305953042
1.7187165039790535,1.1911519219492368,1.950531172131525
1.730758786274201,1.1967108450444854,2.0433855718442686
1.7439643868774917,1.2022834749031743,1.9470467440950396
1.7546777535006373,1.2075107172135,2.0773582828722374
1.76840812330386,1.212891552042074,1.8942839585944669
1.7813920274052655,1.215482690429444,1.6913440210583315
1.7929549105565432,1.2190547310169155,1.9615459626521448
1.8036151558625924,1.2241733694662424,1.9822353409872921
1.817720299553143,1.222368307399103,1.1737534739201638
1.8317581132252325,1.220450704096348,1.608768113588915
1.844396524611315,1.2200553124226725,1.4559606086685875
1.85865150275492,1.221105038800669,1.788507948365563
1.872980047001363,1.2257543451700643,2.0189174492406443
1.8864111931160708,1.226687528881592,1.6102012685621094
1.9000856879517205,1.2308627756149488,2.0571694443354467
1.9159341101014797,1.2342964246097514,1.550229150850756
1.9274720446917566,1.2374073786819775,2.0052052845369293
1.9385600666966867,1.2435305813785573,2.0580023630174256
1.9519247150928412,1.2452158676687115,1.4449139363967112
1.9652494849299849,1.2422280555354357,1.3190644235972824
1.9774732963195196,1.240491802469461,1.5299064454955005
1.9908377279245228,1.241271466460611,1.6884990244689866
2.004123959848985,1.2418561899082428,1.5564961818856584
2.0169977489725306,1.239250360054208,1.2632978534531867
2.030337358210644,1.2390707814856172,1.7543063867119573
2.041686390421203,1.2391449594136081,1.4162429712615785
2.0552032329153156,1.2374473155598316,1.546545328927628
2.068894151050754,1.2365441599752323,1.495773123781936
2.080836050371604,1.237223490995982,1.6980984184136372
2.093345815849235,1.2396541184325205,1.8009696458588744
2.1076889531381884,1.2410044342336646,1.592294857925553
2.120161245690995,1.2413405198544782,1.6094712746553526
2.1337324745442405,1.242730886158116,1.712069663920948
2.146135247610805,1.2449334604041236,1.776661023502737
2.158889695399989,1.2478024748577201,1.7846666524444068
2.1718840601329905,1.2497943630136743,1.6512217082239915
2.185188050019717,1.2505286351113705,1.645000824205165
2.198882172275159,1.2497239654101306,1.416789934476102
2.212460175138645,1.2501946542633302,1.7685498783157168
2.227687961806565,1.2545729187940418,1.8756521334376322
2.24127261948867,1.2607594615364246,2.0624567527449993
2.252650472492867,1.262293738408704,1.5649518811121677
2.2658836212770384,1.2597790104849778,1.3029628313491302
2.277854871135636,1.2558125111316176,1.256900345936772
2.291688888272146,1.2559425923086058,1.7472659572098022
2.3052819547632275,1.2579925004858317,1.7538560727947259
2.3170590454788584,1.2618158585258947,1.9660750715981385
2.331287623412977,1.264544228932947,1.6382804977936363
2.343881081087902,1.2637473188817159,1.43415473744841
2.358030612434023,1.2636621109186348,1.6900813016113638
2.371448291192033,1.2664409345685894,1.885727901833302
2.384631923165132,1.271786608847136,2.0006739980041592
2.398012974394049,1.274969211515907,1.695942629712619
2.4091364259889625,1.2777460933122757,1.861686179635714
2.4230613607080733,1.2827301838557121,1.96829316412307
2.436294498476127,1.2884202208972602,1.9969960759848782
2.44805171163443,1.2905653714586305,1.5661739871321323
2.461426398800482,1.2903131701468502,1.5437246746145188
2.4751043090839926,1.289889871061991,1.5200272675528972
2.4871147427872518,1.2916919074099422,1.9110139791641045
2.501185605766994,1.2962549266517351,1.9024175081697778
2.512551413619823,1.2957786644500544,1.366325796397706
2.5254244429295505,1.2936149971926418,1.3906386066967942
2.537923477547307,1.288330988064418,1.0141868597804538
2.55304283638496,1.284153452108005,1.5268864435129728
2.5662329381065363,1.2868748696764576,1.8742693044136578
2.5800574492402304,1.2916672967493328,1.8789096729539687
2.595728857469104,1.294005444443057,1.6368531576430643
2.6086877443401075,1.2965259938563964,1.8231143972565405
2.6208964269714783,1.3009121087124629,1.9423314364301072
2.6342788377448274,1.303286056205437,1.641955229071083
