-0.3794265041029297,0.9558328416857804,1.6171512837337085
-0.36529947792229756,0.9570971106830536,1.6554896723540058
-0.3510805026222701,0.9582448889384197,1.6605080396205576
-0.3367459020814383,0.959881752913528,1.7009354021610705
-0.3226046879555175,0.9614618131407139,1.703192551978912
-0.30764056011283625,0.963850983965611,1.7489123081783555
-0.292489902004082,0.9659197676148342,1.670431465596309
-0.2786207182753729,0.967965099915328,1.7365819280836465
-0.2644346867101767,0.9703985918771955,1.736350668313822
-0.2499750171398518,0.9726201265009399,1.7392001593505992
-0.23578418184234431,0.9752874790305583,1.770388683498864
-0.2215996499811953,0.9780598515131694,1.7710301347502693
-0.20642872083269576,0.9805402722057662,1.7897291729156521
-0.19314258113779662,0.9829310453569285,1.752690503731406
-0.17848434032198005,0.9860845211369382,1.779157799197574
-0.16355144036725472,0.9887060057827118,1.7956654888234889
-0.14838281005358392,0.992469953969604,1.8635375996439743
-0.13311555455394394,0.9961361996203758,1.8266988409953218
-0.11873083299219628,1.0004105302807507,1.9217919330938449
-0.10408687827705498,1.0048817998113164,1.8915902573046555
-0.0890911120488897,1.010167244364057,1.9469853409379643
-0.07422892471018752,1.0168353544251019,1.9848795868287243
-0.06063023133187558,1.021491147123582,1.912163934103581
-0.047231024961149864,1.0263540298230407,1.9080717708076376
-0.03124461441665761,1.0324103065813386,1.9214015744086395
-0.017054887052166928,1.0377538776648692,1.9513515338905463
-0.0023680201520252893,1.0438022500665478,1.9706931890675434
0.009324418729444338,1.0500808161855988,2.1366728176845196
0.022335850113978324,1.0582592799960249,2.1386730424132363
0.0329464871622495,1.0646993939133016,2.081557679994053
0.046116933981859974,1.0725115363885886,2.1530100692512684
0.05780969646031897,1.0794086168667587,2.121282811783242
0.07188863071799778,1.0882604729265868,2.1658355364102366
0.08415843476588711,1.0963835488563471,2.169734905283742
0.09627651295937148,1.1042578164613077,2.146056919377746
0.1084011571396141,1.1121446332623537,2.172510111059454
0.12012530725755788,1.1191921922015136,2.118159331762159
0.1333540601056498,1.1279580078147955,2.1672618115529243
0.14546601722654595,1.1369498116755254,2.277789588584339
0.1572511324559086,1.1472076767879487,2.288443526095507
0.16691777957165818,1.1562309596107745,2.3300352560473185
0.17839674361466962,1.1666560639478831,2.2964114811575462
0.18904607248150992,1.175961248224671,2.281705794265807
0.20087473378297482,1.1863311130799357,2.2988918037207022
0.21129466263941787,1.1960052410157196,2.3283879956915983
0.2206452971714275,1.2048909879891267,2.3666425755174254
0.2316313510446985,1.2165319622619237,2.392270774933257
0.24158253146376618,1.2276729191561053,2.4115891423789555
0.25257147853311107,1.2396112690720975,2.3993007426061963
0.2623645676492471,1.249795741645469,2.3749411813319465
0.27334343173444986,1.2621971805984056,2.4426123822134604
0.2829032321439153,1.2740029143269567,2.4723771452441468
0.2920189686093611,1.2838892270892632,2.301128619168184
0.3041382780771427,1.2956529732445536,2.3778372204462928
0.3145102214132775,1.3067531870417057,2.427792879442468
0.3247650670452085,1.3194047080815379,2.44606719307459
0.33501937855626546,1.3320344737095322,2.4321180216487712
0.34388771005469904,1.343003986023333,2.448109115953026
0.353601922421262,1.3535479106239463,2.3828319128890993
0.36375046241503733,1.3648973938102285,2.4094791627690983
0.3728280238917516,1.3749514584589402,2.409755277277624
0.38297009194899545,1.3852545106875815,2.357324333496788
0.3925131323537686,1.39599059130805,2.4416050534913945
0.40334497689123056,1.4085276768594401,2.413934141841587
0.4109257750203555,1.4182803940574455,2.5295626804334885
0.41928730427898975,1.4303984259879676,2.5034166567653724
0.4280643926671191,1.4436831880217051,2.5545047967632644
0.4360001587494636,1.454781763295051,2.434794394382294
0.44537226652294815,1.4655755386258333,2.4652108660782033
0.4540363649328288,1.4774666997129124,2.5113798274646353
0.4621837324991671,1.4889512107858283,2.525540308679561
0.4712209417025744,1.5010533519623959,2.4595666665823224
0.4801216215174648,1.5123324714949464,2.478239523670519
0.4893157770762876,1.5238296832340623,2.4826904213500414
0.4981610609177906,1.5354312740833052,2.4608937118237284
0.5072543675543866,1.545157037263801,2.311016999717388
0.5141765764815306,1.5542045837456857,2.5601246374541353
0.524327382126775,1.5648872308638342,2.2683815909329095
0.5348491164002029,1.573815067980264,2.3416132715685567
0.5444260593213947,1.5828559885431481,2.3026027486543716
0.5539660901006824,1.5923348001455648,2.400345098847567
0.5618736444236363,1.6026973341533652,2.6099749654470874
0.5678817305814258,1.6137491683766336,2.66504827099698
0.5759764721504618,1.6270674627000021,2.538554459236085
0.5885841201580286,1.6343248041575567,1.7752654673707364
0.6010751655326481,1.639573777717406,2.113522718283993
0.6089831689505459,1.6461616204398162,2.3140138737162683
0.6193311748973284,1.6563584218328251,2.346319934244393
0.6285289877677779,1.6652429054143458,2.3235031063947558
0.6385144384368407,1.6753680773546429,2.390692526772039
0.6472257689950657,1.6843465562610362,2.3728248047475407
0.6544926993659559,1.6921362698865183,2.4722750309640626
0.6638687208319944,1.7031689300535273,2.3930731504287284
0.6729533202633773,1.7135996051952445,2.437940934973194
0.6854838513066079,1.7239847227541745,2.1721217507438686
0.6963544716577229,1.732434671795185,2.248233927959879
0.7073818050339185,1.742445942873535,2.350711867694931
0.7202562888824062,1.754252185208779,2.29602608081448
0.7311390821562742,1.7642074145881164,2.3100030975152177
0.7385322146349581,1.7719036591514088,2.398946831113082
0.748430238472149,1.7826301923684271,2.3934180622668246
0.7581000441243281,1.7921286347938117,2.359775562574083
0.7681940786330849,1.8026034465385776,2.3721374779041993
0.7776125734002592,1.813796765320641,2.4503875593425724
0.7859980640378484,1.821398828381312,2.249194473613851
0.7961730777221457,1.8294927550911302,2.246625177480335
0.8072276357933714,1.8403072821190396,2.391201427912111
0.8190524418967522,1.8487809086041107,2.1206316928652655
0.8287558185098225,1.8575260474834232,2.443721461631132
0.8379614517673711,1.8669444360150222,2.3059295852422017
0.8468820634107976,1.8755481903555031,2.347666001155383
0.8579331807143743,1.8827847380156684,1.9623539532254284
0.8675251633870368,1.889543275808354,2.244838564195673
0.8781168752079578,1.897036334523947,2.1470947930757487
0.8909412986181142,1.9036896578359814,2.0367619572358584
0.9018316903656116,1.9096321103431335,2.146491783844627
0.9108675697130155,1.9170022012667207,2.263839416826063
0.9226308310448398,1.9242658844343612,2.031689231394788
0.9336119553096057,1.931757318499225,2.204659042287283
0.9446873038255532,1.9397238191780215,2.182610914048224
0.9555073590382442,1.94927334371479,2.313970685130166
0.9658884551077319,1.958825762277666,2.3166112907119563
0.9785811047276393,1.9669159486121097,2.0667461189355216
0.9906730649652896,1.9742052516300228,2.1044421889478806
1.0032565844901171,1.981408558717216,2.074095965385358
1.0131341931677644,1.9874475624453012,2.160644783273232
1.0263520070830365,1.9959542675257418,2.1438743206882247
1.0366486983241296,2.002525884908814,2.1388259066238784
1.0483843622196338,2.010920877727748,2.2311240776248464
1.0607929901062838,2.0195894810049633,2.1835892771867185
1.073910538990188,2.0286134493850487,2.1652481788174422
1.0855857913627487,2.0350448030016066,1.981482026039916
1.0966929352274062,2.0408793224173847,2.0657500292599242
1.1063915310693053,2.0470854078339187,2.2116375228190477
1.1178791137865334,2.0551982045409734,2.2071788366802516
1.1285207076919714,2.0634023471197818,2.2529364502421867
1.1383293781462278,2.071408947501044,2.254943503444316
1.1500486874618474,2.0807610261232905,2.2186514482910455
1.1606530096712826,2.09027091178303,2.334680106087693
1.1712209160687703,2.0981650613673266,2.174197817919318
1.1824559630985705,2.106970847297613,2.2860040109062956
1.192340645182838,2.11621499119742,2.376698448459824
1.200564961527819,2.1247500513552695,2.378623408526945
1.2104622567103693,2.133947207565149,2.2812087345535015
1.2196982123141682,2.1423084669983576,2.308419350081017
1.2311330204528175,2.151577132694851,2.198723739739061
1.242101963956335,2.159771070406859,2.224029005319562
1.252423645156889,2.167663541313664,2.1928399486156236
1.265120132568351,2.1777343158302163,2.2727826639951734
1.2756730945691768,2.1859335121057946,2.1966268789950716
1.2856919032399474,2.1946361596136144,2.3217770744631268
1.2962899297994506,2.204120706908312,2.2474852886792656
1.3071453359148992,2.211337440589552,2.1505666244797332
1.318616830013087,2.2189874790912008,2.17719577769909
1.3302592002792377,2.2263260009528345,2.1328839823728485
1.3423845397637297,2.2337506348871288,2.0689666797832933
1.3522872454296047,2.2415383703654133,2.328986785829859
1.3627227779604651,2.2503173589803662,2.238301773799394
1.3736299168129245,2.2590794335385054,2.233256127535203
1.3840496620657585,2.266527085586732,2.1882689809730373
1.3948730440455614,2.2738601686320563,2.1505111794151652
1.407013752145641,2.281862596620655,2.1186586822898765
1.4182616363172769,2.2889320899644194,2.1758717603438797
1.4310217892211348,2.2968221463475147,2.097905486604581
1.4445540700669928,2.3047499546503905,2.1201306208221538
1.4562503843798087,2.31119280947642,2.0565353907837634
1.4670809500881057,2.3192039511128963,2.3042417786945704
1.4767599821150494,2.3276012865224422,2.2873049241730885
1.4863499955256358,2.333537306951798,2.0237938087777385
1.4976789084377784,2.339142501920381,2.0491821729554407
1.508604810650269,2.345555767714577,2.0742421502868136
1.5173306002575764,2.3507240825139006,2.1358501009377595
1.529280577979257,2.3576687751508376,2.0907158155870404
1.5390515352444858,2.363329534301112,2.1172584274864477
1.549675531528212,2.3701288729092105,2.1362714943370236
1.5600591769072594,2.3767248783332144,2.1529355762321
1.5698721831428621,2.38347865482806,2.21305837571566
1.5815226415485892,2.39187414828694,2.1670520956100763
1.5941292544608334,2.401608428022492,2.2846870329437854
1.605631332825485,2.410635985733849,2.2357059291740597
1.6179231239351026,2.4184596346889533,2.0754528069774834
1.6320397747246378,2.425956026389947,2.1036975521186325
1.6448380256545485,2.4336959057130976,2.12808097709354
1.6562175427054886,2.439901428455858,2.0321092107393115
1.668974640883276,2.4466993635113123,2.087604950692323
1.6807776561029877,2.4535467269091704,2.149348134966593
1.6928749285281348,2.461583186700435,2.1865862043874214
1.7028398944494796,2.4680085588338128,2.1447495286905993
1.7135000902239181,2.475871978908683,2.2238226269471095
1.723019378224656,2.482902795386802,2.1943038563033626
1.7338708233629867,2.4917319258504738,2.266614843700977
1.7458912365429924,2.501000745008489,2.2265260317997644
1.7567892547186619,2.510843405256107,2.3035303047130933
1.7680828340508894,2.5205582254770422,2.3017404207553396
1.7776109563379128,2.5293621668519646,2.3285356764640017
1.7892606294788311,2.538082772649617,2.1495321009103265
1.8018037687411468,2.5458347120167915,2.1221805349839524
1.812872613942111,2.5522318747003583,2.0682607940290385
1.8239765693540007,2.557594548560042,1.9625727236589858
1.8364819182223795,2.5630072923094382,2.020632889726402
1.8485975217289903,2.569601154661651,2.0814591115058514
