-0.08803155751688517,1.0180772006620646,1.6079847768802025
-0.0739673075516461,1.018606357015132,1.6058089959237656
-0.059994205435913876,1.0189866572601378,1.5974675830939604
-0.04586112898669191,1.0198692410571302,1.6487677484850927
-0.030490853102940006,1.0213003352075396,1.6858502884636806
-0.015601123080856604,1.0227375706880144,1.6879663889224554
-0.00039465664933002395,1.0245936821723056,1.694964007497795
0.014707785580621842,1.0266357844616414,1.708395372309677
0.02934227109466674,1.0289552472536547,1.7495929785482038
0.04255830274299498,1.0320297647707641,1.8113442593293831
0.057409516453960974,1.0358450432269728,1.7894496951692163
0.07161233126166751,1.038540131229363,1.779628070618908
0.0861236572199479,1.041005545823857,1.7701154910111723
0.10080764663459377,1.0439777853603414,1.8272024009583099
0.11457947589402627,1.0473212322935714,1.7960281985440736
0.12806027664780328,1.0510826840169658,1.865586310178279
0.14170502181047429,1.0548698658642646,1.8981540216151678
0.15665233739689605,1.0594816374662535,1.8888428553883194
0.17052640257848456,1.0641641038821505,1.9332289933241311
0.1851352026685036,1.068390992848377,1.919638431583506
0.19989684060450938,1.0732551047321968,1.9242946716148621
0.21401924704837766,1.0778268388378651,1.8674920102392119
0.22887477181539814,1.0836378386746008,1.9741644817382882
0.24319932238449699,1.0894980650439354,2.00295401853441
0.2563195836370159,1.095620595398183,2.06480628598639
0.2691383772443186,1.1025392427045972,2.0666334875690566
0.28184518180143964,1.1093633734557984,2.112737384034885
0.29361887507506357,1.1168771225029104,2.1600025895769654
0.3071663215268555,1.125807956930067,2.1693002662706617
0.3191394054125078,1.133743672085784,2.148593268032912
0.331826020297301,1.1415569763610767,2.1278589771406726
0.34471480446445746,1.1493500865598154,2.1421195008336293
0.35743875141005454,1.1579346957527559,2.179039646468169
0.3694495282459396,1.1658905400956356,2.165012339238943
0.37997445649247724,1.1735901656444783,2.279370396574522
0.391271516438831,1.1826303339309387,2.2269850586155986
0.4028484929294481,1.1901783120985576,2.140711391515281
0.4147034183043829,1.1977032634931681,2.12623195876146
0.4282727727964237,1.2070501094454233,2.2320137141124405
0.44009050695283114,1.2167629581158657,2.260664204510019
0.4532239809989922,1.2262177265309337,2.1882245886560248
0.46417065276710495,1.2352076845338862,2.2899362525879825
0.4757916754683319,1.2452757631433404,2.276212377489576
0.4838736359464436,1.250926762374435,2.202669121598052
0.49441905050181295,1.259101293698662,2.2449252819666428
0.5069673125652816,1.2694411132881045,2.2927823590210754
0.5164318304637638,1.279703935547526,2.45520051332729
0.5251719455204946,1.2895005669414963,2.3499242830368003
0.5347976565739879,1.3001433034601482,2.405200772197691
0.5434256532636317,1.3100664812786513,2.4264025194207335
0.5530681447931864,1.3220493828765012,2.4979185223392553
0.5619774791781268,1.33382166774874,2.47163336206223
0.571759371427498,1.3452227546885043,2.398852554212272
0.5794481576649696,1.354044524457393,2.4125071428313434
0.5896979164989823,1.364913204173898,2.4012919961572523
0.5996715078014099,1.3758245893257983,2.4018309878230797
0.609729273126818,1.3869631655958419,2.4199434051342816
0.6196071485937839,1.39565118347545,2.1884303754194474
0.6311694681385551,1.4049531678986684,2.2936210741542022
0.6408471496568474,1.4151582076594897,2.4846181791918887
0.6506560811622625,1.4244165508665076,2.2550570322659422
0.6621313083560225,1.4346935078462248,2.3196234605389088
0.6722126707489339,1.4448756901258648,2.378110629814466
0.6824070272143047,1.4563683164121346,2.479456000563515
0.6918974982960437,1.4673769662312834,2.390754915029259
0.7021184560000989,1.4776762361791418,2.3517578400803765
0.7120783104377019,1.4873288087096344,2.3478186216694445
0.7214014470080944,1.496215252314505,2.3129405206303133
0.7312117533570925,1.5071202236550136,2.4505617781290625
0.7413526961167157,1.5191250404746008,2.4504861469169676
0.7503712170508002,1.5307058086063559,2.489558673572883
0.7607255824581881,1.5420344895114604,2.345203339161868
0.7721990131154394,1.5499894606112918,2.085560345854427
0.7818985994628882,1.5586723094140984,2.4690762892376963
0.78998139902063,1.5678808877175212,2.35958085427025
0.8008676977076027,1.5782136384500287,2.3002364032126428
0.8094525769013224,1.584670189347027,2.1321000299142168
0.8199090004460129,1.5909310219692232,2.097148991319719
0.8302586908245636,1.5979505693948128,2.2292132989680713
0.8415313844313,1.6071102748849204,2.2541102574350353
0.8504748656737245,1.6160899165402531,2.38327163042483
0.8596977242208601,1.62594932636418,2.3120587582448824
0.8708194958136654,1.634469068822886,2.1815577838139184
0.8796788981913409,1.6420295776906446,2.3224143685781637
0.8904040594299634,1.6532625774315184,2.3969899032260806
0.8997025188415229,1.663969861229499,2.429151480488543
0.9098958489884388,1.675902728864394,2.4395864699288903
0.920623542709509,1.6863402833061631,2.2801791618519798
0.9315778145289543,1.6961846602465445,2.3383418226498556
0.9425931150981645,1.7084581290824814,2.4394501401894098
0.9517558568809883,1.7184503139654062,2.3738811743256005
0.9611514187010132,1.728101884099145,2.357529854637664
0.9718712961911616,1.738486650291118,2.3767667008611375
0.9815944124325916,1.7481865095287556,2.3579874015582734
0.9923665176464854,1.7559742703358008,2.1063367498711236
1.0050780936664656,1.7629539599738064,2.103966598776964
1.0173478921657324,1.7712056965451268,2.24952153567961
1.028850614962193,1.7795235262685474,2.2008959256105
1.040365548876973,1.7896081054910566,2.340994490821278
1.0512384781587027,1.801088857996515,2.407075898964891
1.0603548411923907,1.8110766956544042,2.411448402492556
1.0703249452475734,1.8226781408512078,2.4197543408105138
1.0806652956809855,1.8319709993123432,2.2239667889471804
1.0911873936839054,1.841976615975912,2.3873467306292593
1.1011970635790438,1.8505060397591766,2.2009197373171334
1.113345404938189,1.857014298910434,1.9936671691213488
1.1234021874931324,1.863081870557966,2.1425059861503324
1.1348977818020476,1.8716634295411338,2.2073826423380796
1.1468044214185342,1.879621958161344,2.126826894954722
1.1578164803298172,1.8878485260711522,2.2680942614061435
1.1702472164654942,1.8928937560688712,1.755401472754891
1.1816610978790492,1.8968410466818835,1.998074055505393
1.1951368546976635,1.901316579990713,1.8146099848136827
1.2077926311603095,1.9047446143217692,1.8199507790065097
1.220961879379103,1.9073186423340023,1.7150849410340878
1.2351032872504113,1.9109610015358847,1.9162267181267802
1.2482779063279748,1.9180720881805164,2.1340339579136205
1.2603789941481205,1.9256553298098271,2.1274000896992966
1.2715665580372604,1.9315367247655402,2.033166926724774
1.283601139223393,1.9369193355343333,1.9576818612387026
1.2938854760216556,1.9416094682549876,2.014244899312888
1.304857852184465,1.948593568989933,2.217452131266625
1.316703152769074,1.956365445560845,2.1447851655641084
1.3288283446023128,1.9631442138260893,2.0578660030659828
1.3430097801349228,1.9692494024351597,1.9771531156000008
1.3558321167077274,1.9746683531634117,2.029503726828842
1.368000933849435,1.9811419639549979,2.0481946608647235
1.3802256492770117,1.9867430584379038,2.004859513853108
1.3919037444018945,1.9934642500490292,2.180796174380114
1.4033713844506313,2.001111891863165,2.1448158248163787
1.416289707532465,2.006183784126409,1.8025784727124428
1.4288350239896546,2.011980849172652,2.1211939312967476
1.4404253878777737,2.016881203763375,1.8940267773552173
1.45431899926395,2.0238499765400073,2.1152011602073513
1.4661073258255346,2.0320738476656364,2.254795592863442
1.4778391931211299,2.0418401937483512,2.270824557343594
1.4904304975048988,2.0498297981416314,2.0749432590415156
1.5036222700046522,2.05688841202567,2.029609646200203
1.51595067437521,2.063639579350257,2.1131561302475244
1.5274075832715697,2.070546477078346,2.1427001867015463
1.5396617722153811,2.0786254792586814,2.169589986833196
1.5505235731367404,2.0855033552873397,2.1434033189939026
1.5635628432920043,2.0946816897060807,2.230585361425208
1.5738993853105319,2.1026263533437985,2.2441782881268177
1.5860125467165462,2.111609077700998,2.212804043271672
1.5986489930592518,2.121990764920841,2.301030582680302
1.6104622813812632,2.130632901159086,2.160883841326506
1.6238441773475163,2.1366687134789886,1.953787797014099
1.6374426524036094,2.143361886988753,2.099051914559813
1.6472211414078441,2.1515115229938324,2.3781034101089213
1.6581816165278926,2.1628846209952677,2.385504478411502
1.6684503887700854,2.172623660313762,2.2995693037693514
1.6784826654935778,2.181566154664064,2.323432431917969
1.6896895635228937,2.190144645829176,2.1489269729220384
1.7005393999902507,2.197639769428404,2.1781118793454466
1.712593403904441,2.203666872159625,1.9289318165335185
1.7263244623189071,2.2093965697842926,1.9778090975453202
1.741295118486687,2.214107174568574,1.8360713411518876
1.756099536225851,2.217184598370541,1.7312252263388634
1.7667998315190638,2.2196614670955706,1.86967412968133
1.782301390864035,2.2248779054465175,1.9072785639991396
1.796390707734167,2.231219886918644,2.0513109201849984
1.810215988565801,2.2393647366999727,2.1769113475362007
1.8225284101434813,2.2451435996803175,1.9063632421370493
1.8358433978671247,2.2505417561215397,1.9910680960760974
1.8500954809374774,2.2568724884464935,1.9964233463194763
1.8626788074567804,2.2630558856139507,2.084962707115019
1.875256445173878,2.2712410716776574,2.183556430760117
1.8890764581843196,2.278325168383042,1.9513631916267544
1.903305362311958,2.2848566850298204,2.0350743833339964
1.917386638858502,2.2914243230010016,2.027240021920523
1.9301995271294081,2.2982507181739877,2.1026973359028944
1.9419858669411523,2.305276667105119,2.1171307605178957
1.9541880088006203,2.311417462877212,2.0342859010862298
1.9671005480935813,2.3178412370012986,2.052837522315021
1.9790124867343042,2.3239401421789894,2.0625292594145956
1.9903572925345125,2.329234551381926,2.0007456615813908
2.0022522940644345,2.336086520620556,2.1258216201678484
2.0136617741249467,2.3420902897485583,2.006691908761476
2.0264066071618845,2.3482011905805233,2.049731385818445
2.040445296370328,2.3556978786770575,2.065898658219523
2.0543869746651486,2.36310755488155,2.072469839695534
2.067458349260916,2.370508665577439,2.1171273364834895
2.0779535579724406,2.3761114137046606,2.0492219404836853
2.089642871176998,2.3835957193844326,2.1869207917092988
2.102348160832558,2.392303730686774,2.162322142008217
2.1141001474569605,2.4002342409209714,2.189230565249156
2.125041380937164,2.408375451266729,2.211705219309605
2.1385834103795354,2.4150432337672894,1.9090664689198864
2.1522589859626073,2.4206451149280945,2.0867071001289177
2.164577180458748,2.4274189862735835,2.124875910451011
2.1757671970540238,2.4339367677666477,2.09264226737997
2.1885864717257673,2.4415480616316856,2.1004108445676093
2.200568100288385,2.4486341913599214,2.1302905987077554
2.2120865649860315,2.453910297932248,1.9321323171696112
2.226595841898344,2.460908676224609,2.0804264441697797
2.240116370028518,2.46975651869946,2.180031353309104
2.2517292195424847,2.477889587823756,2.1804523555492588
2.2623269364055476,2.4850654718635172,2.1378787043632754
2.2740470231596035,2.490421086310649,1.9138139739168716
2.2874965549589104,2.4963473782613583,1.9873931359316628
