-0.9321727851568309,-0.7466714388452039,1.622190147772725
-0.9189374907928257,-0.7458069489055252,1.6387449316376663
-0.9042187666965915,-0.7450961727819716,1.6063936988673813
-0.889485694001712,-0.7445991754261618,1.6076483109014321
-0.8749891986098975,-0.7442773911955667,1.6145591385682432
-0.8603742557803312,-0.7437375770110646,1.5992608518973161
-0.846678220070383,-0.742668273794198,1.6683814408590218
-0.8314452949967157,-0.7405076520947823,1.7402524065230436
-0.8176461340917202,-0.736842702971279,1.8674366938874127
-0.8037181656481177,-0.7335900928211805,1.7520069159652352
-0.7885985483044323,-0.7308630728613262,1.7725960851696783
-0.7758696216887551,-0.7276968727816161,1.7907182422527568
-0.7625949546222172,-0.7250029907762773,1.8070886812399911
-0.7492028155377125,-0.7218812270835941,1.8433968169464383
-0.7329764866866133,-0.7173450447968092,1.8503553334346017
-0.7185226640186403,-0.7133721004550122,1.8826452392761084
-0.7047920956829524,-0.708283591260601,1.9667840090063429
-0.6910114723994593,-0.7022562284586339,1.963548160192608
-0.6775565138348455,-0.696851892469005,1.9576338009065368
-0.663911196533726,-0.6910407277574355,1.9481168377886107
-0.6491861499436977,-0.6843191588126537,2.0109315479604857
-0.6361001469648504,-0.6787259092473105,1.9972097751266311
-0.6232245546838909,-0.6725331220470263,2.0655783353239108
-0.6107635125684444,-0.6662170498410577,2.0415582944264083
-0.5960322815568456,-0.6593893450404296,2.0647763551650624
-0.581798844798346,-0.6521568280888439,2.0360860395360856
-0.5693274536122525,-0.6468157229992761,1.973157671034538
-0.555717883472331,-0.6413520889999091,1.9929771717640818
-0.5428202867506242,-0.6359846011823839,2.0083169252808215
-0.5301936563183652,-0.6292902223456922,2.1209670303004917
-0.5180009497202692,-0.6215750040233072,2.156176877200576
-0.5058635582891873,-0.6146930487969836,2.062460099989307
-0.49186993350894015,-0.6076728358562898,2.058728264650668
-0.4782953380731376,-0.6011018439511107,2.0339613481730807
-0.4654692879360022,-0.5924172845187707,2.192695292427784
-0.45355227144072746,-0.5845281568009468,2.1274264370616685
-0.4407245880773133,-0.5766427245582626,2.1502676820362128
-0.42921363553721364,-0.5692768853169095,2.152061078482782
-0.41643164650510534,-0.5606514804565534,2.174749733011596
-0.4047749647770852,-0.5524163968100404,2.1684319928474722
-0.3922472753830416,-0.5443980829008396,2.1020479814750717
-0.37725045496817056,-0.5359322704049588,2.1166166780362223
-0.3642542880211693,-0.528079687642411,2.17535926662839
-0.3543248444539734,-0.5198567034437372,2.3394958809318416
-0.34539838961176605,-0.5116078534949312,2.287246024832736
-0.33564804390495195,-0.5026068112332754,2.343539133299119
-0.325269672925184,-0.49120296703002253,2.46233732294346
-0.3158446560474406,-0.48008645167214226,2.4081068998252944
-0.3058830114145611,-0.46997335158204556,2.3422000318479754
-0.2967358468560413,-0.46003214876494847,2.4371939386209553
-0.2877049968534079,-0.4492832788054909,2.4264659004571105
-0.2788533592283781,-0.43878010564904374,2.4388415955872973
-0.26895749000575503,-0.4264231325295145,2.483128522711764
-0.25920126583639536,-0.4121142419723082,2.545800513888743
-0.24991595840833783,-0.39836483720112786,2.5441697340702087
-0.2424400859121475,-0.38587114725143473,2.638252814258384
-0.23542828571185456,-0.3726758595494388,2.6443710112449446
-0.22882976245098707,-0.36028946114049243,2.6210406323972397
-0.22171917809152525,-0.3474041221813738,2.6255614391325683
-0.21564302895866236,-0.33744963448532744,2.575210551824642
-0.20918782430761348,-0.3271777433506149,2.5461467440770362
-0.19990179862693058,-0.313865894534976,2.5366739399502256
-0.19220225784376874,-0.3023695003027483,2.5718752425858784
-0.18514996364231545,-0.29091585843197776,2.571283840977339
-0.1779101036178083,-0.2800013312072785,2.5306777745477187
-0.17069754312370705,-0.2688172321637724,2.610073281065915
-0.16345410500520596,-0.25578053715849536,2.6065827082864805
-0.15738607399924756,-0.2435036618370027,2.675944499964907
-0.15126004569130344,-0.23123746270674925,2.6555476336321004
-0.1439531821323957,-0.217114578263827,2.64231605033869
-0.13722476443836965,-0.20525410079576487,2.5911333112512205
-0.13059008902150784,-0.19367709849282447,2.581720040189937
-0.12362716426322032,-0.18238370615766752,2.5985961440536607
-0.1178208321045697,-0.17245408928143585,2.6129556388406536
-0.11085549158440772,-0.15974256421329955,2.6365585472800936
-0.10521086864757428,-0.14995167062394252,2.644166567401876
-0.09766997919901271,-0.13734468301019342,2.553245207279092
-0.09068211910408941,-0.1270641907401188,2.5561837103507723
-0.0824715509565259,-0.11541692249947329,2.5381391086093257
-0.07484159107671313,-0.10472505830530641,2.5248630737488336
-0.06651769105756279,-0.09327125426850227,2.5244389833246226
-0.05903284389701213,-0.08255313036216028,2.539132077719431
-0.0512205755809164,-0.07206992637029845,2.481131448867349
-0.042649053879681834,-0.06210071335935172,2.408218539775277
-0.03360736871966122,-0.051758749079473,2.396492196183816
-0.02435036131957872,-0.04203239291415,2.3839238342796625
-0.014559409935459348,-0.03133236329855604,2.3718798303825
-0.004948762748172976,-0.021173489824505686,2.37624687712695
0.00583631656379841,-0.009571196045410152,2.4004477741699897
0.015197293885639852,0.0008154489739874181,2.4169251245524395
0.02376895816428083,0.010106009927063012,2.391144979002546
0.03450215243335074,0.021239023654344224,2.347987803052124
0.04500659607051588,0.031783135685445114,2.35704076432357
0.05563084916759435,0.042177561869021246,2.317683696526811
0.06585244359657799,0.05198591493497309,2.3576238104065492
0.07633057430884052,0.06220435733979854,2.3443076080901513
0.08770637930158393,0.07300884518913717,2.34467790499468
0.09700887216098457,0.08233123254104026,2.3651769770888706
0.10745629608277411,0.09270445205115437,2.3378725635477586
0.11896465966534324,0.10434752751258719,2.3956634306328533
0.12838795696835686,0.11428244810080798,2.3662767907218845
0.1382516834571116,0.1247150516941447,2.4166448361510366
0.14779834761911945,0.1354606746138609,2.4033711897727907
0.15727526270793682,0.1472459596998433,2.472603130697423
0.1663095623708885,0.1580741351120203,2.428179140514558
0.17590092394348975,0.1691025478220445,2.399722837513308
0.18591669017752424,0.17887822056978217,2.316865496427059
0.19570187092621028,0.1881160476255227,2.3220649248186533
0.2051200667356727,0.19746468128263236,2.341461173671803
0.2163365957929944,0.20781629250489475,2.3037369706430004
0.22750523867060332,0.21758588397477882,2.282698338966851
0.23908407908669627,0.22781581699844156,2.2844086201922025
0.2503100751313175,0.23871934150406865,2.3479067221386565
0.2610676829207007,0.24956217312092732,2.3688794431416964
0.27062695169950757,0.2607106734330084,2.4636182396159763
0.2793373244623642,0.2702334100889794,2.32320300218907
0.2896459637889578,0.2793735182505375,2.2647306624038595
0.3009072368011256,0.29055714496817087,2.4052326882897566
0.3109839246238524,0.3013019352564102,2.3189263270617646
0.3205929258202976,0.3089056943178421,2.2329583985296155
0.33103739836384877,0.3187618909424236,2.376936485746809
0.34191200956620116,0.3303824241217465,2.3843350025084176
0.3524872805455581,0.33973957164916646,2.2713041356714623
0.363973182768217,0.34950761698459826,2.2932904698765664
0.3742626400192081,0.3589235496224558,2.326720916028823
0.3842405626548649,0.3684023761864938,2.3125101675112814
0.3942486032007841,0.3766997457444328,2.234282545403133
0.4061120420447952,0.386022805260017,2.251296582037294
0.41563608150276965,0.3942122796594122,2.2998499261071053
0.4266275332495611,0.40256785310756804,2.179021641804635
0.4371022769299618,0.4114229350409772,2.3541851641317018
0.44617468922813813,0.42052215965001855,2.364303525474398
0.4548978000965391,0.4298161700416469,2.401957561431533
0.4635922658461032,0.439135945918354,2.411596752101254
0.47253035387458064,0.4466359312609377,2.170889772663785
0.4796527348796371,0.45243833468150335,2.37326521385915
0.49042063123749713,0.4624827262022117,2.261554407558159
0.499204087739889,0.4706702692242519,2.3562674325375217
0.5071238457294138,0.4787426871634737,2.3714337232271716
0.5172115798342802,0.48636993455615946,2.0921328419876026
0.5284953937168171,0.4928205643527268,2.068725975824635
0.5400169173215985,0.49983464027894015,2.121420868487321
0.5538153428014423,0.5073682636599622,2.1052892156313683
0.5655547700790785,0.5142436689707808,2.1211748124813785
0.5788376418944114,0.5228843139851974,2.194198082560075
0.5892806266871773,0.5305663642693196,2.2318180240543963
0.6007406944208332,0.5390804186572921,2.202178997403767
0.6126876007750631,0.5484149999661135,2.2390291232992583
0.6231793605406509,0.5557625934761683,2.183740169545214
0.6363290337302129,0.5648298126248246,2.189686527200356
0.6469683680111356,0.5740064715413538,2.3333041767988543
0.6571896339241012,0.5839526027695114,2.3369293931999073
0.6673620663624327,0.5933988933721439,2.325256578654141
0.6773779377988405,0.6037409845663569,2.369062182289286
0.6861300773351613,0.6114199543584872,2.275230669524281
0.6976278224608587,0.6209355281762476,2.2776828437508314
0.7089445851278805,0.6290646678618036,2.1146869373762356
0.7203142613066483,0.6372477482452296,2.2166611630201287
0.7315995128809464,0.6455155579897222,2.2254535607814443
0.743091667295011,0.6508663127827669,1.9243019231815504
0.7557116300727772,0.6574039574004107,2.124615114147836
0.7669565430276333,0.6645727357058052,2.1469641868561684
0.7776351569467239,0.6726977499749095,2.272443474588741
0.7886653487966429,0.6811015575029007,2.1694096806517367
0.8009691152623185,0.6901783881410172,2.23399222407638
0.8107237823935011,0.6982015909661201,2.3058729676063563
0.821750920233254,0.7088283792889376,2.3148042246922778
0.8333744416365517,0.7187101507677529,2.2272217882510343
0.8450573015153097,0.7282079505751774,2.245650278574916
0.8554518724656269,0.7363252748574308,2.214864338542953
0.867618498126916,0.7436819699831408,2.038667543753932
0.8791098240648132,0.749428587682863,2.0985725935677353
0.8924803850641045,0.756636667798496,2.031009842968719
0.9029311556656392,0.7629227597848747,2.1640598179773596
0.9113628442594816,0.7705434040204513,2.3494330373698538
0.9210028968590389,0.7791999407435604,2.2817324040736926
0.9317132073036443,0.7860440474980188,2.103004172716659
0.9448446709158317,0.7937563479694395,2.096815559454898
0.9560972158741464,0.8001903118632745,2.095732526593761
0.9698624212634169,0.8076011768556478,2.033204165621205
0.9815720614540981,0.814377051873542,2.1355673847461425
0.9946255586237075,0.8210266414468621,2.013615545670552
1.0081389883317236,0.8276436058459856,2.033020350621144
1.02175047845653,0.8351005141744409,2.1144327770718325
1.0313889991998113,0.8405552675741751,2.083525351450508
1.0429750558241366,0.8459505216148221,2.0288133976094196
1.0559256936419819,0.8531922400797167,2.0830404350853775
1.0657279373058903,0.8597108599606184,2.1921119410458627
1.0764689981025395,0.8673513157176417,2.16655635497256
1.0886665111243075,0.8753367884208035,2.1348809550103867
1.1003233636563412,0.8832415516979497,2.1900084506261575
1.109463881223655,0.8900309307482717,2.190993822792004
1.1209257422087637,0.8975183648925354,2.1625310997722242
1.1329513513577079,0.9051974233990094,2.176598372635965
1.1446348884287658,0.9124858283314444,2.1223280909618074
1.1568320681208526,0.9204533948459388,2.202246945792052
1.1661525669330175,0.9263867259314873,2.0861271468758487
1.1774173833508452,0.9304458808303842,1.8586977922942638
1.1887712613059074,0.9354082306677737,2.107593765466215
1.199944043063968,0.942564316173667,2.135244967460909
1.2131151505059616,0.9505856850325406,2.155204731764079
