-1.25387813838798,0.7705656208318625,1.578488356088488
-1.2418016976403976,0.7700934947597112,1.5361413304395082
-1.2269530521196483,0.769820169665073,1.5742542634509322
-1.2118254677518019,0.7698733537868127,1.5906039764799489
-1.1980660144472741,0.7703034938419505,1.6247516712266077
-1.183625570005378,0.7713987684700309,1.6569606418981777
-1.170350933047624,0.7731315482336281,1.6840133114737985
-1.155901571779807,0.7746774556501895,1.6929556801341596
-1.1428710551782153,0.7770049111136599,1.7523684814753897
-1.1282927760949693,0.7791806257735453,1.7446601352880788
-1.1146351215516144,0.7822129132796611,1.8057710092780705
-1.101085798603529,0.7854482542062204,1.8258667863817875
-1.0848620227024892,0.7901782691456022,1.897664702371523
-1.070029023794123,0.7946535305253775,1.8368564473051667
-1.057825546716831,0.7988528545798899,1.8720265659237865
-1.0423861588118115,0.8034553385966636,1.9167625397958268
-1.0281853699149313,0.8086189866381706,1.9615294664215157
-1.0148523540675884,0.8136906280612292,1.9171681740178452
-1.0017848525020865,0.8185816933990943,1.9704786488615795
-0.9872855662408782,0.8239684646340296,1.9347971322914406
-0.974807476381603,0.8286486191042741,1.9561491097417905
-0.9602611981839775,0.8345397320676862,1.955111249630214
-0.9444107674079032,0.8407294519070789,1.9687415308590828
-0.9306170026408862,0.8467252595437562,1.9945090360967386
-0.9175557242039722,0.8524643142191606,1.9952594085493296
-0.9039090745383626,0.8585350506912572,1.9858802352649854
-0.8895838065982258,0.865357289653364,2.024923394099718
-0.8751069830600803,0.8714584511256176,2.007946919427358
-0.8614254805648536,0.8773294351372843,2.051163514352483
-0.8494187907534845,0.8831027946849935,2.0309559752411888
-0.8358011461199537,0.8905872121259073,2.0512960949347097
-0.8214808053177559,0.8974562455081688,2.04461200220527
-0.8068697826309625,0.9049964061570103,2.075549866360696
-0.7919339799348598,0.913337572076275,2.101691029328732
-0.7803265481861997,0.9199173333605867,2.067078409423264
-0.7663767900174282,0.9266635801383408,2.0790546601959665
-0.7551111612092409,0.934137505636907,2.1743489841073296
-0.7431122784865668,0.9432967296912712,2.2605554670079084
-0.7340171750804745,0.9509218002502003,2.246461465234308
-0.7221446483454861,0.9605851595325702,2.2455665782776584
-0.7099243554383579,0.9714938590375622,2.3331050718877537
-0.6993130911951725,0.9816879259917839,2.34205426591929
-0.6888380474713599,0.9927114753650954,2.3793026157757646
-0.6788636106581141,1.0041186524463461,2.409873617106484
-0.6693421667199814,1.0159130019922038,2.488414735471966
-0.6615222585618991,1.0269606236183684,2.5017782414356087
-0.6531579007774846,1.038641882120703,2.518098028100796
-0.6437827326134352,1.0505878477707955,2.4754403427853715
-0.6351418571101687,1.0618236408459145,2.4667694409998075
-0.6268821917327236,1.072334024379729,2.466416196779135
-0.6180699380464172,1.0841528949872823,2.471820345464387
-0.6085322432131246,1.09613908433621,2.4771809041931667
-0.600376618009442,1.1073146557108922,2.5292468142582116
-0.5919697152768677,1.119494274463049,2.5278558632512116
-0.5842974510752676,1.1298073285309642,2.450847292418905
-0.5764678687505811,1.1391669950118957,2.423585919392395
-0.56587885792594,1.1512486331328473,2.4420618292086735
-0.5572298782490076,1.1630108044850305,2.520448883830097
-0.5491069207594204,1.1749386493873604,2.510385369787608
-0.5402278788922761,1.1869929906253731,2.497893594444957
-0.532766574550209,1.1983004185405923,2.5423033436371547
-0.5239844936151914,1.2113212581533623,2.5282975505236265
-0.5156615089458646,1.2231652921467708,2.536093832469286
-0.5075843606833014,1.2353830940291024,2.560747460743605
-0.49995526407464896,1.2475946128615012,2.5808908539167477
-0.4920806195242767,1.2602891163564145,2.5904981568006895
-0.4847315817454032,1.2729182070562195,2.598660186121547
-0.47680191966045454,1.2863109145026377,2.588328750922332
-0.4687527371226083,1.299460388944327,2.6026623406843905
-0.4620242812033937,1.3104613961202474,2.6123054242668737
-0.4551685662928607,1.3227603779504447,2.571732886443581
-0.4473381047882944,1.3349382975832855,2.576931982250932
-0.43849056049749374,1.3485158316749408,2.535412768299576
-0.430198624900916,1.360782546829284,2.5549552160924707
-0.4217780154721662,1.374150789362586,2.5839471679687267
-0.41455078968402503,1.3863083761178046,2.5950609158324878
-0.4076592253565066,1.39663451891117,2.5474026462294876
-0.3998039156717262,1.4082547060963566,2.5410290001302553
-0.39259189609465217,1.4184754759268257,2.559470908891682
-0.38530393037502886,1.4305538434599219,2.6128645682672214
-0.3783773465324146,1.4417064273804638,2.58269844042422
-0.3697864754525398,1.454757297627581,2.53647539915825
-0.36145521968987554,1.4660053072092527,2.498337943815206
-0.35307192187540437,1.476246054117751,2.4274038630091788
-0.3442752953500767,1.4859515036047088,2.3957857207018987
-0.33607246812258207,1.4959790781250353,2.4900028238686023
-0.32839344897706163,1.5062556432228322,2.5061556336666837
-0.32023678425239815,1.5159761255014037,2.41860368329757
-0.3114090320316722,1.5264412949678678,2.4697743125028704
-0.30342118318503025,1.5367869541090464,2.4633441961830522
-0.2937372523717646,1.5481705984295413,2.4059327778404636
-0.2842300933324825,1.5585670141410384,2.4275298475572864
-0.2749377203978777,1.5699537430062271,2.5060514111548713
-0.26680527502661083,1.5813971482816092,2.512866055778437
-0.2579949304524299,1.5939497485393954,2.540415414643634
-0.24886365031690844,1.605551031451035,2.3980156852062033
-0.23781135048471705,1.6166497934974287,2.3398067365375685
-0.22876570564621224,1.625505162403267,2.3137207971857157
-0.21815611979819688,1.6370972329172986,2.4083753293712356
-0.20851552836794898,1.6466856150482185,2.334630494602607
-0.20104941860054465,1.6551505296147224,2.442838156831976
-0.19314378745999178,1.6653549296250676,2.4603548212909745
-0.18468727886890463,1.6764404086942055,2.4822716764217643
-0.17495405586855428,1.6877967274660362,2.420007754364861
-0.16582180289939485,1.6963641541482284,2.2509908517796866
-0.15755372563366987,1.7043170313563818,2.380001333599086
-0.14662242946303453,1.7157588416906997,2.3550772960980852
-0.1381087502905171,1.7238552113614882,2.263898728469386
-0.1276718533277073,1.7319954687685468,2.2103220889742965
-0.11819660324964272,1.7395852494737092,2.277608179058691
-0.10756060624206273,1.7483405404902588,2.257741014550829
-0.09558457867276295,1.7586759729699148,2.2961441040177903
-0.08487954975140742,1.7682485354980186,2.3177832026017513
-0.07473748293131278,1.779309482568961,2.406399673405047
-0.06476709876091426,1.7897903508943311,2.3432599619286325
-0.05564321720091054,1.7982856410782415,2.322227102095616
-0.046664610388371566,1.8074716355628373,2.40213863019258
-0.03671570936510774,1.818415586937147,2.4440043111299974
-0.028633052976097893,1.8277814597569972,2.4344256172528604
-0.019144781950324378,1.8373176917919551,2.299702936187441
-0.011365261854376396,1.844232402370596,2.2846712481136806
-0.0005094210328631906,1.8529341268306097,2.2353603958755532
0.010547673331229116,1.8617242622417485,2.2677221050311034
0.01958369890815586,1.869045910234817,2.2630383252527837
0.03004881884424337,1.8787855281804133,2.3301747002442537
0.03819617200771971,1.8866964936284294,2.3395905952752645
0.049598243573551914,1.8978877891349666,2.3245598999149837
0.060220645008419824,1.9075994317208924,2.346011116728485
0.07032292344594591,1.9181946369388878,2.4001981380437205
0.08076751825116223,1.928134252027073,2.2816871239079104
0.09055668505620434,1.9360112601604602,2.2153754260725704
0.10123737460834466,1.9436569549530875,2.208167974581755
0.11259889916167976,1.9525293181182795,2.260940996697901
0.12372841268422745,1.9623765290350583,2.291860453976062
0.13521404041707644,1.97240354948839,2.303616997160059
0.1446766962236539,1.9808885893039148,2.29981358569778
0.1549083339535039,1.9907360473517055,2.362348158354837
0.1632887099301365,1.9993339943551935,2.335597378636862
0.17359023836894155,2.0095476885743913,2.3746368778756843
0.1828114287368313,2.0196800583076575,2.38911321352414
0.19327109076359839,2.0310879195505933,2.404031408761339
0.20258391391236116,2.041156856661862,2.384629086981468
0.21149756179109527,2.05081898088636,2.4064645337950057
0.221317123153729,2.062806340076382,2.4860791289900988
0.22927103263050586,2.07301140267065,2.445757761650641
0.23952599286964818,2.084884416820898,2.4280974835371305
0.2489532989239165,2.095878455238394,2.421025718807892
0.2581677644567147,2.1062527171484353,2.4012746170938333
0.2667737167118526,2.116642060877135,2.4679777760428947
0.27568560203517456,2.1274819114526995,2.4568169739479795
0.28483338181737283,2.1384016858785975,2.442870515878689
0.2927946968247874,2.149154046873206,2.520702532655846
0.30119424827637276,2.16001932544353,2.438765776516453
0.31048414055683016,2.171220813308904,2.419715369634924
0.3198853573450354,2.181948197523422,2.3807278458557093
0.32899925598171226,2.192160008689076,2.4279625468300625
0.3396504567135463,2.2037245834187855,2.386017165235887
0.35009270773176127,2.215726112816314,2.435843602162662
0.35849194410277124,2.225600653429914,2.4267811462174405
0.36869214653634774,2.2372103976156272,2.4335430322315457
0.37778965142459325,2.2484473900290687,2.479078993177509
0.3866977755729511,2.2580189083360347,2.376792396339678
0.39718076873931,2.2689220209931444,2.3818022233102387
0.40716928036012257,2.279904756152618,2.4098441110734536
0.4174414017513617,2.290871250235266,2.3856906335806474
0.42768298020994167,2.3027492034980193,2.4256960133964967
0.4384748128473936,2.314504159204845,2.388867826292021
0.4451895314090932,2.323263747354145,2.505066704694671
0.45324816695717174,2.3352052362216993,2.5075665197950996
0.46274734411507423,2.346236785742633,2.368032187595853
0.47413957942500745,2.3563175781835146,2.2422821059455877
0.48417166302121273,2.3652301356569065,2.334733257497193
0.4949475833318515,2.3758057971996362,2.3463865291786616
0.505009822103169,2.3862472948360445,2.4012106954719723
0.5158573199150825,2.3967104104512233,2.262420170871543
0.5244081233338208,2.404535773644963,2.3060513800096927
0.534376370581531,2.4138170264587866,2.3617971730352987
0.5442443568500827,2.4233955437384633,2.334293717401791
0.5537253172183298,2.4329815543071014,2.3506738186879557
0.5642694236703085,2.4420991518536113,2.2365495476745103
0.5750343460417323,2.4502443283277864,2.2433988633428803
0.588147363107259,2.4598566335190712,2.195229209426497
0.6005541137121052,2.468268346485342,2.191620418595435
0.61199834519149,2.476251211090325,2.1555146139458974
0.6232638716091489,2.483797414585348,2.1670725562825917
0.6358068907344947,2.491955216095013,2.1889350605166054
0.6455853554765093,2.5006682409491248,2.3438812448299022
0.6561903897050693,2.5092456259447813,2.2008903189158118
0.6677090833604246,2.5175626899310486,2.2112634421857225
0.6789191499668575,2.526016377891581,2.230369544935486
0.6897693127507025,2.5353558729891565,2.3076730137988406
0.7018800031302681,2.5460238588880584,2.289799392731655
0.7125197738545522,2.556275348220289,2.3614067059729753
0.7213278343633711,2.564797642100521,2.331117662624577
0.7320159884514938,2.575480604313724,2.377700605713041
0.7403253979559707,2.583937244921591,2.3458863424188654
0.7485154873318399,2.593551957838514,2.444768703146585
0.7558313189381913,2.6025251026359637,2.438619332513794
0.7649749507795296,2.6130173219347546,2.395435235482166
0.7737560680176705,2.621829148878989,2.3431910079519724
0.7842520794692642,2.6311380965819615,2.290330954755509
