0.32552058275423357,-0.21332075783839327,1.619255410444401
0.34007398795101657,-0.21264142726161647,1.6334462406343824
0.3543969259253301,-0.21165021805638176,1.6378707150191625
0.36805614779853213,-0.2102824075950355,1.6881743172916692
0.382153911869975,-0.20897142943567937,1.663514954775771
0.3960366646590889,-0.20781887303481428,1.6643351910413444
0.41102066099469864,-0.20580821974154598,1.7384203599802694
0.42540967279349223,-0.20333917256332895,1.7327511849505774
0.44032764995923124,-0.20049595897234154,1.8085792877866111
0.4549309123179265,-0.19698704262496497,1.8547148537429965
0.4690190286246669,-0.19403328163380848,1.8250222522149906
0.48353598518231716,-0.18948020665054996,1.8706288939588314
0.49690934433395906,-0.1848549410971204,1.8885438924769076
0.5108374213036001,-0.1802867915700007,1.9183398307837203
0.5243324627495577,-0.17506046095323777,1.958098774309873
0.5382635911164568,-0.17012172003909806,1.9515936023153586
0.5522529004316793,-0.1653008914245439,1.8918102290026513
0.5661191491979076,-0.16071688069765247,1.8875629829939347
0.5808930605567083,-0.15637157189330778,1.8794080549339145
0.5958139032035413,-0.1521766595252205,1.872021000893077
0.610014865707899,-0.14678980455503876,1.9651580267393205
0.6237218023180524,-0.14071025130008594,1.996344751001765
0.638944698775367,-0.13313079352658835,2.0487892801502405
0.6515553288513235,-0.12754283847033795,1.9989953468389992
0.66583020130789,-0.12077798205771201,2.011213443197453
0.6802489277204878,-0.11415225550840338,2.011891420731127
0.6932032887426611,-0.1085507410796404,1.9849740156650761
0.7057546700336151,-0.10237271873763877,2.0459364296627975
0.718757616621845,-0.09477138708295813,2.1237373349003934
0.7297152100182305,-0.08772075059026016,2.196626081890226
0.7430642293266838,-0.0784536914292593,2.1531388904464905
0.7545317830462556,-0.07144639194122307,2.1470866110146196
0.7665687297586077,-0.06275888664995288,2.242745247737783
0.7775932410225851,-0.05461822525941401,2.2345062091635146
0.789891098576255,-0.04542851559596688,2.199982481679697
0.8007973638455598,-0.03807920763556952,2.1579507649232412
0.8129183526295317,-0.030443032425063597,2.1056666869433527
0.8269151655594156,-0.022791706213032756,2.052489487349854
0.8401864169500568,-0.016707748863958684,2.0344992011038046
0.8532798800529403,-0.009033730714038821,2.135316078797251
0.8649917288567589,-0.0014372774632826534,2.160095246448647
0.8780623676466012,0.00818832589297441,2.2406383670780827
0.8903617464032311,0.018259346348322582,2.27201826091402
0.90022574375468,0.027978620722780026,2.3628974670402445
0.9097055829962621,0.03745315763727195,2.339894670368517
0.9206119848315624,0.04839213371179586,2.3871962157556768
0.9309506763357179,0.059563330594591665,2.404210264064245
0.9410681588619939,0.07081446391348559,2.437282732084977
0.9502192087411079,0.0822565327529373,2.487239833289018
0.9587047371837778,0.09248036334310007,2.411328591700205
0.9675443898338518,0.10269762121566534,2.4444057265504027
0.9764510223239136,0.11375556472710922,2.4608692228692792
0.9855233856231701,0.12453666322876135,2.4353104299577812
0.9952212370271946,0.1348702816641221,2.3160993127419425
1.0056835554976211,0.14536361156255456,2.3639594841963634
1.016782787057903,0.1555008094472176,2.332536279771439
1.0272196311875992,0.1671864709953315,2.454070760422575
1.036642143826207,0.17876949673908027,2.4536396397908407
1.0456475233584666,0.18930479478442927,2.4331065246338834
1.055603626920778,0.20109128211147806,2.4334635461988525
1.0629423177168467,0.21056074703710217,2.501987189108481
1.0705985230839385,0.22215527414750885,2.574534649173539
1.077020402673109,0.23177583662061446,2.548025134271855
1.0842640537416937,0.24360676982275273,2.6206671915321524
1.0924193970489997,0.2558138540344045,2.49799669723815
1.1006150813748796,0.2661322773062551,2.439385998489076
1.1090968183491476,0.27731769881297996,2.5181511548847717
1.1180109997584633,0.28907878115072555,2.4957312970949093
1.1267949628045408,0.3005720039920649,2.5233501276463755
1.1346630629440095,0.3134339088820738,2.5842555508563576
1.1408572870826592,0.3242041580378565,2.5958041605483424
1.1480296292260406,0.3359315299373128,2.576798737078461
1.1564575859572845,0.34837510400441846,2.518746802856472
1.1655027100009838,0.36080883015042203,2.5113422464789306
1.1737581384664049,0.3715016010520618,2.5080419788727824
1.1814818119322823,0.38250415639553703,2.5418864653822033
1.1897840804412556,0.39441813882593574,2.540101170365809
1.197346228221415,0.40524363912084405,2.5326015653612792
1.2053229123872298,0.41712011273981736,2.564922019113758
1.213354195287827,0.4306178161952779,2.617517264036195
1.2229541498463894,0.44085572011984636,2.2460634955298473
1.233942601089443,0.45132003735918386,2.3736575537790228
1.2431177143804382,0.4609147030263032,2.3613656517430655
1.252921248533924,0.4700973951196905,2.3380428553398125
1.2613261710002304,0.48007003502133166,2.43536616619168
1.2707143639162624,0.4911410224203441,2.4261490186960315
1.2818893035017298,0.5032364766296269,2.380201458549926
1.2915382565372509,0.51386234820159,2.3935181645254
1.3014836318388008,0.5254182194426473,2.425312335215732
1.3099932668979162,0.5361530023085669,2.49874981669076
1.3179232264394647,0.5457258856709316,2.44278356955066
1.3283214796407192,0.5525755586947554,1.9545187995168298
1.337548509969161,0.5590080463349887,2.3433701156656626
1.3477223100156923,0.5690071194255789,2.3348752609577725
1.3576558227403792,0.5776015980769204,2.2679678803693695
1.3682848017601106,0.5865831901054682,2.2568854841199415
1.378032153472744,0.5948144561484174,2.296724117498902
1.3875656514571835,0.6034159588936914,2.3078913994878887
1.3990190525702433,0.6132937876045265,2.2802253783136477
1.409189366751426,0.6215863121403755,2.2600153150630287
1.4200228919719275,0.62996702789792,2.2250267848057463
1.4304579734095826,0.6380670687327131,2.223305801926313
1.4399372680008264,0.6459081312663949,2.296098137093265
1.447865524556072,0.6544603122515453,2.4124776565130452
1.456104019348339,0.6629914193011255,2.3547803416773463
1.4655355007741502,0.6723958667454043,2.3363496324222295
1.4755450388121316,0.6814162559034858,2.30999028761057
1.4883392110706142,0.6893450957947156,1.9939347150059645
1.4983277543223725,0.6941045140119274,2.0927121865293214
1.5066487694516384,0.7015010805968632,2.3332850489666557
1.5165792293587883,0.7111544606420414,2.3383507141670754
1.5279379068731809,0.7197412177367232,2.1734760098573864
1.5434751480674682,0.7221309766140914,1.4338249048699234
1.5572775767946798,0.7139451993533192,0.8222303344731527
1.570686739079119,0.7116730363349383,1.7254670791464723
1.5842245054696342,0.7112823927702854,1.4341685372693878
1.596168591393203,0.7124557312851515,1.8027655472809205
1.6073559954396266,0.716990045080148,2.0643784545799786
1.6188780672852339,0.7231952879907756,2.0113322123131314
1.6290480530948528,0.7287489946140198,2.0770818787118834
1.6426798653028019,0.7344874000674158,1.8735332414363115
1.6564129922988386,0.7388383469688468,1.9057525202932062
1.670417033565724,0.7434802818826103,1.9221241877641202
1.6833869314745198,0.7488897679796807,2.032846450812504
1.6972108140265236,0.7571841503203799,2.1516268365181133
1.7101034114248372,0.7646766889429278,2.106448876758252
1.7240659394771136,0.7715765095883631,1.9406511196176988
1.740029498531235,0.7730887578326062,1.496064516667188
1.7538475857564861,0.7718551846081071,1.4731341052214293
1.7676134232854042,0.7718387222783258,1.667799771705634
1.7804759969950419,0.7764757020428859,2.091405431560096
1.792550974828646,0.7842010178465071,2.1596311267436294
1.8082680883773303,0.787960255225952,1.5741189737344201
1.8219704266886065,0.7876871801747115,1.5586678876443592
1.8361850555130643,0.7857207990860782,1.366111905734773
1.8508234618089352,0.7833490371223566,1.422245471974865
1.865765478706825,0.7826331580308882,1.5979681613718062
1.8802684676413954,0.7821188517140951,1.4699390159353374
1.8936138574664656,0.7771766119902717,1.045702028075666
1.9086237203835625,0.7741413301929408,1.5742877788896086
1.9219066507495006,0.7738227561028789,1.5242101289718715
1.9356920826716468,0.7757560479952724,1.8813121591547644
1.9492809630007042,0.775824989699475,1.3972333994160784
1.9617596078172985,0.7763760467332265,1.7975246201793826
1.97646143689527,0.7781297802043161,1.596589150081016
1.989633368927571,0.7771202144991582,1.4587191897719158
2.0044661143454987,0.7778284568446817,1.7580293992785412
2.0195779208431164,0.7794789783009424,1.593559058396335
2.033182405007735,0.7825159676279395,1.9466572744098387
2.0459533785893544,0.78491411546548,1.6843303334235227
2.0605655227677713,0.7878854586744216,1.8022349952636356
2.074531251749039,0.7882453460894097,1.4382128191555497
2.086936244558701,0.7856704606274489,1.3358126076938301
2.1003872920271314,0.7853601704488878,1.5873246626121014
2.1140450984041843,0.7835239335447316,1.3442867492605832
2.126943154011239,0.7812486331016915,1.426854652065086
2.140378835529882,0.7779460775051973,1.2564274141390264
2.1516330789619644,0.7701932808335573,0.7825205808917571
2.1619364150412745,0.7630830945920232,1.0203113044939651
2.1746016904569383,0.7575356819232367,1.2449849586950097
2.1885223698866363,0.7554006432321781,1.524064753970175
2.202077266111589,0.7519748139908798,1.144166596608836
2.2152748694835327,0.7487203769548515,1.491546547142773
2.2285666994513984,0.7459370299986898,1.2290777186166726
2.2432950605245945,0.7445258378872,1.6440312792686704
2.2581636366931503,0.7459195055806616,1.6745314403007738
2.2724349502345613,0.7485094032559327,1.8461801816611574
2.2882916595337988,0.7440462906347352,0.964845692223357
2.2976587214710693,0.7340828882677026,0.6297331539815975
2.3101226357239275,0.728223430050474,1.5360199501395642
2.3224274397283624,0.7251439136017215,1.223593267762685
2.3364082248498166,0.7198128372826271,1.2175789390621852
2.349985981601434,0.7183075733021104,1.5130615212146046
2.362618113266388,0.7181088653787007,1.561465719725808
2.377093150360564,0.7196814391014967,1.7623510940036133
2.3900225964319346,0.7218827629131618,1.707302188020957
2.4032122301192778,0.7227919241119266,1.589159448774497
2.4168618642621054,0.7224102136028335,1.5113581294799234
2.4311474179287815,0.7212666811594443,1.4712493930281614
2.44323387900093,0.7140853655424421,0.8029925922730468
2.457139276118158,0.7094954684317372,1.5290847929204288
2.4720222114250108,0.7081604727352079,1.453239727967052
2.4863402533940273,0.7049271267377516,1.315176630611476
2.5015814974919914,0.7005179683219029,1.2804657091318457
2.516003560887528,0.6963571692710315,1.2432767233602577
2.5308277414818403,0.6926867351663247,1.3446545123731204
2.5451614942035663,0.6928826950817364,1.7737962162865877
2.5600487885218426,0.6950537184741598,1.690447642957475
2.5743726037306636,0.6927224399266189,1.2470007051794578
2.5893701204297512,0.6904650208667712,1.487316356556076
2.6043777006660496,0.6903909020606076,1.618060362486433
2.617776564070726,0.6873751430932994,1.1234504135065944
2.628776610122291,0.678682334781868,0.7704756751516287
2.6411805394974444,0.6705129464409018,1.0990216183928945
2.652842306043879,0.662567645619322,0.8592179275058198
2.664225081391603,0.6552539038508418,1.0912985092636887
2.6773313047551106,0.6530529240423358,1.5785843966641462
2.690945292384601,0.6527226680046916,1.5118421639465833
2.703008421603397,0.6550009011101156,1.8957592677120685
2.7171792320754973,0.6568193196777524,1.55410488677756
2.7296494978828254,0.6543698367169388,1.2397363795894643
