0.4322396194426181,-0.7189009042528427,1.6156584919556856
0.4463606173297393,-0.7184213424729968,1.6078137179346887
0.46090739363480937,-0.7178159515596622,1.628977981394235
0.47594246324341277,-0.7167802307643031,1.6583828653663117
0.49038739575384455,-0.7152074079378888,1.6937212813311495
0.5048669628633746,-0.7133458969832458,1.7110910417179768
0.5200731260520578,-0.7110773532250045,1.746603842325341
0.5347390619827299,-0.7086582554934996,1.7541038376767901
0.5488884861925979,-0.7060981586195838,1.7739089837106932
0.5640967296347659,-0.7026067537653128,1.7869013621841607
0.5786626784725227,-0.6985238946991148,1.8698794060427137
0.5929529568184435,-0.6945548802778686,1.8754036829309102
0.6076410210428466,-0.6902760138375447,1.9136125794473078
0.6221031703845896,-0.6847758998295408,1.9758581777355608
0.6365382176150721,-0.679248996380616,1.9120308457075956
0.6495673347502205,-0.6750120536227061,1.9389999718903488
0.662335876696525,-0.6703975791830079,1.9309973227611905
0.6759731877443509,-0.6663871052885783,1.8720991165453573
0.6910390612652751,-0.6624374186977147,1.9182748391549407
0.7050889890507859,-0.6578118751447611,1.9191221649900312
0.7179506043762278,-0.6533075466745158,1.9371387851983424
0.7333215458404292,-0.648589907318287,1.8736250999003397
0.7488366462176622,-0.6435762912313107,1.9145364739191082
0.7639976310794558,-0.6384252274786176,1.9413841107653933
0.7791756906166569,-0.6326526413276498,1.9799921280804749
0.7911380972115327,-0.6271436827735721,2.0514536885693224
0.8041033919774239,-0.6206740161779751,2.0459620456470753
0.816177226008786,-0.6148409912541167,2.034852566442781
0.8305909720788286,-0.6074375210035614,2.0574570766848552
0.8428688038522628,-0.60110999880098,2.066315221387288
0.8559242967749481,-0.5933374430961348,2.150719081888946
0.8679501058805251,-0.5861302378101104,2.1300441581582956
0.8793368566519049,-0.5793200619946067,2.1172118497230796
0.8910831130322123,-0.5718292804579401,2.1746089253517966
0.9023418002529008,-0.5632536924730275,2.2287013383177765
0.9148871191220983,-0.55415860430479,2.1918578432523907
0.9287192841744363,-0.5464063787864794,2.0732257452718295
0.9407529451350525,-0.5403925792458802,2.070706800175424
0.953708935843954,-0.5316979714722984,2.2240626667866072
0.9654201674991519,-0.5219231428471939,2.282653385128111
0.9768087244063294,-0.5121149348584477,2.3323880302040862
0.9870065788192003,-0.5031756847310699,2.259303780906728
0.9989774693910768,-0.4941360907118291,2.2248995822256816
1.0094857736465606,-0.485665282458234,2.300984533781326
1.0214336487609006,-0.4754412983855765,2.2914636623131615
1.033749597443925,-0.464725824099241,2.3314720123452064
1.0437734767449725,-0.4557684632958703,2.316775398917326
1.0542255148749464,-0.4461558078249119,2.2875820220975123
1.0646432758760973,-0.43725231971940204,2.3098775541951686
1.074107851599205,-0.4278836885009687,2.407850551539023
1.083167533295795,-0.41775171502698605,2.4490285634456703
1.0917999298765773,-0.40836520937093684,2.3662165546185134
1.101609776419231,-0.3976467957068737,2.4095342112236406
1.1106838560341146,-0.38747280364122627,2.4289239395011903
1.1196387335291436,-0.3764557039469028,2.4613339719682417
1.129210846977518,-0.3643141746823413,2.461459246140167
1.1368012027591792,-0.3533595652612846,2.555987756527967
1.1451352094589178,-0.3384100411130268,2.6160192840063505
1.1530203217385893,-0.3259283063833449,2.5501219279996987
1.1608852372039713,-0.3137611506106132,2.5256601136684003
1.1663634006649644,-0.3027099165936128,2.6882143123910085
1.1730350600932484,-0.28882343695252904,2.6566563839941932
1.1803976537033045,-0.27637157528384904,2.5554402443017517
1.188356433107368,-0.26454565452139783,2.5498141223827315
1.195763274063629,-0.25277625797848036,2.6138383915241157
1.2024398197951367,-0.24129489807670146,2.580549815221204
1.209508863442,-0.23060518766462065,2.52420791108148
1.216941117407328,-0.2198173587187748,2.537513703439275
1.224728192775385,-0.2077085254966525,2.5598887656790326
1.2319291363229268,-0.1954277430341555,2.5766442224340507
1.2390179926329854,-0.18383828599253002,2.5914762198272006
1.2460309101329212,-0.1733143248080959,2.5201591566011485
1.255008397872691,-0.16191976834300512,2.446240044383442
1.2634939824437426,-0.151362306652045,2.459844569937949
1.2726663799223987,-0.14067092006186507,2.4129789040775242
1.2806347211441762,-0.13148715306131262,2.452200211028278
1.2888586660583967,-0.12159327117608082,2.461763908309682
1.2958418994774046,-0.11232944579292616,2.4713400799325203
1.3022647794472664,-0.10323206210083943,2.5167723825207524
1.3104360233387766,-0.09157853430949786,2.5194836078376737
1.3186817944898768,-0.0804079162231898,2.4950303001697978
1.3257296367523015,-0.07086759024468306,2.4873852572090724
1.3360477548594434,-0.06126910100045634,2.2231306438618685
1.3439015053257135,-0.05312088230235461,2.461306890932736
1.352897424079171,-0.04256457553743715,2.43226034515933
1.3614626659185165,-0.032286182631503034,2.4379356441681677
1.3705866246145444,-0.022692568814779466,2.3483557104929895
1.3800660081086094,-0.012558789463236363,2.399977048463496
1.3896993034898586,-0.002403290402899091,2.376546415042173
1.3994366519577677,0.00704770597298889,2.3405978210723273
1.4086425867374557,0.01599107505567738,2.3070146885950993
1.4180146777010654,0.025449386726893956,2.3827256871817672
1.4274866594365798,0.03490129526729679,2.3438262880851064
1.4382369812784506,0.04506540318033855,2.3308115177529656
1.448101967591609,0.05268704176886653,2.2053160645807166
1.457851964537433,0.06019999466889742,2.234828124716856
1.4673181312892072,0.06875951218081722,2.361745766329233
1.4780750799826397,0.07985815942249638,2.4005864463635547
1.4885918089357881,0.09212819625121642,2.4675145503977736
1.4971902139147122,0.1029260971859441,2.4583962205581353
1.5048473827258495,0.11129103568123103,2.387766485862653
1.5159736085210869,0.122566897995909,2.3490465548926975
1.526768055810882,0.13443184115677026,2.443778312051854
1.5374908312429658,0.14584709649723693,2.3231037022201293
1.5478804324494708,0.15608311361271598,2.3515299530680314
1.5572385851315618,0.16559398149323087,2.419889755263088
1.567264646468792,0.17581013245513677,2.3682866549811785
1.5767450172878306,0.18593350415152748,2.408625032575638
1.5867464453736042,0.19736429466376704,2.442486826158532
1.5957058339038692,0.20799989130688473,2.435887086855874
1.6048844953759436,0.21795334902475175,2.3790592004503797
1.615512353113686,0.22976935445957708,2.438654551637822
1.624707564425191,0.24162093449841038,2.457333760520458
1.6392195083624352,0.24926005497436615,1.818126507032532
1.6493875883879974,0.25521297909390195,2.2797009257025644
1.658692404941095,0.2634663117100976,2.2696701356962774
1.6678852031691447,0.27317125702303213,2.4586425506248046
1.675992376453345,0.282049889260601,2.3582741319389737
1.6850682320731403,0.2910076193730787,2.364768573322004
1.6951676134125713,0.30071354129041045,2.3224518728993275
1.705423179157721,0.30999362774988315,2.310208055961706
1.7167743464171692,0.31763511248071863,2.1296157211333466
1.727948545634443,0.32081110724434464,1.7453185113121155
1.7411278457788284,0.32605342646122604,2.09423129023418
1.7555006576629937,0.3307478070590798,1.768238962452317
1.7701403743125204,0.3345587994892617,1.8812754715630635
1.7846551762315295,0.3406283452664989,1.9992026186808542
1.7999876755304032,0.3495567673258825,2.1353841228182615
1.811779308226176,0.3570908870369955,2.143957975853489
1.8245802932614283,0.3605705010245062,1.651283014071571
1.8381388400343701,0.36468124644054223,2.0327323567481703
1.8540235807117051,0.36476547514447694,1.2622306698725818
1.8697235486319426,0.36472419560412067,1.7722246274172322
1.8839913414367517,0.3682910903241425,1.872490481557443
1.8979916973616016,0.3708880582211935,1.7243865512980054
1.9109050728481098,0.37485063292755066,2.0255757764134628
1.9251336478098695,0.37811940344378525,1.6640218192659693
1.9394217667340168,0.37863877682660657,1.578586648996147
1.951605031108592,0.3814177983360489,1.9462247070893162
1.9638510128623947,0.38744322807359155,2.014003598424438
1.9764689632532995,0.3936404036299357,2.050077197267206
1.9896856133980134,0.3999326395007806,2.0165270003605835
2.0035457225412485,0.40624625171134104,2.013609018405104
2.0160072595616634,0.41073768045292275,1.8799806908659829
2.031901227972194,0.40824297911133506,1.167919347546574
2.0463233130618637,0.40457807455686484,1.422590870514374
2.061108893339041,0.4027521049930474,1.436785258773316
2.0744718532582325,0.4043390573111203,1.8798065811132398
2.0869952117437154,0.40893173876777567,1.91065189405482
2.102782784719637,0.40815471505128337,1.2794058873183667
2.1177053209238603,0.408053590685458,1.733177921268934
2.131800724319867,0.4054449860244696,1.1799324695392333
2.1455964029771497,0.3994641600245849,1.1851701690430527
2.1588946306351544,0.3954537206426044,1.3382938179174222
2.1702891901439108,0.39376312675028213,1.5103042448336048
2.1818125125531083,0.39096247943625073,1.2795747796409707
2.1940907040024062,0.3838110650079574,0.8418649796962648
2.204899593338691,0.3773103367185886,1.1276167099653256
2.2193235139997385,0.372655498684215,1.3541743957344679
2.2322785433655246,0.3725463664512763,1.694835722056341
2.246354975673917,0.3712529228739158,1.3456197732756852
2.2573358626012814,0.36639280617764763,1.0330386521703132
2.2678670428161385,0.3583950218187528,0.84033517466131
2.2804803558017355,0.35281008654868384,1.381409316101353
2.2941041301419536,0.3458544802016088,0.9390651186053556
2.306886628726736,0.33661178553435045,0.9447922379722075
2.323460672349674,0.3335631489318563,1.6789470731818772
2.337103956222768,0.33565451364139215,1.7372752575986468
2.351927707147545,0.3395143439742552,1.8739056055843422
2.366835310729943,0.342217393373488,1.7024074153703668
2.3808305622603116,0.3417289571514058,1.4127459859366494
2.39600463131879,0.3395705399088365,1.4306286895785463
2.4097624289019763,0.3386709174589032,1.5130647260473884
2.423316799549606,0.3378938686263501,1.5111118805861894
2.436588149136959,0.3359681269994563,1.3678940864406757
2.4483530609879285,0.33374655201911047,1.43298098973088
2.462170102012583,0.3328481881368635,1.5697919414864028
2.4759551952760437,0.3343626810258734,1.7480670134638119
2.48913847078336,0.3350979171303231,1.5919383286687165
2.5000072890843597,0.3335345232559532,1.3143813160133373
2.5099950857001874,0.32779078045028986,0.9353763399962779
2.5231418260426786,0.32392558712739866,1.5101325519871405
2.536266888659598,0.3212805518665604,1.2796261682669512
2.550225923340178,0.3189471226792353,1.4947670337507801
2.5644449543376795,0.3178874105068726,1.457226101047465
2.577994647837713,0.3170847289774687,1.4555561775551609
2.591865147320607,0.3156168942077805,1.4884887279232026
2.6044884468686607,0.30770842226584555,0.7092584641226214
2.6153826627926735,0.3004256480630189,1.1909452609333668
2.626510851805207,0.2993031989028246,1.6031273748914703
2.6394577080089716,0.2968150092212331,1.237935065610937
2.6531817654160945,0.29363431192145434,1.4001552475539014
2.668160682962582,0.2922376390910337,1.5172890411253148
2.680711739040205,0.2894980228653064,1.2685430123155896
2.69334506604087,0.27930998227510295,0.6453428220445157
2.7004669750000385,0.26580624726449176,0.24761383854784955
2.706741469976256,0.25562400927801454,0.7047251486207614
2.7182861198051365,0.2485436158264868,1.2258119890208365
2.7283090388198254,0.2378179745343023,0.5403999940521451
2.7374512499001433,0.22845857970992373,0.9008727227613822
2.746283182576731,0.22245645673262573,1.017449379137641
