0.5414813756418052,-1.2250327793505482,1.615408778704948
0.5547495871852435,-1.2246486182894203,1.6050142503636204
0.5689325532301056,-1.2241974012852745,1.6114344438323058
0.58347110685811,-1.223358891132705,1.6446314349962292
0.5976443724139684,-1.2221215047109113,1.649902779489112
0.6117955884075776,-1.2207408415667658,1.6937919399115438
0.6260505816587321,-1.218782771582995,1.7051296234883813
0.6396535230745929,-1.2162730558692973,1.799534024008139
0.6542861378209188,-1.2129559332568522,1.7928025273457864
0.6679419957648084,-1.2094932919930332,1.865440475086476
0.6821406318911136,-1.206456508921848,1.769455470438248
0.6965590967117433,-1.203670165096821,1.7797206403366959
0.7109630428507263,-1.1997648570019002,1.878602304612138
0.7262718254583058,-1.195566645625687,1.8347051448682496
0.7401314588721012,-1.1907917384526248,1.9507089770025223
0.7526887085344433,-1.1855921542717713,1.9864328746204147
0.7663495819099376,-1.1798038259837003,1.9522864194751703
0.7783939807339907,-1.1746976328455583,1.9762634497208706
0.7915086081064417,-1.1695009535091558,1.9980792327130312
0.8059513805663441,-1.1633437709503378,1.999089879600768
0.8191608873875903,-1.1576727551773192,1.9538898055905196
0.8338165066629828,-1.1510875983120468,2.0266029538760573
0.8464985761097634,-1.144896148298904,2.0547024856146137
0.8594592699694821,-1.138126034205015,2.0606888704155004
0.8711175846363868,-1.1323515824950114,2.0235417715493167
0.8845810237534557,-1.126118418827759,2.0548209301086615
0.8964750784004171,-1.1194756666611871,2.067446769522593
0.9082795646824079,-1.1125551287655782,2.124070872285627
0.9224341169975293,-1.1036746009652705,2.1142208325185368
0.933976022599798,-1.0961703906415623,2.1517410655684204
0.9471066133501199,-1.087809491295292,2.170077169960807
0.9591210159985708,-1.0798269958698414,2.15072643463532
0.9708473433284744,-1.0724739782904409,2.165033310458954
0.9823150486808543,-1.064708122834286,2.181180751987144
0.9953770121882702,-1.0550661248288289,2.2408290286718247
1.0058471046343365,-1.0451133446436476,2.349550994775577
1.0158719561096092,-1.035701036898081,2.3235937213330256
1.0271697437954102,-1.026620867273057,2.2206271629025545
1.0384005628667405,-1.0184192520022122,2.1813378204649174
1.0483617608348825,-1.0110925480821287,2.224863187152351
1.0598597659771711,-1.001790267256613,2.2604540879597343
1.0691629919271612,-0.9939875370123209,2.27267541644622
1.0790161986575413,-0.9854303291922747,2.3293390942751713
1.090530123099312,-0.974959179582459,2.307648235167713
1.1017602901848635,-0.9651924389452423,2.3426218949193096
1.1107330628686516,-0.9573840911337418,2.2362478738711764
1.122211052490957,-0.9480912339467344,2.2420149072870137
1.1336180797688225,-0.9378177007743312,2.3572464146777294
1.1448893379000638,-0.9271115180792857,2.3387163480810282
1.1555977964058202,-0.9165405115307566,2.340826826042092
1.1635946718448318,-0.9079688646415519,2.3709580907972385
1.1735350513080314,-0.8976834051824558,2.372351340553223
1.183099094284261,-0.8872728970335277,2.431093421453593
1.1913937250344564,-0.8770105772742571,2.541162661840225
1.1997152160825666,-0.8653899076218773,2.500979702992935
1.2099262113366513,-0.851850435219118,2.4944656789653337
1.2184032301113359,-0.8416484325685054,2.4254657462441322
1.228189757377779,-0.829294409092094,2.497165550760941
1.2355334678262473,-0.8175846574135622,2.631018296710563
1.2418385092281825,-0.8055468576479566,2.6370465644481618
1.248279109367189,-0.793293345555804,2.672600221730741
1.2546298124854331,-0.7800547987886395,2.735262395407497
1.2611500819100596,-0.7653988147624878,2.6943936802966024
1.2674707585656053,-0.7518991793730728,2.6822560804474915
1.2740867385188848,-0.7414456219902466,2.4961788157569034
1.2816581634500137,-0.7303618032888992,2.559859085085453
1.2894696673584334,-0.7192814834802862,2.5298759345042074
1.2971421014433668,-0.7082060385717535,2.537166982119805
1.3047505811631968,-0.6970825434216538,2.5481229562532386
1.3122652646729434,-0.6850445823792248,2.5814684783243997
1.319577706175104,-0.6741511364213598,2.5044657688048435
1.328074146197693,-0.662583925769085,2.5059386425519516
1.3366193607237173,-0.6507188421531593,2.5148166442688082
1.3459348213872586,-0.6387170482581388,2.481507552367413
1.3542448797429412,-0.6270887277503989,2.551985096438298
1.3627809582643917,-0.6142090249934185,2.55362169401158
1.371004656931321,-0.603242543831953,2.4919548482525995
1.379242523561046,-0.5922006242687408,2.4939225443845427
1.3885039237738717,-0.5794069150335994,2.5546812735410698
1.395919452548154,-0.5685812851257166,2.548581514970761
1.4033779975724696,-0.5572095482666789,2.5435942213760994
1.410902887155209,-0.5454429863614708,2.5722729508897633
1.4176289511763254,-0.5346319808201746,2.6053681560247517
1.4246893432343195,-0.5232997046931509,2.564334319759803
1.4325154001015474,-0.5118146034712436,2.526718895043925
1.4402997345161266,-0.5015081368065254,2.5001464973805816
1.4486017837778131,-0.49214961714152305,2.4001843008520605
1.4575665081408504,-0.4820010060817282,2.4299455418016422
1.4662497974633921,-0.47151346532785526,2.455278446243763
1.4749407995734554,-0.4615641983556467,2.409424163604501
1.484762607629286,-0.4514852624050835,2.357316668963006
1.4931953530745112,-0.4419537731057027,2.42374864632847
1.501690566606715,-0.4327089242300279,2.3888801176039034
1.5097676825052269,-0.42263134688885323,2.4782601509661424
1.5188091984770946,-0.4105205932294363,2.4933737958311073
1.5266278536623812,-0.3993470639683551,2.541401682928783
1.5337008012074664,-0.38869395735892404,2.5480113038416907
1.5420580984495744,-0.3775404421954397,2.454013280599979
1.5496441293806502,-0.3671580655289306,2.4774008307938695
1.55782585853158,-0.3567427110825405,2.4551488177896412
1.566259102670347,-0.3456168422444291,2.500379419012733
1.573874100051054,-0.3351125985891998,2.507482755924444
1.5811477517552364,-0.3249505682669037,2.5051742563124133
1.5879725114364422,-0.3159094660057824,2.4764654758429874
1.596367265923994,-0.30541165780826923,2.45022636725977
1.6057995075173146,-0.2950012431077481,2.401230934523443
1.614195875091435,-0.2852517270117732,2.4921256235814306
1.6229591263324712,-0.2744034359254693,2.445699651109344
1.6332026259610404,-0.2635424887827663,2.33911764994647
1.6418252441231764,-0.2551118220720375,2.328553257263658
1.6511495850020226,-0.2449953916038058,2.4296779049464288
1.659118838798352,-0.23494958603021882,2.469363237882034
1.6681175433107545,-0.22324171143493607,2.537423905545462
1.677112227936431,-0.21358037481582381,2.341320243398912
1.687856357781547,-0.20289323000091597,2.3781942358180297
1.6977817653389315,-0.19263088195416392,2.354076274412859
1.7070964906582915,-0.18399950496864695,2.27602668796086
1.7158418793981354,-0.1760471814795237,2.3247969631856336
1.7252101728682667,-0.1675100448360117,2.3256130257305583
1.7343004602336431,-0.15916227216786388,2.2932884013274437
1.7443340422052942,-0.14935862294609467,2.3482833511913914
1.7532671337056758,-0.14162339197453133,2.275809301651702
1.7639370798317386,-0.13373499584578757,2.1753220158191398
1.776260249242897,-0.12595453398235382,2.1545839163940292
1.7885312813001657,-0.11769508753930098,2.1687149904446397
1.7993568564970737,-0.10893613765730563,2.310446938149331
1.8108464085811427,-0.10107753149732415,2.085148621113212
1.8239930851253536,-0.09314766890133502,2.1222511243463487
1.8367795102193938,-0.08391908852527642,2.256133452713759
1.8491467177413186,-0.0730020604381203,2.3591493315487897
1.8587609871748167,-0.06244052104492816,2.409895584913143
1.869257374711329,-0.052303756687379896,2.3030440425882226
1.8792566399119657,-0.043235065282753754,2.2744617453085394
1.891610741983111,-0.03222619502893226,2.295076537808516
1.9039608666909178,-0.027358028335417128,1.7631043338500327
1.9174862469370084,-0.027410505732576924,1.4209643513465722
1.9322228561520227,-0.02751457537088275,1.7287503260800134
1.9448826205681555,-0.024072965106334675,1.9361036368736633
1.9577565653546818,-0.018791650436686683,1.9963294291081164
1.9710658714900626,-0.014246912041352821,1.8444583193407242
1.9822124069522706,-0.009449687998902268,2.0110247586477206
1.9964650823019496,-0.0033617476113669458,1.9580256193397145
2.0088542123623556,0.0016666901656129632,1.9853995371912536
2.0242862115345392,0.007682655736865116,1.9481941269802565
2.038261078611932,0.01138201128087596,1.7583487532978244
2.0520102533657147,0.01574876279740069,1.900647967808114
2.0651318185040184,0.02154735840037275,2.0763355696659542
2.0775331529555983,0.026969971995793866,1.916902363322634
2.0901445900347886,0.03155925051031363,1.9558596757175264
2.104297502191649,0.03719661957442265,1.9932960326707767
2.1171536890429805,0.03875562177745141,1.5859722659155833
2.130098122159728,0.041539334980879125,1.909763415265234
2.1424979058219646,0.041883188567392704,1.391852224445007
2.157547114120267,0.03988572034531267,1.4653229834887238
2.1719093467526656,0.040900967756067684,1.7667384931468175
2.186450661348771,0.04104958928541192,1.5029385490303386
2.1994798498989683,0.042398943591041384,1.8387627803985094
2.214708256901893,0.045887179766541136,1.7568520473032079
2.2285537311764196,0.049501053899966396,1.8469139191760067
2.242494896050367,0.049599947449929856,1.3983683570371552
2.2552545439142606,0.04431523355044494,1.0423350249245982
2.2673677742070812,0.03879017282241001,1.1961073527499004
2.2819249271636504,0.033875643372232596,1.2783771282737069
2.2960620716384237,0.03253730900035689,1.6393994655399313
2.3112357897815285,0.03243369755199538,1.4995899481285837
2.325538359532279,0.03315708256853518,1.7130511547917822
2.3405722780183935,0.03321269515379665,1.5244259386762573
2.354721813863359,0.03222926944632943,1.4722427720955273
2.3688018148253898,0.03361074349961527,1.826898955114381
2.3826833638529945,0.03652060302251042,1.8035374719825863
2.3978676814793234,0.040149270398527094,1.812330996452122
2.412186916779103,0.043209157174360496,1.7917904192588638
2.4263539101635763,0.044678071069924746,1.6092200992172527
2.4410791188165883,0.04447370985163267,1.5353731991609574
2.455283820834699,0.04471288978384251,1.6023213365652265
2.4698610303724986,0.04564285479697344,1.6644324597161129
2.484077654651722,0.045015570447093166,1.4715141712206814
2.497881257487662,0.04334185533595541,1.4537169283338207
2.511963208087345,0.041525428169043886,1.4200066713616024
2.5270463373861936,0.03911440885598505,1.3809639663323008
2.5416131301304286,0.03805839614134104,1.48217442679807
2.555777671561141,0.038594295498202924,1.705065201245708
2.570521446596125,0.040309719390326855,1.711821100474132
2.586554298653281,0.03930496900130417,1.3576162564008802
2.5996794556749574,0.027598103301491886,0.46022052551378684
2.611982460288173,0.017889413201880245,1.2037323763505163
2.6269921756523784,0.014634940757528404,1.401312450446851
2.64177734078082,0.011090475137088981,1.2989235943389472
2.652343086775955,0.00251342174973748,0.6223503502741531
2.661692209482685,-0.006194738683141555,0.9067478483043259
2.6746420510778197,-0.01568161059475871,0.9341665609922719
2.687229400492947,-0.019620490308026796,1.4928120853913813
2.699238984446621,-0.024312233290251156,0.9985013207344478
2.7129827356960705,-0.029232373123814232,1.409263744256802
2.7264158276378585,-0.03940386147929937,0.5939470499135161
2.7306388837878517,-0.0530117700555787,0.11834852079758261
2.7403628100007023,-0.06556999039532424,1.001104931026632
2.7533156776556766,-0.07335695011460476,1.0344208999175843
2.7648534031222622,-0.08005219535729974,1.0230673668148482
2.777126225744792,-0.08849379071430485,0.9350577100640002
2.787585765663908,-0.09550949929786934,1.0188570545023905
