-0.1797824274304558,0.7339037189753254,1.613958192916388
-0.16613970645110393,0.7343928546560493,1.6110312216607707
-0.15149347413081898,0.7348627820484969,1.6097749706803073
-0.13735968045919955,0.7352811334306287,1.6121465097955132
-0.1230117727101689,0.7363267404217542,1.6777097872099702
-0.10828947657762347,0.7374584990990554,1.6551356853239123
-0.09339714650303638,0.7388046037188204,1.684711286764886
-0.07920460801038635,0.7402308427423626,1.701206433934896
-0.06373995077014817,0.7426317930620359,1.7447881286979372
-0.047647528146385336,0.7456029675085222,1.7656646757335326
-0.03369469335405404,0.7485084627200896,1.8109043376997052
-0.0188187717206811,0.7522256567444416,1.8032814124313121
-0.004298900424518571,0.7560815309890886,1.8561061708269733
0.0110880629744833,0.7603210856984051,1.8396303929585462
0.02627696737918096,0.7644554352736121,1.873348615680992
0.04026536268319468,0.7682662599911629,1.8402980755214295
0.05354882425888185,0.7719668996156547,1.858979410657321
0.06903081506938015,0.7760717647240809,1.8678808115043561
0.08466246255806562,0.7809270667569251,1.9208933746405819
0.09902096404490435,0.786081500334255,1.9236778859940509
0.11324403013647616,0.7910387789265173,1.9059072833199062
0.1265126725725699,0.7959925694745381,1.942743117191567
0.14009830844291482,0.8010994846925104,1.978167167395653
0.15489928113505927,0.8069819171241457,2.010574346830795
0.16939241323812612,0.8142004351177065,2.028168674536271
0.18315553484618458,0.8201389943474634,2.0470143834466934
0.19560749556172916,0.8273441519455182,2.1013384913483923
0.2086714547288506,0.8357491660820897,2.160477768555145
0.22194101184049086,0.8432720544339256,2.0522583837648396
0.23505467746986206,0.8499324758922249,2.0581006263691863
0.2489492587099713,0.8571010499449826,2.0545507571098205
0.2621812776112189,0.8636681898443186,2.0695379517594246
0.27419967045660265,0.8704386259554507,2.119231943970121
0.28654796825220513,0.878585012006471,2.1727545218454773
0.29799721892211806,0.8867072124157701,2.199059563599084
0.31025712412805706,0.8956861729762196,2.2265604337396914
0.3219344736741045,0.9052482524974064,2.27670585943985
0.3319123597622577,0.913434000467041,2.238484279980339
0.34465419833763805,0.9235778735539937,2.2783530575454556
0.35594658695143316,0.9327545359559983,2.2645546796838087
0.36725543765192953,0.9415666197176144,2.2103498464776052
0.3798265152393443,0.9496823480139265,2.1329163420840658
0.3924035390399288,0.9588900965578577,2.276866149257589
0.40326036652687464,0.9685180488903727,2.327189461477728
0.4139306552734306,0.9792545920199596,2.373878128094623
0.423199204729175,0.9886439870727142,2.3838624103656523
0.4333727846511062,0.9990661858680284,2.356739342416886
0.44220949669427706,1.0074212929609645,2.310842784531892
0.4531245945648957,1.0176183784722366,2.366977992995029
0.4639012748779084,1.02814407965157,2.3609914078441516
0.47440429887853397,1.0389407568284483,2.3820355970078118
0.4843615764951188,1.0503671987328016,2.4518080836703438
0.4920976615843016,1.0601764317795495,2.4606418679873396
0.5023655432314389,1.0733570524773957,2.468776171709173
0.5122788800899654,1.0852669909221704,2.452913315942679
0.5220683087879866,1.0984287476374202,2.5434937699551843
0.5297609534171789,1.1091429198279472,2.4889484983626136
0.5366775555789762,1.1194941724777663,2.533508090401005
0.5468025631960509,1.1309944005034727,2.3268387739718563
0.5556721801703903,1.138361439031848,2.258287275968024
0.5665806413932355,1.1480514831308575,2.293424247926751
0.5769268893429963,1.1592897172085452,2.4501526220913648
0.5868677964333119,1.1711496810877717,2.438243675441369
0.5959196156830985,1.1824108961942639,2.450989912379127
0.6045610199782151,1.1929925972905515,2.455973634594247
0.6143128692885051,1.2034272934047665,2.33831968689567
0.6240478877000009,1.211591528734995,2.240704299633051
0.6342377970583356,1.2200978055781786,2.2718717983909027
0.6433832100510287,1.2296943141114145,2.4082437389004343
0.6519156993606939,1.2384813391091885,2.3399941836148725
0.6610022019009033,1.248912991321036,2.4546851524992
0.6705329526968247,1.2597443243217095,2.419464733723318
0.6793853034859596,1.2697352466154026,2.408839897038442
0.6860170153728429,1.2787624836684552,2.533911342652579
0.6947746507552915,1.2900666916778458,2.4801623341878405
0.7045131766578222,1.299681823582333,2.2711993729018873
0.7153120191089071,1.3077994822819614,2.2317760263062607
0.7238438447940367,1.3156288020004308,2.409751696824262
0.7304082395050178,1.3242767629301313,2.474425610174343
0.7377927959060079,1.3335484106724989,2.4319797273809938
0.7470438418880945,1.3435954789448,2.391065019788523
0.7535770727234197,1.3527092198310107,2.5384819809267416
0.7621597819001891,1.364042640111328,2.492538853547365
0.7697189908433647,1.373612120232823,2.4580986239093687
0.7783964640368736,1.3860602431836841,2.5039627691686976
0.7869148864751146,1.3957691745239094,2.3647701509289325
0.7952561750330346,1.4050245584126004,2.4295426131512827
0.8045257423250944,1.4139091485386721,2.254557630289637
0.8155999441131108,1.422460222868493,2.191554506739545
0.8260183026630246,1.4311596366690236,2.303619052505018
0.8371755784524464,1.4416236048413305,2.3341787681264043
0.846451509454735,1.4501411387255998,2.3088836276225444
0.8575176053370472,1.4598620716288668,2.274974617586599
0.8677589404394195,1.468832060273284,2.323466330949267
0.8786662675211877,1.4793885267382205,2.3300715807892955
0.8880516544849274,1.4879859812465965,2.306006543449171
0.8994860807706901,1.4974948990332648,2.266700495800019
0.9100555057393653,1.5071555560973502,2.3619125377162256
0.9199916349443635,1.5162539218454352,2.2915791275470903
0.9296975417332657,1.5253122883085084,2.3099870423014397
0.9413383502302486,1.5353104959384125,2.2857803800225565
0.9523331670293244,1.5449875377476945,2.3253146077003923
0.9628767579586168,1.5551227275557822,2.334921217996097
0.9738904633861925,1.5655675001359763,2.3272953872313176
0.9839714736603975,1.5735429695412537,2.1851787143081394
0.9921510138559062,1.580148884723854,2.254305341088805
1.0038055526041607,1.5883085936669472,2.1304029210065876
1.012944574473711,1.5943534294346857,2.263537824262163
1.0257321771327603,1.6041061492044195,2.2094998968276967
1.0389954587532968,1.6082964046396537,1.706044315845672
1.0535622512835146,1.6133732346963277,2.0555970511542396
1.065459435049165,1.616610032644746,1.6983174045715743
1.078998482189503,1.6170782285084007,1.558917230440116
1.0927635107259117,1.6182448429097336,1.7187495992589459
1.1045373978266302,1.623725706788182,2.2328487821424283
1.1163789786156204,1.6312775293783464,2.02312753580096
1.1295176891045915,1.6377328453672595,2.019662099188516
1.1418843499434213,1.6429129631634747,1.904548318715702
1.1523558318836549,1.6471604039522827,1.93995228272294
1.1645570891283377,1.652222617131427,1.9676296870248668
1.1760315586597008,1.6576219077413687,1.9999920277561336
1.1888881277342702,1.6634043064983168,1.9922335934904756
1.1994294176041214,1.6684708998694238,2.0682210150480547
1.2112668493641896,1.6750562733928143,2.1181784156123977
1.2222866217489272,1.6822720447578834,2.172981371135391
1.2328396114136932,1.6899401643768523,2.195039748558439
1.2436712724631425,1.6974899055818293,2.179888615076156
1.2539071273264235,1.704321707761552,2.1529428688701873
1.2630861508038589,1.7108246873454704,2.2333077948460147
1.272581541993771,1.7175220545808318,2.1724017887393967
1.2838597769898552,1.7252053723072016,2.1606038528442464
1.295911357386931,1.729761325595704,1.7400517682993024
1.309208313696179,1.7351158495207957,2.0140302559710075
1.3217610527423362,1.7424359975498498,2.109568110129112
1.3336464894498097,1.749588425552745,2.110342104580377
1.3455615355354427,1.755301608739689,1.9369121349355958
1.357638765494254,1.7607779421152827,2.0609276445766342
1.3666025102782156,1.7664402690824719,2.1951105262164012
1.378473321298881,1.7734000804710082,2.0644361815058203
1.387978571476932,1.779274803172936,2.1783671121479617
1.3992737700521758,1.7876156490563988,2.2065587787298346
1.4103685252899012,1.7960760699498428,2.216150848553572
1.4233684088833556,1.8051498291263046,2.1561514971357725
1.4347708158580126,1.8122097776606123,2.1322921646107416
1.4467278466867914,1.8201754881054413,2.1537807504737545
1.4594943109038074,1.8288903179579952,2.227443327837341
1.4700353152341485,1.8368802378987177,2.1986089963951243
1.4810882170440811,1.845184715953011,2.249087532743835
1.4915569645944684,1.851285350458708,2.053108708324565
1.5019249506671606,1.8576481967112979,2.1564751258611605
1.5106090826780856,1.8652904648371602,2.3333386912931697
1.520699581382002,1.8743803994905335,2.2836025382898133
1.5306007907080577,1.8827233062611202,2.2603612804754505
1.5386436200355809,1.890029777960368,2.3232861564077636
1.5511043304775,1.8956401423555007,1.808014768764077
1.5645979374450463,1.9004983085180884,1.988275569317084
1.5771335241488846,1.9027063555251993,1.6126945285160041
1.5909729037693356,1.9033422042628696,1.6232815589262732
1.6022748056922378,1.9063124522249983,1.9127523378014473
1.6115116851077718,1.9108947353566041,2.099705713062949
1.6241944031245692,1.917097834550801,1.952712519725631
1.636644862412325,1.9217930183261387,1.9260472187783295
1.6487109417531483,1.9275909971865643,2.1072353839321876
1.6597409755012398,1.9343415737602132,2.1380571337274676
1.6721158141768016,1.9400040519113682,1.9509082541348532
1.6848166293535378,1.9425958585035847,1.6639860659587264
1.6983544204907197,1.9458995689535055,1.9571353247943408
1.7139026663287102,1.9516169789453128,1.9604237687287422
1.7247787098238219,1.9575049095108952,2.166463824689203
1.736060591852816,1.9643629660003865,2.094432439550578
1.7471685191024762,1.9690091159136447,1.983937507808597
1.7607409867020687,1.9747762441939436,1.9938835764990157
1.771621383241926,1.9797822589863907,2.0059982537596643
1.7856574381636032,1.9862780357757135,1.995680474036519
1.797781951829093,1.9918628242666683,2.0151234874596238
1.8092680532270236,1.9988653610528526,2.161595542068412
1.8212494244011879,2.005937295613631,2.077404738175153
1.8344428315344055,2.0130482247888484,2.0702917860324987
1.8472432614986622,2.0207444474086564,2.1197205112324364
1.8601766205425652,2.027587158127095,2.0256967964540706
1.871785700228728,2.0334148894942397,2.039165246290739
1.8846355928575724,2.0391347502402906,2.0209902872347234
1.8973201368573198,2.044510817311832,1.9349119565698558
1.9091698576795784,2.0510584018416487,2.143187637225394
1.921318956405867,2.058080913591745,2.0773135905788105
1.9342627250675217,2.065290607657583,2.0956995966176133
1.9466483895979354,2.072139675160068,2.105356386129455
1.9591105199774044,2.079531602358333,2.09143311643105
1.972803450112325,2.0847245261719056,1.849973390777044
1.9874647643205927,2.088255376130416,1.816605497851216
1.9991435143728038,2.0943630080439384,2.1762526664425317
2.011301926598556,2.100072941098246,1.9459747757127916
2.0247495421846002,2.1052614666566916,2.008855525883619
2.037246360711186,2.11113174929904,2.0534957124063475
2.048725974499245,2.1153502073477854,1.923858748383487
2.0623128793439447,2.121722919892837,2.044827545605119
2.0752241063756274,2.1267419130141194,1.9040270749494888
2.0886495392865547,2.1326601719724394,2.0603804558746526
2.1007442469135666,2.13896495565787,2.082814162446686
2.1118712475246233,2.1453739964393495,2.0750697297227862
2.123807934024366,2.1507781916009034,1.9694608540461287
