0.019585930586156444,0.512306248154715,1.6247119740391474
0.03325007622471036,0.5131285699189261,1.644317703922193
0.0471387384428156,0.5141219918337535,1.6396210799604163
0.06121779081424197,0.5149099967720886,1.6406889872765438
0.07540839991267043,0.5162974876045718,1.6909795858441246
0.08886397472465564,0.5185759907882744,1.7323508037635298
0.10183049036995247,0.520699318692328,1.7564085739487487
0.11522898292459782,0.5227835601321887,1.7611405339107198
0.1305867943311474,0.5250303504513072,1.750280469429543
0.14437508878331864,0.5283355058127288,1.8517844697897508
0.15909739905787218,0.5317456523735382,1.7983989416598247
0.1733667796695421,0.5345171231732064,1.7697858074802881
0.18876270607475973,0.5375249943059948,1.7896227059350416
0.20316933305201224,0.5409973530605845,1.8398303186195917
0.21565917885343303,0.5445401962451134,1.8572095449215498
0.22937985384073364,0.5490643930247476,1.9746697679464091
0.2433274893989633,0.5536515824384889,1.9169521287488627
0.258517029630431,0.5592319209575134,1.9256049984856323
0.27314654050607123,0.5647522458437484,1.9672423309657907
0.2868318683367333,0.5703262164199432,1.9637956043670188
0.3005833299893358,0.576009786688405,1.9470766334219438
0.3153012112592227,0.5814751733607583,1.9355804102207954
0.32848504048163674,0.5871519293799864,1.995150753417091
0.3405536236798501,0.5924691537137037,2.0002549875805222
0.3545637157711987,0.5998999282876748,2.0756128359226986
0.36733416970841026,0.6077494406485203,2.1357018135932146
0.3799302665446029,0.6158346385744696,2.164979638278792
0.39285113984130976,0.6235369367472475,2.1256790629795534
0.40542496008161033,0.6312743059224104,2.1572768219036083
0.4175192307220037,0.6387257489652785,2.1299210491362603
0.43083710988850754,0.6464643086330849,2.09340698878298
0.4446027763497397,0.6537371565095512,2.0541038056225
0.4582001335664753,0.660401379342475,2.0694584835683183
0.47222917121167496,0.6680951220100086,2.082777586351194
0.4850978085204689,0.6749059965486234,2.0598003925058994
0.4984241904443585,0.6820991063545779,2.0881825953686324
0.5094808704680847,0.6892142713036264,2.205270030822487
0.5218776786254363,0.6984285155453365,2.2144889694109056
0.5351376609979511,0.7074380918228862,2.177342792882584
0.547926043154304,0.7169651350839925,2.253903995847812
0.5573203953699816,0.7249339752553394,2.2882041767866923
0.5687432352651426,0.7344661540471089,2.251362075666329
0.5791576037089564,0.742805940925375,2.265302362612882
0.5918290252230394,0.7540350623038423,2.295232746120568
0.6043818641962906,0.763937307500044,2.228454788521549
0.6155143241303992,0.7726264613872296,2.2337982928662234
0.6270821610600789,0.782516993360525,2.3318722540775627
0.6367932850964488,0.7928733466263375,2.4179430078660284
0.6456396947227968,0.8031451932168217,2.44067991482238
0.6547202433900039,0.8148243708514811,2.480399122861717
0.6633133867088629,0.8249765759054872,2.4309749462231713
0.671197090370842,0.834973671031565,2.4938083250557788
0.680456462283703,0.8469240003828667,2.476058152674305
0.6896903536430918,0.8578265005247575,2.3832809263219943
0.6991459292752167,0.8674351157484729,2.4059700978880167
0.7077689669314176,0.8783420815158597,2.506047831155484
0.715594872353577,0.8884997859548411,2.482217071116083
0.7246509050665324,0.9004461780957965,2.487212668924158
0.7355733150089332,0.9113248775066278,2.313885251794605
0.7457323120000285,0.9228727221194567,2.4787852264644044
0.7564187539304157,0.9335528092058829,2.305692573770856
0.7657654080646085,0.9434009634357091,2.41081957501705
0.7740779170450499,0.9545676157522074,2.5301756582047976
0.7816505328449853,0.967238683783915,2.6028771578337775
0.788656159155158,0.9786670717028536,2.5489609985296604
0.7973161698516313,0.9910323349268446,2.504410544857287
0.8064377272009776,1.0017819086034747,2.423068112746217
0.8150002306504983,1.012806276449533,2.4846856127281995
0.8231869848277052,1.0234779852398403,2.4894634545072205
0.8320532438842977,1.035176144890512,2.5090494444286846
0.8411109059382871,1.0479444967491516,2.481389632603638
0.8498966738308582,1.0596947636437817,2.5269779500408927
0.857300670575663,1.070406122936297,2.529276465891101
0.8651722407762776,1.081813697802361,2.4923740732153687
0.8748220754714823,1.0919054559782,2.321360202995817
0.8846739305601958,1.1024699626842744,2.451299362361041
0.8922910982330557,1.112127187025151,2.491548305203197
0.9021389747301021,1.1231678348351937,2.348799015334986
0.9124315526404647,1.1347101207671146,2.4455686715630223
0.9219703533021868,1.1479229584533728,2.5149978156764847
0.9303967631390421,1.1603530068656125,2.5429277716210636
0.9386257457920474,1.169074950140659,2.280394123852316
0.9469186237361634,1.1784734048094507,2.486836550542804
0.95455476228962,1.1906989818291625,2.607086804636113
0.9630142529482204,1.2014128028348183,2.4336036853507337
0.9732760651985637,1.2118414323092088,2.3312199319606197
0.9821185608074353,1.2206077063840877,2.360407755833419
0.9915108096557923,1.2304646815978728,2.386760368371323
1.001369918668003,1.2406309500179875,2.3946471162985965
1.0112154367123012,1.2501511284251325,2.3214178650256736
1.0218398410552476,1.2599249172324367,2.3057790915104306
1.0321971069411546,1.2690944348787885,2.3118279451555526
1.0431539793163156,1.2755015477557774,1.9881274397218116
1.0548948735412012,1.2805985841098302,2.020362842920249
1.0660817027365233,1.2884619261766581,2.2752855018116755
1.0776975462450982,1.2977843488324678,2.2310256575571
1.0909174735162266,1.3088427415563892,2.2862147412711837
1.1029090497161964,1.3188298155623828,2.276360399295385
1.1129122452322353,1.3260885520486971,2.153954034014766
1.1238694427441154,1.332640902689737,2.096303941153897
1.1374168974646877,1.3416903849688229,2.213161820459969
1.1501974141018738,1.351595713889055,2.2085679242780003
1.161250632472369,1.3606815903707519,2.3401701271832867
1.1713951056147893,1.368909770042152,2.2372510630487454
1.182215343310056,1.377363667817226,2.2402151652977285
1.1921091700191562,1.3852212814227496,2.249753554718461
1.2034981147689594,1.3943722499917364,2.23766705191464
1.2147888112033662,1.4016393033394698,2.103522730854784
1.2283188923013983,1.4100947039421186,2.191371871282244
1.2404484071341733,1.4134977220320768,1.6283266434858423
1.2543386762393562,1.414817197503766,1.7011772329315844
1.26896618301538,1.4148378421693524,1.5250987806116434
1.2831154561518976,1.4163948364392376,1.8165960961643182
1.2957751742611288,1.4226420679459,2.2353476029129222
1.3081607395228747,1.432449236161586,2.213339509516493
1.320423403276096,1.4409885820018846,2.217002789290279
1.3312534121553008,1.447352022166842,2.0346645146869857
1.343930333246682,1.4532406525798243,2.021568641315573
1.35711941057194,1.461223689643486,2.1785912737159507
1.3703111034327629,1.4687465888558595,2.0277776769255995
1.3840299188198062,1.4755721878184012,2.091195442068635
1.400290705683366,1.4823061180774844,1.8879561418529698
1.413823385676012,1.4866493021481948,1.8903031509228305
1.427800404012377,1.490882939786155,1.885276684890119
1.440994495853623,1.4912788916755153,1.5514102328553452
1.4553132162683988,1.4916538443599594,1.6657742983988248
1.4688119301703184,1.4950243642198293,1.9144353524469397
1.4831454986181876,1.4984261445242397,1.7170144967952312
1.497263013002465,1.5027795379238447,1.9273866931621286
1.5096394243800635,1.5076533523468865,1.9665598753039324
1.522594966783467,1.515183818907811,2.2013636277288655
1.5357282462545643,1.5209240296895847,1.8608795756993717
1.5487713424891703,1.524074739951165,1.7904925870976596
1.559148818544604,1.5290036261535764,2.1560683624275967
1.5690581980043348,1.5359904001273796,2.2195599441807854
1.5813523702733638,1.5432829221834279,2.052468676031449
1.5941704701721782,1.5502076402161098,2.035890577867744
1.6048756375713253,1.5555582051706076,2.037955203401839
1.6171287095799127,1.561926685658475,2.062064745024808
1.629183188250718,1.567277804115822,1.9304242143408543
1.6423611627766466,1.5735321321716298,2.067715904641108
1.651882428217096,1.5791361673515143,2.1598385986208375
1.6631538415909857,1.5872811780289287,2.185600611937597
1.674896071011959,1.5953042319750181,2.190624008215329
1.6858220113209497,1.6030481659773057,2.1903968324087852
1.6978303646575084,1.610537864049464,2.084797882235994
1.7122200779961096,1.6143300890428949,1.8142607203912793
1.7253430996283985,1.6184178435586367,1.950605014825175
1.7382795654449983,1.6241305085607987,1.9369163470029689
1.7514203700857793,1.6265195631883311,1.6077497675550376
1.7655711742738596,1.62670974522802,1.561205563187522
1.7791953795774984,1.6306131179261916,2.0362855867346563
1.7946169672146932,1.6376755083407792,1.9754207991249397
1.80693225981518,1.643916471843574,2.066817121584026
1.819184231354919,1.6507205452276967,2.120572740406087
1.831526642547851,1.655891433649936,1.8256968641548994
1.8441942785611192,1.6585707730733452,1.7543517055490478
1.8560182376139673,1.661222826746069,1.8248315895991254
1.869108044256883,1.6630427628795343,1.6240096023785617
1.881172846684283,1.6647727339745744,1.7604096325993808
1.8945490152880133,1.6675700920062337,1.7683883513661371
1.9089402381520604,1.670691493014232,1.8025749341151538
1.9224448180639346,1.6739378425197007,1.8215558042581186
1.936109422328076,1.6772929654027242,1.8373288159833614
1.9493947514659669,1.6826759604824506,1.983549446830932
1.9614862117220686,1.6877841721607179,2.0146453755672438
1.9755008443729014,1.692898060189513,1.8320870812965662
1.9898774255981888,1.6964216876320466,1.8487640737845263
2.0021003633446814,1.7011559468805393,1.9946639339163184
2.013548353362267,1.7058844386712724,1.9901324450159967
2.0254208418203214,1.7115139173253107,2.0202119727095083
2.0373495649820876,1.7170878702834094,1.9638903174337974
2.050412878378942,1.7204776114394915,1.695390932623955
2.0605246432850324,1.724817784331825,2.0159559399989257
2.0744199488045907,1.731316792476124,2.0126909023459976
2.0893767972821045,1.7370404635442858,1.8758579909878055
2.1023137869210684,1.739669442640574,1.7958645346390614
2.1113666043027393,1.743791743898712,2.115025935547124
2.124046744548054,1.747105821158098,1.6506376002911396
2.136251289226345,1.7503265689915175,1.9887848021852823
2.1492843793203034,1.7564575697358082,2.014457603045183
2.162389615096532,1.7631528998768138,2.0379493329747285
2.1736480001605702,1.767537334373835,1.937779286493251
2.186811453533358,1.7725400037491763,1.9472921956777416
2.198582371988616,1.7776694191611235,1.9794900722412578
2.210054833950121,1.7829060387228401,1.9681100190794847
2.2227940136627966,1.7884954632499503,1.9867116739198554
2.2350120152753954,1.794927754358801,2.0859025883636457
2.247151153771142,1.802360174183754,2.124088808107177
2.2600546017140606,1.8102957068113072,2.136142631246322
2.2698901087702428,1.8177412092021863,2.275010087724528
2.280010268952779,1.8267229019834526,2.3020847304242515
2.290626213058558,1.8351527619535632,2.2048888808996825
2.3046529889677974,1.8404984761527567,1.7404564388636643
2.313948261924447,1.8435197993281693,1.9719789347519148
2.325389387993667,1.848989094564587,2.1283573094746204
2.337589048035722,1.8534831678521182,1.884126748207547
2.3518676071765245,1.8583008671044585,1.9231596618767275
2.3625907321265998,1.86183853356948,1.8288204545076345
2.3762984122836843,1.8668934668319968,1.934523431536045
2.3890112730729776,1.8718286305999068,1.9882446362396171
