0.15649094992224194,-1.5715772184646297,1.6219295852247317
0.16973228403434612,-1.5706909832692904,1.638741503310954
0.18413567875663825,-1.5700258417428246,1.6084607726299363
0.19872780939105525,-1.5693711933532444,1.6386336332290898
0.2128876691630619,-1.5683575423958824,1.6451503852973866
0.22693439711349384,-1.5672831948746877,1.6401570720859033
0.2405410424789685,-1.5658638394669535,1.6792962317993212
0.2548085835974599,-1.5638969209249327,1.7139861092371584
0.2690390682110539,-1.562149012440621,1.7123860397804458
0.28432753946606854,-1.560103170399186,1.7434242834920188
0.2982251909935477,-1.5572149125738222,1.8140433594467693
0.3118874549018238,-1.5538093019253425,1.833656789990704
0.32481047535978147,-1.5502753756208187,1.864151640063683
0.33919990783631865,-1.5462392580029214,1.8693970920231358
0.35591964155987776,-1.5404922116197952,1.941678491164179
0.36936007706918145,-1.5349365270094455,1.9667600279899384
0.3814026886140816,-1.530430657508433,1.9656168055775514
0.39648365699217275,-1.5253061179610798,1.961533774484098
0.4104466357472932,-1.5197616277077866,1.9475994019657754
0.4245536226385247,-1.5145578572583627,1.9596953567713797
0.4367228395269797,-1.5089408294509614,2.04112293897173
0.45076471405482044,-1.5028945360016106,1.973530757308029
0.462456909357778,-1.4976567459084646,2.0408626703579484
0.475671008140038,-1.490075507030426,2.110209956322451
0.488446898840379,-1.4838167273229608,2.001316093177143
0.503265460719837,-1.4774900425512452,1.978321368424985
0.5177951749186713,-1.4703441470687797,2.075054414206269
0.5299494778201744,-1.4635955641742158,2.0562279719180756
0.5435648537175714,-1.455799847200472,2.097495715913489
0.5569676976068637,-1.4484333975955113,2.0341248911874095
0.5714130270698166,-1.4405569373953204,2.089526774663071
0.5846661596025883,-1.4329921641165793,2.069582224592236
0.5972031714771014,-1.4254192793612448,2.134043713473327
0.6097052491950357,-1.4180633360740629,2.0583616600063674
0.622532611985425,-1.4112364203946088,2.0839526315374615
0.6340427203615768,-1.404651095838673,2.1293867643760302
0.6462051960662473,-1.3970668130045167,2.1040134348766104
0.6586238022231102,-1.3899464481629813,2.110614639558008
0.6711541367541082,-1.381786595627419,2.1778252980358577
0.681006627426776,-1.375725793321134,2.083762782510034
0.693068087900776,-1.368953138360302,2.069126301183202
0.7049791339214921,-1.3605485256430316,2.2769449380108986
0.716367440798419,-1.3504916151617254,2.290021581502055
0.7277966870543815,-1.340619057980539,2.257233364668153
0.7376137971509492,-1.3336142878152766,2.198596240116703
0.748032643014632,-1.32592193664488,2.232236397412936
0.7580869131789395,-1.318527693230933,2.196740283911971
0.770331997122233,-1.3081825630338915,2.3134883620281435
0.7807449280218886,-1.2992244188832203,2.278569329969438
0.7908628667761988,-1.289902177433953,2.3550288078328614
0.8015070933166366,-1.2789989136686881,2.3943234147426065
0.8110562880125483,-1.267869291022048,2.4406154920475935
0.819765856175043,-1.257610070543406,2.4261862920266926
0.8284818229427392,-1.247035916354956,2.4649778884427813
0.8371785506668541,-1.2351966830008678,2.507151144581204
0.8459949718560502,-1.2220481614031942,2.5289387886672094
0.8542006705976893,-1.2115054902470916,2.4533587561344516
0.8640478051713585,-1.1998812298260746,2.4303378770960253
0.8719691283217147,-1.189705367977892,2.493230973331961
0.8797879616896526,-1.1774058256443491,2.609662899696488
0.8862671760263819,-1.1660397745250115,2.5885913467816932
0.8934981639563879,-1.1536089649621168,2.5832641997106425
0.9023466680255576,-1.139558440060118,2.562517627237635
0.9103959114461065,-1.1261269080559513,2.6198780676937194
0.9173221256564554,-1.1159154136971505,2.5136000217726995
0.9247616000373691,-1.1052224410247031,2.5784623832754794
0.9328528726285272,-1.090961405212197,2.6476361105529937
0.9397576379813021,-1.0783097475156738,2.62456645111545
0.9478705339274468,-1.066993681854001,2.4810308736492974
0.9563045413066427,-1.0557045387782669,2.5564050111179073
0.9636484975155263,-1.04422933211162,2.558149459177236
0.9705979689583235,-1.0332580842682564,2.5849185490237576
0.9781339832713258,-1.022636265989896,2.5331426614620476
0.9859584619085099,-1.011510863533564,2.5166643386114664
0.9946920446278572,-1.0002812002257848,2.4692834809135333
1.00077159183335,-0.9919480176195937,2.5181719880362707
1.0089180978048675,-0.9800176679927132,2.540956153365305
1.0157690446402021,-0.9704430085790923,2.5042326780593047
1.0236950535240752,-0.9602448260633009,2.487278510962046
1.032599809564844,-0.9490140633917638,2.468524289707586
1.0410733437918012,-0.9393582777862084,2.3432213263408617
1.0467215341208758,-0.9322538763461407,2.528593453674358
1.0550422124010679,-0.9202124807118361,2.5512760412981668
1.062573777192183,-0.9121236796276292,2.3824305388060867
1.072493479465347,-0.9013547066809385,2.3840102315343863
1.082357668587833,-0.8906695556766169,2.4488268059691762
1.0913679733810133,-0.8809258550367349,2.382228600836046
1.0999910100925046,-0.8710354459554132,2.417957309088549
1.1101016555845435,-0.8608361561138024,2.3283076713114954
1.1202431571867757,-0.8508981762558828,2.355232183724694
1.1309854994246318,-0.8399973870770129,2.320216995873663
1.1393651058796865,-0.8324204890675144,2.2960987174599996
1.1504033279488766,-0.8224070145642141,2.3292658738085237
1.1613359720248453,-0.8130552372956283,2.288838476289516
1.1714980243507267,-0.8037497892766964,2.3425008906046294
1.1834102432187856,-0.791660163032908,2.4080530098798194
1.1921481795668134,-0.7807754137939368,2.49930366921329
1.200976346675539,-0.7714450094637273,2.2924201619336197
1.2111926241492976,-0.7622191292418717,2.2991435731642733
1.2226336480855964,-0.7521508237270476,2.276171099843979
1.229719885835555,-0.7455451022539475,2.3324809788711405
1.2397856531011113,-0.736310596487344,2.3285426226839907
1.2473228602292217,-0.7288717781309858,2.409806110503384
1.2555826914882975,-0.7196165267638531,2.398725475991583
1.2662113737182725,-0.7088286599480835,2.329993015932261
1.2763049014994037,-0.6997374147051347,2.3094006161955454
1.2862362166810644,-0.6900177355466811,2.3663018619298466
1.296175365578294,-0.679098491036663,2.4192448894787537
1.3046889664771346,-0.6692873765859565,2.4216110657998717
1.314374685606786,-0.6576554638004732,2.4909130694424597
1.3224714854203037,-0.6478554741473882,2.4259007830601935
1.3297475502015894,-0.6394267238960899,2.4277808807585552
1.336819689211846,-0.6328999190577018,2.2755235619261227
1.348508620635243,-0.6225396649510548,2.3073867228743308
1.3591037072363459,-0.6133457251349844,2.2821549889671875
1.3672828702193014,-0.6065025046541184,2.2744111943595353
1.37781304914328,-0.5959310091035871,2.422223775312684
1.388443879391452,-0.5850426822429884,2.3648360625609413
1.3996753616789368,-0.5748446046021966,2.3159240792328815
1.408275244768983,-0.5660834153374845,2.3854509796526964
1.4182091009351825,-0.5562236847853285,2.285881025023617
1.4266803972158832,-0.5484142519310448,2.308842640810939
1.4357038055451918,-0.5400683757376229,2.3053779450477783
1.4464488713418882,-0.5317677423330981,2.1724825264969017
1.4584603652267023,-0.5230813676972584,2.2018432407842985
1.4694003236573077,-0.5135667732016334,2.316405566495933
1.4783972385070214,-0.5043309689952499,2.374235989094886
1.4869138974303342,-0.49612056356612855,2.319775910800393
1.4967063490617016,-0.4882369564015314,2.175036902568829
1.5059063921563804,-0.48087265625502557,2.3273263039264083
1.5130872338327517,-0.47238803481933245,2.4231119871667284
1.5230332160251998,-0.46105001750946356,2.408146048170179
1.5323580484826298,-0.45312257763381036,2.1623408042077834
1.542867511851715,-0.44752133211411865,2.1111986954894526
1.5534871462768962,-0.4399836546408632,2.2173966894413533
1.566849300904987,-0.4325509874066341,1.9526159979846396
1.5782800256204859,-0.42753679772223213,1.9518150360781865
1.5909508942561021,-0.42293416165758824,1.8580059895981988
1.6042303885263194,-0.4175986878071718,1.9735001817578395
1.6168162384395253,-0.4136967597873146,1.83854704981836
1.6304611715448538,-0.4078094812431016,2.090597095470431
1.6437204457777832,-0.40050767371781437,2.1171782084900075
1.6565207642909516,-0.3939597701230882,1.9546697915279265
1.6699603770961018,-0.388124660352522,2.008470239974148
1.681978834363165,-0.38246548132630737,2.008994171396056
1.6970001961077392,-0.3776164078363665,1.8182066705709439
1.7098766234034197,-0.37402123662552383,1.8237080119785003
1.7225267020003212,-0.3716925710168478,1.771790204849055
1.734803481574201,-0.3666422419628693,2.0562606401643255
1.7470626166615477,-0.3599833187032809,2.0723999649020937
1.7584249865468944,-0.35353164823663347,2.078801851038509
1.7706420184646263,-0.3464905429199594,2.1339051393960013
1.7835641835745324,-0.33987960256717764,1.952856163724746
1.7952450239156057,-0.3348775768182556,2.0181883219845065
1.8102535650992404,-0.3298529380296453,1.8844866288294848
1.825883992589735,-0.32558449656503885,1.7797858784859513
1.8409259647754825,-0.32430630263430016,1.644893513776582
1.8541900067727983,-0.3218686749846798,1.8240348903351689
1.8687060679018141,-0.3191009388766251,1.8221364005765261
1.8792099624264358,-0.3147712475223514,1.9995431752906567
1.892877384092036,-0.3092640176323344,1.9626183595009108
1.9080463060375843,-0.3081646910829062,1.4315669366955521
1.919796377819441,-0.30684093405639473,1.8466031256427629
1.933558131652374,-0.304398544349244,1.7118260274172314
1.9473942758989677,-0.30540701876837056,1.3609141504194135
1.9625578082356445,-0.30724007868229286,1.5165229526645612
1.9774193736609804,-0.3073148217916799,1.6199413248335386
1.9924568960949025,-0.30666182725639923,1.6094374620991365
2.006342533115112,-0.30472290194699286,1.8119108450541463
2.020380938994553,-0.3012644811421386,1.8447720783966082
2.03403960034517,-0.2969057181981672,1.8809944447877633
2.047303591050885,-0.29272330263113006,1.8670828180195826
2.06109970030139,-0.28978576311576826,1.7320628352699592
2.073654893589738,-0.2887836255033666,1.638248473534503
2.0882784327148234,-0.28814666314120635,1.608517855116401
2.1017689354512914,-0.2872826616691903,1.670184329706843
2.11619254059033,-0.28383559143720244,1.864183347986354
2.129883369466419,-0.282326295989248,1.6074710011126434
2.144258696809251,-0.28223887283831345,1.5658762096094003
2.1586785749955637,-0.28334002328788727,1.4567466862456673
2.1714891378240937,-0.2852703019243049,1.4340627050442696
2.185525136608005,-0.287423877295095,1.3896518404882445
2.1981358267789264,-0.2914205453771862,1.1832170874853343
2.210759982774813,-0.29372532836269283,1.5658377398639745
2.222820635482515,-0.29593199878774235,1.271004564943309
2.236750194822383,-0.30074284658737993,1.2442364826871917
2.2513861541333076,-0.30517389654193045,1.2584274701629965
2.266692985770181,-0.30945175337824504,1.2353281691987283
2.279883801480235,-0.3141847858383109,1.2485645069362978
2.29432585111566,-0.31915150075176074,1.2358270712425905
2.308110921846727,-0.3244180945243545,1.1950174789719625
2.3210815146846455,-0.3263484971780095,1.5317311107806453
2.3342531001824733,-0.32519888089911325,1.751723369206706
2.3489805052770936,-0.32670916434219627,1.2798943207803422
2.362810402293878,-0.329479055719967,1.4031204191760505
2.37501066045427,-0.3333253306090093,1.168518207803518
2.3862337649452208,-0.3394254150958793,1.0975050275517064
2.3985723096880838,-0.34667846470017055,1.0351876290553963
2.4087596544278544,-0.3534601630979971,0.9376122674872869
2.419042154651057,-0.36111703943302925,0.9392767058025782
2.4324505611745426,-0.3689153018209873,1.1007822030316468
