-0.4876219818054646,1.4629386295579874,1.6224134496218305
-0.47442681536258613,1.4639678265219405,1.6451616185694262
-0.45997299901040034,1.4653506700640264,1.6813173031865056
-0.4458872346591643,1.467279082904361,1.7224691053453691
-0.4312933360172771,1.4697637264952284,1.7335724954247536
-0.41645535565655106,1.4720291405646884,1.7602471443039347
-0.4018085520029147,1.4748017118333447,1.7791063973212409
-0.38620035675562353,1.4770186825057467,1.7404294757113383
-0.3726890361384734,1.4794707679687487,1.7990714417414027
-0.35744342995555456,1.4827296204109361,1.7571046412885476
-0.3427214753143086,1.4857767590225874,1.7705198485474676
-0.32957784731303547,1.4886463607602918,1.8335969375501773
-0.31533658109021806,1.4929634872265982,1.8931282087205652
-0.30001733841497374,1.4976059771890695,1.8260224207924354
-0.2843374288667223,1.5007418117597688,1.8189906622817629
-0.27095131655071386,1.5050270241553416,1.8609424311361564
-0.25778050298756017,1.5092320129578933,1.8725828642411648
-0.24414068119150636,1.5128231403407308,1.8257010045128172
-0.2285717955098631,1.5177440867941363,1.9194698374482473
-0.21425217885682263,1.523810295118294,1.9862033968544646
-0.2002892337453695,1.529425507984691,1.9595667112973072
-0.18684881212941215,1.5341766644299006,1.9723761049299533
-0.17273256674363943,1.5404533963814453,2.0132220973124126
-0.1602150487275487,1.5469104883383207,2.034746032736076
-0.14741718556236225,1.5529791688606824,1.9743824287898626
-0.133445984133058,1.5586971429458265,2.0017574086073786
-0.11910922114787867,1.5644374944318982,1.9747585923053697
-0.10450925635211447,1.5714403657049725,2.0215565207735464
-0.09288872313493883,1.5773185251392774,2.033261196119322
-0.0811109336176914,1.5836285489553859,2.1410345264788804
-0.06773804329789433,1.5907391606006673,2.055020302131872
-0.05422883620765046,1.598295081934068,2.089121679763685
-0.043332612830884465,1.604890320471152,2.1662913765455634
-0.030528616261956035,1.6122841273693111,2.0694015678125384
-0.016324359975034824,1.6206563424961231,2.1442707789096698
-0.0032982973795968656,1.6293798437220801,2.1867704682639912
0.009905626642464822,1.6384560436468807,2.1926130706363978
0.021233977800540663,1.6468735949474789,2.2353306245413647
0.031485629425797565,1.6545828551145234,2.2108523290711175
0.04311364724517178,1.6636022244498814,2.214205908959171
0.0565642566972069,1.6740354822198977,2.2625432894329744
0.06832290262037305,1.6839461216938987,2.3057874159976954
0.07893152465916783,1.6931941764234753,2.307382980572867
0.08992004891978389,1.7033122256941995,2.3276259118140077
0.10028760659573706,1.712891058434962,2.2885763765656004
0.10932732412459664,1.7220264651628985,2.4156322039252554
0.12026835744830172,1.7335531135890085,2.3476358675544304
0.13157021609754002,1.7438675280133282,2.273993302740799
0.14182490213966295,1.753159745080263,2.3438538244778537
0.15235565720437205,1.764519282547775,2.4038333923481394
0.16353860727372582,1.7765565172237932,2.411795841359626
0.1726793387436325,1.787035525901462,2.4243333678220855
0.1824051357962758,1.7977444539817902,2.3722433248064503
0.1918833797241272,1.808610064188304,2.4265974283275136
0.20031806891038148,1.818582517039688,2.4758081660871367
0.2095617821722502,1.8298844261208222,2.463882752384183
0.2197851238061755,1.8418273673026333,2.3969134972388586
0.2294478471291068,1.852595306101108,2.415733613205282
0.23969115020724513,1.8635189984569482,2.3821046304428983
0.24819186235847523,1.8731148813297418,2.4093881562105857
0.2545834655964553,1.8816229383654857,2.5069424075914766
0.2639764636268221,1.8911993551252957,2.3122632931310076
0.27378441509701035,1.9006992983040591,2.4104468810262896
0.2806547778996123,1.908768194331299,2.4242202750694304
0.2894162703420048,1.9187389194275495,2.3600085868807312
0.29810123689740337,1.9283253613012037,2.437163474637259
0.3079415804431943,1.9406587316990096,2.482552897875343
0.3177567941389523,1.9523133863696585,2.4274276689348384
0.32606773009711254,1.9638472349992253,2.582712511886293
0.33421339430125313,1.975784022861825,2.475930038783765
0.34372942607497275,1.9854834296448427,2.298588258005361
0.3544301195039403,1.9959260818752955,2.392507107500572
0.3638512970261026,2.006064828693434,2.3953226340120723
0.3709282378789582,2.014284660015796,2.4707976398611873
0.3777359733192695,2.0233869757023615,2.491804118361173
0.38511321972242996,2.0328813928857317,2.461356126125866
0.39485267347386627,2.0439132599845906,2.4071682261592904
0.3993428668930636,2.0513895185803253,2.688023811043102
0.4048721522159841,2.0603197201026826,2.531796657236239
0.41351649936413204,2.070581945168372,2.411162788749466
0.4234911071753139,2.0807748114309965,2.3706189677000493
0.43280488654267935,2.0874274119852907,2.092555386082006
0.44173208465106634,2.0947034858385973,2.330968564196518
0.4508360592612528,2.1044369353452446,2.4435899631009548
0.4597636936397516,2.115542467274057,2.4845813177038556
0.4691067818842592,2.126989837124551,2.4615277513767664
0.4756775776239346,2.1354423356738375,2.5095603106330935
0.48367207216475183,2.14505079295197,2.455158959567314
0.49291974169175534,2.1564116721636144,2.451065431239522
0.5017270271884655,2.1661632642861837,2.40809812550757
0.5113709122575513,2.1766892519394023,2.412340892102858
0.5203107257205258,2.186746639440465,2.426511829398322
0.5292023731714047,2.1966124459730705,2.423967738818961
0.5376095978404485,2.2059833392920964,2.4108718932880158
0.5462830396138133,2.2156792166328954,2.4080269776623178
0.5571956010408705,2.2244622773234064,2.151402391914418
0.5677418700862917,2.2329384960357954,2.3122238722439765
0.5774967520541541,2.2417503682705897,2.301590306941994
0.589505702421957,2.2516422104868083,2.272221002321268
0.6011595143962578,2.262755425437699,2.408579199718644
0.6109549642429506,2.274319863324745,2.4433229021441325
0.6197709455812176,2.285321167608135,2.436076093562702
0.6285708299927111,2.294843881965774,2.372256397235799
0.6380219714910739,2.3050058362426182,2.3954439460709835
0.6474969594395446,2.315381796581365,2.3928190913576164
0.65661373616971,2.3243240250070047,2.343290536629783
0.6665429915967028,2.334464171346171,2.3995322373382546
0.6785111636567334,2.3434379797618994,2.1385819470010445
0.6906305579032318,2.351566337962643,2.1895280447342147
0.7017457918724619,2.360737088038784,2.2906672882912935
0.7119438185404046,2.370243333723028,2.341574623573318
0.7222241318812475,2.3798929675588476,2.327296812668803
0.7345803538099452,2.3854019060644207,1.8573613405287626
0.7466684777036146,2.3925628295451573,2.3167280441164735
0.7577826352283398,2.400551506504688,2.074658157945966
0.7691917076104601,2.40564215882889,1.9071629740201395
0.7815130184891728,2.41206911543996,2.154717492320411
0.7945008769150936,2.4209059937863477,2.183341274822681
0.8066765501553927,2.4289246904236736,2.1360564859974445
0.8157843102645714,2.4357755823038807,2.2214420757421216
0.8262769668935593,2.4438368829125023,2.228133256127765
0.8365400522140618,2.45207535638221,2.2255378543433495
0.8481153499027603,2.462121972268102,2.324702270754753
0.8575181906892423,2.469095283048662,2.1816179575227976
0.870047996452517,2.477863938400973,2.2048595484372426
0.8828739010507359,2.4880328601464456,2.247670283452765
0.8930784649718251,2.4961830525465993,2.246709225814261
0.9044291287062809,2.5060942113331106,2.338818313972848
0.9158984179919161,2.5162398960108403,2.2852011678589803
0.9276760871613002,2.524880245034867,2.1898708092782764
0.9394639361481099,2.532750624983241,2.146645123782781
0.9513427809130973,2.541687373218531,2.251414418279696
0.9625001203601397,2.550284588705342,2.237477895829045
0.9728526577998535,2.558926497786495,2.2699094340457693
0.9833509460983811,2.5673521772067978,2.216905160839792
0.9932684442057238,2.5754190846895932,2.2773539993110683
1.0044643712146029,2.5844590915804995,2.253998074049479
1.014703961896889,2.5918720138985196,2.1937173684348434
1.0251087707674553,2.600069870926021,2.2889088801930315
1.0365145240958884,2.6110825442362358,2.3785138828851227
1.045647695609537,2.620536985199383,2.414803942667508
1.0523162526129437,2.62870564563616,2.5164207872705444
1.0610031681540513,2.641669237103609,2.550122685894864
1.0697738347577976,2.6524455198687606,2.4052311056865876
1.0796263949783027,2.663015888361149,2.40807435590189
1.0898369489866124,2.6731842693662493,2.3371174653328337
1.1002468472808593,2.6825621076067114,2.2768719361491163
1.111546526563832,2.6937184457236834,2.389667715759601
1.122092323545346,2.7039263939668166,2.3094180901197627
1.1318994081232057,2.7126917064229104,2.3118305382353954
1.1431828470740946,2.7228817279263766,2.2875236988416483
1.1546729395049793,2.7334360924357637,2.3330778572398025
1.1661868554920822,2.7435416825660766,2.2821162861842326
1.1782338159940162,2.7525249000780505,2.1749601752951437
1.1886647542888207,2.7601573960424015,2.236195826186409
1.200327849736642,2.7693396473811083,2.2573290847101846
1.2108062263099089,2.7783247714101473,2.285954713908437
1.221600048045951,2.7872337667616307,2.2276425989881883
1.2309643936733776,2.7946355066160975,2.24926794851679
1.241305001139334,2.8025584107362524,2.2232494407730683
1.2525441671042215,2.8117897656313864,2.2888024036813395
1.2628030810082223,2.820915658213184,2.287046519279867
1.2730423385780216,2.8285741912827915,2.170392399169328
1.2849114427119057,2.835148356847431,2.0572042019985934
1.2958110658774624,2.8424705308819798,2.25942349051986
1.3055899315768438,2.84962625204694,2.1627523049043584
1.3173979578244686,2.8593747704050987,2.369544905962411
1.3274124420443745,2.8691358431235137,2.326435742271097
1.336838238575454,2.8776496440449386,2.340114471698942
1.3459546235476443,2.8858498489592663,2.2816142154668118
1.3565379531325528,2.894618104581491,2.263460373675125
1.3666236819704471,2.9031941697434256,2.278302998395546
1.3770964435257835,2.9121602493471284,2.2730588442204374
1.3877138700038765,2.9199622310802957,2.1886804441472187
1.3995606049342646,2.9285536025050294,2.2046756076411596
1.411383907883305,2.936721005747934,2.12424964975055
1.421719580195104,2.942236603415406,2.019191021322939
1.433026579727375,2.9488989712254656,2.161395474133862
1.4458889322069803,2.956397119220641,2.093111255091707
1.4570539961532005,2.96339405122672,2.1193739094640254
1.4675329195066358,2.970751225354825,2.1941101112979586
1.4802499083366736,2.978103057239365,2.03550018710686
1.4937289976835797,2.985581527498208,2.114799166205307
1.5061273573591598,2.9921528735455003,2.0601396478074503
1.5188162476841776,2.9987553607558395,2.034118197713068
1.5326941901539464,3.0051445735083613,2.040976751750389
1.5436900161415206,3.011490001700029,2.1316240876089383
1.5563510723757341,3.019319355695382,2.1640018177620632
1.5676286366109977,3.027386208682299,2.1979203322662384
1.5781268736853769,3.034645942611071,2.156301010103186
1.5888123982621292,3.0416908550274693,2.163931806815224
1.5986917639116403,3.04808891931418,2.1681467524500313
1.6105135092437715,3.056392501980251,2.1961519953637074
1.6213541823245985,3.0645290574674395,2.230692487125555
1.6321085638357327,3.073670475881257,2.269458938391569
1.643634354566254,3.083292460279707,2.2571415209836148
1.6542924893500273,3.0925532481803213,2.269011523415924
1.664769329941542,3.101564733842998,2.292858552701517
1.675914425994397,3.108911753886049,2.080633286262457
1.6873731691035143,3.116017416203863,2.134478053882959
1.6984649050734195,3.123362079362957,2.1978129321561823
