1.1604638502608662,0.8316968155366915,1.6225374862207353
1.1738994825699405,0.8325583675811157,1.629101794922307
1.1888462668704043,0.8335328771559718,1.6648928346285554
1.2029139079847706,0.8348781132421355,1.6685337343325037
1.2164895764756416,0.8367057892602022,1.7235556681138375
1.2305377709919587,0.8387499897715478,1.7317216532065063
1.2446772278745193,0.840953547019077,1.7486023190168503
1.2595921528323324,0.8441073918528783,1.7685536290174644
1.2731591533545745,0.8471221539735018,1.7723458175060811
1.286579151528985,0.8499092466063606,1.8091627062139557
1.3010722908074515,0.8536933145048438,1.8411400383493635
1.3156865279307703,0.8576680984278401,1.8769122095680508
1.3291215683165374,0.8621577894694646,1.8991865595801387
1.3438300274340056,0.8668634405038406,1.9374172185285208
1.3579277882797807,0.8722206927582461,1.9612761827694647
1.3727449899963533,0.8776030938340255,1.952502064595351
1.3878226863536334,0.8830387369132021,1.9531039876555494
1.4024095925296287,0.8894069905169518,1.9875558923781962
1.4161336998423428,0.8951872153918382,1.9622457380189195
1.430467148097314,0.9015224156592047,2.0245965192796325
1.4446641278014716,0.9083105250189764,2.0679425938639255
1.4575122598597465,0.9153029838399503,2.1258386001236573
1.4708280015356583,0.9227132831191145,2.0803421992714792
1.4834976157400546,0.9283684202997652,1.9763971013625032
1.4983441354476736,0.9345034953956304,2.002949170090774
1.5101878813772318,0.9408082101608117,2.092207882252238
1.5215378283432126,0.9470605704586105,2.0497041500918134
1.5349548370601025,0.9543521901834593,2.0938410925335877
1.547667120401301,0.9618527862708852,2.103737741681271
1.558843081516475,0.9691274961562035,2.1786063926472377
1.569774122089778,0.9780304075289152,2.254179373748025
1.5799444996550678,0.9851685524610693,2.198379154790633
1.5906536371340385,0.9937235959887243,2.2611100229265335
1.6009127447352671,1.0009140070912483,2.1599207153159354
1.6130079112072349,1.0092474154997597,2.219401378121228
1.6252579100714253,1.0180290797520848,2.196689783551556
1.6395391645445465,1.0273087949631035,2.122183077636257
1.651539835559983,1.0347934831880452,2.1285745858977263
1.661673753157101,1.0410227001291614,2.1520416423772453
1.674068253725955,1.0499072715545614,2.246033131531298
1.6848743193634759,1.0583488050959036,2.2312910328034823
1.6953090953422465,1.0676263844454263,2.3584986414844415
1.7062034903966854,1.077825844327679,2.3246593952954755
1.7157502672631866,1.08631300521648,2.259477655539048
1.725798664559011,1.0958295910259759,2.4343810068382434
1.7356116229318053,1.1059027899302594,2.3326445844665216
1.745385885216525,1.1153737184264298,2.4008849024928667
1.7539326910543251,1.1258044387244446,2.457224799285557
1.763532968452549,1.138241031572176,2.4720526439064034
1.7729120267066643,1.1495953044402623,2.43598945398911
1.7825001767007906,1.1610955637708151,2.4890627197441133
1.7915879645952724,1.1727911268890172,2.4420213959849906
1.8008960382616868,1.1838928263253956,2.4337058058438044
1.809246211331296,1.1937831469577733,2.4320711736750966
1.8178363470772556,1.203964772952077,2.451004736423539
1.8253356222120316,1.2133694922659015,2.456920832758106
1.8338259069823084,1.2233464064663968,2.405461744469545
1.8429742855771527,1.2310158739665513,2.1954756490154477
1.8553566980123837,1.237088527373684,1.9223819162232232
1.8687434817317956,1.2431566005126444,2.0841105291270257
1.8803139774108941,1.2512730884675534,2.2736281899369915
1.8892513292461224,1.2603402863211295,2.4058552457786546
1.899779212989264,1.2726317815634196,2.415545348961124
1.908553589355727,1.28083099360686,2.282923628024355
1.9189116720765005,1.290246001664406,2.366603499033725
1.9294569086898312,1.3011042792426106,2.3633908686339975
1.9392254869525731,1.3087874282244778,2.1784930657429697
1.9525080025399997,1.313445994561357,1.710099604689919
1.9655770365028062,1.3177875847007434,2.0412095188815367
1.975475180793502,1.3224856363774813,2.0192733442043043
1.9877430731445291,1.3304516047714527,2.243562167681368
1.998655658777929,1.3393027013688523,2.2282868206623907
2.015770059773785,1.345309310009365,1.6958840434960565
2.0268898220019316,1.3500957849401174,2.082470186224485
2.0370720961618103,1.3581159827398905,2.3749138843426625
2.052021740492409,1.3644114580956843,1.7570305424560404
2.0640287749084996,1.3692121745334596,1.9993819473289383
2.0758713021083657,1.3751480224233745,2.0768039283355204
2.090106315620468,1.3788883665835223,1.6759408320037648
2.1027331001589444,1.3845094331950718,2.1577971735778143
2.1089400197642396,1.390793951080263,2.455430646495807
2.1181216876751,1.397834698137377,2.0648255792001358
2.1296776263638932,1.4029452314034674,1.9038493762802804
2.1427676076312765,1.4069280238248472,1.7970802388379077
2.1567611441562495,1.412516785018775,2.0136662496318642
2.172492021253051,1.4135543221983038,1.4116194840932825
2.184008641559002,1.4142649501984315,1.7812455404987815
2.196558088137923,1.41864087775222,1.9576636934850749
2.207016035403013,1.4232258956142396,1.937369473480181
2.221793632060467,1.4281550361599364,1.9673385300212758
2.2402748243021047,1.4284564829768867,1.3428419042394166
2.2549435461564062,1.429392648616042,1.83445094887031
2.268261237126437,1.4351369846892092,2.073224473475332
2.283071707058903,1.4349947053951433,1.3042372167490044
2.296614559294437,1.436352004733041,1.8655412187180136
2.3099707292151663,1.4378825379867473,1.5330536894481583
2.322115233987422,1.4393098221819802,1.7543221027010405
2.33441182733986,1.4382436093462652,1.3130743474907791
2.3468818019054734,1.4356369674563723,1.4266430585555234
2.3594477265358513,1.4310373990587602,1.163512422883864
2.3724963950760958,1.4310535956292454,1.7918670372547212
2.3847412917168285,1.4342254732627946,1.853863108236539
2.3991383419352674,1.4359310265479444,1.5302762139607449
2.4129190396403244,1.436052337575047,1.6169131515233717
2.4259471152442282,1.4368327472384095,1.641503471501227
2.4390895378053243,1.4381834563310631,1.6888523845864436
2.4529914553819783,1.4393602198814426,1.647296013247891
2.4678189914131714,1.4397672404528261,1.5771413532625864
2.4826242544608506,1.4385422789771731,1.3715756356405404
2.4951632638400714,1.4394740963826562,1.7638028261841274
2.5111456376450927,1.441312587011397,1.6493697050098053
2.5255604438752823,1.4415207585523924,1.5374918680337495
2.5398535606049935,1.4404307562259628,1.4718805703545907
2.5526279964094405,1.438565676205434,1.4047095958050384
2.567416765669254,1.4379090515009678,1.6466892437125324
2.58016848799918,1.437573792659784,1.4410940491117332
2.5929609201608343,1.438762815756537,1.7818582134621008
2.6074225533743967,1.4421649036320114,1.7464615959632381
2.6207225296552714,1.4444895101508743,1.737978861403152
2.6338517427126873,1.446126201803847,1.698719476318808
2.6460840397166554,1.4487129036830249,1.8149294122158808
2.6586724032874005,1.4514858062400897,1.8043553101335832
2.674026545690566,1.4548980595774699,1.7810650028136266
2.6871439232201135,1.4558962681326213,1.5344704546787296
2.700801949779106,1.4563442973268714,1.6612272096739273
2.713726564946533,1.4592731081247983,1.847931729764422
2.7272598259704797,1.4627582333658817,1.8917252382650454
2.738936930499513,1.4648236152969047,1.662125464002651
2.750451858132097,1.4667230357784018,1.7678342871596984
2.763591767125736,1.4692194314327822,1.8251844947815608
2.7758281683235264,1.470289085564344,1.5057319785531516
2.788867693502398,1.4661678452058726,1.090525875145213
2.803058765174798,1.4613426926229758,1.3364813747121607
2.816337900416635,1.4577767526512693,1.2677358523984081
2.8311071534635164,1.4549179508211745,1.4368422567960681
2.8442303970778835,1.451567745294927,1.2093477161225612
2.8568410859858924,1.4462698314495583,1.090958721711202
2.8707597724338756,1.4409964202692684,1.3181628710390048
2.8843668938871336,1.437852494083745,1.3241899783444564
2.8958396805602855,1.4328996963256866,1.0684384427255718
2.910175639634882,1.425514036268351,1.1111092548656405
2.921865839116644,1.4207123677284232,1.2187554468372175
2.9374005334069464,1.4156762855866103,1.2383236531731263
2.9499399667524653,1.4111249326923974,1.1261192236246247
2.962931281055171,1.4050000745614977,1.0938844501227702
2.9753979879599264,1.3997533216257996,1.236447984587993
2.9885079329451925,1.3946135259927956,1.1748140077488047
3.0005640724682165,1.3901400463426943,1.268884121560531
3.013974642429841,1.3849506433416316,1.1193057276656706
3.0248268589229563,1.3787675117901579,1.0565739082755001
3.0369216013934675,1.373907620747143,1.2257705305715956
3.0491144059306188,1.3694013501923619,1.2124390794130275
3.061646723279821,1.3635829311554426,1.1365425574756325
3.0741043215383033,1.3578980176767872,1.1240308041180482
3.0860079107876333,1.3532280384892283,1.2369870275438994
3.0997403438283015,1.3485292144892818,1.2092746615541272
3.1117101210902876,1.343348551071806,1.1528200849077435
3.1242994030587536,1.3374623643736694,1.1171731548303316
3.135194359883465,1.3323817297405884,1.1885535269475787
3.1474446868169337,1.3278222824072246,1.2179243141780889
3.161078928594304,1.3225190960475,1.166485383943249
3.1744177087432144,1.3172805231997766,1.1968166856441877
3.18686729852615,1.3124721012315912,1.20252835761415
3.200820806143383,1.307933691796965,1.232160732701323
3.2139281939996334,1.3034572989308624,1.2286177032040995
3.2275345804308353,1.2972836930075768,1.1200568529396526
3.2390660319735605,1.2916605245404649,1.1389285646981357
3.250748225070658,1.2869131359419104,1.1594384346291755
3.26310698351213,1.2825253849087364,1.2221991294411303
3.274560815292367,1.2778009439858862,1.114586470791447
3.2864376537768383,1.273773785645015,1.3331548559075321
3.2962675279618203,1.2694310588711315,1.0239760353251033
3.3080872821912526,1.2625537481982507,1.0469216409592914
3.3194150240273985,1.2568466460695356,1.1476587304628791
3.3325817270786295,1.2496528615292237,1.073815951047654
3.3446902718885303,1.243387503574047,1.106579328001471
3.3567045380673592,1.2375810631951947,1.132579960016301
3.3689115533034304,1.2317728893127762,1.1520157001175768
3.3799125566005177,1.226717118076079,1.1133225774206963
3.391106532161866,1.2220772648011062,1.175796013080817
3.40588276039133,1.2150601085942105,1.131755247820656
3.4178714589670185,1.2100672023493355,1.1983406891763873
3.4298487573673775,1.2052332201451266,1.1148671640240897
3.441642091927274,1.1994001315693537,1.1084631056290648
3.453561403221157,1.1942131241207818,1.2036921063216295
3.468047617294306,1.1887636604299052,1.173485329128199
3.4784569674415695,1.1855194108425426,1.3411952039829083
3.4909392320901804,1.1815758585295804,1.1547444066508874
3.5043834738767257,1.176052549847632,1.1541760007814157
3.5148626241354295,1.1709647752195176,1.110909713214267
3.5267304437914917,1.1659254426260643,1.2786060360898213
3.5379120493416347,1.161589318910747,1.1647264935422803
3.551732707018455,1.1557102901715859,1.130485479162821
3.564329304971313,1.149413416414978,1.0889488083883814
3.5755530852049318,1.1427783219430931,1.0432555922861566
3.58866034680313,1.1362313072697188,1.1085322218441018
3.6005075948272958,1.130674093395675,1.1155634338551645
3.6122869383583187,1.123632998996775,1.0178731305948792
3.6239194778014387,1.1166193116754004,1.0274768035048227
3.6374830868785915,1.1093897969756923,1.1148445362374968
3.6512995321966217,1.1025944926004885,1.103143196719012
