-1.053406917890282,0.5478848553331236,1.5822275677058193
-1.0414652193429665,0.547642433452293,1.5494213538482378
-1.0263047213284608,0.547409750806278,1.5635236017839103
-1.0124725649015873,0.5476386216105888,1.598972603881545
-0.9984410360301459,0.5482798804829782,1.6440044234383624
-0.9840233049002832,0.5494968853642141,1.651691928734451
-0.9685783886950194,0.5507668790690563,1.6790418337867337
-0.9538738054795646,0.552744435630795,1.7266372471888538
-0.9407015537686704,0.5546567746463021,1.704737120906243
-0.9263138383092993,0.556903301949807,1.72714646270542
-0.9130604140299393,0.5591585643560619,1.7578141755433725
-0.8993411289837031,0.5622641538005225,1.8280750247000004
-0.885414950905362,0.5653806301381963,1.7850877779263268
-0.8702945027037852,0.5697713321790656,1.9079815210263014
-0.8554454080583743,0.5744818433107373,1.8863185104275464
-0.8439554960057751,0.5787160578336888,1.914932557155854
-0.829480953377172,0.5838728276003137,1.9153690971951942
-0.8164686484440324,0.5887062432910283,1.9653956455637878
-0.8025296169315278,0.5943401875346829,1.9990753568114652
-0.7893501613100626,0.6003703906034759,2.0148614731779375
-0.776838823545638,0.6060436430552314,2.017838522688462
-0.7637841861308392,0.611324300392387,1.9736091806208353
-0.7498844190643115,0.617199658732286,1.9916567118226374
-0.7359831110602054,0.6222358384708543,1.950685591934253
-0.7232416554658625,0.6280397308360557,2.054468801820528
-0.7105769400884897,0.63431824083524,2.02660681292472
-0.6949094708704426,0.6421887913222549,2.044107624848969
-0.6828568559503485,0.6474519887376999,2.0057228002206586
-0.670210632061999,0.6541292857875646,2.125117670782413
-0.6578535908658132,0.6627300924295914,2.1891626977353758
-0.6460515923069039,0.670770487965662,2.1501490347648993
-0.6326718756590578,0.6786987776815583,2.124779525453448
-0.6212537001675257,0.6857446223670456,2.1469869743158134
-0.6084923867211977,0.6950350787889858,2.198342070367126
-0.5972309247411455,0.702868534771235,2.2109415317143397
-0.5864709952050573,0.7106959147564661,2.196015232368799
-0.5746774577062429,0.7194040143794128,2.21675919363645
-0.5617570772405657,0.7289562382768936,2.2058343063415498
-0.5498850682804597,0.7381675512195883,2.2574882902918985
-0.5399134732641602,0.7471529969262606,2.315175710030912
-0.5301421283664486,0.756543824463496,2.3106300916052764
-0.5196954804589439,0.7663186576383764,2.3043577864209097
-0.5084649291228535,0.7771513053622298,2.3678996318396988
-0.49796367281999243,0.7871761561313693,2.346265709249179
-0.48644725615641354,0.7985569186583998,2.3380532868847004
-0.47609438903271645,0.8096895148189512,2.4266354219900372
-0.4662130340259923,0.8218564406865757,2.4789181801628923
-0.4570433270989974,0.8325070645234866,2.4060704581694377
-0.4463578882331231,0.8442760974939851,2.399706569128318
-0.4364883913710698,0.8557327227270441,2.427351967610189
-0.4263041363416579,0.8675401445845068,2.4437638591782056
-0.41654110008549106,0.8784028908621729,2.410341445734279
-0.4063214077219343,0.8898334538974848,2.408263347681635
-0.3971920941976744,0.9001755443097156,2.400404229833788
-0.38825485510685537,0.9092802470584287,2.3795688066146012
-0.37928194744480714,0.9198670069281227,2.4679947747329467
-0.3691704734972704,0.9330487989516673,2.502018749473266
-0.3624276805189395,0.9423929544512478,2.5028498709371214
-0.35406796559790493,0.9547315015568617,2.548817308179797
-0.34535242665220334,0.968130035227236,2.5826231274371296
-0.3380876256757108,0.9792593067461922,2.5320426969890306
-0.32941898613348586,0.9920885657246205,2.513995240121038
-0.3217733639909932,1.0033235760947323,2.5567000973123655
-0.31349664039328595,1.0157495319469798,2.5335944702416135
-0.3057272144006758,1.027718842849086,2.5880909446576132
-0.29636876187086403,1.0413249499038602,2.5376843040554053
-0.289446247441296,1.052635636587364,2.5716985633707536
-0.282027867461306,1.0651743289243623,2.576598979854109
-0.2738157035236625,1.0785009546343627,2.552303734927993
-0.26456797963912876,1.0916025851507356,2.5212497569664456
-0.2559054699804187,1.103252009042455,2.486751180309218
-0.24763750189027678,1.1156237386854295,2.570013668008444
-0.23841929907759835,1.1292761975379892,2.5454267003852844
-0.22991577732392737,1.1423458203705938,2.5693033792052358
-0.22101659340478408,1.156131948193532,2.582400776347982
-0.21348011760936045,1.169416775535608,2.5995275785056853
-0.2065670630767114,1.1808430160812307,2.5744234466050826
-0.19955402099295944,1.1919676725433601,2.5926531651285627
-0.19178451848293498,1.2042473692553484,2.5481112033401567
-0.18374910100570194,1.21667622639674,2.572349747082911
-0.17663618735188438,1.2277888614115537,2.5764330131044075
-0.16945315552438958,1.2404888154846194,2.629498367033687
-0.16143292511921145,1.2533764487570909,2.5594317584244806
-0.15339573959205421,1.265219588078925,2.5466882606753467
-0.1456259214420933,1.2777346718912956,2.5502585722273348
-0.13801567980052468,1.2893100926598444,2.524748448970716
-0.1297321283227337,1.299759775311972,2.4318887592078613
-0.12289427788352653,1.3083721184607886,2.478714464247651
-0.1141277834975583,1.3205593310105102,2.534203543532643
-0.10508087750966744,1.3320993855290333,2.462295149398078
-0.09567290294274433,1.3438048060139829,2.4397764078201956
-0.08619041546606751,1.3547910647394341,2.4089166217902966
-0.07735230604894215,1.3662974165579287,2.562227890509409
-0.07012209521401847,1.3769914036274353,2.5021738757999965
-0.0614229412129224,1.3885169781492417,2.4798526706442354
-0.0520868844164311,1.3998824334453925,2.4095181361441274
-0.04182625667890005,1.4112722835597498,2.4219862898931708
-0.033560270084310694,1.4205592724177971,2.4240507342204993
-0.02545557695907138,1.4310391223902605,2.480237545831634
-0.01689542912881028,1.4421092499009465,2.4861013701301644
-0.008658643623801435,1.454088950821701,2.537412401877427
-0.0003139931020154776,1.464870795354752,2.435066218101503
0.009359899231478864,1.4762382911512422,2.449080949253407
0.017929527824886028,1.4872726990816025,2.4759505723817483
0.0248949546957371,1.4965288627339166,2.518987253761862
0.03196568137481216,1.5045463661275778,2.3847718278277754
0.041711963153416916,1.5140183476287836,2.307477019818992
0.05189221297315175,1.5239897996228637,2.369757992743414
0.06155373096611756,1.5335204210971214,2.3256838534262463
0.0697633886664277,1.5411404464805973,2.3070447406884167
0.08056553240743519,1.5506725812079647,2.2976544254357503
0.09255960679895042,1.561409111850982,2.2954201348660344
0.10305176562136376,1.5708525541558487,2.31401566615184
0.1131279476196438,1.5795109301052288,2.2881191597316426
0.12261371602897218,1.5879475970730637,2.308539653076835
0.13347065188186677,1.5974392108877673,2.303225102418731
0.14329100639168696,1.605992281564234,2.290682383778989
0.15264794152224284,1.6150572907888094,2.3579029328639303
0.16229252968959132,1.624846637677845,2.3916183861981053
0.1729341124688544,1.6341702885300973,2.249090287192438
0.1826769148791424,1.64170006266371,2.221553908499678
0.19249556435981277,1.6475723800273316,2.11037435315918
0.20479768442269108,1.655373493778396,2.155051017463065
0.21716063718958944,1.6623510924435982,2.0477788503093812
0.22922615951290792,1.670324764501154,2.2589858525370095
0.24025044373911592,1.6800155914905321,2.3236311236456073
0.24936554928816854,1.6885700859176587,2.3405538386779217
0.2587263421417396,1.697355275850692,2.3683412980898564
0.2680099614336121,1.7084982820332952,2.4370336236874204
0.2772921335151731,1.71835899893531,2.3394594883835667
0.28842301204068593,1.7281938430230182,2.2845338817264276
0.297426393804066,1.735363612590887,2.2252836546314856
0.31005706037315917,1.7457745468268264,2.2918216750267635
0.3208698405369059,1.7553789007328788,2.295901535232377
0.3289993174574347,1.7623864982215034,2.283352497541642
0.3393959727952756,1.771830909694824,2.3321381629316935
0.34893401932078627,1.7810573618564853,2.3564932663890663
0.35926393759572595,1.791361803456279,2.3573680013651948
0.37057813046851473,1.8016513073193723,2.280874930684513
0.381304941831666,1.8105343157429967,2.2579469773328995
0.39226100940866415,1.8209029013253963,2.3810501527401255
0.40181169579959847,1.8305823238614258,2.3447834206717206
0.4126352407913928,1.8406299885952142,2.3000338997055962
0.4230131460586265,1.8509032734940882,2.341989727469527
0.43483418625485815,1.86180143888077,2.3212518730445915
0.4463223301041577,1.871832411580431,2.2833206047286008
0.4575668259366057,1.8813229438031307,2.297895639889305
0.46418072530464777,1.8899618875641604,2.536067321014912
0.47226358353779846,1.9001213670202914,2.3997874637149454
0.48180586337818293,1.9106852556017664,2.413874192132399
0.491052235649584,1.9213736740314307,2.4197243842997795
0.5003961330870405,1.9330242332679788,2.4820251819391728
0.50892900009021,1.9449815713441552,2.529854401314144
0.5170376783137398,1.9566075018289035,2.548904160742862
0.5255403548908366,1.967285153547155,2.364911767032227
0.5356046014945901,1.977260991328599,2.3675019306275167
0.5461824851805125,1.9886026861172177,2.3943212691992435
0.5554231248370967,1.9988300221881659,2.395418717908899
0.5656964670469908,2.009146483506962,2.3594439932618494
0.5762821412292808,2.0202806324160973,2.364804936005677
0.5860933573480783,2.0301319736832992,2.354382501976703
0.5957541199808388,2.040914286288342,2.4470198283627465
0.604511444321102,2.05266148230044,2.4799517515466594
0.6128500272528843,2.063618325178603,2.47446265313468
0.6213380512932153,2.074176360760954,2.4061452755497634
0.6301494520990795,2.0845698337769494,2.4674616225746653
0.638589890457352,2.096263244228223,2.5268739183216824
0.6473897403151622,2.1078361109502772,2.4635518140584756
0.656210604573356,2.1190953818662788,2.5155226876112997
0.6650379103732158,2.131959875829377,2.5340445729814234
0.6738229829583824,2.142663172462525,2.4111629037144593
0.6844904393458333,2.1546030433629104,2.411387983422678
0.6955582195027941,2.1663282251205187,2.4087698207767723
0.7054153268668384,2.17683698818812,2.3639153440654668
0.7146680876105135,2.1869154645739943,2.40709644410142
0.7243873103100672,2.1969258767501763,2.3541721952356434
0.7335592456667592,2.20650507250342,2.3947722268923153
0.7427472724734651,2.215314933447708,2.306601520952527
0.7537199165340479,2.226016294650651,2.36796071107951
0.7638078978951424,2.236041715046471,2.346200492844096
0.7725129193783117,2.243969783595494,2.2882262292279547
0.7831595369323932,2.2527870562086454,2.2723669856493616
0.7945919974257292,2.2616270615357714,2.2013550422441006
0.8080857259384231,2.2709935058561803,2.1690212057772533
0.8188871676821143,2.2796604838133425,2.2720803007732533
0.8311061548349702,2.2904963803084395,2.348306027812458
0.8413899313035732,2.299931784686855,2.2768163526887113
0.8512625589723501,2.3084029769606746,2.2951510151867054
0.8610062641376128,2.317562736267624,2.3342783965830813
0.8714405624706318,2.327058487441136,2.284444546494572
0.8820460741522743,2.336665368437143,2.3414211799884788
0.8913064713043297,2.346801259004322,2.399575599122437
0.9005809358139284,2.3581283635804677,2.486273427505574
0.9094929188236807,2.366833082724652,2.2891257454090557
0.9216957097708848,2.377403390964096,2.281864539472509
0.9330904134019533,2.386626494047725,2.280152975413878
0.9427524972644181,2.3954490303908926,2.294807495543634
0.954433293115402,2.405831538110104,2.2897689209756877
0.9649634192856752,2.414631150120733,2.2636073030949575
0.9770423999831365,2.4244547082426777,2.270282730027677
0.9877541971944784,2.4335070531355187,2.25250333047184
