0.7109588533167204,0.13244710922123373,1.6223037107898077
0.7241777362307712,0.13329651144747995,1.630075447829574
0.7384029911733506,0.13439808611177612,1.6695347891514245
0.7523661219393135,0.13615484971734568,1.7245001662630202
0.7667859845518543,0.13797575371753404,1.7128983524969232
0.7803812748776753,0.14032076168250585,1.761680042743087
0.7952707714500125,0.14273238758319,1.7688168821445265
0.8102631036839245,0.14506190357324625,1.7415075503054405
0.8237119615473288,0.14804283954513048,1.7993659421235921
0.8381269058867744,0.15134720143886252,1.8212330532912762
0.8524584769855471,0.15506907180447949,1.8511465846312631
0.8661288142970704,0.1591336921342327,1.8669456053618516
0.8788081985149733,0.16311370844801357,1.8482785906333479
0.8943049557018764,0.16737179429675053,1.837546865560172
0.9081205913826533,0.1709623176540181,1.8570982292958573
0.9203239451860661,0.1746893760222091,1.9165005845927194
0.9335383700249076,0.17940306715340815,1.9417987839309756
0.9484193941598876,0.18490208552717377,1.9437448720412513
0.9634687187874817,0.1907978744625414,1.9599410141650861
0.977597906014722,0.19730122706160133,2.0170720782254805
0.9918244004855323,0.20294372527327684,1.984301370728119
1.0053335741037934,0.20916601854720998,2.001205964777084
1.0199821100260154,0.21546173289598977,2.023027629204318
1.033039729949519,0.22184891268812462,2.01631011772708
1.046679686977959,0.22889416891378214,2.033394339052389
1.060780403331505,0.23582979386960198,2.0587980539650497
1.0746604208939625,0.24315416229852474,2.07511883434163
1.08668621654706,0.2497359024462298,2.126330611791777
1.0989552722362947,0.2570766089718705,2.0994416355757664
1.1120310070212054,0.2647199404921797,2.1342602668666797
1.1235697403389961,0.27191746936693567,2.128031808765429
1.1349596450428312,0.27859331721396324,2.1587331177429427
1.1465872292299302,0.28630688121565506,2.1856966245621323
1.1596092692445872,0.29555384806179863,2.208817622658975
1.1721148423532313,0.30523672792885687,2.265212299807108
1.1825256552211498,0.31231976096666725,2.145417704553563
1.1951186837957204,0.32121298363452433,2.1936787064754397
1.2080780318323938,0.33099274191556544,2.22498205443333
1.2211247155037295,0.3411604553998793,2.223835371548206
1.2331395578415305,0.3510579131230926,2.2915707433381463
1.2442673332730956,0.3605778717415956,2.292982998314076
1.2551072524033298,0.36962730205995187,2.2943358877258206
1.2657319045214483,0.3786206762840039,2.2751557682779495
1.276598554674872,0.38767623964727965,2.274517254888617
1.287171924998744,0.39854032099789743,2.412705775459198
1.2974727601609546,0.41054309889331736,2.425597427042589
1.3073712835691866,0.42258560287939084,2.449601013942761
1.3167718136502757,0.4337579359174981,2.4174762666230336
1.3275427294777347,0.4424854549720992,2.2080737216745825
1.3380603556570987,0.45096492365005536,2.295613437987811
1.348232311312067,0.45990466675051317,2.308031941918203
1.3582245961691821,0.4692385311626419,2.3243566325687763
1.3683808073732229,0.4796929703504593,2.374566757409727
1.3786220414067778,0.48988904959430374,2.3547863941672853
1.3899052833344394,0.501751555279453,2.430874901171767
1.3999537646263396,0.5124581423252565,2.3918354008837652
1.4083570266585617,0.5222557494492409,2.4211536212367624
1.416547277893087,0.5310520955302325,2.3930992638742206
1.4247386671984874,0.5403865103620009,2.43584042508337
1.4342247943206101,0.5515304429324105,2.4213269787405984
1.4424124027637464,0.5621527687395405,2.4836541728665242
1.4513111050045928,0.5743264126023312,2.4866332269564038
1.4609196230635597,0.583889713931881,2.307192262048607
1.470523898761885,0.5944429928803685,2.4765243336805196
1.4808319714684386,0.6083932637722973,2.510712770173444
1.4893581087472363,0.6213328509614156,2.616174953864471
1.4974970315074745,0.6334870148286623,2.506540415506318
1.5052153362427536,0.644217654023552,2.4977746505978837
1.5134181793848727,0.6559884218567217,2.51834309697468
1.5221925191146979,0.6659310373552378,2.3400217455307306
1.5320666147171145,0.6780168087497017,2.529840166020527
1.5400136789948207,0.6892911755040345,2.516699659388221
1.547482698148288,0.6999289694978925,2.5111479602000726
1.5548287574183803,0.7109640795409877,2.5727322920896865
1.5617411366121514,0.7204131883036407,2.4383766500999684
1.5696082374745195,0.7272267956105852,2.2495846210933
1.5817292198803092,0.7359027668826789,2.134252960320831
1.5934903700190763,0.7429679115528383,2.085009053480159
1.605171530640489,0.7527588717393932,2.3659443163637985
1.6145263669346066,0.7636750907602259,2.5429890777115527
1.6223382911329725,0.7751222312184101,2.497127289333598
1.6301889979348012,0.7869924930125306,2.5502439292340124
1.6379415641513841,0.7982054399689441,2.525068990173129
1.6466129107946192,0.8094958704186288,2.4570763268901255
1.6556276301534973,0.8213262613891592,2.5037087536407987
1.6644692894748692,0.8323278183141711,2.4420987906266225
1.6747040222693783,0.8429283767725101,2.3629381660026167
1.6831736965941164,0.8530177597339761,2.473633483760665
1.6925921757786433,0.8646472082782674,2.4977693810824966
1.702042870510344,0.8736604385890054,2.227345742985495
1.712538906993544,0.8820991056449177,2.2355022716843083
1.7265031516213285,0.8833781779911878,1.3368612677057474
1.7429934633974737,0.8852479186930189,1.885120464003073
1.7538489060105744,0.8911083253517051,2.2236839478724235
1.7701363237988412,0.8966709540199878,1.6941447348526788
1.7832106788926214,0.8986916938605571,1.7817800519581526
1.7967280096897187,0.9047198173084233,2.1180693246255085
1.8087223664483951,0.9133946166983412,2.2516769776461976
1.819905490821735,0.9227568181147423,2.2796341347877314
1.8317829998024002,0.9324877769869978,2.2426110264043397
1.848490202363233,0.9348374343118947,1.357797217640981
1.8634328791413526,0.9321524206945869,1.3727656954789347
1.877713959150687,0.9358320324529666,2.1191110604190664
1.890569199241816,0.9431767412389486,2.0851348186507197
1.9015711531153967,0.9516716158950747,2.3592527478423286
1.9122281033455313,0.9598027361545108,2.131971485233328
1.9244109226106956,0.9684890117916114,2.2396902788449595
1.9359507283945645,0.977431332964565,2.22291206638839
1.9508470465830559,0.978304305011669,1.2967145110390341
1.9650362852475,0.9749183027498153,1.3567576042914118
1.9771255919230082,0.9702593690427352,1.0830254674195243
1.9876340391980676,0.9643794566383823,1.0087387826597385
1.9991060354192076,0.960586419815618,1.4416514582527928
2.0112050424481853,0.9558071061090954,1.0341459180991
2.0234085047416634,0.9510281498251558,1.251054116484795
2.0367123010671073,0.9459119880187433,1.1670451111408653
2.0462626002121005,0.9391820207868666,0.8882901249881908
2.0569710452522894,0.9299652635960014,0.8759218034774047
2.066236950352746,0.9223657428494673,0.8577041651547884
2.0765700335135335,0.9135571256420231,0.8652855751891528
2.0864394551745997,0.9022032135024894,0.6616106163168257
2.096369904358178,0.893673238134134,1.0185516538073764
2.1105735716968463,0.8861912388788116,1.084748353196371
2.1242953829072087,0.8824272728756166,1.4462165900466437
2.1368655179753726,0.8776557517675703,1.03289610158959
2.1496627719632926,0.8713199651025831,1.148432170339905
2.1610835681971787,0.8665487581366786,1.1905520879840827
2.1706057706849142,0.8548224804801506,0.45139286501303316
2.175506073210563,0.8400457895005934,0.1975710877014027
2.182934284288619,0.8279230399440393,0.7320978376549047
2.1913752665485453,0.8199949210396698,0.8777863253824999
2.204793931678265,0.8170358507960528,1.7124470914752898
2.2187789715077257,0.8145457766666191,1.2092994079756272
2.228981516937983,0.8067673243710235,0.6980298514462423
2.236623197241716,0.7998078572797969,0.8822000377729483
2.2486004017014345,0.7935681911611866,1.28464230189143
2.2602168328469103,0.7933066611745716,1.6771865931511007
2.2733276953218793,0.7947621946268273,1.6815204385386264
2.2854443932081403,0.7998926409913021,2.178555169074415
2.2944449244673466,0.8107554042330913,2.671169530619816
2.304515907280005,0.8197811380345372,2.0712918887249323
2.317623037320567,0.8257743736160528,1.9509492788439142
2.3301095339101776,0.8266382624761742,1.4545552535253414
2.344256597038017,0.826923389906934,1.7443293949958363
2.358310487579191,0.8246221481212903,1.1729795977649138
2.371222523120642,0.8203579369021173,1.3122553368590282
2.3856185790927427,0.8169350924366446,1.3323382903360685
2.3989133187190657,0.8144677012360911,1.4098821000080561
2.4141470435745864,0.8127106759392244,1.4974737311357005
2.4261378278749843,0.8112130742794199,1.4135310262371246
2.4379885781371375,0.8085109357873577,1.3153274848407255
2.4514277470146513,0.805184171398361,1.381853996599
2.4647668308323105,0.8019566597723851,1.3259562551681305
2.4787930153334403,0.7972602593583091,1.2103655063531988
2.4919009072256046,0.7900405737802716,0.9981548603020245
2.50413892413516,0.7852173797933064,1.3730622932032777
2.5174490474794853,0.7820365742129398,1.3449914717018197
2.531771553867526,0.77970487090205,1.3815232585391566
2.5444917612559443,0.7778154749582638,1.4456980223608216
2.556963411348318,0.7777545168170313,1.6496328814585082
2.5707355465865036,0.774529182736466,1.1220895731467102
2.5842166773487367,0.7683529175422071,1.1265710550031953
2.5973205389519647,0.7625159201068684,1.0908137006048353
2.6088102813943284,0.7568259635824159,1.13154737160156
2.621570677244416,0.7516255308651344,1.1266282273893362
2.6338906423317616,0.747035737547436,1.1962791907958508
2.6453106452628847,0.742626936356561,1.1617370209574782
2.657658141310933,0.7410931321817363,1.5835656060277492
2.670757166156253,0.7426470000974685,1.7166814333520422
2.685915520559533,0.743336314507304,1.5471241840937624
2.6999825399937256,0.7409243353935004,1.3257143042497737
2.713383273437843,0.7382407242974178,1.396549689043372
2.7287248429193567,0.7348399873368385,1.2996744533671964
2.7370396124564107,0.7301395435736178,1.0037383210415949
2.747666065765276,0.7245902384455264,1.1333483394514006
2.7585822004210407,0.7211363923991563,1.329536339022758
2.7718069783808583,0.7185799012786942,1.440817130843563
2.7836921332227367,0.714714699036111,1.1382527652482826
2.796337754700986,0.7090529733917189,1.1777571198781152
2.809021800999541,0.7034646295565582,1.1108060599774499
2.8215954696724013,0.6971459191125938,1.0880269361633077
2.8333268168176113,0.6897976956442115,0.9959136895198399
2.843442501456061,0.6825314636903324,0.9484746912929263
2.8576309855491764,0.6788085944696578,1.5205633489638015
2.8703192051030286,0.6755958747378028,1.1604880762704568
2.8808316813933743,0.6694045023732632,0.9785794731514705
2.891914368527762,0.6617547772037341,0.9462780626392939
2.903335109506061,0.6542677223376184,0.9762406648467064
2.9141363451056757,0.6477834718889625,1.0736197588333056
2.9248441395867943,0.643487263490296,1.2497013610268866
2.9371432674190454,0.6425568102487577,1.6546561183404365
2.9498963443047233,0.6398744413369942,1.1753424491560214
2.959288190498541,0.6325186505874363,0.7585068460302422
2.9683984790389197,0.6239494173451932,0.8553650759823638
2.980365171313205,0.6175596610317119,1.2804612434147726
2.992067160019001,0.6174017596023347,1.6869696508137884
3.005281949334124,0.6151121643314209,1.1790840397352813
3.0197945203625123,0.6101554098278934,1.2630619332979682
3.0338366036164284,0.60569915781511,1.2738023264082294
3.047647814600165,0.602507954275917,1.3369821162424242
3.062699674350199,0.6003182429118795,1.4497668939625963
