0.2491531674722008,-1.2868126051999051,1.616760388797569
0.2624960882156977,-1.2863696603702472,1.6144807358893765
0.2759582835073997,-1.2858561892131002,1.619097904462639
0.29039199731968846,-1.2851730172873945,1.6382687729030938
0.30483036269594477,-1.2843664283263874,1.646419490975995
0.32012232544064173,-1.283195108372829,1.664293370862417
0.334875862262394,-1.2817572437652396,1.6784380122231992
0.35008680873335984,-1.2796002408564409,1.7055628793031579
0.3641952315888417,-1.2769941357785846,1.7653014821345763
0.37824433383978084,-1.2743483630707673,1.787393565518827
0.3922808935484526,-1.2720922162360548,1.7292831002926148
0.4081526827353437,-1.2695419391280622,1.753572458432059
0.4229612568577611,-1.2664348661069744,1.8137097172187011
0.43720630647214426,-1.2612822806226223,1.9570940534174297
0.4511768286730027,-1.2571185168046661,1.8611720059534056
0.46684084250511426,-1.2530130040431313,1.834647290267759
0.4821397498406033,-1.248563059546304,1.8972345074578927
0.4961391906929835,-1.2438391656673116,1.8809972394805827
0.5096509712146403,-1.2390404258466496,1.907987240038158
0.5250151027617399,-1.2346832740750895,1.902055110367261
0.5379911610653176,-1.229814410019544,1.976423647116012
0.5523327112856308,-1.2227803509270756,2.0180866482059256
0.5642422710995446,-1.2170043661951617,2.0236556710596645
0.578008581979277,-1.2104108608871202,2.000172096781272
0.5884432843956229,-1.2042712417651378,2.1225407770000437
0.6019328149291544,-1.196918893398541,2.0697436249423875
0.6151131569336021,-1.190405006863588,2.015978700699657
0.629366468161103,-1.184365556440255,1.969235971579995
0.6420791731464133,-1.1783386557954896,2.066282475366182
0.6557816330698903,-1.1715004303070315,2.0454770750963656
0.6691689868297674,-1.1645415825284728,2.049965045846341
0.6826218916264324,-1.1577645393633633,2.057946993811469
0.6939395460810648,-1.1514810933472723,2.0902966643706313
0.7076797335634287,-1.1432467913133106,2.1241147047990583
0.7219347569446434,-1.1346694527182268,2.0775377036207234
0.7352551549317808,-1.1276494431346544,2.091279466677259
0.7467200488685558,-1.119876997026576,2.2492792490251325
0.7583254374011816,-1.1096137065435334,2.3107818652354126
0.7699382713131475,-1.1002657943252054,2.2415538067072323
0.7811641633625275,-1.0912795409555587,2.2623461154435938
0.7914972508006344,-1.0821610523768106,2.333810904119154
0.8007037554239603,-1.0742463310579586,2.231486657257967
0.8129005887980637,-1.0652535134380503,2.2426078185982408
0.8250334033940954,-1.0556584544132936,2.2529048959930944
0.8354836781052137,-1.0473342491350022,2.201836180172995
0.8482487813924035,-1.0379815659324811,2.2784165697564065
0.859773671693283,-1.028672584848346,2.248236087454316
0.8703916168084173,-1.0198131439266602,2.292161208288468
0.8816599065163663,-1.0093780290821726,2.3431571128857276
0.8934348561518154,-0.9977927461098097,2.3744398105855855
0.9025282296103334,-0.9883568511125961,2.399770321209233
0.9123036559088609,-0.9774285343843845,2.4184225317623924
0.9232237497574461,-0.965691156908103,2.378613686806716
0.9323960484857357,-0.955601590525903,2.4126868501224994
0.9402005550462699,-0.9463025181176274,2.425742901433908
0.9496831499523564,-0.9337776478420443,2.508224265709808
0.9567687531302882,-0.9237439627920956,2.5593507494702714
0.9649585127785467,-0.9115141752805422,2.496628056144061
0.9735320909830126,-0.9002459963788092,2.5153000959083953
0.9816318784977439,-0.8875569180167281,2.587727538429015
0.9903532322704737,-0.8748504427244721,2.4600736772665655
0.9989829693603646,-0.8635677237489443,2.4784869639591385
1.0091602028991027,-0.8508474116713566,2.446042530359062
1.0180288810108669,-0.8395840362106037,2.4435179099870696
1.0263592953466731,-0.829575244945592,2.454685338709402
1.034723393824991,-0.8188503565500456,2.4910379869792605
1.04343492667318,-0.8064136617652509,2.5412980953870745
1.0510953326922072,-0.795362999309889,2.526689229740771
1.0602511604338616,-0.7818659410440739,2.5370463483251986
1.069841115303523,-0.7695323619198992,2.444321854027669
1.0787629488791146,-0.7588687201126559,2.44902673420403
1.0879631637424714,-0.747768332069539,2.466381597900927
1.0962775481185747,-0.7360877792842698,2.5265040090294333
1.1043259735594428,-0.7258131371950948,2.4910833486089405
1.1113402549283422,-0.7162511569410366,2.533288933497216
1.1187423977403894,-0.7059274718641543,2.5457386346724387
1.1254747879405016,-0.6957146777693417,2.517162831086766
1.1323583973063496,-0.6857485218207479,2.554481963050824
1.1384157576024945,-0.6768031296025523,2.5026522276860055
1.1465794869340133,-0.6654801017286109,2.50899973569405
1.1547877484541214,-0.6551296443289853,2.485278303372488
1.1624624852523686,-0.6441517539172595,2.54668253677452
1.1703496675234024,-0.6333308969319985,2.441758096444374
1.1803997969906297,-0.6229597583438108,2.3386001341818106
1.1907808323549065,-0.6123324248240349,2.399027979709992
1.2004608449671625,-0.602122522355779,2.3882940127670107
1.2094462245968782,-0.5921021153090773,2.4593095655726995
1.218200182962611,-0.5803090776412385,2.4995479832298333
1.2279063186247803,-0.5693600682914517,2.368560162143428
1.2400482831778135,-0.557495002231578,2.3227772209977973
1.2485806450177377,-0.5481443037082252,2.458318149396986
1.2587797728040346,-0.5373858038497489,2.3451124002639054
1.2693839580519304,-0.5273606497055037,2.3157774876747776
1.280469704690756,-0.5164238596261681,2.3441365008316106
1.2906736567680166,-0.5069362184322768,2.3052112131832616
1.3010317851619828,-0.4989397811907808,2.184027650083517
1.3115311835291241,-0.49010344883965884,2.2949133196753717
1.3213436831342222,-0.4814253930259826,2.2840634672291436
1.3298269212640175,-0.47352586563379023,2.3265927380876232
1.338794244761426,-0.4649865838116687,2.363122679498015
1.3483689431291772,-0.4553795647384645,2.3884427155567596
1.3580682903290722,-0.44507802096685567,2.4276250532259493
1.3670431441834312,-0.4348518184831234,2.3832738819495387
1.375959688320482,-0.4248875689768118,2.421632709010047
1.3849705260698535,-0.41499200034504063,2.4027500426708404
1.394875610312461,-0.40591522915859257,2.277444661797916
1.4047867055390004,-0.3965913138440771,2.368703901766999
1.4148081259455818,-0.3860920803203642,2.382105162721983
1.4236943647656761,-0.3763994509621562,2.3871242465210902
1.4335201132992728,-0.36562887883442136,2.3890426878932205
1.443291148719346,-0.3547630532535178,2.3857175945317732
1.4532374719922394,-0.34461046824360997,2.3604783855365663
1.4630065360508901,-0.3348262778146439,2.352945241606141
1.4705720969050688,-0.32777203703656177,2.3199779037139288
1.4816905393615003,-0.31778056012503336,2.306861213889477
1.4915142919189195,-0.3079600544640734,2.3881206418055916
1.5009209746037573,-0.29806325451145294,2.3033629030942087
1.510137964215071,-0.2896923883505277,2.299072511018512
1.5203986903313442,-0.28086166735588874,2.3119054824329837
1.5311485235288973,-0.2705752431418346,2.3252274715132315
1.5395325501549262,-0.2634778744800642,2.2725586128209345
1.5504567309205288,-0.2546219885878246,2.244792343707537
1.5608010197619426,-0.24716344461324202,2.119834574951774
1.5735722933186305,-0.23887052145608315,2.1558822729551723
1.585091043907335,-0.234992361048279,1.6910848752042713
1.5978377315063945,-0.23029410275283888,2.0472094465723996
1.609833882831029,-0.22226947969063862,2.2367283508406812
1.6209562046561967,-0.21447059445544395,2.1244741060721637
1.630428631683455,-0.20744774840424493,2.245800320612504
1.6395267701201914,-0.19981635125759972,2.270203833174547
1.6502662706110298,-0.1912968385484542,2.2227547621621797
1.6589825809325887,-0.18485297963848726,2.2392595431259337
1.668677773431454,-0.1771991112342465,2.202234244457212
1.6782100470489807,-0.1698279619679199,2.2456304232697004
1.6856647578423443,-0.16338105033710057,2.2557185068301697
1.696542607013624,-0.15757234259001154,1.8801035653750495
1.7093562150238382,-0.15361903570543078,1.9455125797988781
1.7221114982172383,-0.1485584626713878,1.9337678269104828
1.7349086825079065,-0.1449454052170214,1.7659511924305489
1.7469219495737829,-0.14127261850061248,1.9259048271247308
1.7578165108080084,-0.13704952004497598,1.9377629750827663
1.7712642714831555,-0.1312190593977507,2.002551886423965
1.7848933501790312,-0.1246227195210368,2.015253854674681
1.7989570800919374,-0.11797122538792944,2.017326249992672
1.8142038096494915,-0.11469325343386301,1.663427457366244
1.8285260533594554,-0.11493367308596864,1.476562319625314
1.8404086576307366,-0.11259232431316397,1.947187248584364
1.854239895853842,-0.1073296589859169,1.9888448068519726
1.8675978959317825,-0.1013616500059309,2.0645955801695424
1.8804804976771567,-0.09472044962765538,2.033665648502411
1.891427591403896,-0.08951605743116946,2.0009769993284925
1.9033168352452168,-0.08367437222998661,2.0373689951688196
1.9137860105622548,-0.07796275116744314,2.0873965517741815
1.9262737481038197,-0.07109345003610136,2.0368784876450703
1.9384486094798445,-0.06456789744530181,2.1053569979449187
1.9484034269954291,-0.06050451121142308,1.895781172800236
1.9605069084131124,-0.055878509170707615,2.00356871543823
1.9719292607734857,-0.05180194465017494,1.8914577871117468
1.9860434093450419,-0.0473259566584235,1.8846242490893304
2.003043724301037,-0.042367218647480644,1.8439585721277576
2.0158335949892825,-0.03915565988018359,1.828437368423914
2.031603369045373,-0.03557680845414205,1.8457137494585025
2.0469384200663985,-0.033652147013044316,1.5990694733962352
2.0603051331840745,-0.03201705222420032,1.7710576618539393
2.075300736502754,-0.03016353542063637,1.6551236674551941
2.0894597183183747,-0.029460688345497678,1.57933710552997
2.1039272362545955,-0.02868261941074688,1.6627074634823777
2.11604140264719,-0.024981717141373455,2.0299868867889606
2.129034939949115,-0.021164826162522823,1.7064384216090982
2.1428853161724444,-0.019333670901143168,1.7187820381126664
2.1556879764382346,-0.016969971314279447,1.7824879615989444
2.168204821364041,-0.016913279617702757,1.4401395950674978
2.1822637357642596,-0.01772529466432585,1.5537396837671618
2.1966144746052936,-0.016821230155787445,1.694970893566202
2.21188540298372,-0.014796307515231867,1.6926792481138142
2.226301876667605,-0.014662100410339326,1.5011659786429217
2.2399454193635377,-0.01620479911225974,1.4253280528412458
2.2528409040897537,-0.020287123993726123,1.167694447635025
2.263938808991788,-0.02355607730188601,1.32084863755555
2.275706743598656,-0.024013704969250402,1.6544488965339874
2.29071741835874,-0.023502953371538616,1.5690721744558747
2.3040696296459267,-0.022456930821762863,1.7041226712004407
2.3188220051136206,-0.021908555890330566,1.542282610971175
2.332982269880331,-0.023866769315234793,1.3487749589091256
2.3455225762613607,-0.02786215589653553,1.2385607182660707
2.3595713308566384,-0.028878020701588035,1.666913262947724
2.372743670568701,-0.02884964708014124,1.466623141947596
2.3864668484143645,-0.030974270126810047,1.3411095184254536
2.4002554998201884,-0.03409239618181826,1.3575660415435482
2.412945443550239,-0.0407736062281359,0.8801542176433427
2.424229197150813,-0.05011607035459537,0.8785760661092881
2.435703323785043,-0.05672918115384523,1.1000067749991507
2.448976955386766,-0.06127023760297568,1.3388461022210354
2.4622366694201703,-0.06984763654349371,0.7894423161181736
2.4737827088143547,-0.07822387706314654,1.1290378702774335
2.4871114433502752,-0.08484353037730422,1.1053417401613843
2.4989368112017467,-0.0894970936294408,1.2883271978496973
2.513003321687658,-0.09890364705008171,0.7690115549971585
2.524968878861383,-0.10805040748093094,1.0254758098793797
2.534049333418974,-0.11392304698960093,1.012251710708241
2.5442660167696256,-0.1216842308097567,0.9223474792288955
