-0.07192551795418145,0.22902787534564018,1.6187757855948306
-0.05844059389919952,0.2294962811610286,1.615161197542047
-0.04412911630709934,0.23014172619470463,1.617311139459365
-0.02914862719658292,0.2309293516679748,1.643228706299728
-0.015324942673547646,0.23208415833504348,1.6605728627279712
-0.0007989419987203377,0.23400162883363687,1.7310339167744684
0.013900481783959034,0.23608451780874692,1.7153035717085674
0.028715958078922053,0.23858390154083883,1.776481240007888
0.043103755025800584,0.2416998531926987,1.801069230147243
0.05684282683764419,0.2438067586167953,1.7594877943144323
0.07030503735570273,0.24645721093987358,1.8186728106867023
0.08399833467921423,0.2498538789274331,1.8755711071252827
0.09752623332590907,0.2540431606596963,1.883226250036515
0.11200497566898866,0.25865817866886903,1.8950222563140886
0.12620271740171746,0.26212310469532096,1.877654629610371
0.14105617077806762,0.26718811185456914,1.9363729947099406
0.153962171453081,0.27177432434073123,1.9029762173825042
0.16751673486027466,0.27659670254884827,1.9285662928846308
0.18107130030246618,0.28123383525444295,1.8954764707385485
0.19499988234075738,0.2855472866647512,1.9318623340099303
0.2078704996165195,0.2902140694305332,1.9415091050823348
0.2229966825946714,0.29570670830830165,1.9109499788961695
0.23759448728243368,0.30096578679621355,1.9069848469808304
0.25234239096852723,0.30617598847683036,1.9518959668925746
0.2673583710602237,0.3110954207356335,1.9173171499238346
0.28343996385119963,0.31662590699535975,1.911568791514994
0.29769834480769625,0.32154858849146206,1.9911534811703757
0.31069114971903894,0.32663078845533333,1.9931639118401947
0.3256082574244459,0.33317779969990197,1.9863429493973144
0.3397421538134034,0.33937516564313946,1.9831397746383796
0.353380879948221,0.3453683400626505,2.023325430618108
0.3688938079353298,0.35256051593718557,2.0002368784235594
0.3833153289111282,0.35874501245025975,2.000676994679809
0.3956039100549754,0.3648925874717378,2.0839591508093354
0.4092431257610183,0.3735057096663515,2.1589218091225706
0.4212482923220807,0.3816610058754716,2.195988617118863
0.43504606468110774,0.3914735955666473,2.2058127137942845
0.44729596963808904,0.39978039593767717,2.1548386423133947
0.45886936944521073,0.4078515870466026,2.215222110123209
0.4695787585915525,0.4168867515796381,2.252058131771974
0.47906471142930374,0.424595453336288,2.24602343435941
0.4896159684788385,0.4326425081799892,2.215257963137034
0.5009238426741911,0.4409289657591685,2.1701119621247127
0.5134938549500623,0.4492419409434634,2.1718106221596787
0.5253474253891605,0.4595896709210621,2.317582576596958
0.5353477839012449,0.4703712541769028,2.4031380812531467
0.5442750848055066,0.4816998763508624,2.495500569874393
0.5532128567463178,0.492936560618452,2.419370630425596
0.5628101393419523,0.5029607027216628,2.354073351986928
0.5731402225794743,0.5136725404521604,2.364429616759853
0.5828118789870649,0.5232071161794868,2.357147766639986
0.5936590226197936,0.5339266649448645,2.388632451434113
0.6022089509425804,0.5446214286387296,2.4958289929641047
0.6117471122502559,0.5552400852138314,2.342697286930131
0.6213857970083985,0.5653710270586875,2.3947944818864664
0.6307356098398234,0.5742280027251411,2.3174915093150132
0.6414582080950715,0.5843120458604159,2.339371039770241
0.6512377160779554,0.5952166215894358,2.476397807973195
0.6601510131344053,0.6056693027081571,2.4448055707299066
0.6689732926060714,0.6160974329341448,2.4592987625179537
0.6774052362979796,0.626640992456917,2.470405789635745
0.6870346214232601,0.6385329340416086,2.414492070334055
0.6976289375067887,0.6503610484517118,2.4049215989357995
0.7068446178754936,0.6614624728592805,2.4358856425992275
0.7163030410396357,0.6728644990725526,2.4745140557791494
0.7251686676915956,0.6839800919779867,2.4464739081877576
0.7350855391017452,0.6969261494421376,2.5175833900896083
0.7447868415491199,0.7084056308758044,2.4239578487020115
0.7517226302228953,0.720118744862842,2.644768934709233
0.7580262483916248,0.732322217296438,2.6659758420517035
0.7640955804989963,0.7425668760463379,2.5439409183505295
0.772597629613212,0.7548930321037897,2.543145354600352
0.7795419396145281,0.7648565725761718,2.5536656634717385
0.7862457577951326,0.7756167711465068,2.602282845912627
0.7944463142410052,0.7867716959813589,2.462861547613571
0.8040103886961907,0.7950756677310872,2.184123618901834
0.8122726514666931,0.8027971866220837,2.3950640940881893
0.8223207666072084,0.8121412468226117,2.287478916070482
0.8292298212385776,0.8196011343479609,2.4825698657997832
0.8378026153217696,0.830360878588228,2.4569220232142053
0.8458443692231284,0.8410811727026007,2.521223276175284
0.8543748079188119,0.853179511987186,2.548280188017862
0.862024877978274,0.8646037371150078,2.550282382037204
0.8704239398898778,0.8750157034886995,2.4313238100506736
0.8806874289193729,0.8859198698625862,2.3577685403817297
0.8892234080937143,0.8944465001912958,2.3533025395671854
0.8987268140380018,0.9046049463072862,2.3862832412316073
0.9093192499893905,0.9153032238458108,2.3583850599392693
0.9186339214223366,0.9248298380010997,2.3611176124659052
0.9270675888644975,0.9334905347920948,2.3947574033972376
0.936642272337046,0.9424484333275411,2.2922347094007733
0.9458694081286357,0.9517609390048869,2.405869095167601
0.9559169228599611,0.9622088787071748,2.3956675546786133
0.9655240499033364,0.9719339828238396,2.3235060324392416
0.9742336197758091,0.9803603329283476,2.362687929910231
0.9835468918854916,0.9896596982336235,2.3389724508276664
0.9941014860453891,0.9994375465304339,2.313272645676337
1.0034361262382288,1.0081472923209813,2.350765206537084
1.0129719927248824,1.0176392418504256,2.352635690839535
1.0227474736239677,1.0264679508552168,2.2828654236824484
1.0341375834057769,1.0361020249979187,2.2403588414183835
1.0444431935424665,1.043840900695628,2.229777961792265
1.0571117083586108,1.0503630710725524,2.0009185707314785
1.0688069271454108,1.0569010910171932,2.097804269546723
1.0819620019811633,1.064086985825636,2.080597000503194
1.0929181372627916,1.0679807299995865,1.88048286580426
1.1048136435939755,1.0743269607678039,2.241227622027392
1.1123560820708798,1.0804159724545244,2.1738900753554984
1.1211466534783041,1.0878382658692367,2.3091494599141305
1.1317011913080892,1.0959818519121076,2.1934631935548086
1.1426910918391564,1.1035445825583206,2.1496454418601796
1.1528791716093287,1.1109596879987127,2.263832203450827
1.1637251796844428,1.1163261070987913,1.8296541250738592
1.1735947105101607,1.121473865964329,2.1948327201156177
1.1842018305655482,1.1287816339440278,2.208729705531307
1.1961946733407371,1.1366037908078757,2.1349555974638723
1.2091691216566853,1.1442489378492298,2.069349911600532
1.219498165918468,1.1496216947997213,2.1271706646098303
1.2305583249647492,1.15544949800607,2.008611434928293
1.242721413772456,1.1602816089453687,1.9161329014663482
1.2558926021029277,1.1657919659555374,2.0185608778633015
1.2699826713859947,1.1742049980611005,2.179861217541574
1.2809517904042254,1.180109300682048,1.9603397867443648
1.2946336291674674,1.1851657449527282,1.8838391970945942
1.3086503841634736,1.1926300013841697,2.1913577507685473
1.3185792653622737,1.1998681927346933,2.185942521354736
1.3300586514094177,1.2078466302659367,2.162964530754189
1.3404960120392009,1.2157693620984782,2.2292753960076976
1.3506079466631387,1.223794709169146,2.240052681264639
1.3609335198630308,1.2311823838674305,2.177510834271423
1.3704772523986752,1.2379978435092973,2.214367988482907
1.3831178456115365,1.2436878575299875,1.8604236455135315
1.395751536101186,1.2491795528688627,2.2057706683886846
1.4073646142389409,1.2572629652036384,2.204121002518636
1.4191716730246402,1.2648949221860923,2.1368931614043847
1.4313007017345944,1.271588931799958,2.088773232718068
1.4449815775695825,1.2790284174853037,2.0858288048628557
1.4573781054561583,1.284607141911816,1.9632968410274558
1.4709327933874647,1.2897863590503047,1.928197630630054
1.4838116963447687,1.2974925548099947,2.1850703322605156
1.4962123359498287,1.3058706335151193,2.157317295695369
1.510658670477392,1.311682300440781,1.8630830741508337
1.5227888082180372,1.3173079993812673,2.1300757425229215
1.5341161307734519,1.3255004210652106,2.2149939027259915
1.5462077417075792,1.3345940299172945,2.223339691168347
1.558422550261392,1.3430047384227939,2.1729439785025284
1.5696235360983097,1.3478638110434826,1.8201682296019628
1.578781981415564,1.3527829131900078,2.144911113470852
1.590663230256817,1.359545962524208,2.0553101630743202
1.6021537572120865,1.3650165572187472,2.0132820999857883
1.6126574873378996,1.367615941815547,1.748768694207123
1.6254360193093795,1.371147569068094,1.8445159795093407
1.635414612925948,1.376877317320383,2.173073454877131
1.6488377597690316,1.3855195834772547,2.1110995711753513
1.6618002004342056,1.393459144328555,2.099750637808468
1.6724458385796839,1.4002655569871025,2.13826610024974
1.6829001284105563,1.4028343437901039,1.66645519668232
1.6959330682947675,1.4034880721001903,1.5752088893834206
1.7081657894894768,1.405637606011017,1.821464733733238
1.721016003871425,1.4080970643857567,1.8157423279168576
1.7356869761165679,1.4123100106529605,1.8319892116634555
1.7497654369261813,1.4147377123342426,1.722611428771871
1.763931714640714,1.418686259285091,1.9244876540830143
1.777871878181308,1.4218508650117836,1.7282219082127672
1.7925898335100412,1.4223995368013487,1.5043482794866525
1.8073935682222795,1.42479796417813,1.9374801727888562
1.8197556158679513,1.4294901984215944,1.9997311313280175
1.8331825921381915,1.4360118989936763,2.0200065920846333
1.846333032771797,1.4417588643645671,1.9778230891202693
1.8601633917329687,1.4464002535500753,1.856677009897679
1.874038093516387,1.4497003286292713,1.8548133470118167
1.88678476515954,1.4549969793546753,2.04021862437932
1.9005132517400276,1.4617072299689187,2.00662473058924
1.9139720449937947,1.4690459030765972,2.0532341014568005
1.9278619961319312,1.4757647177400366,2.0550404321938007
1.9409674692389733,1.4827345699788612,2.0795484870519925
1.9514768979836714,1.4876409598492901,2.013720805503558
1.9646112269311389,1.4926998356646,1.8974138111217158
1.9768670319029678,1.4977027257640143,1.9743568712186244
1.9897985546249017,1.5027901900853387,1.9486394069722683
2.0045248253961754,1.5084623161393782,2.0108370674644163
2.0171226931220447,1.5143472635151645,1.9924483617739068
2.031642119497544,1.5200521328116556,1.8930813350788456
2.0445653837897644,1.52467400849885,1.939089673417498
2.0568041397569194,1.5300360084586713,2.019269524039365
2.0699467786891406,1.5357681550002094,2.0190775738086293
2.0816896968342036,1.5417476447237524,2.08851030643797
2.0941440630009227,1.5495939075477048,2.1542875691802794
2.1058269873551008,1.5534261102112803,1.715375265827428
2.118337717506135,1.5561210825613752,1.7865241187435343
2.1327860592112033,1.5595568958349746,1.831339062197137
2.1457158363014925,1.5632517559293722,1.8702693141969509
2.1595141265258633,1.567261368949004,1.8560567762621034
2.1708073372728824,1.571483017599609,1.9702851472964318
2.183904469025222,1.578132505548274,2.011633246387732
2.1958790265941874,1.581571620137788,1.8166540303016665
2.208974057538436,1.586192380765984,2.0120961204940166
2.22299454860558,1.591704063536096,1.9581373698387683
2.2374964720324755,1.5971045248877727,1.9307027561975798
2.2494927190758234,1.60186493536898,2.004104222791334
2.26340547390627,1.605412830356777,1.7105211910168698
