1.1058298174700458,-0.3154613348171281,1.6172667648729315
1.1197156344931647,-0.3148133342773019,1.623893694442612
1.1350250488405398,-0.313748646780316,1.6412417569987892
1.14982443288786,-0.3125633668928908,1.6814836921739107
1.1643927769052036,-0.3110524212923775,1.6862567714481516
1.1790300643428688,-0.30915093355559675,1.7346677925773804
1.1920346435067524,-0.30648930601209895,1.8057285704592696
1.2064125618802428,-0.3039346196159947,1.783566342603426
1.2209508515067817,-0.30121972440724515,1.7431607878008486
1.2351706791728747,-0.29836613484873453,1.7866179892491516
1.2508825595398656,-0.2948969557349452,1.772501144046366
1.2657469470487286,-0.29161399648172653,1.8002425220143738
1.2812987639707505,-0.28785252678605816,1.850362658441666
1.2941764480839488,-0.2851680673243917,1.832854059172941
1.308704713975078,-0.2818086300534027,1.8401849724904327
1.3245381834820944,-0.2772761803175822,1.8730496241790573
1.337227378382823,-0.27276612393623195,1.9177644642767517
1.3510436678742945,-0.2673331463261015,1.9810337775855968
1.3651041407754418,-0.2615025565261809,2.002535858315318
1.3781941813538978,-0.2565009402100158,1.940053907927857
1.3901359076062763,-0.2518845813504078,1.9982594482630749
1.4028321074795589,-0.24669620010141133,1.9668719096215546
1.4170515256582392,-0.24059674871421624,1.9997567839131964
1.4314481193350477,-0.2342180494779935,2.004419303465491
1.4429932564585253,-0.22946767837374937,1.9850524562422982
1.456793881688529,-0.22370892790788058,1.9929192261933895
1.4694550452158373,-0.21667845913082473,2.092773644509468
1.4829129359931728,-0.2096330108663843,2.071627496208397
1.4965775187283898,-0.2020990060800372,2.070238205889969
1.5092475514287493,-0.19481046211876704,2.1215241343654014
1.5210234710478552,-0.18733711025525127,2.1437317652706644
1.531828153461776,-0.18027186300124248,2.163426956236884
1.5441754385376614,-0.17227850867689107,2.1222291429367437
1.5579671767350263,-0.16379612028845053,2.142924385799326
1.5706353692602517,-0.15544639631344004,2.1787094693535116
1.5845487558667435,-0.146674246298882,2.1394240021104975
1.5984115523219249,-0.13765701763316848,2.1804194262719356
1.6115418834525181,-0.12912947454062634,2.1872787291815587
1.6228061853870093,-0.11975552838383369,2.314729212437794
1.633693522344931,-0.11182762655402662,2.181820899579902
1.6453369221545733,-0.1034436205792696,2.226047015361344
1.6570957323316453,-0.09506556408058865,2.195358348259064
1.6682924484979853,-0.08657117596962469,2.245672233832869
1.680543485468425,-0.07747053462961001,2.195773853732796
1.69200760736436,-0.06864936800819706,2.2560984562452306
1.7021438919359075,-0.06031780690059656,2.269464794584677
1.714780381553949,-0.049938603012107376,2.2593289252553324
1.7232889049213411,-0.04376128182540315,2.2213251167240204
1.7331346667023477,-0.03648561365360033,2.2325836309700144
1.743469646695371,-0.02670656189393158,2.3624868359517106
1.752926312550327,-0.01737385056876736,2.345857581355782
1.765190082566194,-0.005410500636187957,2.3507239103319835
1.7764108670311243,0.005502430596713809,2.3437834820873906
1.7870679166960388,0.0170563996434113,2.388498523883934
1.7950036026281748,0.026708983467048274,2.468967694127274
1.8033176973244869,0.03556366001075292,2.3260365438277657
1.8144951570101122,0.046578119851792985,2.3406559627556818
1.823966570733635,0.056947004013393525,2.412822028051285
1.8341606269544444,0.06749688704628146,2.3463420745089447
1.8442912243941567,0.07868372664065355,2.4345108853442694
1.8528045409130083,0.08899618391636169,2.445621281794379
1.8610545339812952,0.09908955186332327,2.4639390810296002
1.8689279231075109,0.10843837416212053,2.42098051944724
1.8784380900019237,0.11963553267818505,2.449043959262539
1.887530392086757,0.13017959957682398,2.4237258289703103
1.8963957720190774,0.14077350350324322,2.472915104284909
1.9039475802371317,0.15144009611226925,2.528087225394306
1.9110080625101484,0.16248662945696887,2.6037519234776294
1.9183658453191752,0.17444317126121614,2.5780058292345043
1.925405155972253,0.1867390040343436,2.615393134080941
1.9325722828002843,0.19990900090680397,2.6159858762674695
1.9394068235015323,0.2119938208001791,2.6318807932259616
1.947019826288261,0.2240926172172666,2.552815741044468
1.953772858153822,0.23523488489975575,2.598272733905698
1.9614600786375371,0.2477805773302635,2.588615427775687
1.9693478277862897,0.2601250270630455,2.5260475413237633
1.978232366831959,0.2728766040430639,2.5189927226477526
1.9871893483677332,0.2864431997324393,2.576035358642532
1.9931649428327984,0.2971581899386981,2.6996316435123258
1.9993020188025181,0.30855861022603087,2.6019866099615268
2.0061097579516667,0.31922003573216856,2.5924744273604188
2.0166360333557964,0.3291800114306665,2.1568440423024176
2.025017193592633,0.3381258749406564,2.4500220837747895
2.0315640178803323,0.3472969083882928,2.5317947438673394
2.038829956984787,0.3568236565743791,2.4395370270886554
2.0481319600509953,0.36768863182864014,2.4305230144768375
2.0576078878112125,0.3786763809694271,2.436667626089185
2.0672782598236963,0.38959577485616986,2.4089268058146294
2.0757755053115465,0.3982311939769532,2.2945282470471766
2.085351777845155,0.407512102188617,2.3805957132199036
2.095112681213682,0.41712229427526715,2.3325266187195854
2.1047149710113,0.42777329963150834,2.4119021669967244
2.1150378881743817,0.4389536451278292,2.382164941023106
2.1246086312754615,0.44961850017807026,2.4340016712454235
2.1346049599008627,0.4584641720744055,2.2058626661162
2.145676948887492,0.46709896943739154,2.2663592367650707
2.1561763888436105,0.4765294844446093,2.3225378614306287
2.1664577251058925,0.48306930026144673,2.0919254197563006
2.1780885007838613,0.49103278779220594,2.204082571440996
2.1906802254212625,0.4993162900816695,2.15315134321461
2.20344037212485,0.5079872469774507,2.158170590392234
2.212407348628512,0.5160911237537419,2.3711823256390723
2.2231890138621093,0.5223349414611974,1.8817906769627688
2.2363200400842107,0.5284770570518588,2.094926635239239
2.2502047421389513,0.532408861809322,1.6927062340617824
2.2620431134757313,0.5358663598334479,1.984137398756805
2.2754408051391204,0.5431986285399923,2.140918990935303
2.2868087548424465,0.5517593571740248,2.2585898937106146
2.29620892282384,0.5599050235578715,2.2805965689000836
2.3097685850520735,0.5652119857861012,1.7462611977077063
2.3246525266050146,0.5633863101298429,1.2728573312994893
2.3397194006976143,0.5640834068933986,1.8528982932823774
2.3515909733574847,0.5700378992110793,2.197592194697809
2.3670257622569917,0.5747426703563119,1.6430233792973632
2.3790763431231867,0.5782865332503332,1.9699225191707852
2.3905014595100607,0.5837709240614882,2.005702073010548
2.4033746225873927,0.5894637128945288,1.9907148970882254
2.4144680364714497,0.5941210626512641,2.0144544243196947
2.4273008669690936,0.598252235014745,1.8193928770465406
2.440345325469597,0.6005969702828918,1.7437338579064594
2.4530452922149517,0.6049775024285524,2.0055004153002893
2.4662110157344,0.6111486798460413,2.045185359385879
2.4805346867132325,0.6154012157639442,1.7765017436915687
2.4957615126605357,0.6144723844690193,1.345667585911326
2.507943196047192,0.6150075630057296,1.769333299355262
2.5204847285907603,0.6167174520662125,1.6640546092289632
2.534824722483536,0.615095396662482,1.3121204790475494
2.54558076131684,0.6097250504444572,1.008427469846621
2.559987186748788,0.6054791062193925,1.4238717297677077
2.5752172065593166,0.6035249240678735,1.4290352347180206
2.58639942993126,0.5971996329607445,0.8838450119172312
2.5996857081651017,0.5876668036334369,0.9814278292229234
2.6122154131594697,0.5834380370835015,1.357710767515883
2.625895102048489,0.5797891697660652,1.2510677140527173
2.6404190988286134,0.5761365054734859,1.3571238924561504
2.654079799682158,0.571758934964959,1.2087398685253365
2.6655160321215723,0.5709663612343099,1.6716819254929505
2.6800427686293724,0.5710902398442732,1.5107878276000832
2.6934648323436337,0.5679132462017908,1.2249904392561886
2.7033542057173956,0.5612239108537705,0.8310347960781429
2.7136256614396475,0.5540368000000615,1.054258595401654
2.7261995021773076,0.550589666659979,1.418111586098
2.739497610414423,0.5481792294495701,1.3599939382007873
2.7531612972210935,0.5453261237223965,1.339936784509659
2.763887377716784,0.5383866390018777,0.8318362429570495
2.774398745669982,0.5320367498783873,1.1078447238678668
2.7881856442084993,0.5256047676037136,1.1427142239913968
2.8009160719972828,0.521020220920479,1.2772718238011962
2.814049469962296,0.5170156046654172,1.2579083447211483
2.826984100233777,0.5130555653457821,1.2585250945507633
2.837657266867222,0.5121195315053128,1.6161149498302483
2.850792268452713,0.5096387995862153,1.2101706829353271
2.863014602980972,0.5054636805410866,1.22114281531235
2.876649631826018,0.501427966184765,1.3030544094946703
2.890342652038684,0.4981293202151081,1.296441675854584
2.90396595687869,0.4956868469062525,1.4631448122891342
2.9160615035969393,0.49609622409046467,1.7490858473899147
2.9295726494502317,0.4969249765508358,1.5287322029121575
2.941700450624819,0.4948742717066021,1.3438123232996726
2.9544855588449654,0.48942821315668783,1.078590521528558
2.967714115203354,0.4821141364272322,1.0922284973767624
2.9809117018903977,0.4758840181028421,1.1022790466966754
2.9943016770844313,0.46793085888968794,1.0197283377898672
3.0063199766387143,0.4608971172463367,1.0375358768396756
3.01745097651711,0.4536441765744264,0.9535994643743602
3.0289712505210997,0.4447651862411394,0.8948525461773811
3.039779504048283,0.43664654639023087,0.9054074443485565
3.0505253826378227,0.4293181011351034,1.045757660539437
3.0609272166583845,0.42570414326709055,1.3938059321379876
3.0727218312477316,0.421066358998935,1.132498492140235
3.0832148401167423,0.4165133467378854,1.0891209558933515
3.0953148610456225,0.41180952792238756,1.2800205748608469
3.1077147378128,0.40838889663596556,1.3096910885620898
3.121125987853515,0.40495923567592884,1.3006561290275034
3.135650340616891,0.4015080952697368,1.3325403098315634
3.148710741083473,0.39837754774357986,1.3175412468305028
3.163635113002834,0.39454223926290083,1.2961522380589416
3.1757365946530345,0.39160594556505723,1.2808081636235598
3.1890420674783457,0.38807834826933846,1.2450884287058275
3.2003599457227434,0.3820950384006248,1.0434235539250922
3.2108153748024875,0.37531026871274964,0.9756761440178747
3.2212279616420587,0.3682252587505298,0.9684260432636771
3.2332441801410607,0.36506828292306126,1.4353428518923939
3.245271028860616,0.36047630363963984,1.0724973863583154
3.254165021143925,0.3514981146320163,0.6219603545779756
3.262317954312577,0.3411604260486361,0.6928787027984122
3.2727163600628746,0.33031197473718577,0.8227738591852355
3.282553873090976,0.32383190577807924,1.1659133010744953
3.2941585544147896,0.3173054065446645,0.9486197716174132
3.3049232615799604,0.3127623957097201,1.296383639551182
3.31799378066498,0.3086746851065575,1.2517281462755945
3.3285622205207765,0.3025388768740926,0.9036694840546088
3.341344337787485,0.2942613056983437,1.0165481866709951
3.3518028701362312,0.2872653477000791,0.9735898350031384
3.3635130371400632,0.27919908236407937,0.9407140823376668
3.374786646945289,0.2697297738271461,0.8426870296609016
3.385766273498988,0.26000296754624064,0.8681962910328657
3.394680132894755,0.24975758342390014,0.6204555285104439
3.4026426304590047,0.23953682351140368,0.6847738846309376
3.41177967248086,0.23055766535180217,0.8592308490098666
3.422401894439097,0.22180583720524902,0.8880217160448745
