-0.6707779424404462,0.8940070929069643,1.6188649153791144
-0.65662196659154,0.8950495032324463,1.6500470016481006
-0.641856370896073,0.896603715608817,1.6805900446817306
-0.6274234060158612,0.8983047013345382,1.6968080989193681
-0.6130750888731623,0.9001586814824293,1.700696911222749
-0.5989941906013775,0.9023220210665089,1.7491418253175506
-0.5847070636931301,0.9049692941949407,1.7621617035297037
-0.5704744975920253,0.9076041749366562,1.7241127586186007
-0.5566062130524856,0.9099020752643205,1.7665488412760044
-0.5428391969560837,0.9126127102900704,1.780496459837261
-0.5278070580690741,0.9154808179606683,1.780224380039428
-0.5127351412992192,0.9185521427667104,1.8046082835354
-0.4992553524067694,0.921925516077984,1.8352455854064806
-0.48399568678149696,0.9253350224368758,1.8387344181895113
-0.46978242738588855,0.9296066365506885,1.883961591721177
-0.4560176288706933,0.934378016670508,1.9413785913576758
-0.4407847821835946,0.9400785295616022,1.9205371241148677
-0.4273226748286654,0.9448260204025936,1.9326863269550383
-0.41581972034477116,0.9496919345849844,2.0376568825864037
-0.40442233297998287,0.9561362324345155,2.0699602814336235
-0.39217307580041355,0.9626374348708784,2.0578723032555257
-0.3792186901445651,0.9689388828790544,2.016047595245654
-0.3663570396388045,0.9744940771568259,1.9700763273876736
-0.3523104726259872,0.9798829316845646,1.9388514412449878
-0.33979048752761926,0.9852124516337837,2.0028608899297935
-0.3267620963031268,0.990314574479387,1.9723094136278232
-0.31198648403251966,0.9975972052705552,2.051115909306821
-0.2993981979498581,1.004333471114539,2.0689768009271874
-0.28618216423615866,1.0115608976972124,2.083061595409578
-0.27300732078681555,1.0189801716675033,2.0768750945464642
-0.26052320176333216,1.0273832853590876,2.1976554656681935
-0.24989901295320874,1.0350354225700458,2.2198373714529396
-0.23790176944518734,1.0434512153384603,2.139358397870543
-0.2255594614442207,1.0513328106168962,2.143187270951759
-0.21133186974303314,1.0604142492799673,2.163852956560159
-0.19978648870555515,1.0684969533574862,2.156004784119714
-0.18627287042237767,1.0776675136810396,2.1898214004065615
-0.1742479263262164,1.0864348144455165,2.220502357462956
-0.16250091492784624,1.0946890461018852,2.199805977030401
-0.150684331231972,1.1034879169297516,2.239163476501699
-0.13986125428215881,1.1120219681154238,2.2693346912386105
-0.12915040630235108,1.1216946018107283,2.3226770013540063
-0.11820498587048871,1.1319475763400932,2.3445015406565073
-0.10893029426127127,1.1408105364309193,2.3395578846566942
-0.09886724607817914,1.1509341642881739,2.352702712380903
-0.08816619993123574,1.1609003420657733,2.316993015632939
-0.07683663752724083,1.1714592438336222,2.328709174484325
-0.06768713152447381,1.180213834822673,2.3442685506696685
-0.056857967542863125,1.1910138036622249,2.366119796681707
-0.04473013382492185,1.203446954105876,2.377332103800824
-0.03521897656910879,1.213985896303513,2.441690441154538
-0.024413746485334276,1.2256842330722377,2.3527823586431285
-0.016516444030565434,1.2352861384487326,2.5214196595484446
-0.007637591236228679,1.246155239276091,2.4069563463435473
0.002051701309746886,1.257348260741113,2.420944854898808
0.010954772431782923,1.2683698235699998,2.4415413589463246
0.020229334894756378,1.2789451846340216,2.4201175119513896
0.03016899615573391,1.2900585871772414,2.380058020873524
0.03847559379272177,1.3001911304680867,2.4918517464682526
0.047208290830363965,1.3111027401130952,2.4511660473347865
0.05632098845222707,1.3221634886439269,2.469361423878078
0.06308440404857676,1.3318552836585422,2.521250924955839
0.07170163246919914,1.3436626458313632,2.4775251233896123
0.08147973190468875,1.3561707553692395,2.4604791969257747
0.09086959777690837,1.3680037347556953,2.470972392672707
0.09911716117822744,1.3794374433171102,2.565012749411642
0.10810618823250968,1.3917369847095233,2.432536494476443
0.11712149660776089,1.4026272043487995,2.4153051628528948
0.1270187724876,1.4139432322260383,2.4337279185205523
0.13772252648764846,1.4270175879821283,2.5043562081593436
0.14587806075670057,1.438733954512559,2.5409061479502957
0.15435213033460216,1.4513057807485372,2.552178131939742
0.16145926796093302,1.4620238586537808,2.558858045194851
0.16897085837594458,1.4743174953218356,2.5604383442608327
0.17714593553478591,1.4863941483262586,2.5351006279900234
0.18503657674767154,1.4980296532071264,2.541988906330111
0.19374215751948598,1.5090280443717028,2.4025082535208875
0.20422736665591879,1.520153352054702,2.3552998057893624
0.21400985558506655,1.530956775465533,2.412963903337101
0.2217613470596583,1.5404448772295432,2.4389047464351226
0.23019095141873053,1.550653831918174,2.450435530162049
0.2405840256073538,1.5624899202294606,2.437198996422881
0.25022190514851583,1.5745075933227437,2.4748154110354643
0.25990078273440564,1.5862590464550375,2.4572951768709625
0.2683387785449775,1.596785851296253,2.4669298088716562
0.27758425518733953,1.6085028837994004,2.4627977595140775
0.2879790950070079,1.6211092089760826,2.454394422167866
0.29599642475765886,1.63318230408897,2.5999120056264697
0.30412763031836487,1.6463461165653461,2.502194216896572
0.31301993864608485,1.6578462829725005,2.4660789602987463
0.32212968398851277,1.6701279505291462,2.5092092238259136
0.3296576078675863,1.6805276713722523,2.485979029224894
0.3377922656907446,1.6908255552423224,2.4786471972555812
0.34688396952423667,1.7028140553615219,2.4725180218041007
0.3553670316269795,1.711895674883164,2.349433016986586
0.36621669140561997,1.7224594629520118,2.3992220831926216
0.37560910677319476,1.7307766919369107,2.2344356392565214
0.3835158225209307,1.7390392123028593,2.5172759117412875
0.3911483840853668,1.748377647973696,2.4355693001122787
0.4011967364494485,1.759262172366086,2.377181867674105
0.4124232453288082,1.7698960877088188,2.3291153730114296
0.4231457448214698,1.7804124837586106,2.3581986341159804
0.4321716652222274,1.789279695299312,2.3431705895276314
0.4433438709150403,1.7996896877552448,2.3081179003708376
0.45361884597896107,1.8097638280972455,2.391073229865601
0.46437828749220755,1.820135857916786,2.307287175138653
0.4742197712471389,1.8291111483925013,2.328087982531344
0.4850995038267903,1.839021447872854,2.298919385590357
0.4953958511397308,1.848069350836094,2.295875785857805
0.506595446681319,1.8574128095027918,2.2480695493182767
0.5179032626317319,1.8666407899201085,2.227600713730938
0.5306686258034585,1.8769966167884495,2.2833319235262564
0.5397552448528238,1.88615592777062,2.3777833053555573
0.5504662840463963,1.89453932131841,2.183974429792548
0.5634153581201072,1.9043990257248131,2.2518229889482884
0.5736588639362481,1.9126970562272854,2.266451500471503
0.5867655826140944,1.9213935670717794,2.0936067056157452
0.6000136259879123,1.9282430734415756,2.04613195946566
0.6126504790456364,1.9348755893357041,2.0925367353764748
0.6238118035803102,1.9437743335039321,2.363221525709733
0.6340601951269769,1.954308754561244,2.3566138740031337
0.6452182861566261,1.963480017135288,2.176800947383146
0.655263963511237,1.971144271830345,2.235021594754567
0.6657198361630037,1.9793542848191816,2.2713054508235992
0.6769079022523834,1.9888306621562806,2.2976814139709205
0.6872655544224294,1.9981147965235977,2.3101386471857897
0.6966001929226517,2.006776206012695,2.328837708748597
0.7077095748606761,2.01634070398058,2.278079763522217
0.7200825417889984,2.027166769828317,2.2802569114483946
0.730940658458078,2.0357480591508095,2.235621330863524
0.742000566646004,2.0447754697727536,2.281028321480638
0.7540057950685333,2.0549085980624477,2.292837869493281
0.7644504795389139,2.06422442318315,2.3088539889608493
0.7750356450921051,2.071726508362192,2.108657240614152
0.784690833867716,2.079900547832554,2.3198503194530544
0.7960995959561139,2.091224895432471,2.3343579558792125
0.8057330255559759,2.100373863135427,2.3499195914431805
0.8169112936971588,2.110970469383252,2.31504433530749
0.8260781974341803,2.1199142998229927,2.3885567396507876
0.8366850969473445,2.130658275218554,2.3521058965008694
0.8465584639011684,2.1396238274188466,2.274653398506252
0.8555677123681303,2.146584220140976,2.2228037393095312
0.8647685713278009,2.1546565414347154,2.3618001577306766
0.8746117353610116,2.16368155206586,2.2885148578517125
0.8844944495871543,2.1723841765265224,2.3042809149326735
0.8948995731114945,2.181827678171743,2.317329530112792
0.9065921821450482,2.192054929113189,2.268181414074692
0.9179377284890841,2.2024682719138964,2.3269323733102425
0.9284996685734679,2.2134326189762055,2.4333750954894646
0.9377338929004718,2.223036827189437,2.334601692989978
0.9482977609669745,2.232673425686023,2.2820067498428376
0.9603159122974907,2.2417102375932627,2.23495608700727
0.9695768657195234,2.250031456262197,2.361075186409181
0.9781008515528391,2.259030149630011,2.3706550236765356
0.9867759408079414,2.2679310181675403,2.3730070221010338
0.9984771984549965,2.2791252148725647,2.3264903168439406
1.0069739436708478,2.2881426744511595,2.3953193961232664
1.0165436134136714,2.2970350860509776,2.284002545953711
1.0259808363606382,2.304868160524612,2.2403738402945264
1.0353902610435053,2.313086497605384,2.339786616833193
1.044915413631545,2.321985870269669,2.322750394868379
1.0551143617915744,2.3319597571365414,2.4219741390283804
1.0637238072384307,2.3416383350393866,2.413617115438545
1.071714871038519,2.349508096501794,2.297158663672309
1.0827679541329263,2.358852303740054,2.320796824286317
1.0920703234160622,2.368756555848097,2.4543980427271745
1.1015802608976732,2.3783531300406273,2.276782500421644
1.1109745939591846,2.3877608428001427,2.363942205858907
1.1218318565833054,2.396801860165155,2.183296657525876
1.132096884421569,2.404559284095854,2.26324364597637
1.1435192562257344,2.4140237566022797,2.2574296014957245
1.1530324486028296,2.421695448408452,2.220002582132292
1.164334913141325,2.429809646718898,2.170789857887244
1.1748105725641154,2.438389026712765,2.2875688726819035
1.1845105114856305,2.447436925377242,2.347815756482726
1.19412356957215,2.4568691090447135,2.35625778749969
1.2039059975372526,2.4662945272018635,2.3401875894719306
1.2134664915472928,2.473859404284641,2.1895850114829667
1.2247029935683669,2.481606008252175,2.1884351087479565
1.237281646881533,2.4904788331510623,2.1765365604451556
1.2468537311287713,2.497766642787995,2.253214706392015
1.2568738239767256,2.5055742651491104,2.2378190215361484
1.2677796524758684,2.514655909485759,2.2949794367696823
1.2783230426241372,2.523948574835433,2.2888158473271005
1.288220486460185,2.5309577722750642,2.115575374672496
1.3002417346589221,2.5394111861292914,2.2330405946407623
1.310323645523382,2.5464544469860657,2.1519098448595195
1.3225830070336897,2.554399512519305,2.1572910955724387
1.3345582590158598,2.5634208631727358,2.2315743475302723
1.3457562831687826,2.571861696183081,2.2070630249238916
1.357779373996773,2.5807102708663145,2.2187297002136934
1.3681948471055805,2.5889013525935627,2.236805096015089
1.3801811939305664,2.5994874590335537,2.320307625844004
1.3904378586203394,2.608332641532263,2.266447836788248
1.4023072039049984,2.6190263094797097,2.3563810513411885
1.4123836624068025,2.629628149354511,2.3964576002743367
1.4234102771336723,2.6391476056104723,2.2478463439104055
1.4359738495741392,2.648926925999073,2.228375419116186
1.445185071999659,2.6555000107956164,2.196684766704788
1.454894680639086,2.66101856769413,2.1098059233301814
1.4654623165721856,2.669438152798518,2.2966448710059884
