1.4007396386399547,-0.2524096577843303,1.6206071146661938
1.4144216503817595,-0.2518626708305121,1.6220869052236773
1.4290023574620432,-0.2511911625306359,1.6361258821406623
1.4432690807057855,-0.24992049116748383,1.6747986444478145
1.4579356880242715,-0.24848902045519353,1.7012368646097795
1.4718942674031594,-0.2463537568625632,1.723820713553851
1.4851872911342434,-0.24410671685505697,1.7714708828395473
1.500282112215406,-0.2411904409519498,1.8005416273433983
1.5142330896643355,-0.23750942959280266,1.86813794141743
1.5289157769740107,-0.23323803176858163,1.8292632068420285
1.5420012660682767,-0.22993016153278326,1.8199773375075665
1.5572865369282545,-0.22622616408787855,1.8354319610484942
1.5709323636212345,-0.22180169885794287,1.8720547555832214
1.5867624077184297,-0.21646553453886327,1.9081351780956468
1.6007814547805717,-0.21170699305518895,1.8873099606879298
1.6132515410882913,-0.20756871764645723,1.9312389052319918
1.6283765876091356,-0.20179598623100425,1.9364305781545774
1.6425243036763415,-0.19689704568751468,1.9419692569113627
1.6572271911199827,-0.1908118730652216,2.0089462026620057
1.6695118600843302,-0.18468390958318928,2.051344732856019
1.68219254108858,-0.17858340673956025,2.0101233182021896
1.6967532670501448,-0.17141931894261017,2.046030631048218
1.7097793412149036,-0.16541972590380663,2.0249374378714116
1.7239060930526642,-0.15829152520347783,2.045683599184226
1.738745992368898,-0.15088021323258685,2.0393753401467234
1.7538295251711626,-0.1442018550546738,2.0401082523187086
1.7674806403136398,-0.13759965693244436,2.045335383780594
1.781878063554495,-0.12984046851162664,2.079051677765894
1.7959923444397523,-0.12171050092180592,2.1129615825905157
1.8069542053161054,-0.11670389747665837,2.0322675550905096
1.8188792771463465,-0.10876454125409454,2.2739314594754756
1.831507661229962,-0.1000176236051892,2.129953477236012
1.842638962938297,-0.09263601280444186,2.209833984106877
1.8541492815605338,-0.08434388599255589,2.2050331647636905
1.8635308575548908,-0.07811271881635067,2.181842853737244
1.8752371488658193,-0.06979973628418207,2.235742232188702
1.8878722720798178,-0.06040619828780587,2.1753230522615787
1.8992955782274672,-0.05142202433816312,2.2704412987264284
1.9095340163811323,-0.04289286264372248,2.259986877180523
1.920625825528148,-0.03405328900679299,2.2281695428006625
1.9327380575115116,-0.024771441111907447,2.240205670521236
1.9447732231529704,-0.016047815837675172,2.203978106398793
1.9558270176783366,-0.008114920931940495,2.2155776086442183
1.9664500675878807,9.843668593079098e-05,2.2458762446140126
1.9786494647923047,0.009481250218506175,2.2383756931966543
1.9900003343489412,0.018244086496959386,2.2142597798661066
2.000926863316547,0.027317356642939668,2.300332186366104
2.010779637590807,0.03717991206470627,2.4059000356274085
2.0211249610307527,0.048445098429666794,2.3908110306896107
2.0313314910435745,0.05920575864048218,2.379400625227602
2.0404393139612345,0.0698248467065073,2.4413355421329843
2.0505150784645405,0.08157213794940477,2.45589633959604
2.059324464060776,0.09186319350108979,2.4226416609721957
2.069060837550699,0.10336904408450566,2.438835628931636
2.077252864152889,0.11329442521459619,2.4346950675461425
2.087557471486417,0.12464649118912006,2.3540186818111164
2.0980707012868653,0.1349286019528619,2.34070658363034
2.108742407970812,0.14629835354099519,2.4012891307064828
2.118259189910307,0.15686468198519637,2.423256954488312
2.1271852084114244,0.1687438488673154,2.5284816843936335
2.135015261040002,0.1794662610531756,2.4868492600651186
2.143495034971352,0.19063759944745318,2.4509695905266655
2.1530866015371792,0.20199617426634103,2.4564227614708756
2.162643023491162,0.21327409413635615,2.4312891335901843
2.17167168883312,0.22526845688204875,2.472424909383222
2.1804338608968283,0.2371218572071569,2.5073998477407753
2.1891286467513087,0.24967131144065907,2.529344746823066
2.1979482481079886,0.2618052057202711,2.5227596770476177
2.2062399975175144,0.2742003476920332,2.591639109548745
2.2148005366709915,0.2883748385365431,2.5926405645732795
2.2214854518970877,0.30051013685622296,2.660743368610318
2.227767280393666,0.3104192176616242,2.546239566895408
2.2353390833840447,0.3225243497784542,2.5665041692837303
2.24296711861873,0.33491689429129995,2.5362907822830594
2.2506084053775997,0.3458961809450884,2.5224232246698826
2.259037536582456,0.35843236356592967,2.550668969059049
2.266539406939876,0.37001828412947557,2.5894140446999887
2.2728911276324566,0.38052458615617785,2.579277286334145
2.2804643707545997,0.39201537646665924,2.5065190784628775
2.288713434100636,0.40340087004471503,2.5164426516061695
2.297326396406677,0.41582105265099834,2.526815545354563
2.304111246606326,0.42341659451196617,2.3071567563014055
2.3135034620312407,0.43350459629749477,2.4382375499487234
2.3224398184368513,0.44426726779571635,2.4345825765664024
2.3304376256771238,0.45594082785221773,2.520335131116781
2.3387554608745953,0.46606302057071286,2.407756467987426
2.3490947577128525,0.4751382561580788,2.174183867203697
2.3597381655289182,0.48362795021861876,2.2964373064888646
2.3701755833772493,0.49344078222948656,2.3890652460444732
2.379202646871653,0.5025778774869544,2.310456917815169
2.3887290191602975,0.5119637011778323,2.372863289657794
2.3990909123715856,0.5229094073530907,2.391887490852912
2.4086326174871697,0.5335503154025625,2.427776748813946
2.418413941395742,0.5447951354824165,2.406004891042473
2.4280318419090774,0.5551460813713534,2.395037464972677
2.4369994154836125,0.5645586427956112,2.3814416885688927
2.4466645354247616,0.5722610750187602,2.1522835361785195
2.458251031408518,0.578911759762388,2.074469236663165
2.466574802799404,0.5850780629040276,2.2880698823908903
2.4771670882705887,0.5943130731777619,2.273151663559333
2.4866319035126088,0.6020208119376856,2.24125989323044
2.497528833665967,0.6073183714226074,1.923461970148148
2.5086008006456164,0.613786004385166,2.2524815049388054
2.5210069744488415,0.6204229052719289,1.972340672596474
2.532096788639033,0.6261176131884055,2.1344792267039185
2.5439131838008264,0.6326133187135813,2.058844814977896
2.557439665343286,0.6351365370254443,1.6056068357731448
2.5716807868626375,0.6335061660935196,1.3308694639016414
2.5869533632906108,0.6347908589593182,1.844666986229601
2.601070455038142,0.6356145172876709,1.4878400490638197
2.613920602141552,0.6381584121580672,1.9874884041177878
2.6260977439729465,0.6451891306124652,2.24878899310891
2.641574093411296,0.6499192146641932,1.584060166728808
2.6563270366257683,0.6496561991577976,1.5532781432135174
2.6704879745881063,0.6529859127355464,2.0085016728573626
2.682611332864978,0.6592608637353223,2.095374080141232
2.6970676251120094,0.6659209850847368,2.0352700467043747
2.7092739408921487,0.6723602292346479,2.0558788131451102
2.7204723846138386,0.6781870333635116,2.0276745339247904
2.7332650648848484,0.6835782137760795,1.9103083120192397
2.7456921614398766,0.6883009638898426,2.0014986849918515
2.759193739987269,0.6933758928322707,1.9029882785377175
2.773443597363217,0.697184477318771,1.806865809032411
2.786770124979279,0.7020791667412657,2.017404441667344
2.7982989676471863,0.7047085483042449,1.5800487012764395
2.8125247845065795,0.7065419709124348,1.7653149853971057
2.827739032903974,0.7099465439422864,1.7835844193562123
2.8421259541470665,0.7090193982068832,1.3544544854535412
2.852516536222412,0.7053603841664559,1.1034769214740083
2.8627882682470687,0.6982998662102292,0.9040940055554965
2.872859559365547,0.6900708991558476,0.8659983967791606
2.88337151995188,0.6837051900492336,1.154110634786758
2.8947851229916344,0.6773994873578338,0.9225377918280384
2.9083333413926753,0.6710725331299827,1.253099962149497
2.9200788167642218,0.6667880361707901,1.2009777063164093
2.93328481632128,0.6610320580578194,1.1190878680389547
2.9440102802943753,0.6545063573225254,0.989251338408496
2.9549486644875596,0.6492430132253956,1.2190682221629487
2.9683659750425173,0.6447220678146474,1.2410711011265474
2.982505667703667,0.6398879467483082,1.2327476229298977
2.9956681183197422,0.6344769418870279,1.12909875466485
3.0075302730565667,0.6308513062604336,1.374767569049537
3.022882516466089,0.627779525331199,1.35840755463425
3.0374240841291513,0.6246181042012033,1.3454457767225565
3.050476734683529,0.6210418982983473,1.2024580921192292
3.0628579991109466,0.6128921798991545,0.816270594741151
3.0739328553888723,0.6063704265713182,1.2300323796129147
3.0877845641434596,0.601153022671891,1.2125150967019087
3.101053536770644,0.5964125292163694,1.2126852992645312
3.1148224069099495,0.5899613591143004,1.0377192993960456
3.129254019067652,0.5838390153887495,1.2406386628457229
3.1433268973519586,0.5791825065600388,1.2717776419130955
3.1572642132641104,0.5760420363943028,1.3991758125635392
3.170196453782972,0.5730328635845238,1.3212318695220824
3.1832725966455375,0.5692890867443782,1.2428080542190947
3.1965049208590073,0.5645058308272487,1.214348612598072
3.210508299299692,0.5592721469102652,1.1861856898814933
3.2213928665456306,0.5531638507917122,0.9316905900886007
3.2286138578431327,0.5489123689391205,1.1275779942662099
3.2403827684968074,0.5423237743308035,1.0330866581869151
3.252460040331889,0.5360334356769891,1.107964643782854
3.265975988655782,0.5304535587500052,1.0841186997670187
3.280932515014881,0.523774847228873,1.209625896729673
3.2932797601058126,0.5189933301865907,1.192056084051483
3.3060019717810447,0.5122541618730927,0.9906835587477162
3.3170463533279273,0.5055794199113267,1.0076014869962702
3.330600572656665,0.49831465121141905,1.0478659060981268
3.344099867466159,0.4919944787264116,1.1978616584816668
3.359356339596888,0.4855967720051925,1.1741145873524281
3.3709925853879943,0.47972380103674145,1.0187987434050454
3.3833318222562943,0.4732333192333503,1.1993281739632575
3.395746732070186,0.4688198365994958,1.2192358066390896
3.407862831613604,0.46447837758845023,1.2426568293407785
3.4207814649411326,0.46032996880531823,1.2023972711583295
3.4347533732944333,0.4554767354608991,1.2189809098645041
3.447940376206685,0.45124821619655164,1.2332435117363871
3.4623863725833446,0.4466031158463575,1.2060943389325112
3.47626482972831,0.4404976863156698,1.1542862505734555
3.490181112567667,0.4354106781752943,1.2309021370458926
3.5029560648144007,0.43125325904316897,1.2479907694380021
3.5127555746102885,0.42575317497978277,0.9141719493428022
3.5240200717531405,0.41745509348833637,0.9426247173041575
3.5362791718455204,0.40892480772995865,0.9612715800673272
3.546947020137007,0.4008341577229558,0.8511315220897442
3.5577642989507576,0.3921053169286089,0.938425993399923
3.5694433846117732,0.3833217125552831,0.8948775032503664
3.579344116850432,0.37451687893762464,0.8821651373606605
3.590479965967977,0.365388571682548,0.8861331883283228
3.601626753183196,0.3558041158011154,0.8463413420878414
3.613607402935016,0.34632712731824905,0.9204931834646157
3.625706771122703,0.33692116246425247,0.92733048664844
3.636070244725482,0.3306039652466825,1.0629025990168615
3.648119117095771,0.3235209578715036,1.0424185628579523
3.660405494425618,0.3159648761540894,0.9811514431976006
3.66899572122043,0.30806192333074234,0.756730988753336
3.6790669119236528,0.2993414064178842,0.9344956564374071
3.6897897681728002,0.29178423689441074,0.9100909955165782
3.7012263085063872,0.28547394557609745,1.0725178902191168
3.714887461335304,0.27702529639813317,0.9701436895420086
3.7272331210394647,0.2679318487551338,0.9638125272992458
3.7374921985609246,0.2604864495407582,0.9805892674577172
