-1.330849199544125,-0.30318517049628396,1.6213815484652683
-1.3175987645427913,-0.30250760370489044,1.6103773260739944
-1.3033636363185417,-0.3019413243918733,1.6294960958238152
-1.2888883658032082,-0.3012544541733176,1.6476848373073152
-1.2754889223844597,-0.2998173769950996,1.7220779390955887
-1.2610541309600831,-0.298074859090516,1.7315450800493732
-1.2469692418386888,-0.29521543686322976,1.7820225743196636
-1.232498553130816,-0.2926077988268195,1.7854463897979373
-1.2159868567743926,-0.28875564552301597,1.818313739209951
-1.2022418799836259,-0.28506106325022407,1.882824975574423
-1.187187133813096,-0.2806465538011214,1.904219360976044
-1.1711687758202058,-0.2756840052581194,1.8822434479769217
-1.1558683494842876,-0.27273013261246565,1.8559065898209646
-1.1426857145024658,-0.2685471972743276,1.9324089023035773
-1.1273188482034047,-0.263569245966573,1.8628145986960682
-1.1117824420628954,-0.2587089753320435,1.8713916697726805
-1.09819573491544,-0.2541310849029195,1.9343046101437138
-1.0829558755614892,-0.24848577183789144,1.9338624307648529
-1.0682495023894505,-0.24229897926025748,1.9893910390396203
-1.0549735775025961,-0.23688795723335462,1.9368929140171203
-1.0412124664661875,-0.2320325284836594,1.9333229762890756
-1.0259877326757267,-0.22622529805322925,1.926491525753399
-1.0118611587189323,-0.22044709457644862,1.9490777817481895
-0.9974050472434431,-0.21436690861106195,2.030354213969349
-0.984324759872212,-0.2081088052905659,2.051249255790635
-0.9723652450433516,-0.20221034795453674,2.0438698477930703
-0.9588754348005019,-0.19459821569219274,2.0684015289696314
-0.9455560709086172,-0.18659162683139677,2.1176426085073135
-0.9321198747785112,-0.17892282058215847,2.104704704011264
-0.920505576955861,-0.1718903746237725,2.122321696967168
-0.9074554374703953,-0.1636508937050893,2.12283631990345
-0.8950035952092095,-0.1565123143790569,2.08191608754245
-0.8815455570350145,-0.14788611483971953,2.1829555818358655
-0.8708466127225724,-0.1407312358796044,2.122748708324907
-0.8582256053782397,-0.1332947991114443,2.093300526042594
-0.8455391974646762,-0.12546292744907364,2.1354719556572044
-0.8335190068220613,-0.11707160740122298,2.202538222347435
-0.8231093184138193,-0.11027379430683736,2.1673388037819636
-0.8105780081506375,-0.1008612942223065,2.201349832001498
-0.7979422578135444,-0.09100544888287215,2.2795816218690104
-0.7881082226065097,-0.08213903633813596,2.3157836979108817
-0.7780779186716185,-0.0726788020068544,2.352926584551902
-0.7676803488929083,-0.06303597245793435,2.2882680717708945
-0.7584798535841143,-0.053917086195340386,2.375238033432003
-0.7481352679250506,-0.04299707295012269,2.3678120680219767
-0.7400388645777967,-0.035362648586271875,2.3118856130135503
-0.7289097851699629,-0.025113037830837633,2.356745647673452
-0.7201414696513739,-0.01577287347846855,2.4049870512629954
-0.7111113611513964,-0.005084868848674302,2.45297362400275
-0.7023141560382414,0.006614114824574954,2.52699325403366
-0.6942050884290162,0.01878757570032618,2.549057571691367
-0.6865732112424227,0.029319298717975242,2.495295806597334
-0.677818275872469,0.0396720823507635,2.4215180562801852
-0.6691559730348612,0.050636135421893914,2.4978648581121643
-0.6612527545963157,0.06069835582172325,2.480632785308335
-0.6525264387004803,0.07316779561920667,2.5086131331629775
-0.6434556593246172,0.08636113275176771,2.5255902913726125
-0.6339757082291354,0.09886643229988865,2.481043056879698
-0.6248351171977814,0.11087561933148467,2.4695128454136115
-0.6158361542259806,0.12260346102449474,2.508582764704651
-0.608311713101665,0.13359077084329526,2.5370307228271196
-0.6000662980876912,0.1466076521925046,2.571162324832413
-0.5919007940459798,0.15987693368994682,2.590185956570935
-0.5838733933568985,0.17169447180295683,2.515405810813153
-0.5762876783640197,0.18315188866112536,2.599179756225077
-0.5682567937881557,0.1962966118823359,2.573295674856008
-0.5608677736340759,0.20914581581693306,2.6300259134001203
-0.5532820827635998,0.2215779911180714,2.580390087973703
-0.545875660964716,0.23339270158092848,2.5440878806943834
-0.5377656196492229,0.24615537190276476,2.600453100688956
-0.529780935742886,0.25980706540269677,2.6111003214768926
-0.5219656262861005,0.272218557350536,2.56342103838593
-0.513854812974614,0.28509921574825353,2.567634822591058
-0.5063063167382277,0.2971159996399997,2.5379469810956006
-0.4984108074696596,0.3077077249968173,2.5006753042854855
-0.49172075239670787,0.31721709475068804,2.532139809171542
-0.483903758355581,0.32909577008172247,2.5487494446730565
-0.47543827589488546,0.3419222337007592,2.5681519452852237
-0.4674582215516208,0.3541422728169653,2.5385570798858006
-0.4586554398408023,0.36566086090485517,2.4552418689584012
-0.4501678502073367,0.3755826698276245,2.4031119048792116
-0.44071477824068145,0.386940874583669,2.4945110557117305
-0.4322880806581527,0.39706156726287234,2.4234009788265465
-0.42408812223739184,0.4076329578670328,2.546696924165639
-0.41779583264774045,0.4175971547971292,2.579546755854588
-0.4105291154954464,0.43069692794498227,2.679739678935294
-0.4044537775716254,0.4440185389924619,2.6768570250798183
-0.3981849819939978,0.45597547222888385,2.5919022817540673
-0.39054939977292685,0.466994129826312,2.5202135507127688
-0.38334835253628985,0.4765172875266877,2.489737700731301
-0.3759068089527606,0.48649004021615555,2.4964500593494336
-0.3672461730487227,0.4969603585924503,2.4610539773087328
-0.35907444416562234,0.5067112462417007,2.4504292544494644
-0.35026663202976616,0.5176571527480033,2.4602703377763846
-0.34095691502503894,0.5286141354674442,2.4350610315486034
-0.33235463895645895,0.5381304008910724,2.3924217818015867
-0.3233471546420872,0.5483473759233167,2.4383527940937815
-0.31331804716023964,0.5589175458592226,2.353262230653584
-0.30259574406145917,0.5694004177631528,2.343511408081385
-0.29413923596031344,0.5768575405775235,2.2506991718497815
-0.28439273595469067,0.5859067698839507,2.3588737833768025
-0.27453416883396764,0.5959442742546016,2.378952808159253
-0.26561778750864395,0.6045956904659194,2.3203178539525897
-0.25742867227707705,0.6127482149495311,2.377385810284709
-0.2469534953041342,0.6230228084825635,2.350328557594665
-0.23807067549672578,0.632010272022519,2.362964646367213
-0.22905169147723176,0.6411037793234617,2.3570031409496064
-0.2188762822622551,0.651325591828411,2.369386674193159
-0.20911404785695473,0.6613977049075538,2.3697214869810246
-0.19974332840013154,0.6711020033496983,2.3778620784516225
-0.19059334469206302,0.6803950572819175,2.3599218654578995
-0.1817989506271292,0.6892113691073553,2.346082677616744
-0.17214527887016212,0.6984717889140372,2.3350789117046338
-0.16382081986915364,0.7065387457878858,2.3519755010603314
-0.15309842466140872,0.7162702011492141,2.2783206965874636
-0.14284361555614133,0.7251651903297877,2.2898382653298524
-0.13232340423329741,0.7343781331702901,2.268493894958998
-0.12232635265342581,0.7433573139481002,2.3282072131242404
-0.11208615360739835,0.7530830158681282,2.3036177392579082
-0.10172514652455775,0.7625947601162235,2.2751291351622953
-0.09330392758664606,0.7696402375046639,2.275976414875448
-0.08333270460348945,0.7785368964245039,2.334730716270269
-0.07437694959103573,0.7869436256988362,2.3290219918439923
-0.06520885489030168,0.7965818890502161,2.40701430350317
-0.05466780684285544,0.8079344583683267,2.388540302178728
-0.04472646535626135,0.8183017736050453,2.3711462411007473
-0.03443168201878224,0.8304849130950982,2.4628410284982727
-0.026138830514499153,0.8417975147043886,2.534266964465996
-0.018460674421427816,0.8513146965164589,2.352724890253261
-0.008839036057302102,0.8603027549458238,2.306804570569304
0.00045392676325710883,0.8697654929133861,2.4469640539477653
0.009130611872185302,0.8825925041735999,2.5947128831576713
0.017190947331534864,0.8940438265510006,2.426844900045414
0.026208230707037466,0.9050544929377432,2.5065054988742483
0.03514424881623558,0.915334240088896,2.3691240024486944
0.04549421531142273,0.9260116812672841,2.3708714013064243
0.05597788499828127,0.9377526144790576,2.4318475752128443
0.06506452368769876,0.9490476465769133,2.469861561655825
0.07628990295739271,0.9604895783805565,2.299606858752605
0.08706392896064398,0.9695218465123325,2.2897742271550356
0.09718289263680369,0.978307006012836,2.2896203025554636
0.10684676643705776,0.9867121808372559,2.264844912802798
0.11694543969528162,0.9954805468893942,2.296258226429768
0.12641864970348324,1.004871893729989,2.371280460766956
0.13811647319379883,1.013966343541973,2.151282252509961
0.14867611084592514,1.021324323672958,2.2191189019891087
0.1601842175534527,1.0305668273019573,2.3059046952604687
0.17080583298246335,1.0406285554332202,2.319891930753133
0.18100585914704664,1.0498355582842724,2.285780426365839
0.19031294678154562,1.0583178949191432,2.3299995514803755
0.20102628685394297,1.0683404848255729,2.3335975926281605
0.21072252018799661,1.0775074702838632,2.3224868560027776
0.21968912959915327,1.085983659736899,2.3499090874951327
0.23134751141744378,1.0971071479660184,2.31859552526023
0.2419349510393873,1.107259320312091,2.3541572675773783
0.2511606008810598,1.11734044368043,2.439422192181256
0.2600088648347475,1.12793710178862,2.420662042583387
0.26910681678533616,1.1382456305297994,2.4530436394658244
0.2782968777674674,1.1490681049957854,2.4325121186890435
0.28764973300387675,1.1577173124812523,2.2600906654781103
0.2986016099384123,1.1679484076722992,2.4037592382779707
0.3078613767156943,1.177987325620985,2.3794642652509816
0.3164900269931326,1.18684467550428,2.361899352890381
0.32543263216746043,1.1947753107323016,2.2691073471506265
0.3363893021571764,1.203216038892072,2.2223072684504865
0.34573278994651097,1.2105644378743325,2.2376269392443526
0.35622573680909125,1.2188749245965267,2.2624285608559367
0.3660919769187692,1.2276494518294745,2.353562433731559
0.37590155314008744,1.2376222736699236,2.376258422416221
0.3859501393725631,1.2489989916314497,2.445067618071348
0.39503719214621236,1.2596771670844924,2.4241585376988737
0.40447846949321803,1.2707161405625722,2.4416165280381947
0.4149560676818778,1.2821639657075996,2.3665469878348415
0.4232770339812353,1.289298929304746,2.26639021939862
0.4342662067924326,1.3000455530838602,2.380952572205934
0.44542015020884185,1.311621218592019,2.3656443066706547
0.4543017667089673,1.3211739063913766,2.3916502530919472
0.4632799279755125,1.3314978719521402,2.442504113489896
0.47289693290954327,1.3428333440068398,2.4611526750569297
0.4820709881343952,1.3538755754364196,2.394852950658787
0.49266422118520464,1.3651668757348228,2.3891910765394355
0.5031264833839953,1.3762230664188377,2.347510348514032
0.5141333572253767,1.3868292285963542,2.331053643265255
0.5246776403225033,1.3958517793866454,2.2554894054160077
0.536356057976118,1.4054738077917637,2.2649511029571077
0.5444855047776324,1.412167967797065,2.266145062303464
0.5572639323133521,1.4228597218347074,2.264082630848982
0.5659799560254437,1.4309755277893268,2.3389813275820472
0.5760191978634421,1.4389862395752786,2.170997388185723
0.5882445728574545,1.4467513247284145,2.132677158714363
0.5996732118084248,1.4538629959220082,2.1309215604731704
0.6107589627284867,1.4604930165617858,2.140555023697043
0.6224456581530682,1.4684673058947446,2.182916819603056
0.6339617266445179,1.4785823108211225,2.386919963548552
0.6437059473874839,1.4882779284291114,2.343074487356189
0.6545001790186028,1.4990250627095838,2.3379598188646957
0.6657341627003724,1.5083808017402918,2.2295951214425043
0.6760308234316593,1.516777121661233,2.310828348680576
0.686825772458452,1.526888495005144,2.352538494358383
0.6971645957180697,1.5372691322553906,2.3436022051013583
0.7071666205464051,1.5464828210708759,2.281157582068077
