0.45060371915440606,-0.7907508468439733,1.581933972263339
0.45081844258623904,-0.7907749206595704,1.5642269352857572
0.4513860382772027,-0.7907693309256901,1.5669318235703424
0.4522854716172629,-0.7907646707593202,1.5686620015797947
0.4520708428558653,-0.7907696381971102,1.5668113804813737
0.45199663245063365,-0.7907708923025327,1.5668325561054741
0.45197344282100943,-0.7907717686263,1.5665935333217658
0.45196572155961123,-0.7907722189427099,1.5664671123794105
0.45196268100033665,-0.7907724869684449,1.5663881839311375
0.45196103830531154,-0.7907726780745626,1.5663288256012335
0.451959800942861,-0.7907728365542742,1.5662776078820861
0.4519586781400597,-0.7907729811439298,1.5662298045713365
0.45195758617579596,-0.7907731198329987,1.5661834360670097
0.4519565015700116,-0.7907732560526167,1.566137663780598
0.451955418021545,-0.7907733912847396,1.5660921293383232
0.4519543339733762,-0.7907735261725228,1.566046678597519
0.45195324910728346,-0.7907736609964712,1.5660012449595857
0.4519521633944177,-0.7907737958797856,1.5659557995673472
0.45195107685629293,-0.7907739308772832,1.5659103299013508
0.45194998951344834,-0.7907740660140116,1.5658648305352614
0.4519489013790679,-0.7907742013020553,1.565819299128418
0.4519478124610357,-0.7907743367478551,1.5657737346848126
0.45194672276430264,-0.7907744723554039,1.565728136794937
0.45194563229236484,-0.7907746081276398,1.5656825053055115
0.45194454104804954,-0.7907747440670552,1.5656368401753504
0.45194344903389555,-0.7907748801759619,1.5655911414125425
0.45194437429166656,-0.7907758727415133,1.564951148765084
0.4519435841798996,-0.7907760869248079,1.564886406359347
0.4519426026942915,-0.7907762577268228,1.5648330947740696
0.45194154956796406,-0.7907764109146953,1.5647838886495573
0.45194046946787675,-0.7907765564866642,1.5647364713176315
0.4519393785999377,-0.790776698837606,1.5646898227106367
0.451938283055402,-0.7907768398990735,1.5646434936947624
0.45193718520141646,-0.7907769805199408,1.5645972869133664
0.4520571595217572,-0.7911243370361194,1.3884177909206217
0.45161928662110584,-0.7911650622493893,1.171742662754365
0.4516674872449679,-0.7916735257720272,0.9819995271460283
0.4513621047133705,-0.7917827566362735,0.7755721988143417
0.45128835780536214,-0.7923183537033027,0.5501569900528787
0.4510019145966704,-0.7924089703666195,0.34587484003825447
0.4501063241813158,-0.7919324872599222,0.14308476842204265
0.4497574490771959,-0.7914792489155689,-0.046567392915351453
0.4494399503270698,-0.7914632545943676,-0.2574768940707622
0.4490156193335302,-0.7913303924604385,-0.474820072422351
0.44905848678671745,-0.7906740454950753,-0.7018565173004739
0.44890994237785503,-0.7901470444516814,-0.8908453453148861
0.44922146976914096,-0.789683168002223,-1.0494366460954645
0.45004741883493615,-0.7888944545321261,-1.2492893836497108
0.4495542896010781,-0.7889686009556752,-1.437864732410924
0.44931073594057797,-0.7886883407018943,-1.630929572695623
0.44924088175951304,-0.7883482259529374,-1.8305051513538548
0.44955494345742847,-0.7883786979769518,-2.0287814451412203
0.44941721408249125,-0.7878261725091845,-2.231687121833772
0.4499880718825231,-0.7878885667022695,-2.4409952545442914
0.45068578051807084,-0.7883350968632916,-2.636936782991392
0.45115706557802177,-0.788399132448776,-2.806633353185859
0.45162513372974245,-0.7890026067580368,-3.011806703227536
0.45201129456694744,-0.7889171136132195,3.063549850636967
0.45237962118238934,-0.7891927843786632,2.849527798724554
0.4526724930317678,-0.7892775941841145,2.681278525415482
0.4529173425201752,-0.7897573510833565,2.456520489659279
0.4529994427781431,-0.7900017824659813,2.2438385746188465
0.45308596471742596,-0.7901691524894622,2.057292673920555
0.4531236938853315,-0.7903998815775842,1.8810112581712193
0.452817046342721,-0.7905042075137457,1.6891159089999823
0.4532649851380163,-0.7908252701747768,1.49091602069016
0.45328416982500275,-0.7912568104213882,1.2967079275226423
0.4522520872426418,-0.7912606112524185,1.0882601581282547
0.45199693629501747,-0.7914887031627,0.8889067967934102
0.4519104551513456,-0.7920757347689821,0.6711758174886427
0.45117624208362833,-0.7917718976167726,0.47394217233634295
0.4509580188205557,-0.791894430162647,0.2734167749502415
0.4508792832216815,-0.7922294409057316,0.07852383778647268
0.45059553388541457,-0.7923871753989274,-0.10655543340513816
0.450140406353601,-0.792412338198856,-0.3337676717484745
0.450026136974164,-0.7916629378040766,-0.5524481088037971
0.4493924107994192,-0.7915849856795804,-0.754952039599452
0.4493797872155511,-0.7911092585750119,-0.9692684805276679
0.44927154982978357,-0.7906637419201618,-1.1901907806316998
0.4489285071036212,-0.7904244344620049,-1.38659184389798
0.4487022117326092,-0.7901000396942501,-1.5839634606273323
0.4485885852106356,-0.7896602580868743,-1.7910429824085456
0.44895829433251155,-0.7894951909588419,-1.988618306023518
0.4491614221484939,-0.7892072425418013,-2.211468917902675
0.44985279540424655,-0.789248749526905,-2.407871165692158
0.45027798656680995,-0.7892224080756087,-2.61862270460777
0.4506269879659911,-0.7894888106634342,-2.8108096344698654
0.4507785612941932,-0.7893503842300249,-2.9923212357088667
0.45112326249120893,-0.7891490364936822,3.0910996701908378
0.45151484945196485,-0.7887571445514255,2.898041470112116
0.4517610678628567,-0.7892207265656612,2.6922043550537165
0.45217149013574,-0.7894981955828849,2.4870927699024774
0.4519659574860235,-0.7903350206633238,2.295949981046938
0.45182651317535155,-0.7908769303658378,2.100614781126172
0.45123632448714157,-0.7915874908567371,1.9019263129553459
0.4511138262068657,-0.7918127770955861,1.6975250410687768
0.45102452060435866,-0.7922031309883959,1.4981688329108753
0.45061028007170495,-0.7925052129174904,1.2750779363462301
0.4502774067119614,-0.7927534003046126,1.0664051377323653
0.4495061463325645,-0.7927797492573411,0.8509950395256292
0.4493994737119769,-0.793345535694546,0.6201582923599932
0.4494594839517538,-0.7941457634310345,0.45453767692535
0.4485237944886501,-0.7940584906254854,0.2573288859427982
0.4480470857809793,-0.7940592099763418,0.054575811896950335
0.44775851818789103,-0.7940958966367774,-0.12615467029678734
0.4474351767658127,-0.7934933781727818,-0.3170991347521554
0.447579173882955,-0.7924632966372123,-0.5110351062741983
0.44718834986815514,-0.7921043604405038,-0.6936859486650138
0.44687910148071536,-0.7917712504543006,-0.8814333192800075
0.44712314661729163,-0.7910135795465779,-1.093039755078044
0.4470773487182817,-0.7908188731521585,-1.2938381867671698
0.4474766768771193,-0.7901130630206454,-1.5024091296369886
0.4476082105177647,-0.7897205059330153,-1.709402238733455
0.44852106195687386,-0.7896374606757355,-1.8997452728388504
0.44874138604979974,-0.7888402078113596,-2.0924476667649836
0.4493448135199899,-0.7887989246769674,-2.2878895142293305
0.4498887258762453,-0.788723401446715,-2.4836407241377456
0.45073902482092554,-0.7892266923047233,-2.668734003358568
0.45111135702081445,-0.7892073986401958,-2.8644734294666647
0.45175873274859596,-0.7895206664513054,-3.0715185424655487
0.45212610474744436,-0.7897947117938013,3.023364342384009
0.4523935138601008,-0.7900689072840206,2.8075642142071398
0.45250953278923356,-0.7907545299184972,2.615375364756781
0.45256298157360886,-0.7915143078773643,2.409277322716797
0.4521327643335894,-0.7924077276341995,2.2051470375888487
0.4522639292712159,-0.7928575038274884,2.031713747383937
0.45137006289585435,-0.7935419046421107,1.8404545628282163
0.4519311481739613,-0.7936891338248547,1.63520248549658
0.45143654179818443,-0.7940483004421144,1.4521606163442555
0.45132117134970057,-0.7945001857630822,1.248689945202727
0.4512829423098814,-0.7945947595604416,1.0559804091175953
0.45074509018702696,-0.7945899082809178,0.8483290622747316
0.4503630614497704,-0.7947657120757444,0.6497379939415807
0.44992620371459496,-0.7946137055926136,0.4578917507668061
0.44969058535465506,-0.7951810824335472,0.24929010908879662
0.4490838799835509,-0.7952758778135265,0.056904664548030885
0.4487051986672424,-0.7954774631262681,-0.1435168024718373
0.4482958707188464,-0.7953824504721102,-0.3680192311767011
0.44791927269545334,-0.794960082220043,-0.5616265917920755
0.44756736365258737,-0.7945617005355015,-0.7550539179596486
0.4482893371708074,-0.7934765499354948,-0.9510962373662646
0.4484028016248386,-0.7932506824910704,-1.1331027058631185
0.44813287740489993,-0.7929227761247329,-1.3188201558749109
0.44739855862202393,-0.7928219053969257,-1.4957568852997822
0.44694676125379934,-0.7923571922985926,-1.6959224020964794
0.4473062383905142,-0.7918551901319553,-1.8790216592696074
0.44829356350371635,-0.792081515984369,-2.0571194437123026
0.4483652440002773,-0.7916261709379196,-2.232966155538459
0.44894019436934623,-0.7916874362475118,-2.4518378160583416
0.44901891795517357,-0.7914138892417679,-2.642048718770214
0.44955199667950196,-0.7917418869270277,-2.8367934437797415
0.44992753330615587,-0.7920042354250144,-3.058842298650492
0.4502285972338362,-0.7918217262441242,3.039294407203218
0.45078852242005,-0.7916013856476208,2.810981192467221
0.45109526230275543,-0.792014014919874,2.5803949930372507
0.4511737453984268,-0.7924246424327026,2.3772901831928834
0.45178960518591216,-0.7924116196239241,2.2018839253627442
0.4504289689386936,-0.7936935741266938,2.0094872365048966
0.4501363283097981,-0.7942299704495652,1.820117669523109
0.44991965838004494,-0.794553056353767,1.6207084875565845
0.45021848439937506,-0.7949387521231578,1.4334908107093487
0.45005147773934123,-0.7954935596024839,1.2218509468014713
0.4495555332209629,-0.7958689219124981,1.0323025337409186
0.44920040741034545,-0.7960102889166585,0.8584390548782181
0.4493298262997722,-0.7967136915657375,0.6713456175818019
0.4488304660787609,-0.7966093647915918,0.4754457576788777
0.4482442891180623,-0.7958664536906148,0.26562266210040564
0.4477797324718241,-0.7953926221750929,0.07640576635317789
0.4473930900167326,-0.7954983092407081,-0.12330049767332343
0.4467388186184386,-0.795628649044306,-0.3290728596076901
0.44676927322223947,-0.7952367784911839,-0.5355614801303445
0.44646856658176837,-0.7949793011348832,-0.7385132343344228
0.4466179333484989,-0.794409719339508,-0.9489066136279789
0.4468645497834454,-0.7937153855972361,-1.1500048061268426
0.44652797434435987,-0.7935705204024508,-1.3334723484075723
0.44658870060933403,-0.79289291643374,-1.532494628649595
0.4461995277472211,-0.7924948870698401,-1.7162625307871069
0.4464363597573754,-0.792160489324106,-1.9286400699523079
0.4468990687417172,-0.7917116488246099,-2.1576971382742505
0.44722501912664336,-0.7913958249854517,-2.3817235317758643
0.44783548809594925,-0.7915003890658442,-2.5962672810474894
0.4482094494006115,-0.7913160754306868,-2.8212603176313875
0.4484454568819279,-0.79130140715373,-3.0214911985707498
0.448988286184761,-0.7917076853988072,3.0670052367146132
0.4493742900168222,-0.7919574478178472,2.850930619506708
0.4491524796147867,-0.7927998434779968,2.645788870834857
0.44945553642413694,-0.7931289137453836,2.4546084708464053
0.4494648694843584,-0.7936407959805709,2.2420413380579696
0.4495711689030247,-0.7939760246732874,2.0304866063243607
0.44925778785070364,-0.7942917136842242,1.8347841761076513
0.44971519740098953,-0.7942974426093818,1.6455748846739007
0.4502173881971111,-0.7946839456109819,1.4474283384165534
0.45077656719814285,-0.7948366254788035,1.2516215279461158
0.4510484187559536,-0.7957798810304165,1.064472750451166
0.45064844041177815,-0.7958780107905381,0.8815076300054117
0.4506955755692056,-0.7965262665136729,0.6987858873131327
0.4500480399905751,-0.7968374295263317,0.5156660882000633
0.44958352277880076,-0.7967800202782761,0.28706608189473687
0.4491141655328298,-0.7961731979529403,0.08304277652277173
0.44880605539382634,-0.7964637884093811,-0.10746374282978063
0.44849922242427465,-0.7963364506863813,-0.30273937187842287
