1.1665834739577676,-1.109426211855567,1.6182231628795047
1.1666680553904358,-1.109388632654209,1.6018916066278652
1.166682380544103,-1.1093773403764287,1.6022085574769538
1.1667143954708854,-1.109376732874523,1.601213356194803
1.1667289277976842,-1.1093768952367271,1.6008357617701696
1.1667358599160063,-1.1093773743540274,1.6007254847867458
1.16673955805364,-1.1093779884083785,1.600729215839775
1.1667418890582795,-1.1093786626294149,1.6007814453001066
1.1667436439530388,-1.1093793659039746,1.6008544259951616
1.1667451564615448,-1.1093800852347075,1.6009364564733048
1.1667465670851211,-1.1093808152053661,1.6010226140470794
1.1667479349064116,-1.1093815535840659,1.6011108322237249
1.1667492847448162,-1.1093822994788156,1.6012002464588149
1.1667506270102814,-1.1093830525621404,1.6012904977185254
1.166751966055063,-1.109383812744895,1.6013814395320423
1.1667533049085335,-1.1093845800316402,1.6014729782156456
1.1667546447129444,-1.1093853544535193,1.6015650780859245
1.1667559847568163,-1.1093861361078416,1.6016577688413633
1.1667573248005585,-1.109386925091708,1.6017510654812344
1.1667586644299652,-1.1093877214973025,1.60184499098586
1.166760002857005,-1.1093885254335172,1.601939580164241
1.1667613405855868,-1.1093893369901717,1.6020348188513527
1.166762677820757,-1.1093901562537216,1.6021307067733817
1.1667640165237911,-1.1093909833006887,1.6022271907297008
1.166766951335994,-1.1093922470431512,1.6018357474842426
1.1667666764269304,-1.1093926325481984,1.6024214496934233
1.1667299288217594,-1.1093939277309914,1.6054560722796845
1.1667146482941302,-1.1093971020118396,1.6047969028155749
1.166708033987126,-1.1093990987327644,1.604598091312145
1.1667057256855151,-1.109400556810828,1.6045886987177558
1.1667054958509906,-1.1094017751362781,1.6046572862960877
1.1667062569484643,-1.1094028903919406,1.6047584995375312
1.1667074867898908,-1.1094039649292848,1.6048738511640905
1.166708937250059,-1.109405027253443,1.6049957614899295
1.1667104912626693,-1.109406090470106,1.6051211009046282
1.1666610764143222,-1.1095559733779126,1.4561670025262736
1.1667078009385532,-1.109949356965461,1.228668987086376
1.1660835468499307,-1.110334018922844,1.0250874895108373
1.165271561746778,-1.1101436918076832,0.8336530755713485
1.164535265108841,-1.1097784585927701,0.6455321289859687
1.1637079134655641,-1.1092759073363885,0.45661082691270033
1.1630228573134198,-1.1085586382725443,0.24881700483688718
1.162719598622976,-1.108217121965587,0.04648970536706981
1.162334865922087,-1.1084139246129865,-0.15309993601597602
1.1620033677131167,-1.1084258320946552,-0.3715748393357117
1.1619372630302736,-1.107494051516207,-0.5885307127772872
1.1616704455817313,-1.1072621343294848,-0.8019941322417099
1.161433175936013,-1.1071013869634272,-0.9869612891607213
1.1615081827710463,-1.1066237861293868,-1.194399678772775
1.1615522508964398,-1.1064000730080648,-1.3922368963092415
1.1610688578096733,-1.1061645142216017,-1.583296801590713
1.16056138790758,-1.105744223099407,-1.775933225768795
1.1611351445229414,-1.105486141264742,-2.007230165283039
1.1617524997606516,-1.1053732780667767,-2.2006696712890403
1.1626941898371232,-1.1058271370959178,-2.3874281041086074
1.1631918649871926,-1.105955818977622,-2.588299411526906
1.1640610305852954,-1.106697501931028,-2.775488369035422
1.164260163668977,-1.1064018903750321,-2.9746100131183577
1.1646916459918815,-1.1060080167188877,3.112942214125704
1.1649711386776551,-1.1059386360059738,2.925186750474573
1.1652607793093297,-1.1061169713074586,2.7090219913737457
1.1655838195722932,-1.1065494977330674,2.4855346184808367
1.1655333469677718,-1.1071443855572138,2.285896133859286
1.1656116829579604,-1.107501506254549,2.094916662522007
1.1657589956840133,-1.1079311195420556,1.8882345432394583
1.1657395833985518,-1.1080326617601173,1.7030240929709952
1.1663211048669682,-1.1082692444800588,1.5215627043265163
1.1661302141517316,-1.1086472775113956,1.3174862132878797
1.1657822330628336,-1.10912280643259,1.1073903824277984
1.1651836436913163,-1.109434778518005,0.9203167464419608
1.1647582523933928,-1.109632104843641,0.7390413204484139
1.1640837377095954,-1.1090987787072832,0.5367052702421242
1.164016211292929,-1.1093939097639423,0.335752909391562
1.1633825895433045,-1.1093713394329112,0.13751837667193573
1.1627843562058549,-1.109056684445244,-0.06198213313460059
1.1623679610615247,-1.1088196288084016,-0.259994657052917
1.161831643350202,-1.1091282066727288,-0.44768246313549437
1.1616646716598575,-1.1084580305887928,-0.648247488373707
1.1616079150175196,-1.107934767952009,-0.8649269357516729
1.1618427049606017,-1.1072929823750737,-1.0456930189389348
1.1619336334408696,-1.106926520441534,-1.2625143699637928
1.1618432206297447,-1.1068214475072418,-1.4535424555333818
1.1613590559566158,-1.1065295765622127,-1.6538180798182045
1.1610469294062284,-1.1064036507472983,-1.8489030144790441
1.1608927117352228,-1.105593858373015,-2.0576940786552886
1.1617020391406458,-1.1055538509571463,-2.28692674365461
1.1618941563857716,-1.1052854422617795,-2.508403457320248
1.1626590151259883,-1.105562026892468,-2.719221305667772
1.1630777060525996,-1.1059386454638649,-2.9258229114047056
1.1632936392648228,-1.105838479224566,-3.1161319936422225
1.1636147252114257,-1.1054610492149892,2.9791291501234958
1.1639864540324154,-1.105696201772197,2.7544173980879396
1.1640312510831712,-1.1063056152194697,2.538205694456702
1.164011449442163,-1.1068704585720868,2.3700868947466587
1.1641854903528175,-1.1071423759526844,2.1673178838280123
1.1638582606694958,-1.1075874986602894,1.9593305099055842
1.1639380767921708,-1.1079616746059497,1.738366249349568
1.164309500264137,-1.1082499096289644,1.5504469802208818
1.1641974955262766,-1.108587367445622,1.3386393668294556
1.1635931636166692,-1.1086297045188493,1.136538714966964
1.1638267368726587,-1.1094190690223573,0.9483155590552207
1.1633529935142264,-1.1094874855843961,0.7700137916931971
1.162905891551283,-1.109637095237502,0.5736830342073241
1.1622989833865234,-1.1095647581842043,0.3803759057468816
1.1624538759921788,-1.1101222928134085,0.19729397695581424
1.161954170982855,-1.1101623704205406,0.0044370414766851255
1.161545818138909,-1.110379418640428,-0.21128237340348077
1.1607141425660756,-1.1107243632614112,-0.4178317007546714
1.1605819203974772,-1.1105184721048131,-0.6086013753552872
1.1601374686848045,-1.1100730771570753,-0.8319285939240632
1.160372907303837,-1.1093864809194611,-1.0551700601491896
1.1598166625050301,-1.1094584380883297,-1.2365577392560134
1.1596881563200296,-1.1090467863646551,-1.4277758826600564
1.1591367573294682,-1.1087718960396662,-1.6197533919151332
1.1588990011247051,-1.108335084849585,-1.8304457266715348
1.1594103198948582,-1.1084825815529096,-2.0262564176963846
1.1594692158286202,-1.1081716074213253,-2.20773566948928
1.1601618726907466,-1.1084258801976985,-2.3991835800616705
1.1608623379945413,-1.108598094364499,-2.5840746217808723
1.1615011275663432,-1.1094290117007835,-2.755710085346647
1.1619826538097717,-1.1097168429545545,-2.951674722044155
1.162542655404571,-1.1100272682920054,-3.1398789500087316
1.162948480631864,-1.1105582237386513,2.9373559857520903
1.163493708931191,-1.11033840391813,2.722566048589677
1.1635975536837,-1.1107849755858734,2.526160910294843
1.1642579745251043,-1.1107840575549293,2.3319556454402006
1.1646026660479516,-1.1108472058123449,2.1506508284563117
1.1647671682781533,-1.1111478125228569,1.9269553581679653
1.1644966997608714,-1.111808858793099,1.7319902284732942
1.1648013087832567,-1.1122638454761629,1.5409735642923734
1.1646770222754645,-1.1125779240868114,1.3333313285207953
1.164556799107265,-1.1126394361556677,1.1175502827750885
1.1643565994633476,-1.1128735577608426,0.92598659641832
1.1634379044725247,-1.1125042804043428,0.7392169376535466
1.1631283614175025,-1.1126054720735263,0.544413608439731
1.1627346086664516,-1.1124923598838667,0.35723935982211635
1.1622492040987635,-1.112184239620327,0.16053082328381602
1.1616682037520922,-1.111746256126208,-0.03841207007777214
1.1613059091983595,-1.1116013959846975,-0.23261373315300227
1.160927552654995,-1.1111547734911078,-0.43024419902630423
1.1605626610143183,-1.1109093222047208,-0.6260447678419299
1.1604038188187806,-1.1102748605555726,-0.8367618215388694
1.1598516654972661,-1.1101812687878863,-1.0135496236562396
1.1601912432041563,-1.1095912183867407,-1.2097556161445255
1.1606491770227767,-1.1088374725309285,-1.4044303488179655
1.1603054623884943,-1.1084512784179716,-1.6167948213470305
1.1604928200068985,-1.108022159314386,-1.8261996581525082
1.160588037264764,-1.1074874122346061,-2.0181130338848985
1.1605454936347372,-1.1071092438991839,-2.223076008729252
1.160988467089523,-1.1070669338516541,-2.383992886461507
1.1614491205264734,-1.1070965102976933,-2.579455414263409
1.1618562521280023,-1.1071384459157525,-2.769346108793609
1.1622276327968102,-1.1070201931513735,-2.9507149520066496
1.162947437327892,-1.107573334225916,3.1350927870722787
1.163287537206625,-1.1078672762684703,2.9220293776002566
1.1634892504212335,-1.1081210781287258,2.7245037551806397
1.1636423171022099,-1.1086894751051686,2.523178724307424
1.1635465500184132,-1.109152464441242,2.3306205781430536
1.1642057030780975,-1.1090601008185919,2.1688121499786233
1.1643220616826657,-1.1090661509123692,1.9899042037350172
1.1645723649370068,-1.1090542736524158,1.7990498348065234
1.1651210052301502,-1.1092175985678312,1.6033264176324258
1.1653642814754077,-1.1094428453347704,1.4115097965021237
1.164696573511876,-1.1095619058857467,1.1912189042885688
1.1645306247037712,-1.1097922772851874,0.9870442595230969
1.1644978199811762,-1.110228264547193,0.7962968760885564
1.1636515650460408,-1.1097102392723333,0.6241167615749648
1.163112774632613,-1.1094405396109,0.4390359042806658
1.162763715054115,-1.1092825817694045,0.26899671859689744
1.1623761785568585,-1.109103851682205,0.07907479272123077
1.1619383569915613,-1.1094537656996908,-0.11983984755041034
1.161593645211046,-1.109089746294345,-0.3396922453291935
1.161331576777254,-1.108821810708922,-0.5632725099254182
1.1605350942852277,-1.1090803841389616,-0.794914695664778
1.1607707101828835,-1.1083439567630973,-0.9589358611814263
1.1604787445094669,-1.1082078357262084,-1.162650564300856
1.1601679568412961,-1.1080568618217974,-1.3546227576941439
1.1599855607280352,-1.1079054787453855,-1.5498461232801957
1.1596079374031716,-1.1075522099215902,-1.750920614819716
1.1600508492204973,-1.1074875455232018,-1.9539836368144852
1.1609311711265031,-1.1074002630344655,-2.163881373780502
1.161102342658359,-1.1071761215708218,-2.368960775555619
1.1613768668712845,-1.107037065753246,-2.541100723886755
1.1620142154678603,-1.107727591338936,-2.7404118672957534
1.1624103331029785,-1.1075108449796838,-2.9281804524382267
1.1629740897223586,-1.107527317901629,-3.1165865465824933
1.1632346680107113,-1.1079266094434648,2.9783362102245006
1.1637914349064125,-1.1080814937149792,2.7810587092902943
1.1641105616672498,-1.1083787222863135,2.561376253046338
1.164250778000854,-1.1087672108433697,2.3817213162621442
1.1646930679401584,-1.1088953426656836,2.1855944473085214
1.164603128321969,-1.1093051352041698,1.997829566403456
1.1648167632083795,-1.1099326882850495,1.7894698210181854
1.1650273956118569,-1.1103287055346964,1.6062689466004985
1.1646464279454858,-1.110692072523507,1.4150178066305459
1.1647639322763899,-1.1107355596085138,1.2043459001256507
1.1638800859587588,-1.1107136643222646,1.0020580411422695
1.163174752453025,-1.110758804887491,0.8031456245150734
1.1626986450782462,-1.1108091870950039,0.5929730376220128
1.1622809268968932,-1.1106807080708379,0.3790653091582513
1.1615266737768668,-1.110232479117119,0.18138215097638768
