1.9551162754413725,-1.139504764538334,1.6202454549427097
1.955238067300068,-1.1394616509971636,1.5709482885428552
1.9556159618225666,-1.1394257774604817,1.5914729141172186
1.9557415097897366,-1.1394346011263967,1.5946544956677315
1.9557110136341507,-1.1394392461061662,1.5928837169634844
1.9557028822701195,-1.1394410309132361,1.5921965679257257
1.9557055774651053,-1.139441766387156,1.5917651491132514
1.9557126102556102,-1.1394420739605329,1.591441514816014
1.955719496457728,-1.1394417369639147,1.5916697834452949
1.9557294674468033,-1.1394417617462747,1.5914136106687653
1.9557393039549096,-1.1394417810686237,1.5911643273203093
1.9557465229321869,-1.139441885412001,1.591021860455289
1.9557488711523632,-1.1394420914464292,1.5910345823892744
1.9557504833055108,-1.1394423250463914,1.5910752799222363
1.9557518263165168,-1.1394425680503215,1.591128212527866
1.9557530741026805,-1.1394428150286628,1.59118656963241
1.955754289044028,-1.1394430645675235,1.5912473799251208
1.9557554931332333,-1.1394433164187712,1.5913093551484714
1.9557566939520687,-1.1394435706204935,1.5913719400084698
1.9557578940335039,-1.1394438272516791,1.5914348967187602
1.9557590941839325,-1.139444086377642,1.5914981244196262
1.955760294638959,-1.1394443480460137,1.5915615810789152
1.9557614954548694,-1.1394446122924307,1.5916252498596293
1.9557626966362252,-1.139444879145798,1.5916891246905762
1.9557638981750498,-1.1394451486316186,1.5917532040962135
1.955767532108387,-1.1394458417027573,1.5912966391760255
1.955751832607702,-1.1394433797930108,1.5948973193731266
1.9557550618778572,-1.1394435757852988,1.595045661138006
1.9557570828126776,-1.139443902292499,1.5951492894187478
1.9557586019473903,-1.1394442851771738,1.5952354277962297
1.9557599095622369,-1.1394446939263845,1.595314520363264
1.9557611279664213,-1.1394451157654744,1.5953908873546414
1.9557623086952873,-1.1394455453589356,1.595466316283742
1.9557634734453293,-1.1394459804918977,1.5955415475403807
1.9557767488620301,-1.1397507061932637,1.420458467511706
1.9558857885743528,-1.1403949021008595,1.205718263231122
1.9556817752074778,-1.1406111672952126,1.013697671625772
1.9548926450546849,-1.1402964242188254,0.8030078863740737
1.954569377086101,-1.1403790303259094,0.6145629179427521
1.9543440768919407,-1.1404862624896237,0.41756537725231074
1.9543202336641798,-1.1410258346097204,0.22250055643132655
1.954246893287555,-1.1412325533672212,0.03239245551443657
1.9539170150074339,-1.1416339968585643,-0.16714921474127287
1.9537424587201209,-1.141141098354774,-0.39736757845974796
1.953882115250779,-1.140442541586717,-0.6001461852291297
1.9533879214183383,-1.1404401335128662,-0.7933974171545765
1.953313679099295,-1.1399268315661693,-0.999708168327701
1.9535941387075966,-1.1393634184203247,-1.2187725155105764
1.954181380923605,-1.1388163371967823,-1.4126290837791173
1.9539119959031768,-1.1385392133060093,-1.6040671212533042
1.954213574491269,-1.1381631202989635,-1.8163416309657696
1.9545286886438582,-1.1378054421046848,-2.0349069931316173
1.954659297133706,-1.1373543349961825,-2.23002926986765
1.9554274155612952,-1.1375852529343427,-2.4440294137395213
1.9558575418338089,-1.137678415726843,-2.643430174921522
1.955959764959922,-1.1376395330846505,-2.826834054499656
1.9559792022751417,-1.137899403749976,-3.0268840952263965
1.956301375039095,-1.137561658812515,3.0622436201898124
1.9565736507609868,-1.137346838034978,2.8576105151638984
1.9568979021713324,-1.138222619199465,2.6529946810834417
1.9565466299053358,-1.139238372917568,2.463115708293918
1.9576100575818005,-1.1388333096941134,2.265992639308695
1.957569231090227,-1.139543939882754,2.0765686691425196
1.95733016417531,-1.1398073986142614,1.8764499391729454
1.957497016889584,-1.140501214378257,1.6901397958389779
1.95722095179478,-1.1409320450876568,1.496238658507365
1.9569235873187696,-1.1414769384432013,1.2886649803253265
1.9565350076294716,-1.14177714461298,1.0990740800654695
1.9557209434414766,-1.1414811762082637,0.9087437968547764
1.955170337291905,-1.141308103563657,0.7009478969612143
1.9543836024262577,-1.1408942131644144,0.5010451350632883
1.9543481390763144,-1.1413840602528667,0.3114553423102083
1.9539844417222412,-1.1413915720043968,0.13628391430990353
1.9534780596970576,-1.141583581976697,-0.05174679582098975
1.9530777013727982,-1.1414438210807427,-0.2583757243710146
1.9529156393599891,-1.140893661639778,-0.4772007149665268
1.9527793571171848,-1.1404015370506546,-0.6997165083626947
1.9519899975256838,-1.140553943540432,-0.9070381726888268
1.9522718419927152,-1.1398697505592936,-1.120629606170786
1.9524432204590678,-1.1391742301912724,-1.3207716561456742
1.951952733906455,-1.138932605702892,-1.5197331546398576
1.9516798545588354,-1.1385660331174758,-1.7073394031082387
1.9521355050477045,-1.1380841956770666,-1.9159763633360385
1.9525321544715772,-1.1377514852636403,-2.116239993939786
1.9531498916473768,-1.1377547606030012,-2.320642966464199
1.9539195693120774,-1.1382187352300432,-2.490148974220972
1.9541992062700666,-1.137941841150968,-2.679975271010997
1.9547612352149677,-1.1381144827870684,-2.897993539049507
1.9552985835118961,-1.1382657245402277,-3.08442020870959
1.955680620951388,-1.1382359768726598,2.9970900149395385
1.9556698316382954,-1.1386788547728264,2.794748348500089
1.9560226284105156,-1.138764074112496,2.583562852820897
1.9558022527011474,-1.139375235221912,2.4075708891514727
1.9556739881914236,-1.139845653045073,2.207853865692709
1.9561705344974922,-1.139943558529844,2.00567329783804
1.9560469056428482,-1.1403509813995196,1.7914584538988756
1.9555533093389685,-1.1409006737412608,1.5958749950479751
1.9553095957874682,-1.141069227933853,1.409407656421279
1.9549832984959876,-1.1414793733296484,1.178309685697051
1.9552847509558642,-1.1422280689009758,0.965793601237073
1.9548230869771475,-1.1421946685182132,0.7828885405072908
1.9537941802256893,-1.1414273922228961,0.590428525670307
1.9539430937366813,-1.1422166510786504,0.3890625589017092
1.9534841369046956,-1.1418719814990617,0.20419624577753917
1.9531635897639719,-1.1419483299879007,0.0067842536285651405
1.9528436648497585,-1.1419371480651095,-0.20393703224433332
1.9523513390562397,-1.141602518145934,-0.41785928665462885
1.95205157765454,-1.1417042916136624,-0.6248015133947055
1.951649339511002,-1.1414419191653526,-0.834555350930213
1.9526217468749214,-1.1402839026005722,-1.0151926839053667
1.9532753176276736,-1.1395953279704736,-1.1884098860781656
1.9539771057928814,-1.1389407853110123,-1.377388820759394
1.9534650994726415,-1.1386662758096135,-1.5762582005580816
1.9535064339875614,-1.1380560970337383,-1.787168998700077
1.9537468668124895,-1.1375918535384544,-1.9870358248167244
1.9541239198629317,-1.1373617481195917,-2.1688701844886533
1.9541631445428709,-1.1369426515900714,-2.349254177288159
1.954567741249349,-1.136702098236163,-2.5135046619931636
1.9552977751813028,-1.1369992920831973,-2.7130936231376115
1.9552226109091397,-1.1365990800767174,-2.907967335912886
1.9554238137631021,-1.1361069163792645,-3.099439780810352
1.9558353039857288,-1.135760132961425,2.9732718617553044
1.956317555171523,-1.1362065893114648,2.7578257585067263
1.9564908595872799,-1.1364442982270286,2.541280395755596
1.9563930178246896,-1.137100515069131,2.3494203071978412
1.9558697956888593,-1.1379219900372404,2.1848412554592294
1.9551125101830162,-1.1389124423636197,1.953800128927983
1.955250401817919,-1.1390065986231543,1.7470262360515245
1.9557621841841908,-1.1391742686388464,1.5533925385446454
1.9559624642522486,-1.1395366767786206,1.3493486287754854
1.956213495829008,-1.1401109341568627,1.1371251748626117
1.955283486134373,-1.1400184526275783,0.9425612684749297
1.9546563181902714,-1.1400031137860482,0.7496030051812685
1.9542954145971554,-1.140282787589916,0.5583675347439147
1.953717399078479,-1.1400506532432928,0.3860826305268283
1.9534039207521523,-1.140073673344529,0.18640942439024424
1.9530631865390706,-1.139927935654231,-0.01309440325135916
1.952721699366529,-1.1398363741046338,-0.20675569146155856
1.9524777233760557,-1.1395719579676176,-0.42738399706827074
1.9520318365056712,-1.1392329439378839,-0.6442461569349114
1.9519751342289098,-1.1387196465131917,-0.870552730536698
1.9516634097519963,-1.1386545430055042,-1.0374331178246847
1.9518784977522237,-1.1381702287498967,-1.2479008932129458
1.9521304498322365,-1.1374636175770507,-1.448989836034138
1.952229186152205,-1.1371058874996796,-1.6403517164186798
1.9520158786686748,-1.1367266830529763,-1.8501259980254643
1.9524903800834663,-1.1363163564102419,-2.077043464357013
1.9526154799536866,-1.1357237641452156,-2.2892256226996004
1.9536383696654251,-1.1364237596022724,-2.4751863588553427
1.9541264076035045,-1.1365980928217185,-2.686819952952751
1.9548785153931965,-1.1369990729895507,-2.9048845112029884
1.9552150293938901,-1.1370720950357454,-3.0951974259506745
1.9557119743340379,-1.1369503656321358,2.9840417179332706
1.9557634367234968,-1.1370249621662418,2.7605131464946333
1.9559145733532948,-1.1374789911439225,2.553235011654288
1.9562839678610158,-1.1377106534390042,2.38735548823587
1.9570494813240844,-1.1374519099251674,2.1972922459696655
1.9564584766444881,-1.1381615491349786,2.0070375180848545
1.9567914574465688,-1.1382211212086801,1.8088002635639608
1.9568691807475407,-1.1385919344477944,1.628771046242512
1.9573441212771443,-1.1389710941534288,1.4276324090919519
1.957933358053684,-1.1394701024841183,1.2346160225749663
1.957366414687658,-1.139854486993203,1.0302276241261283
1.9571464891967778,-1.140372793909972,0.8417283990464178
1.9565886076083494,-1.1403222573602667,0.6336998279351627
1.9563847418153215,-1.1405187847171145,0.42714458328339533
1.9554687197872993,-1.1399116431668945,0.20894683375137926
1.9551420511159132,-1.1402175536588859,0.008145490866263693
1.9547954952124418,-1.1403706741551642,-0.1845065097022902
1.9542947868463694,-1.1401363181106672,-0.38856582420053226
1.9546639141311488,-1.139704898989111,-0.5957335747884935
1.9550352076801154,-1.1387907402997177,-0.7817668330429665
1.9553908311135912,-1.1380532706903834,-0.9503710420333086
1.9558905885272506,-1.1374109134604107,-1.1358119908099644
1.9565882037460323,-1.1368581813268763,-1.3176371843140748
1.9563609041158498,-1.136593074609189,-1.5167667624184924
1.9563613776144677,-1.136171968158241,-1.7141629005947503
1.9566100940533921,-1.135847007577788,-1.9319162355868025
1.9569345618975444,-1.1355611008044055,-2.1126450072990064
1.9572333400544288,-1.1354203114996362,-2.3218270673131816
1.9578954911670154,-1.1358464164709905,-2.509831743599946
1.9584019518823277,-1.1361854361239005,-2.6789202722761827
1.9584194304926092,-1.1359410388222804,-2.8648104481164522
1.9586366645085125,-1.1354647414631605,-3.052234961575861
1.9591026645553233,-1.1354120708792643,3.042540816248809
1.9596186359792929,-1.1354188492486934,2.84653256108817
1.9600832071714815,-1.1356484047368782,2.634393261896463
1.9600929333866082,-1.136146543690404,2.424329920288723
1.9599533118588734,-1.1368217504293667,2.2140451700387773
1.9600218817659874,-1.1371202564315313,2.0417705033620193
1.9601469929159556,-1.1376231629972062,1.8900193212310905
1.9598025252151658,-1.138263774621957,1.6882306877393083
1.9594339725177985,-1.1387622372700488,1.489641293559129
1.9594407371814362,-1.1389269429208086,1.285110459198967
1.9595896808402833,-1.139280921101682,1.0771182643081594
1.959279550573822,-1.1395830054210292,0.8758442282984731
1.9594251690409428,-1.1402539571053207,0.7197972061706099
1.9591974767377334,-1.1403925975939433,0.522701392404303
1.9591559791523783,-1.1407372511567897,0.33092675776878944
1.9586100557035317,-1.1406782752662024,0.15335162642045733
1.958306704277508,-1.1407307761376642,-0.05523011730966545
