-0.8761726348416276,0.6075005651068827,1.6203848852972411
-0.8760169694352742,0.6075440493703214,1.571814694087194
-0.8755904367150287,0.6075710671307225,1.5954921047872819
-0.8756359843120679,0.6075619185260344,1.5907402713736625
-0.8756663982767242,0.6075598323453472,1.5909792339986795
-0.8756704067735543,0.6075586529951243,1.5905094062980674
-0.8756667448313247,0.6075581692902569,1.5901924992646743
-0.8756600585677066,0.6075579657612191,1.5899397266247164
-0.8756522475229493,0.6075578741795361,1.5897152074734395
-0.875643997893842,0.6075578123257301,1.589508850486626
-0.875639974870013,0.607557701027963,1.5894786459608148
-0.8756379662022362,0.6075575391723583,1.5895015798532113
-0.8756364865280718,0.6075573583484115,1.589544270680477
-0.8756351971352707,0.6075571708887421,1.5895956798251387
-0.8756339749299087,0.6075569804501308,1.589650961343943
-0.8756327757695509,0.6075567879675786,1.5897080023278192
-0.8756315840820178,0.607556593594223,1.5897658872208937
-0.875630394490106,0.6075563972954207,1.5898242216276852
-0.8756292051915175,0.6075561990122889,1.5898828367879474
-0.8756280156089239,0.6075559986969363,1.5899416611916786
-0.875626825571502,0.6075557963142502,1.5900006650847232
-0.8756256350370429,0.607555591837591,1.590059836584849
-0.8756244440009521,0.6075553852450257,1.590119171441053
-0.875623252468073,0.6075551765169829,1.5901786686575001
-0.8756220604447605,0.6075549656349716,1.590238328628835
-0.8756208679370748,0.6075547525809313,1.590298152348158
-0.8756337832084672,0.6075568742315723,1.5933807117031717
-0.8756308254258279,0.6075567245900027,1.5935183279133462
-0.8756289171056229,0.6075564611415718,1.5936142533705824
-0.8756274443854017,0.6075561485923394,1.593693708854995
-0.8756261551834406,0.6075558136156682,1.5937664877758864
-0.8756249432581448,0.6075554673834738,1.5938366488511522
-0.8756237638377872,0.6075551145657971,1.5939058750376163
-0.8756225980682307,0.6075547571043851,1.5939748647594854
-0.8757122215027674,0.6072438293313885,1.4136207607868359
-0.8762516549959906,0.6068697372644251,1.2183380649548852
-0.8768724232264533,0.6065781482948969,0.9900030566097443
-0.8773561656873297,0.6062387491626721,0.7980390102077312
-0.8776287430424428,0.6058065246570417,0.5983598392168586
-0.8784642884514899,0.6064524627430262,0.40456958827151607
-0.878704834929925,0.6064321265084693,0.2089867501596191
-0.8791670041587344,0.6068766247035629,0.020094940447429946
-0.8794911315460355,0.6070966792540363,-0.18455191904082452
-0.8798927002552441,0.6072252881910607,-0.4218256531988159
-0.8799434489082144,0.6075022906189705,-0.6041099291284479
-0.8802145584163926,0.6080051797011838,-0.8210039650770711
-0.880435595484583,0.6084951881715013,-1.0155469247534923
-0.8801557080430267,0.6088654105321253,-1.2085206051058874
-0.8808434673076583,0.608955687627409,-1.3958288493514832
-0.8811348403671353,0.609409849766933,-1.5902842450421124
-0.8811178067813504,0.6098118575319534,-1.8011053410695161
-0.8808737871951118,0.6100108615731551,-1.9785091677945321
-0.8802869855235651,0.6103688023288956,-2.1790165823836407
-0.8800947097906551,0.610873990426733,-2.392091557191794
-0.8797302700705112,0.6109976286369824,-2.5922249894906244
-0.8797523970543424,0.6118487890416343,-2.7975114439947077
-0.8798680025104729,0.6122871514669815,-2.9882472990953284
-0.8796497520574471,0.6125650577687579,3.1161322762601764
-0.879191929824666,0.6129241044257129,2.9072411373626785
-0.879052662858669,0.6130190519397011,2.6859927501717897
-0.878803185832827,0.6128006593209737,2.501616339163559
-0.8783546383724086,0.6126537131453483,2.3070195490165735
-0.8791066763228726,0.6117680004561948,2.1050173680951354
-0.8789893708073098,0.6113390956302724,1.9141765458778288
-0.8787668164341442,0.6106313936240867,1.7274947793767927
-0.878905659852612,0.6100427645410306,1.5276368836091185
-0.8792339719154666,0.6097458547632358,1.3178609906921916
-0.8796597240941648,0.6091295865681374,1.1084753785360388
-0.8799005387611117,0.608923662123286,0.915908467031664
-0.8800862882370739,0.6085604393648861,0.7303626762017669
-0.8801746999397382,0.6083105229624268,0.5591441909468738
-0.8804297179013335,0.6085272652730284,0.34800578824763384
-0.8809207197082616,0.6078383786882993,0.15038292331625883
-0.8813834096219453,0.6076455926646601,-0.05135213011240819
-0.8816359275038949,0.6080258896341577,-0.2509188868290869
-0.8820352789435852,0.608292286739078,-0.4392373280813114
-0.8818249570670635,0.6089946289789548,-0.6487619675088759
-0.8815659369378143,0.6096213209363583,-0.8447535534374727
-0.881177077250374,0.6102514845144248,-1.0318113779988707
-0.8813589371973471,0.6104081050228025,-1.2348138051843187
-0.8814770000542401,0.6103874407106034,-1.4445181651076524
-0.8819517805274399,0.610696702948767,-1.646292139615649
-0.8817829008671729,0.6110322837937794,-1.8418045862303007
-0.8808521385293422,0.6112855136171705,-2.0500932113369292
-0.8800523377243409,0.6112447477354063,-2.2570724748520403
-0.8795338242983269,0.6110990481233746,-2.474008508395634
-0.8790298392823377,0.610789714425779,-2.6661888653254886
-0.8789063097301918,0.6109350379841316,-2.853536781583557
-0.8786408099565003,0.6110279067425031,-3.0551183219952756
-0.8782434893283139,0.6107725750392305,3.02394786969381
-0.8776725998499365,0.6110750943621681,2.81053791009733
-0.8772499818648138,0.6111818733504866,2.609781843540706
-0.877007498162782,0.6106967103892165,2.4226105053229565
-0.8769760471601277,0.6102718429180148,2.2097117100038015
-0.8767405685854895,0.609967096746288,1.997481821065964
-0.8766304809523939,0.6096902686560364,1.7792245503587498
-0.8763837746193464,0.6095346069395181,1.5900390544863208
-0.8761578036157944,0.6091967839313935,1.3954409248003727
-0.8768546682672955,0.6090144378331034,1.168335594641057
-0.8767552155677345,0.6083975087218088,0.9876801786711211
-0.8772408291114947,0.6081463251305343,0.7738552831259038
-0.8771162917950069,0.6072582135274088,0.5716660758144952
-0.87746241912969,0.6072204582515833,0.35795719485723765
-0.8779676183694075,0.6072260912287981,0.14565399259977482
-0.8783384167651213,0.606811707751437,-0.059233570563628
-0.8787346448253734,0.6069351579002069,-0.2741932015437307
-0.87970040960869,0.6070106824086223,-0.4785180467171917
-0.8799437296594239,0.6070907867078522,-0.6579607739436232
-0.8800908467451588,0.60754513404037,-0.8534182211862322
-0.8807648522205684,0.6074819560452888,-1.0536406221134662
-0.880086256395851,0.6081143043508594,-1.2420461911290515
-0.8793048292085901,0.6086628541512612,-1.4418563107253635
-0.8790008657778023,0.6090695129561746,-1.6407274338589326
-0.8789318145774637,0.6093862556011923,-1.8395688741759988
-0.8789087986743006,0.6097271191415251,-2.0531339341042387
-0.8787505063536409,0.6102724252660291,-2.2704010976022833
-0.8780269661235184,0.6101526127509599,-2.435896628174359
-0.8772863831516211,0.6098573920588619,-2.6133855866980302
-0.8764393640872387,0.609632167265287,-2.800755491754616
-0.8758306728922385,0.6092370408754364,-2.9989064320977574
-0.8754502202617782,0.6092900305530725,3.1085707592958394
-0.8750444164065303,0.609261750129862,2.9103502621134423
-0.8745974677175264,0.6088209450561457,2.7148939369485485
-0.874072698630958,0.6088061718127918,2.5345458373764074
-0.8738191035814701,0.6084649966734068,2.3060923602518906
-0.8738537988344456,0.607982280703189,2.1126793911674664
-0.874358781011692,0.607366244703522,1.9018376928470069
-0.8741316155581358,0.6072535740227731,1.7188974041182319
-0.8740363301164126,0.6068607411393174,1.5192107972057567
-0.8739664223422864,0.6064405055510983,1.3138099139394697
-0.8739895183797957,0.6058703641236302,1.0995966725685637
-0.8739490750584242,0.6053525885013407,0.9108948775157065
-0.8744419232024154,0.6052032742973084,0.6974357578414274
-0.8754001500900594,0.6060147540023866,0.49422262431912
-0.8758249330324839,0.6058499310780563,0.2844290830889206
-0.8761465220094937,0.6061036796338921,0.09786108105436363
-0.8764541576600264,0.6059308554860042,-0.084542046202586
-0.8769245874935485,0.6062469668997167,-0.31780507726907126
-0.8772751250976414,0.6064426939179445,-0.5055243601600147
-0.8773719892427374,0.6072138491371156,-0.7128902774322672
-0.87765117567212,0.607398881772067,-0.8939355835861361
-0.8773366587071535,0.6080501459843767,-1.069335652178472
-0.8769115525752953,0.6088104348796242,-1.2679173153006087
-0.8764568735584433,0.6092211788478805,-1.4570460922163198
-0.876896612335143,0.609540973107754,-1.6526455252423065
-0.8766745285411808,0.6099169201484451,-1.869265546719546
-0.8762282656252111,0.6102636168928437,-2.073422489441564
-0.8756680716933152,0.610447383815812,-2.2709011678077733
-0.8755358758495421,0.6107706511625733,-2.4583896732830857
-0.8750706662783297,0.6110188814346594,-2.657155179956507
-0.8743114475989417,0.6109228086077492,-2.8563373061907433
-0.8736721453897367,0.6107239038003905,-3.040737410113409
-0.8732704959594612,0.610420796126266,3.0533142670616247
-0.8729909021771737,0.6097734498481487,2.831710980650552
-0.8726851556721842,0.6093272249345009,2.6133852758803604
-0.8721091993781894,0.6093088964090736,2.403269571086432
-0.8721536455422374,0.6088004051506843,2.2167980823094053
-0.8727371883199206,0.6080604564786686,2.011548662584201
-0.8728241430932933,0.607572435323182,1.8049603467850468
-0.8732778587035055,0.6070496623184143,1.6162552330821447
-0.8737212325636518,0.6067640204859448,1.4184232322444537
-0.8733314165230546,0.6060697495940357,1.2183557934537395
-0.873341499277316,0.6057833233065186,1.0226682269764753
-0.8737907074161817,0.6055391671042994,0.8050601650296851
-0.8748432267790326,0.6061205835874878,0.5868227781256289
-0.8752813915621511,0.6064114332636016,0.42182281791269605
-0.8754099763998217,0.6057235909735401,0.22349316457189702
-0.8759918141164793,0.6058834788422318,0.02440266113274827
-0.876331621254923,0.6056748599862191,-0.17447901789252754
-0.87649135815902,0.6060788782985724,-0.3793178108878817
-0.8764478517545105,0.606348343828561,-0.5791434165407623
-0.8762542367160114,0.6069693649709786,-0.7640972360035855
-0.8762504791241671,0.6073717515343781,-0.9662637763176235
-0.8762380701240955,0.6080389478577714,-1.1950727677062762
-0.8760378409542018,0.609001584288232,-1.3853563234909947
-0.8759707904517507,0.6094406478529873,-1.5769466736336544
-0.8756035341869548,0.6095660727980814,-1.780042556783426
-0.8749260880220243,0.6098242408733555,-2.008850378266326
-0.874386928003031,0.6100489638838017,-2.2042784485527958
-0.874304794324159,0.6106578622753375,-2.3973870357241847
-0.8740129961418032,0.610884602476822,-2.6097062435285423
-0.873321463652269,0.6105433607581612,-2.8185922172133067
-0.8724423298369862,0.610172513584057,-3.0187183585743793
-0.8720576595649482,0.6099678467605459,3.069416386595877
-0.8715298212289803,0.6099607760698033,2.857677734344348
-0.8712194177793646,0.6102054520747666,2.6712533960391274
-0.871779435935665,0.6090905750932019,2.480510926057694
-0.8716946858071306,0.6086286338698563,2.2920898701093897
-0.8710691358760161,0.6085159976658249,2.075069139471908
-0.8715484983376,0.6076127336082956,1.864012287223862
-0.8718764107336949,0.607122566868203,1.6742558331244513
-0.8720723618469362,0.6067111014372465,1.4711396133588859
-0.8724951635235582,0.6063794617045796,1.257058129503839
-0.8726775390466968,0.606134340851296,1.0434734949843885
-0.8731325824706601,0.606109414788296,0.8401445668707728
-0.873344122765759,0.6056421510442048,0.6426854643589613
-0.8737749835826301,0.6056938585744182,0.45193382882572436
-0.8744043106896224,0.6059988502156936,0.2257878151754263
-0.8748024895211354,0.6062124108923914,0.01341798308343257
-0.8752528635339156,0.6060806184654912,-0.20264553322979031
-0.8756995406365352,0.6059219081900754,-0.4347398700761636
