1.2757457391569402,1.444860109236964,1.6203296062313433
1.2758856467373396,1.4449035635104137,1.5714250375131456
1.2763524335139331,1.4449347923127087,1.595801709942254
1.276333986017833,1.4449256335926843,1.5923555726220575
1.276300111739577,1.4449223510592817,1.5918407394738125
1.2762935452797608,1.44492082164435,1.591247213871251
1.2762946878552426,1.444920663596581,1.5913733209341472
1.2763021587224692,1.4449204401264741,1.591083032703139
1.276310809597315,1.444920340723612,1.590826067443755
1.2763198262236353,1.4449202909364676,1.590586032600015
1.2763288808621576,1.4449202607981688,1.5903562187778375
1.2763365512151434,1.444920185644713,1.5902000021494989
1.2763392048074955,1.4449200250011376,1.590203536931219
1.2763409252798397,1.4449198275391193,1.5902388961979501
1.276342304643744,1.4449196177667571,1.590288130969424
1.2763435621786197,1.4449194032233175,1.590343508769743
1.2763447771386196,1.444919186043563,1.590401644333995
1.276345977750052,1.4449189667152988,1.590461065591994
1.2763471738797807,1.4449187452776335,1.59052113626627
1.2763483688912478,1.4449185216758962,1.5905815830571604
1.2763495638898381,1.444918295852832,1.5906422895332217
1.276350759217826,1.4449180677643547,1.5907032067761504
1.2763519549694187,1.4449178373773817,1.5907643148230648
1.2763531511629014,1.444917604665511,1.590825606095256
1.2763543477956858,1.444917369605876,1.5908870783020739
1.2763555448606705,1.4449171321773082,1.5909487314113921
1.2763426427002453,1.4449192186067998,1.594033945338756
1.27634562510424,1.4449190417601487,1.5941742355742607
1.276347545001657,1.4449187489168414,1.5942727065872944
1.276349023038306,1.4449184058446345,1.5943546674247666
1.2763503145943398,1.444918039690118,1.59442994902274
1.2763515274603503,1.4449176618349382,1.5945026265553464
1.2762930928677894,1.444606985313853,1.4149243991481777
1.276061334923122,1.4442333962126777,1.1967353606513165
1.2752580496412709,1.4443068440500852,0.9884270446047946
1.2749087342632772,1.4441915138734123,0.7756724639073467
1.2746500647779224,1.4438528230088075,0.5783076184201813
1.2740424815838298,1.4439226710966455,0.3832005277305295
1.2732107174399911,1.4439177695293186,0.20883662177378418
1.2729477897280934,1.4441491509966293,0.021820690860658125
1.2726548894615024,1.4437764017013544,-0.17800904659199784
1.2726495777875506,1.4442886692197034,-0.3771593848298205
1.2725178044400107,1.4451975959088026,-0.5878065295472557
1.2721936789770643,1.4456296323172935,-0.8069840013703603
1.2719398593474913,1.4458892533671548,-1.0289324177987094
1.2719674970161778,1.4463061323084903,-1.2252612453299037
1.2719158354088507,1.44660360869896,-1.4437577072626695
1.2721000771690338,1.4470290203833935,-1.640253706837639
1.2724369134619886,1.447415386195454,-1.8499336418461163
1.2728648194115826,1.447581119712363,-2.056484750230044
1.273650836103043,1.447663765136802,-2.2278066964894974
1.273872588742157,1.4479357410334286,-2.437714025339447
1.2743197285103256,1.448208504486378,-2.648232625144
1.2751860012091505,1.4478699527618182,-2.8499121946249084
1.2758652143180715,1.4481797604743019,-3.0411008487252875
1.2763710277208327,1.447857019250431,3.0665105537742354
1.2767609696532551,1.4475876587716672,2.871137633674332
1.2769126466088394,1.447409123056277,2.672451384595678
1.2772380707227413,1.4472293115306032,2.475434017067329
1.277737502273297,1.4470238733686418,2.2771670329596083
1.277036244835638,1.4462671651670498,2.067450536072142
1.277454143508816,1.4460629780079353,1.880120690217573
1.2769789113420185,1.4453351476906413,1.6854234762012734
1.276472435635373,1.444809984414631,1.5074999207432902
1.2763260158011718,1.4444175857542987,1.2806487350464935
1.2762959136031689,1.444117397558584,1.0558877810478944
1.2754246946814565,1.4442516343528968,0.8568956632200275
1.274832993282361,1.444235870574712,0.6620109802135047
1.2743098929531766,1.4441563287003765,0.4757204993102347
1.2736162136684417,1.44501204417845,0.28008303409402807
1.273265902670519,1.4444230617091454,0.08032357453961383
1.2729008114137408,1.4441003599065623,-0.11328522406312026
1.2728986081584406,1.4447119979074132,-0.3189871159737099
1.2723203848264022,1.4448515627552836,-0.5239062854340443
1.271775034449755,1.4448702972293688,-0.7132344940622346
1.2717234256945218,1.4453566610567519,-0.9282521098166845
1.2716761646821046,1.4459419867788617,-1.1183776421450204
1.2717628836929544,1.446599933617631,-1.300555033333298
1.2718251128327274,1.4469927369650892,-1.4903330241176085
1.2716123617287503,1.4474416286848781,-1.6918474259862806
1.2722739626151,1.4477855440671985,-1.9137048358510007
1.273017407075275,1.4479572430254046,-2.103561165782359
1.272988001297122,1.4486259359616556,-2.313057406473836
1.2733679771147834,1.4487199089852023,-2.496456084852269
1.2740147338929262,1.4485660719108229,-2.687344615089784
1.2747744987837075,1.4481337607792395,-2.884156403645791
1.2751676206770122,1.447972712851523,-3.081673048491993
1.2755510205231215,1.4483628512319064,3.0035216873360633
1.2759190732266976,1.4481761574105405,2.8077248638781342
1.2759413238103898,1.4475478448817227,2.6145137583124245
1.2760515655975893,1.4470734827620184,2.4167581508059484
1.2754082977174221,1.4460602672213778,2.2186352409255803
1.2757363662851076,1.4459704554609358,2.012144110199168
1.2760409497896144,1.445815813929537,1.8308543023098298
1.2760077071505302,1.4454461451619802,1.6194242820796558
1.2759385918891344,1.4450631372228686,1.411336914036817
1.2754989867083508,1.4447480959703756,1.199002071895079
1.2750562705135873,1.4445757332607514,0.9976900588442406
1.274220188291957,1.4448186138096524,0.7981379584063861
1.2735863614517824,1.4451767233235282,0.6064428866999148
1.2730430912295958,1.445602094512896,0.4244516669534036
1.2724605457596647,1.4463891075722555,0.2151790593348414
1.2718131431201947,1.4466909219065538,0.017990491089812835
1.2712766547307426,1.4469355163156838,-0.17742716720085705
1.2708010006683983,1.4470017864085913,-0.36668520581025343
1.270202059910051,1.4465382330861227,-0.5905897387558465
1.2701815050078031,1.4472960841130786,-0.7830497980180828
1.2703837313466535,1.4478484880529945,-0.9834805439086705
1.270023919152038,1.4478373104602156,-1.1755308156524977
1.2700662341513402,1.4485096314497328,-1.3773206869298686
1.2695718638701086,1.4486590814120863,-1.5815715771037444
1.2693398446634856,1.449070172085498,-1.7867214958381672
1.2691239925581927,1.4495269081782274,-1.9902496945629584
1.269428112869853,1.4499461830128304,-2.1808125864690306
1.269816650664185,1.449981628734482,-2.364403250717821
1.2705015030117226,1.4497111411067785,-2.575656907172131
1.2711788501726775,1.4491706008828766,-2.777021816449024
1.2711982965094826,1.4495556356897175,-2.97074086438601
1.2714634375104752,1.4499898734128713,3.124288729435593
1.2717601539315575,1.4499949557653613,2.910860063651922
1.2724494161289288,1.450349506504411,2.7366875787663734
1.272471193373187,1.4496797555722916,2.5470578515237645
1.2719759010089833,1.4486701556487611,2.354601996162114
1.2717345411626497,1.4480388503222847,2.1370176612147076
1.272071124011468,1.4478569463865834,1.9253080360132522
1.2723262808633786,1.447858313591644,1.741905568439805
1.272493521419143,1.4476363694792758,1.5437555317691622
1.2728211095900523,1.447684988000524,1.3438758118859488
1.2730971994793037,1.4472505759144985,1.1474440897452314
1.2729955968375053,1.4466450000953441,0.9194504124824613
1.2727283153533258,1.4463095624686892,0.720232520821122
1.2722786770636223,1.4463649403023313,0.5221373982395449
1.2722261542939055,1.4459654652044163,0.3250221152469691
1.2723726254134122,1.445483965076852,0.14172276241577134
1.2721167174898675,1.4451016293769754,-0.05657946694722868
1.2717631136634133,1.4449678636769172,-0.26704483006002255
1.2712757483944108,1.4455092174812134,-0.49013506742929525
1.270462309260456,1.4450922023743331,-0.663817413080104
1.2703910835374612,1.4455279693646244,-0.8580092585729141
1.270506862089006,1.4461334441812044,-1.0238367045867196
1.2707770987827727,1.4466295719045623,-1.2206209453415453
1.2703569183308099,1.446713869412186,-1.4214368590612882
1.2700517516947079,1.4470197179966198,-1.6200775523915785
1.2699866907828348,1.4473386940654924,-1.8073390253484285
1.2696325699700144,1.447613116104783,-2.0058907005704896
1.2703493151131293,1.4475626860829096,-2.2058695733871687
1.2706142521995554,1.4477695587384787,-2.4049497861128466
1.2713198097275045,1.4474077157446135,-2.610986581277551
1.271408278942622,1.4477948436960029,-2.8307888937389896
1.2713500362890324,1.4482210394658996,-3.0149788019360986
1.2716486933366846,1.4486275385517806,3.0687983290114618
1.2720637125797654,1.4486360486455299,2.8689983202468556
1.2723101786890638,1.4482772407690407,2.6632618287165943
1.2729546841370047,1.448255921319088,2.4343574987032572
1.273247976187876,1.4478017276290363,2.231251959698573
1.2734925784194189,1.4475180000940298,2.013641374380743
1.273314356711071,1.447172519343105,1.8121614401136
1.2731046162726731,1.446630092940805,1.6161598056525752
1.2734887928375394,1.4462894852718224,1.4339824388947149
1.2730435771857933,1.4462650365127825,1.220957391780299
1.272301329832783,1.4462389994540694,1.0191109205583204
1.2712581659586537,1.4465650912756571,0.8144613177738815
1.271053331011119,1.4462239256614706,0.632117799167478
1.2703966239661457,1.4466980869163673,0.43816017086094233
1.270009752495208,1.44716492324587,0.2505448796713022
1.2694390418807553,1.4471129681577755,0.05408610703674806
1.269007461390258,1.447237395953173,-0.15211703903298385
1.2684512498611844,1.4468998681785006,-0.3536623585484517
1.2680684587028221,1.44720924945459,-0.584553131241969
1.2677903368720331,1.4475828965985447,-0.7747402048629829
1.2681460472816857,1.448490770889584,-0.9800697105075965
1.2687498463006144,1.4492630637750807,-1.179354309953587
1.2689166603665745,1.4502167929642924,-1.3518499955124137
1.2691515938949949,1.4506186667174168,-1.5435490729944457
1.26938105608265,1.4509327358019866,-1.7532904977258132
1.2695494735661597,1.4512782300622127,-1.9641147564886696
1.270202008851994,1.4513418018688313,-2.18958398969076
1.27065721043041,1.4514139176723317,-2.406705383704736
1.2710828835973953,1.4513599017236132,-2.6135248337518884
1.2716443309892913,1.4512760832623774,-2.813056904205634
1.2722763730952253,1.45124454801054,-2.9971004228152798
1.2727563234508716,1.4507608203729974,3.1011658565557934
1.2732444862770382,1.4509239915901542,2.88181126147513
1.2733567839648068,1.4510343589718286,2.6938160013636434
1.2736011072283189,1.450507670231323,2.5166637208156235
1.2737632060156052,1.4500403712300904,2.336994744512552
1.2735561683443908,1.4493159957850268,2.1322668044559596
1.2737703026286948,1.4489094476563908,1.912124848594149
1.2737975259399472,1.4487753934365168,1.712564144481774
1.2740838497353606,1.4484604302273083,1.5248938324180885
1.2744569798461685,1.447959546192071,1.3124353878116355
1.2743823746895502,1.4477293367249446,1.1042802901374005
1.2740578498402055,1.4473303867354528,0.8971861413641204
1.274097717657014,1.4467011780344752,0.7056409675756585
1.2742487798874649,1.4458414365299799,0.4919379778674044
1.2736590818255962,1.4461374154065663,0.28736342751410254
1.273406925544201,1.4460006140386261,0.09143498227153658
1.2730455947825112,1.4457922312330338,-0.11261400682444737
1.272812038062617,1.4459451607636618,-0.3119647716370499
1.272340742191543,1.4460630500685583,-0.5075271821956486
1.2723009457860806,1.4464744399030183,-0.6869873250763798
