0.9789458419003321,1.4711408346803887,1.6214355431114595
0.9790751861878245,1.4712177867284364,1.5739606947801188
0.979634545944186,1.4712486876876876,1.594464617286702
0.9796503742140372,1.4712423674816741,1.5926681949891377
0.9796287570393085,1.4712393955551488,1.5917299377183374
0.9796236825720883,1.4712386419060057,1.5917100614979698
0.979628758074053,1.471238178954371,1.591357523069359
0.9796361395577498,1.471237947831565,1.591096208644007
0.9796383329240335,1.471237687994046,1.5910747193674313
0.9796397959247607,1.4712374304864237,1.5911023579769958
0.9796410718186042,1.4712371767955996,1.5911498403921889
0.9796422894326943,1.471236924845847,1.5912059307539215
0.9796434906496871,1.4712366727948534,1.5912658046596384
0.9796446882791016,1.4712364194846939,1.5913273989996743
0.9796458858253724,1.4712361642725527,1.59138983487275
0.979647084024689,1.47123590682021,1.5914527394745648
0.979648282896659,1.4712356469515335,1.5915159556614227
0.9796494823342334,1.4712353845716273,1.591579417958635
0.9796506822451693,1.47123511962473,1.5916430997743949
0.9796518825699291,1.4712348520733747,1.5917069909833559
0.9796530832729813,1.471234581888411,1.5917710884286083
0.9796567376372517,1.4712338900895172,1.5913144970785853
0.9796552146868389,1.471234026889482,1.5918868089605658
0.9796591199605885,1.4712333613903616,1.5914386306451416
0.97965764841103,1.4712334917236536,1.5920141721402898
0.9796615068177696,1.4712328087136557,1.5915640669475375
0.9796457815887396,1.4712352558527955,1.5951646689886898
0.9796490538559962,1.4712350505790264,1.5953146669929623
0.9796510917690587,1.4712347120796965,1.5954197362694749
0.9796526172701986,1.471234315956133,1.595507170017392
0.9796539267868936,1.4712338933566933,1.5955874893498527
0.979655145189791,1.4712334573273949,1.5956650548700257
0.9796113406494396,1.470918960636255,1.4168569045593387
0.9792756464796455,1.4705757446132048,1.1949932015497262
0.9789513746547609,1.4704132650095254,1.0019719947184578
0.9784616369427785,1.4704830756122231,0.788021537928082
0.9779378990477384,1.4705270588108463,0.603051258362825
0.9777245918462362,1.4703813570432487,0.41005417540117634
0.9772582548172914,1.4705544294501958,0.21556818829674262
0.9771709738624756,1.4700124403983352,0.02270243480697559
0.9768624267787794,1.4696784710045356,-0.16080787783562156
0.9763882046369825,1.469809397237508,-0.3637577774800647
0.9762373165714792,1.4709112850736823,-0.5726663309062473
0.9763794627860416,1.471558977189855,-0.7749449228909466
0.9759665459099865,1.4716269512724474,-0.9327087640046388
0.9756977878260801,1.472121243175113,-1.152331461793807
0.9768700704086866,1.4727177451523585,-1.3519291140854939
0.9770327760736536,1.4733980918654972,-1.5403175714361403
0.9773492643092963,1.4737192246936244,-1.7320518785186134
0.9775689893566666,1.474016227629701,-1.9362990260980941
0.9779885057074965,1.474086124036326,-2.1367805356393705
0.9780295636897234,1.4745867409247193,-2.323544985622208
0.9788956374865916,1.4740969858014845,-2.5309487058454807
0.9795575199167775,1.4741300725222868,-2.7357522210655967
0.9801050965107646,1.4738820839836255,-2.9477718051700674
0.980236195559681,1.4740595967438543,-3.1341621374305006
0.9805791603900058,1.4744938402556735,2.960348065035142
0.9812088197491626,1.4749505653149524,2.7760551115561736
0.9811697810653833,1.4741673248898493,2.586402576223853
0.9814645940275707,1.4738876412736575,2.3909279283798375
0.98166322504679,1.4736512376337292,2.2044159585057153
0.9818017956217222,1.4733744863186078,1.997651463125105
0.9813700838657194,1.472234981339125,1.8061530937930017
0.9816783970031191,1.4717106029672087,1.616614260097737
0.9815875899254615,1.471245170284342,1.407186807575899
0.9811093777935804,1.47091910804568,1.1857192173368742
0.9813537656468935,1.470365086357238,0.9957740977792494
0.9811410407321013,1.4701307223122766,0.7908598866171969
0.9803762578326731,1.4705138591938558,0.5842927738748996
0.9799549940122619,1.4700686151854394,0.4069836170011967
0.9796477042958676,1.4699864284276203,0.24352782608340257
0.9791134018222404,1.4705145046110144,0.05024822739709607
0.978713079188966,1.4702570454661594,-0.13863942310831306
0.9785708533694077,1.4706118031866546,-0.3502407350190845
0.9783593397060273,1.4711408201265752,-0.5532707555243953
0.9781007456574002,1.471268423007483,-0.7610455845369348
0.9780315353182341,1.471674803182578,-0.9611366070912261
0.9778052598456116,1.472055390487354,-1.158691778859681
0.9779831101104058,1.4724046349081406,-1.3511300933172765
0.9781260945678492,1.4727863628166769,-1.5450668160487266
0.9781346871522245,1.4732203720266308,-1.7535701275910458
0.9788827629111253,1.473482534068237,-1.9734193158437352
0.9792241716641179,1.473905979890763,-2.1617340637158846
0.9795903145366,1.4741460542226708,-2.352822824747897
0.97984812781919,1.4744990903214823,-2.5586861986804057
0.9798918226845992,1.4750233589620791,-2.756691315918143
0.9801279508234032,1.4751232856586014,-2.9603225513401386
0.980649415180729,1.4748987082072944,3.129401828195459
0.9811303808559538,1.4749284836839622,2.9158735889792555
0.9813522561314783,1.4743338449117447,2.697050012319653
0.9816687575687164,1.4737640832748302,2.449772263164574
0.9816943091399414,1.4731889702555405,2.2620443906042436
0.9809197471929296,1.472369371189888,2.047286572629863
0.9815385688938804,1.4723357436476725,1.861223002205856
0.9809913314222589,1.4715825244593699,1.6566456214487701
0.981574004355434,1.471270906562242,1.4619834802867655
0.9816351419792544,1.470813419836697,1.2584224974113212
0.9816942145348595,1.4700661581925223,1.0400464840845092
0.9811642318933201,1.4700391140509925,0.825010753865438
0.9803495652747088,1.4704411009859144,0.676486240050335
0.9802154321498093,1.4700589998507003,0.4982110878001301
0.979515933193207,1.4702750323884712,0.31357507941587265
0.9791426325098146,1.4706254815349866,0.1065118684196347
0.9786707475175864,1.470687014254499,-0.09149239351198717
0.9783703568754377,1.4712456276859402,-0.2993424197498689
0.9778789090566548,1.4719727820407364,-0.5382044011995676
0.9778343424196969,1.472361979438426,-0.7623832020547843
0.9770581146271092,1.472418870185428,-0.9856274687613102
0.9775551342388022,1.4731030034407386,-1.1906929888937907
0.9773922968223846,1.4731565019768276,-1.3941076046526406
0.9773487012269972,1.4734348426674015,-1.587842812884408
0.977450840987827,1.4738700468533268,-1.770664631478414
0.97743926253578,1.474424451997202,-1.9796469551375135
0.9780204338876305,1.4745006937122627,-2.182182531912903
0.9785045424853027,1.474548227274375,-2.3862441744724667
0.9785080443796136,1.4751104772585324,-2.569028842742894
0.9787996753071146,1.4753842987495567,-2.7883631127030535
0.9788398028948231,1.4756377567066439,-2.97771959718966
0.979169394311135,1.4759249224280921,3.1210223598028284
0.9798307580210609,1.4757779346203534,2.9173574675162874
0.9801302636635763,1.4755371862115279,2.6995765635254148
0.980518301204698,1.4754764623744658,2.5059701507649477
0.980709160938759,1.475138300509563,2.3017619368693207
0.9806980735450842,1.4744886011654432,2.112749222911669
0.9809879983389678,1.4741033929690426,1.9566568652375862
0.9806454948377231,1.4737350562454428,1.7545843601743727
0.9805331591273448,1.4733834154746972,1.5591410098165133
0.980654526364889,1.473081268773832,1.3556949629593669
0.9806343000067758,1.4726694032552907,1.152799150696361
0.9804085079985488,1.4723937690866993,0.9761606127304505
0.9798771746827251,1.4721770926565723,0.7573538552414915
0.979565026818411,1.471719113878761,0.5355237495477857
0.9788920735839243,1.4720608430352455,0.308809454831237
0.9784115613634584,1.4719387265750088,0.0973952444236906
0.9779724191078968,1.472237151235403,-0.09795343497616917
0.9773544272261288,1.4727750574076461,-0.3174985997234253
0.9770785835361491,1.472759517273954,-0.5227808607066218
0.9763670972949585,1.4726588795697688,-0.7218520804342773
0.9757466460593139,1.472648078839067,-0.9189340033761002
0.9755600543190845,1.4729578635764542,-1.090350791100542
0.9751844763422077,1.4733367476639323,-1.2894271230704273
0.9748128910355475,1.4736636391958764,-1.482268270031906
0.9751055601651744,1.4740969145375453,-1.6792079032940448
0.9747766359362225,1.4746514240917483,-1.8966012275146396
0.9752518635099648,1.4744168563283109,-2.1024052378761477
0.976345437744149,1.4739711329275158,-2.2831607177439754
0.9765259741885796,1.47447717296317,-2.4981642938742357
0.9774366946144571,1.4737690016224685,-2.711108225398988
0.9777497089640697,1.4736587418222495,-2.913609737540419
0.9782188283863517,1.4738136498702357,-3.1024717396217194
0.9786223325254239,1.473763438063148,2.9889943258132683
0.9788773862102489,1.473673646686776,2.7830453086112885
0.9791915906801986,1.473221639779459,2.587837584307729
0.9789321233044667,1.4723533011306371,2.3759407585528494
0.9783415043801362,1.4714881210613615,2.1707484026189903
0.9789478230451998,1.471302483940857,1.9701036672946592
0.9791546693217132,1.4707444983274685,1.7852054078457638
0.979436304349348,1.4702739850045188,1.5867236320461988
0.9794430743013709,1.4699333959579244,1.384878928087099
0.9795573019722533,1.4695437352210146,1.1801135592102028
0.9791091975021333,1.4694303749095892,0.9886449303012381
0.9781092633347572,1.4697821739781727,0.7813828567561653
0.9783212182034576,1.4688508902720412,0.5822122631338927
0.9774303711944797,1.4695795208763132,0.40970535469191416
0.9769233401807342,1.46989286566993,0.21366444128826467
0.9764966236378023,1.4700758693197011,0.011400998426420592
0.9763785372732112,1.4703676999378301,-0.1819956709343162
0.9762225897234459,1.4708778358853614,-0.39223668786829713
0.9760824559452878,1.4716232619003224,-0.6092846925076694
0.9758242602827728,1.472155462144496,-0.840497430789565
0.9764186863889981,1.4729274878017486,-1.0365818385069523
0.9758329884216541,1.4728971258570789,-1.2091030086634948
0.9755999254480084,1.4729132708440746,-1.3992174596137312
0.9758147511774767,1.473314013215039,-1.5976461127176422
0.9760593113449239,1.4736660966635429,-1.8105261478623025
0.9764112970436001,1.473880628029688,-2.0003540262442403
0.9772013060930044,1.473835584995151,-2.215725922492635
0.9781776730346373,1.4734099577008124,-2.42985076661217
0.9782865323658483,1.4739083115527536,-2.6174826239336233
0.9787853173718769,1.4736583147767384,-2.811298880551357
0.9791328720250617,1.474001397202124,-3.01091019016373
0.9795549694874599,1.4739066896821953,3.086625651741709
0.9800136253101994,1.47409034165226,2.8669869376361587
0.9806860513646377,1.4738567982794055,2.650957926649668
0.9811369050007078,1.4736944717782328,2.473862242801778
0.981099271524272,1.4732458408335865,2.2795450591407427
0.9813450120280341,1.4731175056136192,2.082115585820458
0.9811613631845928,1.4724843605593434,1.897206508003955
0.9809348248707407,1.4721390557093104,1.7013224987269013
0.98090960919136,1.471732981933666,1.5005702321901506
0.9809870064658479,1.4713070738530294,1.298127796462424
0.9801503984616183,1.4713202568469785,1.0822462905608097
0.9800472691982899,1.4709477028256137,0.8712257925876005
0.9801133719653368,1.4702082507654468,0.6611143597016966
0.9787823325497905,1.4713479474615043,0.46995046434546994
0.9784988465076623,1.4708898005043016,0.26924436461025486
0.9779130609308714,1.4710192675317704,0.07986186202393475
0.9775523013651705,1.4705328597164506,-0.10520908406153535
0.9773519913007737,1.4707691261073073,-0.3124368532085564
0.9771460266205788,1.471597485435476,-0.5336479735312156
0.9772245668780083,1.47217828396135,-0.7086188043300997
