1.4481851926407545,1.688560613014518,1.621211514331066
1.4479663463064587,1.6887626374153282,1.5925150221968158
1.4479468742161477,1.6887228983523295,1.5590697664609898
1.4482656364599795,1.6887384085658028,1.5719742226842361
1.4487056461297787,1.6887410677455086,1.5832205545978157
1.4489746671652637,1.688738975392858,1.590220263327599
1.449064373034029,1.688736251704359,1.5923797973354987
1.4490967731841649,1.6887347510706656,1.5934241224898993
1.4491092347881602,1.6887342999831954,1.594117667026752
1.4491149325823949,1.6887337785824847,1.5944597071966873
1.4491180832851658,1.6887332275409281,1.5946588528612007
1.4491202858968861,1.6887326618584426,1.5948010375888155
1.4491221377128947,1.6887320863927615,1.594920865095288
1.4491238601685419,1.6887315026158574,1.5950321803951582
1.449125535044439,1.6887309109022288,1.5951405089813264
1.4491271924722642,1.6887303112822523,1.5952480558682842
1.449129635127937,1.6887280264696138,1.59470584104217
1.4491307792899835,1.6887291281009775,1.5954752798681018
1.4491332279971396,1.6887268512135196,1.5949317180711475
1.449134113630263,1.6887279168426714,1.595693005303731
1.44913663537423,1.688725633013955,1.5951516293222774
1.4491374177961922,1.6887266725969265,1.5959111195159812
1.449140016684934,1.6887243800565428,1.5953730038551597
1.4491373475250067,1.6887232734000528,1.5953469315891307
1.4491352647556106,1.6887222356723144,1.5953325206950912
1.4491336435647435,1.6887212519526158,1.595330640100739
1.4491302026285533,1.6887315644196634,1.5997159838596808
1.4491297250481578,1.6887306364722556,1.5997404600377287
1.449130608166984,1.6887296749953624,1.5998284499322923
1.449131966873263,1.6887287038277032,1.5999478540463319
1.4491334905632733,1.6887277201802637,1.60008036946637
1.449135070904775,1.688726723159813,1.6002188419833931
1.449231938780893,1.6884011854841332,1.419676181059083
1.4489422874089473,1.6880279254685717,1.216344792511681
1.4486829726814376,1.6877015510660007,0.9791749919201149
1.4483874344275987,1.6872552252468684,0.7890752535402421
1.448238507250366,1.686785256791502,0.5835504962920002
1.4476805068891123,1.6871363758577194,0.3940311647973971
1.4474595282345446,1.6869599527698524,0.1791091838208655
1.447415378000515,1.6862893967566421,-0.012000030058370569
1.4469982420021594,1.68590778644767,-0.21500653471168604
1.4463703357784228,1.6857927744667296,-0.4156155735024285
1.4459438801252178,1.686078380801109,-0.6175384978031353
1.4457019025616022,1.6864654566441408,-0.8391017938719751
1.4464043074583401,1.6872873103482149,-1.0309870478832377
1.4465404876635526,1.6877048142303985,-1.2442416573770765
1.4468687722960365,1.68793910223564,-1.435064519409466
1.4465055750291056,1.6882022681634448,-1.6282051892796137
1.446077340602318,1.688596502984425,-1.830419107119659
1.4465829973359658,1.6889381769351746,-2.031767607683128
1.4469935105217533,1.6892504494953184,-2.2356757973591277
1.4470433138913326,1.689855366805289,-2.4194194272278304
1.4477144596324905,1.6896909141990037,-2.6342986670004573
1.4481399940969455,1.6894790885101698,-2.80877062992617
1.4489885768578847,1.6890193103664333,-3.0069121662652836
1.4493875740194044,1.6891004159490592,3.069286140633979
1.4492757600995647,1.6886703154349552,2.849760355579538
1.4494637480271033,1.6881580891817993,2.660517259167038
1.4496539656983012,1.687399440703894,2.4656050005119456
1.4494357842166554,1.6866521920996274,2.2547553203244384
1.4495760525261352,1.6862471500335239,2.0291043095820394
1.4500956326496757,1.6864659208060957,1.841282163591367
1.4502113536654715,1.6863521074151029,1.653271361502388
1.450595225192342,1.6859060734522304,1.449044283605612
1.450365552292334,1.6854437214962896,1.2726696036144833
1.4498310858706365,1.6850437138788799,1.0669397027662602
1.449765084165757,1.684480324337143,0.8889660073533066
1.4497385324927294,1.6840075162331452,0.7090495694689712
1.4489453120187537,1.684648107608831,0.5421602441229741
1.4485562437196526,1.6849051417273218,0.3346960220523547
1.4481353029066784,1.685080702201197,0.15325505062195866
1.4476396619035707,1.6851871574503863,-0.0461614168355214
1.447231782315552,1.6860933189604812,-0.22909732035822872
1.4465025956557838,1.6864658019149175,-0.4262760180055203
1.4465453777418216,1.687338108612226,-0.6229184684966111
1.4468179157434975,1.6881252803986022,-0.8174736554608456
1.4461541266672675,1.6881662907494681,-1.0070644439056449
1.4464446396921855,1.688835720892543,-1.21574232053205
1.4463112285165785,1.6891939072120772,-1.412389910715012
1.4460746218005147,1.6895296338372183,-1.614710195594001
1.4464200095575548,1.6898503627999095,-1.8147416594116719
1.4467612148649402,1.6901338811687003,-2.0269409913616685
1.4475192684593117,1.6902236291029482,-2.2670426794178207
1.4481400494607382,1.6901163855577437,-2.4830065690825074
1.4482586972086782,1.6902902950069025,-2.672626004065593
1.4482954499149614,1.6905108562092874,-2.8595334256369442
1.448430632396533,1.690678251680466,-3.045083053026488
1.4488752413299768,1.6911450446772225,3.0440812167886895
1.4493056709363552,1.6914129364411992,2.853878559371282
1.4491420835159934,1.6912825726762106,2.6601598192320064
1.4496606288788214,1.6912365203455568,2.4574050800428644
1.450022887526356,1.6911955461609076,2.2797714758205054
1.4504690033203749,1.6912270360661952,2.0831128833772823
1.450814345227339,1.6911014224003715,1.8986876647825788
1.451396827705819,1.691005947739946,1.7090577228049644
1.4512571258936966,1.69049255325212,1.516086258667427
1.4510754086680775,1.6898468372800517,1.3253003506346317
1.4510880149294723,1.6895355699168697,1.1113416156452862
1.4500658447159447,1.6897828616430863,0.9037126574070484
1.4494469045391456,1.6898940436170393,0.7382754015716977
1.4483594032199614,1.6905746387733231,0.5230489127956095
1.447869479837736,1.6907888050380941,0.3273794192616466
1.4473160076521017,1.6910825544420178,0.11431804436797274
1.446936140942414,1.6909288849475688,-0.09046096098465486
1.4469204593551184,1.6908220299893366,-0.2884840451505888
1.4464327202389335,1.691003000256192,-0.47744695625688216
1.4460921354362632,1.6913273450053778,-0.6893673567216967
1.4464930747898106,1.692246282408895,-0.8957099059291669
1.4467127369025947,1.6927470127513708,-1.0932339735986483
1.4463018201387476,1.693080913548252,-1.303269814286252
1.4461162967877952,1.6929051820458003,-1.4793331213773613
1.4455809368064192,1.6933189240765607,-1.6731374756057051
1.4455171964630977,1.6937418797559085,-1.8749285859519025
1.4460828384353113,1.6936900542530373,-2.0844178827667217
1.4466098016735258,1.693902379753046,-2.273500965166496
1.4472874839030054,1.693754891228491,-2.472454387186162
1.4472774515817124,1.6942436206074596,-2.6671416416255114
1.4478083145710028,1.6942668823304812,-2.8559510469958296
1.4482270991362407,1.6945708939862156,-3.0361881722290134
1.4486848699728476,1.6942018229709612,3.045460295352605
1.4489584017072963,1.694043963036379,2.8295466027452605
1.4492286744436473,1.6933817256759143,2.5883186080371656
1.4492396585988951,1.692702039296415,2.3714183015655257
1.4495836728313558,1.6923873688294009,2.141806122096311
1.4488865597168583,1.6916934844756315,1.9634168539651267
1.4489425139316408,1.6913031443472917,1.7439903537809014
1.4488904070070847,1.690909962513012,1.5458246975023395
1.4487046083077004,1.6905508360512882,1.3576226640184081
1.4482421041980298,1.6903079356280966,1.158693607631685
1.4478843550854046,1.6900870203575973,0.968545069455939
1.4473020642563248,1.6900168966807207,0.7765033778817905
1.4468769796653658,1.6899903038908797,0.5680720311290289
1.4466761621186668,1.6898443621261068,0.3865844191185972
1.4464017943227365,1.6897924022706747,0.18912697341523288
1.4461044662630271,1.6896277328645222,-0.00934475640282881
1.4456375506070829,1.6892441330061148,-0.22274878942989884
1.445199933075028,1.689074393820689,-0.43598282038601327
1.444342317980368,1.6888354900845983,-0.6030238862088318
1.4440580088645205,1.689181600364998,-0.7939538537431847
1.4438126435068492,1.6896919644389663,-0.9815536479063275
1.444517505404538,1.6905192170638699,-1.1819029832129988
1.4445024361623149,1.690654077641591,-1.388791523511086
1.4442995319107799,1.6910642492436134,-1.58594133976343
1.4440422912118798,1.691288200161912,-1.7917105964496471
1.443258511829817,1.6923168704331668,-2.0001355498392503
1.4429760070809257,1.6931288917587455,-2.189637854927704
1.4435789854700949,1.692963189601107,-2.400417469820676
1.4441645149627742,1.6928489327040264,-2.6165106384475285
1.4444772609705636,1.6929393648326119,-2.827824335957667
1.4448862375582072,1.6932632654230924,-3.0342491219957957
1.445311185637793,1.6931657991349347,3.0514723845225262
1.44562625149071,1.6924274423766115,2.8522024570843096
1.4454952795529,1.6916004460275655,2.6350005814937267
1.4459956507599927,1.6912925612130696,2.4144248932784347
1.4458794671694974,1.6907082097585007,2.199191211731205
1.4454050848385558,1.690061724355006,2.0123118325729186
1.4451180947457494,1.6894998802555463,1.8232896049679967
1.444776273918068,1.6890980255028716,1.617724220587823
1.4452296062037653,1.6886895740851438,1.4199059433737569
1.445279583787308,1.6882410503585963,1.2107608727548185
1.4450058625541142,1.6880400537951046,1.0243928002132132
1.4442734570169302,1.688027452466325,0.8146397903033525
1.4439184525722433,1.6878479100978454,0.6078613435964442
1.4432229787770665,1.6881536741772316,0.39497055182541263
1.4425344416023218,1.6884570793641032,0.19602419397541637
1.4421747989903961,1.6885018447833826,-0.011902584559607297
1.4418240716986448,1.6889177152332464,-0.2269372547815282
1.4416153259307931,1.6895005502339258,-0.4603543623512502
1.4415593049816786,1.6901650974186186,-0.6667844508831415
1.4416883998984003,1.6910013337353615,-0.891535864957297
1.4422399014323406,1.691898474305892,-1.0912866634689338
1.4423701758121097,1.6921866891133195,-1.285769518949224
1.4420724549305408,1.6924101025642952,-1.500056005255669
1.4418823444971465,1.6928076178478968,-1.7053161289792804
1.4413706673258488,1.693314502259184,-1.9072067338556662
1.441404558083291,1.6939818126243886,-2.093846592576686
1.4417279044835223,1.6941702416994286,-2.2847439027899155
1.4418831579096227,1.694466673485362,-2.4607091415582087
1.4421176289661939,1.6947727019275067,-2.655420418074072
1.4423774248674512,1.6953130683753157,-2.8533736180851945
1.4426578033203705,1.6955578979829624,-3.037378905707219
1.4430302355821039,1.6954339623539987,3.048081366762893
1.4434473081372479,1.6954639253240367,2.870549728362364
1.443607066952109,1.6956323850713204,2.68225245596553
1.4440059585827785,1.6956883958290583,2.5074623421161832
1.4443457784149285,1.6954562600035739,2.315244050882329
1.4443386534580342,1.6950541376934323,2.1169058538712324
1.4438758393425783,1.6943668579935778,1.9047510413424464
1.4436505688285923,1.6938878788453684,1.7043168157973683
1.443905917514992,1.693642166146407,1.509893917569635
1.443965946218525,1.6932125295845764,1.3169117504022168
1.4436465216768233,1.6930576813716476,1.1161798491051365
1.4420884970649637,1.6934870907615998,0.9230141033060678
1.4416238716640513,1.6934150770266854,0.7538515770554732
1.4406640692615655,1.6939468959198387,0.572941193687027
1.4398594000002554,1.6943760933766234,0.3427108075884794
1.4394777780230361,1.6949485304757852,0.1424849654089421
1.43903793943352,1.694773033852478,-0.058084564210778164
1.4388623864887946,1.6948721592103335,-0.26294229443025513
1.4386065007383608,1.6952327988579812,-0.47208139611591465
1.437921722555402,1.6954363906473024,-0.6690890759370313
