0.3825516337108274,-1.0787185700795876,1.6217744979363569
0.382442121239492,-1.0787464653943206,1.5856427395844959
0.38241581350008746,-1.0787673304472594,1.5727848650746301
0.3823159955365618,-1.0787358242167049,1.5927726816575842
0.3816232161442123,-1.078738857298536,1.5878659167812377
0.3808903334116695,-1.0787770560617915,1.5639187023243204
0.38097800999777515,-1.0787744000666561,1.5648924710064112
0.3808833876855382,-1.0787773521475001,1.560974988831368
0.3808742607543092,-1.0787789203267737,1.5597283216260658
0.38083129074229616,-1.0787755784559867,1.5614156228895502
0.3808099404823114,-1.0787834783292183,1.5587425174032743
0.3807717836249041,-1.0787789174161602,1.560470310140086
0.3807590310192073,-1.07878760340817,1.5576230602784593
0.3807260358893967,-1.0787831277646096,1.559259581830476
0.3806949930836872,-1.0787802677975693,1.560406628956732
0.3806934509406823,-1.0787863997426597,1.5581947133441574
0.3806669675817758,-1.078783534687682,1.559353832738503
0.38064176542778655,-1.0787815954648161,1.5601810916052707
0.3806213164467827,-1.0787800753190855,1.5608446978025647
0.3806311763751096,-1.0787835476783252,1.5593480486559375
0.38061007797779756,-1.0787824638453416,1.5599575096294713
0.3805975129222221,-1.0787817030274074,1.5603147104649764
0.38059848909381394,-1.0787815054174987,1.560357454628553
0.3806098396245618,-1.0787839444864937,1.5591698387960051
0.3805871493046597,-1.0787836723534356,1.5595595677338543
0.38058133912977804,-1.0787835489825144,1.559658925095359
0.38063863468488573,-1.0787843167096023,1.555066305154982
0.3806811387900835,-1.0787865152795093,1.550915756317249
0.3806905604659603,-1.0787864796259186,1.5500900140533531
0.38069479394602473,-1.0787862593865432,1.5498001076698595
0.38069659877690337,-1.0787859815133,1.5497019382055992
0.380697321842341,-1.0787856876060065,1.5496731465293085
0.38069757691901335,-1.0787853904771953,1.5496690364555643
0.38069763399385914,-1.0787850933987282,1.549673569744696
0.3806976085204897,-1.0787847969674074,1.5496811040924239
0.38082580243122843,-1.079179312631543,1.364867904271021
0.38033062702614057,-1.0794258031880395,1.1768261310198231
0.3802682582816583,-1.0798740890721656,0.9789018879522581
0.3802000114613414,-1.0804346221727528,0.768926342163596
0.37960114276920853,-1.0804786023148838,0.5548038103274525
0.37892499864562146,-1.0797323243598984,0.36663900976360536
0.37838192078498134,-1.0795853094225099,0.1803022466985944
0.37802810108878,-1.0800474548251133,-0.020770553473800944
0.3776276144384062,-1.0803679016097822,-0.22950929666158199
0.3774247048576382,-1.0797872085971114,-0.43533173608896897
0.3772623887512075,-1.0793661085691006,-0.6357635282945876
0.3772127438026166,-1.0789376101688342,-0.8205064975044492
0.37738532324865026,-1.0783895510570343,-1.035177498050813
0.37729060755167804,-1.0779736162563023,-1.221591514251957
0.377728599845719,-1.077694110359789,-1.426953892409259
0.3781077312218229,-1.0772937339411335,-1.6219827974431509
0.3776312470484247,-1.0767429461940308,-1.8369568587707978
0.3779965903070409,-1.076228047238302,-2.034766831551319
0.3780215827478166,-1.0762121666203517,-2.22368044083781
0.37828607011112436,-1.0758807538468864,-2.4268776927000397
0.3782529755850315,-1.075156908958587,-2.635114177223783
0.37849729118573466,-1.0750030282246144,-2.82436086871741
0.37895764328949233,-1.0748309885918028,-3.040000510910019
0.37926764457236234,-1.0747226359976796,3.052591234837393
0.37975051297344137,-1.074504518488563,2.857212568811455
0.37976734686303276,-1.0749211693120782,2.6556507513744037
0.3798821271266229,-1.0756339007370084,2.4288972608721298
0.37969674625643246,-1.076432828859599,2.2183817510342103
0.37931389511607067,-1.077161565928802,2.009626786445395
0.37963849083770057,-1.077125091199863,1.823954772789304
0.37930864175143447,-1.0774494921948055,1.619866291655796
0.37917463996060635,-1.0778748252664576,1.4345572178828838
0.37858279303093617,-1.078105003737105,1.2259260188608396
0.3778124576675477,-1.078121327324112,1.025120821238229
0.3776213012623718,-1.0785462484839037,0.8173430794342608
0.37710439907811016,-1.078470892368463,0.6468260645872949
0.376313589387061,-1.0779804191718207,0.4364798487627542
0.37642417166635583,-1.0784849690191438,0.24315144932766417
0.37623196779921725,-1.0785699674051796,0.04506546529201539
0.3758213034306639,-1.078888036118175,-0.16519242793352443
0.375474182004905,-1.079190329964738,-0.380502521783931
0.3756181745664046,-1.0784957371378188,-0.5969018711648332
0.37568444752515046,-1.077798184737597,-0.8108678555729452
0.3758535917639581,-1.0772015896228402,-0.9965652882028664
0.37620840560022145,-1.0765943346539266,-1.2073140113916698
0.376292591048145,-1.076116427610086,-1.4031547904039714
0.37611700435632706,-1.075647190071756,-1.5996469089455576
0.37574111958489825,-1.0751812375762753,-1.8014050061536695
0.37596161973519887,-1.074777655174846,-2.022585543576324
0.3767204073418913,-1.0749131954524445,-2.2236856741448805
0.3765539654902624,-1.074322384344883,-2.3868176280681515
0.37714474209658316,-1.0744508410978717,-2.591207901993139
0.377125593732954,-1.0740425065519317,-2.7810251206655034
0.3774082996980339,-1.0738050720919554,-2.9771399999488537
0.3777221436594509,-1.0734489796069941,3.106193647197734
0.37807556033038836,-1.073678131818669,2.8926620878178104
0.37832566091807346,-1.073905428970837,2.702614919662974
0.37851174366030865,-1.0739112958292047,2.5076328241278296
0.3789322000750388,-1.0739077775295467,2.309724232455797
0.37909516711392893,-1.0743151134183302,2.109741910060628
0.37860779187154875,-1.074944116064045,1.8829981845620538
0.3787119204224048,-1.0751955419726305,1.6937486597789198
0.37922391183604637,-1.0756306881725222,1.4903958293922372
0.3790762136812046,-1.0759156626705122,1.2846150315075957
0.37896770652047973,-1.0762063978052376,1.0795707085140291
0.3780222169627887,-1.0759486826752427,0.893420455795858
0.37700078261547987,-1.0754345943535288,0.7056804696645264
0.3766983705892708,-1.075765815101949,0.4738613914724041
0.37627387420935,-1.075411762619467,0.2882479387861784
0.37564161149144853,-1.0750879450862645,0.09480164334667589
0.37523431562733744,-1.0749318529000809,-0.11069501092958207
0.3749421923946421,-1.0746842275601016,-0.30708184835500124
0.37444817781049544,-1.0743383509453979,-0.5217681320059152
0.3742658495824033,-1.073763368495095,-0.7348304427098182
0.3738123200068425,-1.0735288727770826,-0.9300578534423198
0.37390007887404386,-1.0729163206404781,-1.133217856369033
0.37409874469947424,-1.0722054843224837,-1.3156983434692786
0.3740067067336898,-1.0717023053662615,-1.509278088246528
0.37451333853651664,-1.0713437553668002,-1.6851941131919932
0.374752438205533,-1.0710668374090675,-1.8938231387111097
0.3755477889284178,-1.0708567003742495,-2.0770901072439067
0.376157400774536,-1.0707831353352535,-2.287035836212634
0.37685816786158033,-1.0710327468520058,-2.4739389587839775
0.37736994691669296,-1.0710974131450286,-2.689362198606263
0.37745592177359394,-1.0705948980879225,-2.868021386513843
0.37789589887437314,-1.0705539747568573,-3.0697239943891548
0.3781962306348469,-1.0706200530565684,3.027084992811656
0.3783462261882941,-1.071288378117331,2.829312222092896
0.378773524662405,-1.0713579076400106,2.6432952581824263
0.3790262438329489,-1.071822229676572,2.4267562083600773
0.3791207939450795,-1.0723090095204242,2.2135880123804887
0.37940197127727526,-1.0724365794217119,2.0122088127226014
0.37873695130919,-1.0730508252090718,1.8043584760801374
0.3789827724401912,-1.0734006340135336,1.6080352567494491
0.37892235259991613,-1.0738186946481185,1.406737563778609
0.37878072334046564,-1.0740008557860656,1.1764271930614065
0.3781367891572546,-1.0742828679395062,0.950076216004278
0.3774853684334329,-1.0741323676659231,0.759163876069984
0.377116063769304,-1.0743022159576183,0.5446868457832896
0.37686121220674784,-1.0746234605479583,0.33026757276716284
0.37651285089032854,-1.0748095697034648,0.1336042186046744
0.37613906750240395,-1.0747181009986255,-0.057112884703991944
0.3758879743556267,-1.073984576143541,-0.2618169296083987
0.37567735941358327,-1.0734528181213014,-0.45713877855627244
0.3755959646437317,-1.072974823287851,-0.6805781933350015
0.3755060290302527,-1.072654172223759,-0.8352835539842448
0.37525584464772416,-1.072462289524234,-1.0215444859289515
0.3753764330927878,-1.071976507184867,-1.228428006661401
0.3754424584538855,-1.0715853375270383,-1.410311184594373
0.3756331921535704,-1.0712194283034586,-1.5952273768859846
0.37594205351991405,-1.0711067249818464,-1.8070458096420092
0.37646164019760825,-1.0702900054546516,-2.0101393391628193
0.37695986085051186,-1.0700325441069358,-2.214195215175594
0.37749505024402574,-1.0699690225297922,-2.4137000220250133
0.37788540173794494,-1.0701387074729738,-2.6127222469125346
0.3783047098603244,-1.0703791330429375,-2.8061570278975867
0.37855970547431306,-1.0702082642774564,-3.000509957178905
0.37885087846796833,-1.0701702120344077,3.0917972750713236
0.37908426602892487,-1.0698063618213756,2.891673057915028
0.3796118929998783,-1.069926613367897,2.6981223084725046
0.3798665128059891,-1.0702016587421077,2.516547981187904
0.3799028374206041,-1.0707389349565537,2.312835134596918
0.3797416137706701,-1.0713715189020654,2.112539553264921
0.37977172715935587,-1.071487137416462,1.8883743282631138
0.38024844478377157,-1.0715234051506168,1.6943299176486346
0.3807310488052215,-1.0719127898572807,1.4913838680102494
0.38073325389950563,-1.0723266011794648,1.2937714712445423
0.38070916666910165,-1.0726499603606399,1.0985608007567194
0.3802461737832329,-1.0726719014548312,0.9104987852346831
0.37954029387692645,-1.0724619919788831,0.7358788943251364
0.37903233760299265,-1.0722423220728265,0.5454982904816803
0.37884085665570033,-1.0725301959249023,0.3590015754879492
0.3782807419435313,-1.0727277190092113,0.1777495462774794
0.3780400656191958,-1.0729994328916703,-0.020423432953063397
0.3779119103714294,-1.0731801617494143,-0.20743889980229344
0.3773485256368461,-1.0734973868251758,-0.41239504024036955
0.3775252417874474,-1.0721820863453337,-0.6222394520115418
0.3772645428410323,-1.0719481216835287,-0.837691277050118
0.3774808826026632,-1.0713266292130534,-1.0284530585274845
0.3781138187622479,-1.0703577928869072,-1.227376495729294
0.37801230411354697,-1.070237223192639,-1.4172517056270548
0.37754467401894065,-1.0700458112488966,-1.608008103971071
0.3773484423107825,-1.0696675919758698,-1.7935386569136675
0.37790363344770617,-1.069591053096548,-1.9631443142311318
0.3781913792073722,-1.0691661307499007,-2.1716759731446165
0.37837294596867915,-1.068790864603286,-2.365841094791088
0.3789365302766574,-1.0687629366000817,-2.555619012923884
0.37962956967696204,-1.0691410728154276,-2.7422759750191155
0.3799103794572051,-1.0690065659246921,-2.9439708226966834
0.38037807669704266,-1.0691878442304241,-3.133653310364161
0.38059256350958204,-1.0692439375773284,2.9355692715235313
0.381105052842962,-1.0691878335123788,2.742925767098031
0.3811069597784926,-1.0697284755499865,2.5321255440690598
0.3812546113284769,-1.0700980065039067,2.343302661781598
0.38057378220114096,-1.0711546484922736,2.123741091157666
0.3806760760537961,-1.0714951315071641,1.9472321776988157
0.3805308187825255,-1.0722855696769487,1.7439094118949872
0.3803465417676771,-1.0728106179619719,1.5525985693416795
0.3799337280587895,-1.073192531527333,1.3421596929159056
0.37963190417762355,-1.0734960340417292,1.1280222965633073
0.37910521739841624,-1.0739214763905114,0.9164854565560937
0.37832949420024004,-1.0737395234972527,0.7236779598144614
0.3778951834393281,-1.0737691301236176,0.5149562183343339
0.37726087843450035,-1.0730696710577279,0.2995821612677931
0.3768957882855564,-1.0732538535442435,0.08498104679813015
0.3765040573045941,-1.0732883324054707,-0.10992063387699945
