-0.4526236095982172,0.3107783611823672,1.6212254208333443
-0.45258684162898477,0.3108737380620682,1.579867066819788
-0.4519834193062632,0.31085709352909147,1.5883290861457269
-0.45215682476407254,0.3108419360356319,1.5853200994421979
-0.4521695837189895,0.31082358040190494,1.584862518357934
-0.452070928551971,0.310818049744557,1.5828198497109207
-0.4520180010826548,0.3108165556917926,1.5819074655403924
-0.4519128829222409,0.3108120512028563,1.5789025582580507
-0.45181671759069597,0.31080783021794345,1.5764886666949824
-0.4517427147876099,0.3108041910839633,1.574554771944164
-0.45156794883731466,0.3107951160257038,1.5694623713014777
-0.4512548947301126,0.31077743687096154,1.5608498283841568
-0.45094354555869415,0.31076501883454427,1.551592232912132
-0.45101852055338876,0.31077218738106027,1.5538000765495479
-0.45104291338207964,0.3107737493614185,1.553729342402238
-0.4510518097887552,0.3107745259413902,1.5538819733929192
-0.451054943470896,0.3107747813626614,1.5539428763098042
-0.4510564204323083,0.31077479041682887,1.5539552409652873
-0.45105743967304746,0.3107746830599931,1.5539432267719444
-0.45105834092346664,0.31077452048312665,1.5539192688666836
-0.45105921580885,0.3107743315002182,1.5538895429508437
-0.45106008675201215,0.31077412968611745,1.5538570557180555
-0.4510609580352181,0.31077392143858107,1.5538232539274848
-0.4510618297732692,0.31077370977310176,1.5537888287674884
-0.4510627014420823,0.3107734961105326,1.5537541090000127
-0.4510635726169202,0.3107732811196821,1.5537192505843909
-0.45106680150189854,0.31076543904156684,1.5507078908667713
-0.4510716969339726,0.31076197576821507,1.5499264345476804
-0.4510739858962243,0.31076019662740856,1.5495485024208873
-0.45107523614086703,0.310759200892477,1.5493577546606871
-0.4510760991480769,0.3107585657945859,1.549252742176527
-0.45107681675721145,0.31075809611561944,1.5491870001256174
-0.4510774776660317,0.3107577019620122,1.5491392663427974
-0.4510781149013914,0.3107573419836798,1.5490998042565904
-0.450848840204311,0.31040186249609614,1.3690899720698184
-0.4510617376630712,0.31005412287100237,1.1607802732111752
-0.4518033058152774,0.3101203234638993,0.9622830604914776
-0.45201332406217837,0.3097823801173388,0.7747154726741283
-0.4521852192008743,0.30948268946354807,0.5884140461275038
-0.4525027927390958,0.3091719034807627,0.3619579156833028
-0.4527728825131402,0.30948726989564823,0.1883045837004287
-0.45307759232052264,0.3095116424260066,-0.015386100128400375
-0.4534795636166081,0.3092914619642215,-0.21340861355503898
-0.45375509485671545,0.3099957953504738,-0.447583927291114
-0.45409333746814756,0.31038936463152744,-0.6503293617436667
-0.45374970120299796,0.3111524200593049,-0.8327244723712665
-0.45398097157176065,0.3113837323651808,-1.0249743551132648
-0.45345183496017577,0.31229331403664423,-1.2347341116731818
-0.45284550821605196,0.31265831164913543,-1.4253704247740833
-0.4529993205255849,0.31297833615753573,-1.6203156905562481
-0.4526649677734513,0.3133625110975171,-1.8248286429913074
-0.4525039135549062,0.3136254797391276,-2.031811672796255
-0.4520036226142624,0.31400021481943224,-2.2485979585841855
-0.4513093289991523,0.313753477818431,-2.4474805094862173
-0.45070769764151863,0.31352000581114753,-2.6266274668340968
-0.45048907522714887,0.3136321624530213,-2.8251804146013613
-0.45020251540754835,0.3139052831888897,-3.0275941643517497
-0.44981901609392283,0.31434682968567923,3.045736970534082
-0.44932610521244054,0.314282062112763,2.8413882171571565
-0.44923564653226855,0.3135712198078419,2.6491228641222473
-0.44887902830343207,0.3134557162379795,2.4536914286108273
-0.44830569863501507,0.31323730156298324,2.22165455124325
-0.44890270274410377,0.3123308399221946,1.9854744172428795
-0.4490278103554654,0.31184985095850687,1.7996183609174967
-0.44944835888437995,0.3113112844660569,1.6105110904022168
-0.4496138313299851,0.3109213840698893,1.4054518886077665
-0.44976839524858625,0.310620859341607,1.191991328258088
-0.4505409986185484,0.31057356420938165,0.972548210160174
-0.45087642031961594,0.3104604652261841,0.7849199103879825
-0.45114875313095215,0.3101550585735281,0.5824659593423827
-0.45164002940167164,0.31015025404938723,0.35632674122840957
-0.4521847232579644,0.31022680630150773,0.15944232023349938
-0.4523966722261858,0.3099861558994029,-0.028702973235246197
-0.45279653340672876,0.30983951654777064,-0.23014583613104925
-0.4534049644104618,0.31000944362779537,-0.4440402238411524
-0.4533100450041668,0.3103650537154044,-0.6543726135201743
-0.4533579815723237,0.31064397338119115,-0.849817462976437
-0.4531671495169776,0.31122680879781167,-1.0189114532173291
-0.45282357631786563,0.3116129272563635,-1.2165371835518555
-0.45253125971534014,0.3123482535160205,-1.4147396628307989
-0.45257464721440127,0.31268462813753894,-1.618672968473654
-0.45269981759847966,0.3133083471912609,-1.8395742365376155
-0.4530411945814836,0.3138244504706631,-2.0337814522501216
-0.4526082611529457,0.314080013322665,-2.2415789283357612
-0.45198123263950196,0.31406901752749306,-2.454818059836716
-0.45148805657612784,0.31390108692010754,-2.669616509338097
-0.45092623165578455,0.31349213114070457,-2.879818823833618
-0.4504579719249127,0.31242902241249687,-3.0591932940292925
-0.4501428634865393,0.31262222094908115,3.0371000330864426
-0.4496139808291772,0.31245737588175887,2.8450517321533564
-0.4494435694963023,0.3114121244681411,2.667126203509244
-0.44900511997061077,0.311522252611095,2.4717711670776703
-0.44892701908095173,0.3110855244131113,2.2700727240618885
-0.4486240813546269,0.3107587659788032,2.0666212113491262
-0.44879344918081676,0.3102826114402032,1.8739452247690926
-0.4487097854751931,0.30993953334519897,1.6690749051641172
-0.44876692312056676,0.3094459972442448,1.4630513052489003
-0.4491179947201695,0.3090717711806626,1.2345095806421296
-0.44874858125912925,0.30847404213413804,1.0333929964625304
-0.4492004084710276,0.3083431679393355,0.837392543142098
-0.4496482850499038,0.3083374353678787,0.6229536034539687
-0.44996832540745857,0.30814850164567636,0.43533969358829966
-0.4504198425472556,0.30851570246920257,0.22807879420377805
-0.4511038224042003,0.30851634617362644,0.031946616348409104
-0.4515603144564347,0.30881452340913,-0.16729563954201535
-0.4518594834574247,0.3091822060404505,-0.384119072506287
-0.45243511980802165,0.30910132170202653,-0.5733459991500143
-0.45244246123855963,0.3098749974998877,-0.7960120992662935
-0.45219815539406477,0.3104100057098702,-1.0054492465740206
-0.4520804152905423,0.3109929601451987,-1.217490376403022
-0.4515410494741011,0.31150698742039296,-1.4065951527945109
-0.4513333120025033,0.3118908676858124,-1.6085742544522097
-0.451314674949136,0.31226717292240697,-1.8145740122899243
-0.45111913929701236,0.31247334088352074,-2.0225561954875446
-0.4503843984542353,0.3126186605978727,-2.242213982928752
-0.44966420647342414,0.312539330748441,-2.4679259597432606
-0.4492214064182702,0.312660507790911,-2.675441474612436
-0.44871511375044865,0.31244563595436237,-2.867599875411641
-0.4483879558194959,0.31244234373265556,-3.061735021649941
-0.44796702726227433,0.3122550413884819,3.0263285341687562
-0.4478911874878205,0.31174513123640524,2.82459987035683
-0.44763703184889675,0.31181542055623884,2.6186360542997402
-0.44784459130920623,0.3105798386878421,2.473417669001414
-0.44731177034577874,0.3106375228125,2.2849389567465113
-0.44642964428514786,0.31083970916930603,2.096117226048298
-0.4467961790658778,0.3100411325157527,1.8923278669051022
-0.4469419567568462,0.30968985541881494,1.692718524742038
-0.44631133773497145,0.3093602970036914,1.5160746374374567
-0.44589334401189146,0.3088425502513833,1.301332083771585
-0.4455182590380314,0.30842661121647935,1.093382401897585
-0.4462621762698578,0.308311077479347,0.8697376111784508
-0.4464747224503155,0.30803053347131176,0.6797184190441129
-0.4470717804281291,0.3083087059891739,0.4590979995587075
-0.4474002851139648,0.3083478292650972,0.23470862579827495
-0.44787810941361167,0.3084010548166311,0.034099125017529416
-0.4483112772545747,0.3082525586928815,-0.16894249753867716
-0.4487860814033676,0.30862150986361614,-0.3754995636599464
-0.44929236972384684,0.3086846099018941,-0.5750500194047559
-0.4494493610249087,0.30914869171018816,-0.79334435323385
-0.44814679368889904,0.31065808280632745,-0.9780729859717054
-0.44880545234655395,0.31063041592799623,-1.1763073743702894
-0.4490032628183273,0.3106013468964311,-1.3440985619468353
-0.4493623279156848,0.31089002245838565,-1.545357792587485
-0.4499190968656189,0.31128381226462914,-1.7426940687281696
-0.44911099273357685,0.31144841392141775,-1.9420899084987808
-0.44868642454402347,0.3115315476031804,-2.142649163012898
-0.44720666008800947,0.3108143614121608,-2.296493340383062
-0.4466533701192351,0.3107642520234683,-2.5087753705825793
-0.44572235611885874,0.3101027798712131,-2.735947280615766
-0.4454786106787942,0.3103001800428775,-2.9478851774561665
-0.4451809627354655,0.3097487946144289,-3.13252636667896
-0.44499652142728136,0.3097940957685447,2.928615578932445
-0.4444523906595093,0.3097653930850856,2.735392938617647
-0.44447926904710294,0.3090874900352269,2.5298666362873554
-0.44430768552528366,0.3089121011878619,2.344876114120863
-0.4447534028907719,0.30813913716185704,2.1413461865620205
-0.44430789397749326,0.30793930602404346,1.9328066455682147
-0.444221071231538,0.3075501987904804,1.7350231443167026
-0.44412095549314806,0.307235364977949,1.5364236039995491
-0.44358604674660856,0.3068465965934924,1.3416179531426358
-0.44372330403424703,0.30652641509270556,1.1498370061820322
-0.44423927431566956,0.3065175970395438,0.9452857344775418
-0.4453472718169745,0.3070719364263283,0.7549297028421861
-0.44561266853821985,0.3068272032308813,0.5554521374683278
-0.4459236589407216,0.3065046719093673,0.36190917683657453
-0.4466608152331842,0.3066642118988464,0.15704926725140117
-0.447034841994465,0.30657897461990297,-0.03222672506080092
-0.44701387180687735,0.30663421746787517,-0.24069989249469437
-0.4473507302057542,0.3065934222115011,-0.44739559101834203
-0.4477152326506769,0.30710025850624306,-0.6583289116616959
-0.44808854131891224,0.3072594322622533,-0.8579629015934883
-0.4483810480290146,0.3074208379179347,-1.0791738055922544
-0.4487207108524178,0.3076673106674048,-1.2615556109869877
-0.4484484731464704,0.30805532860402773,-1.4604749842442217
-0.4485992116162747,0.30837142276498464,-1.658110431535982
-0.4479426733145667,0.30870609006717503,-1.888425557853832
-0.4472958067555503,0.3085725904371972,-2.0840884599821536
-0.44735004604713086,0.3091748019660075,-2.280042062177075
-0.44719831546598654,0.3095819115704465,-2.4392405250095712
-0.4463290542555937,0.3090727016075238,-2.606129514892671
-0.44568664820652415,0.30884451433041693,-2.8200661128520146
-0.44509297647451657,0.30848527780239027,-3.027856071626538
-0.4446873532505326,0.30897589224307265,3.061616945016864
-0.444204444972272,0.3088940313011265,2.8641747131185102
-0.443557841284896,0.30874710206963163,2.6691775385272494
-0.4429946347435601,0.30886076142167856,2.464516743358982
-0.4428650804655601,0.3085799376045358,2.271806586164732
-0.44300781140885637,0.30795482386233375,2.067800902911675
-0.44300853805696794,0.3075023803691702,1.8406587082918053
-0.4432991812304479,0.30692352689515184,1.6350944994324377
-0.44297974654367384,0.3065414565095553,1.447060997723025
-0.4432904115743515,0.3060957839408015,1.2486167414009655
-0.44325203014905185,0.3056634537166213,1.0482693338205826
-0.4441700751324227,0.30584385047478585,0.888247117908926
-0.44461446521955533,0.3058227185403584,0.68096537797535
-0.4450718931893268,0.30562552786669533,0.45406882077924604
-0.44559658367401356,0.3051371540895888,0.27625244956696243
-0.4462130825088367,0.3052587310066841,0.06952304994219576
-0.4466054739359978,0.3056669502147456,-0.11907205713669236
-0.44715324925939987,0.30561234829713757,-0.30195998672838564
-0.4467629634968935,0.30594819011013924,-0.48306689337805897
