0.5181519746138444,-0.50273792421705,1.6265305412435471
0.5183279535056313,-0.5027201088427795,1.541261921065229
0.518398253820819,-0.5026355392021069,1.581699885057997
0.5186417062935642,-0.5026416388894673,1.5797938622601269
0.5191022865226417,-0.5026348619579523,1.5957546906739914
0.519032766010314,-0.5026498974678704,1.5919791520176447
0.5189739095732558,-0.5026550231415832,1.5909359545236963
0.5189575444990047,-0.5026559775420524,1.5910267897246977
0.5189537383203304,-0.5026563897429245,1.5909195946896895
0.518952738212821,-0.5026565280874404,1.59088642188417
0.5189527819723019,-0.5026565657572035,1.5908798770257633
0.5189532106893366,-0.5026565667335188,1.5908827502037348
0.5189537809423462,-0.5026565544047299,1.5908889182383152
0.5189544032364399,-0.5026565372726319,1.590896224324985
0.518955044806245,-0.5026565184113452,1.5909039166315257
0.5189556937066097,-0.5026564989262088,1.5909117362075256
0.5189563456025571,-0.5026564792121896,1.5909195951579793
0.5189569989288694,-0.5026564594094151,1.5909274641955935
0.5189576531236847,-0.5026564395671873,1.5909353337965422
0.5189583079867264,-0.5026564197026796,1.5909432009661577
0.5189589634472603,-0.5026563998217993,1.5909510648083092
0.5189596194806553,-0.5026563799265438,1.590958925075393
0.5189602760785598,-0.5026563600175713,1.590966781708287
0.5189609332383198,-0.5026563400950886,1.5909746346972333
0.5189615909592584,-0.5026563201591527,1.590982484042481
0.5189622492413642,-0.5026563002097729,1.5909903297447814
0.518980946191549,-0.5026503359902754,1.5947354369718598
0.5189987754286237,-0.5026485645631463,1.595280835623195
0.5190064142648286,-0.5026478532798503,1.595493982264558
0.5190100711246719,-0.5026475556135854,1.5955792172952827
0.5190121539658701,-0.5026474207997076,1.5956146517905727
0.5191104952663658,-0.5029693804422611,1.4171270907238571
0.5186990124133016,-0.5032349963923002,1.2165946677672999
0.5183743954823651,-0.5031321037216163,1.0164849484797571
0.518242504829938,-0.5034742064115495,0.8061714565599555
0.5173151356561423,-0.5029090655023788,0.6138848763195981
0.516642224216905,-0.5027567968149443,0.4077761636739464
0.5158750623134116,-0.5025554406270176,0.20078826012614326
0.5153543661085082,-0.5026065081887473,0.013618615468035071
0.514883552613615,-0.5027935722156988,-0.19670188285146875
0.514702773420731,-0.5027781312597519,-0.3893193910586703
0.5145280334297251,-0.5024907606153266,-0.5997705749139113
0.5144506450033535,-0.5019823464233413,-0.787608672739696
0.5141768784594171,-0.5017380968349083,-0.9706943189627039
0.5144746406543188,-0.5010779128363876,-1.1835808310142582
0.5152271547677747,-0.5005173805096128,-1.419593491070625
0.5151801092018781,-0.5001989508615082,-1.6203475613298506
0.5152625931200656,-0.4997778905965104,-1.820561044526992
0.5159956560741153,-0.4998484761335234,-2.0185793336554387
0.5165683258704051,-0.4993358738652974,-2.2193676753579576
0.5172719889343541,-0.4993903603135683,-2.418233524241908
0.5175478266769045,-0.499007838297159,-2.62964482150376
0.5181142993926177,-0.4993973998938976,-2.8372665596042608
0.5186419801209836,-0.4996176429906475,-3.038513523201858
0.5189962724910284,-0.5000747213280172,3.0599379711716423
0.5191637657589204,-0.5007537653915917,2.854473909572168
0.5193491935614885,-0.5014802355879344,2.6527295228452634
0.5193262207398578,-0.5020367371388775,2.460585027425405
0.5187340943652464,-0.5031967396258922,2.2817442419838465
0.5187900097041196,-0.5036009356765911,2.0854386515011694
0.5187518394677286,-0.5038484652292765,1.8902879493179554
0.5183589257772873,-0.5043927029139157,1.7051868695336156
0.518478446741286,-0.5047440477942858,1.5028273259291152
0.5188039591975065,-0.5052005215874338,1.2984452393335664
0.5186491225529642,-0.5055813951435347,1.1111400827177147
0.5184110497055369,-0.5059256396366912,0.915596474817769
0.5175680789869791,-0.5056714026222833,0.7120488976948555
0.5170555453407275,-0.5055721539323452,0.4943472678966759
0.5164947595989965,-0.5060618734818448,0.3157879496977612
0.516101135453363,-0.5061131550692747,0.12165279036719193
0.5157033151461233,-0.5059128529773378,-0.07175234384839618
0.5154317885779138,-0.5056097364639821,-0.293682108519402
0.5153987615308123,-0.5045110662097015,-0.49510145224421725
0.5148541240571474,-0.5048841170798665,-0.6719332219794709
0.5152094598656367,-0.5039635247585117,-0.8713113577020389
0.5148553717495977,-0.5036752900043558,-1.0921847960187379
0.5157910696986058,-0.502833199552783,-1.2927799265492834
0.5157306858148171,-0.5025113852882265,-1.504780443275909
0.5156792775614505,-0.5021084051426511,-1.7037878967011628
0.515830477048267,-0.5016607636667284,-1.9098122536655613
0.5162302317387403,-0.5014003036108021,-2.119347773891196
0.5172184900481919,-0.5017484203211354,-2.3462100674541295
0.518121445761673,-0.5021652314445575,-2.530392534226738
0.5186405283216291,-0.5023026461610994,-2.731171750372097
0.5190313029625245,-0.5023065319758263,-2.9357968470482265
0.5195876073461907,-0.5029364083278528,-3.1392070559617755
0.5198693213240121,-0.5030257588290303,2.959446776222314
0.5203194150960629,-0.5028378366552043,2.7574166913036042
0.5203169889873713,-0.5034167622961871,2.5385898535977742
0.5203367425550914,-0.504085960516372,2.321819603013612
0.5199483050701355,-0.5047953777998094,2.1332031257559017
0.5193907224004203,-0.5053231147874805,1.9444091641586612
0.5187703020200602,-0.5057779431917638,1.7429924937693115
0.5192254144750076,-0.5060157151865301,1.5541969115387908
0.5196210861551895,-0.5064033883240453,1.3619007053928622
0.5195916344175113,-0.506881006703602,1.170673176722108
0.5189259286051493,-0.5070146043191904,0.9634471378469602
0.5187087152494269,-0.507269143087381,0.7577479357020429
0.5178617440784307,-0.5068618895736173,0.562430172270485
0.5174400227234496,-0.5069537865687718,0.3324663227556986
0.517102533532472,-0.506837199580681,0.13085165180108457
0.5168347347467722,-0.5073715695211266,-0.054757299737065133
0.516527802896936,-0.5072005679443392,-0.26414199990859066
0.516650014742161,-0.5066628611790421,-0.4791139788884224
0.5156234059739335,-0.507080813061767,-0.6626933882895178
0.5150085015140291,-0.5071432691479596,-0.8541632275638918
0.514697802028766,-0.5068461665897015,-1.0652171937950068
0.5147773553680973,-0.506605588432898,-1.2541076440437953
0.5141999208553241,-0.5063873037070439,-1.4439262081258688
0.5146159787760755,-0.5058913052448323,-1.637227768602775
0.5149201892012752,-0.5057741560448986,-1.8442986210401047
0.5157011061881039,-0.5057153591463333,-2.0402976061818845
0.5166481528189705,-0.5057226096540248,-2.259483391830649
0.5166815343928279,-0.5051915381118148,-2.4443405377119873
0.5166500076630828,-0.5046237206265262,-2.6376757031870603
0.5171524265686508,-0.5048419306665939,-2.859786180208502
0.5176492020122546,-0.5051957904109756,-3.0553525990801282
0.5180618756679262,-0.5047668295255353,3.0192077782292674
0.5184824723964216,-0.5050924005929568,2.816771166884732
0.5185114837646302,-0.5061480450469218,2.607852383121188
0.5182359560705115,-0.5070256375685019,2.408580025116803
0.5181956666690556,-0.5075444108670332,2.21586204546493
0.5174221704345248,-0.5086088932460529,2.0067360632099267
0.517111390959497,-0.5089897964826311,1.8049698467946813
0.5171580635378836,-0.5094007221591322,1.6106226924264855
0.5172907478999142,-0.509823901469835,1.4016948860167944
0.5167040391260693,-0.5104202832008058,1.2083346229515914
0.5163132281422216,-0.5104251667298934,1.01643975783059
0.5154597430624805,-0.5102268242085428,0.8437421656359387
0.5152575073760011,-0.510285126859685,0.664141529166845
0.5150942366859339,-0.5106779538525773,0.47033892153283274
0.515095420497151,-0.5113594385072109,0.2783371270231834
0.51417628248405,-0.51098412895882,0.08215609882173573
0.5138175841550936,-0.5105526424156822,-0.09283615090960243
0.5134972897073405,-0.510300164943969,-0.2981976457820151
0.5129866522548295,-0.5099681095553774,-0.5035581439652138
0.5129820108866453,-0.5094922975265014,-0.7066047633704757
0.5129148298867957,-0.5090569129582035,-0.8537203851229719
0.5129523307599286,-0.5086449959584017,-1.0493433350859713
0.5136591039232058,-0.5078973550923923,-1.2669164391725556
0.5134211312461521,-0.5075373348545376,-1.4762225731494616
0.5135702462928687,-0.5070995312232607,-1.676931753667524
0.5138094267126664,-0.5066276232472428,-1.8646881653852458
0.5139328788730508,-0.5063550678934464,-2.0523736896997344
0.514277483638506,-0.5059171978670278,-2.2800882004316905
0.5149648243739088,-0.5060988510354666,-2.4978524630574026
0.5151812678247489,-0.5058054334243229,-2.7215395390224986
0.5151909484477747,-0.5058395057255622,-2.905283447463058
0.5155848253321019,-0.5053161939635981,-3.0997359647373295
0.5160186147900795,-0.5048870801763184,2.975320995517407
0.5166384870159587,-0.5045079184909195,2.7729139338527604
0.5170430656802504,-0.5046799068366813,2.5910356704784316
0.5174407164355599,-0.5050599673245472,2.4003676285847475
0.5181597190929575,-0.5049986673075741,2.1889340889337903
0.5176057869946533,-0.5056913422792686,1.9884440024271581
0.5177900292969257,-0.5058341733402529,1.784474054973774
0.5184051144003832,-0.50596056291151,1.5900612730012496
0.5190140200041982,-0.5063071442207114,1.393570464736423
0.5190410333926757,-0.506312728491852,1.1996784134742555
0.5185987964113724,-0.5067366198969283,0.9707526580845458
0.5173308131640808,-0.5059474227433314,0.7705711719312536
0.5162559054633852,-0.505244648653638,0.5698118112603153
0.5155423796172002,-0.5046386393791694,0.3713707995584284
0.515390412652462,-0.5045845727156671,0.16861794770096217
0.5151637885764158,-0.5048542886239195,-0.02403428671678814
0.5145476959541211,-0.5050751228631742,-0.23666472270143954
0.5141210536579881,-0.5052473071318572,-0.4482209110660894
0.5147352778721086,-0.503679471046206,-0.6372161042110813
0.5149573476510885,-0.503131998957808,-0.8351108361332324
0.5144842465495775,-0.5029592748198906,-1.055844926201348
0.5150541418461424,-0.5023409857248705,-1.2764837827679965
0.5152613107002457,-0.5019644090806847,-1.4618619406662632
0.515529606386474,-0.5015089580492921,-1.6671686813191193
0.5161595201573458,-0.5012477954156984,-1.8813308924152705
0.5165026316604181,-0.5013393571549759,-2.083314667373583
0.5163504342052637,-0.5007950647116122,-2.2993190706277455
0.5168604487764394,-0.5008608140604311,-2.504057817281079
0.5172915802277832,-0.5013771727873096,-2.686643595446206
0.5177281533708066,-0.5012776524266069,-2.8691357266137487
0.5183685830195104,-0.5013611039222986,-3.06431186767759
0.5187340202003181,-0.5015701413702419,3.035218001861268
0.5190792015562311,-0.5018752621923961,2.8327627786058627
0.5192448631340847,-0.5020743512179215,2.6191464907479456
0.5191573119734784,-0.5028961688665357,2.4244831875394985
0.5190990930147611,-0.5035735270429604,2.21362496847494
0.5192777558388757,-0.5038562094886069,2.0377223275844294
0.5198943531092358,-0.5038728201307553,1.837262673422914
0.5200016134833602,-0.5044487948098764,1.6484036708414276
0.5197623412784753,-0.5048151728697607,1.4691918375326707
0.5194999861449202,-0.5050685970295967,1.2557821102328897
0.5193888505157763,-0.5051837171667499,1.0610100008335435
0.5190846134187508,-0.5055757295926959,0.8775393685517419
0.5179402533408515,-0.5049688052459383,0.6812141019543558
0.5175066987569811,-0.5049427847664312,0.501609699327936
0.516615563825016,-0.503901133175777,0.3354906467215045
0.5164273873611718,-0.5036551961285768,0.1527423279145534
0.5162059082331186,-0.5037589407466267,-0.038435675951965266
0.5160181576512259,-0.5039962050860887,-0.23484733474440594
0.515940007181709,-0.5032273113966452,-0.4574492528657216
0.5159114298979528,-0.5022746952412671,-0.6361434346907922
0.5160151456480139,-0.5016988391561539,-0.8349905437159588
