-1.6862751971487828,-0.8850623288944247,1.6223247907641676
-1.6865778819498936,-0.8850176918229714,1.5837552999350064
-1.6869003090904804,-0.8850313785155414,1.579723441635269
-1.687434952985697,-0.8850610824118779,1.5738092776628516
-1.6879172617169076,-0.8851184250340547,1.5590499183815414
-1.687851750996787,-0.8851247946227583,1.5597752265061746
-1.6879673588581403,-0.8851315569459138,1.5568934302256539
-1.6880274337690566,-0.885142851361312,1.5538303959627564
-1.6880443034676034,-0.8851472397534863,1.5531276638579263
-1.6880482349209356,-0.8851485068939826,1.5532507069450376
-1.6880494339417986,-0.8851495129798536,1.5530399195820883
-1.6880499604768278,-0.8851501238461108,1.5529294285467437
-1.6880503440996157,-0.8851505518986011,1.5528652460900292
-1.6880507138962466,-0.8851508963045444,1.5528221282754144
-1.6880510937181479,-0.8851512031931822,1.5527884859761185
-1.6880514825595632,-0.885151493603616,1.552759103502164
-1.6880518763373544,-0.8851517770515928,1.552731639539584
-1.688052272093044,-0.8851520578364854,1.5527050417683566
-1.6880526681479582,-0.8851523378997851,1.5526788368933981
-1.688053063637314,-0.8851526181183125,1.5526528119665968
-1.6880534581356696,-0.8851528988884954,1.552626871174648
-1.6880538514377497,-0.8851531803901055,1.5526009714283915
-1.6880542434442634,-0.8851534627052359,1.5525750933772864
-1.688054634105752,-0.8851537458719512,1.5525492283610034
-1.688055023395845,-0.8851540299084711,1.5525233725340881
-1.6880554112987685,-0.8851543148240717,1.5524975242198793
-1.6880563958970516,-0.8851598031908914,1.5492709806518408
-1.688055356820463,-0.8851610844688201,1.5490363380388676
-1.6880547875434242,-0.8851618805837645,1.54892366239077
-1.6880545298724916,-0.8851624641670099,1.5488614260097693
-1.6880544358301375,-0.8851629521409237,1.548821863088066
-1.6880544220344769,-0.8851633973245437,1.5487925365419382
-1.6880544456342685,-0.8851638236179238,1.5487678485268088
-1.6880544856689965,-0.885164241845046,1.548745272732469
-1.68805453217563,-0.8851646569106457,1.5487236670644267
-1.6880545804991356,-0.8851650710380536,1.5487025146480444
-1.6880546284867397,-0.8851654852354014,1.5486815814179913
-1.688054675148481,-0.8851658999599487,1.5486607613526868
-1.6883318128911609,-0.885497238333995,1.35515653638979
-1.688670087274542,-0.8861357372770335,1.1702907479938354
-1.6894998337772693,-0.886330888971801,0.9814860676888723
-1.6903964666560647,-0.8860515963946739,0.7925807019934552
-1.691182438576705,-0.8856426667542324,0.6128396450937486
-1.6915190655676597,-0.8856208877819748,0.42145431166660163
-1.6915460195532306,-0.8856680780012098,0.2316169877800627
-1.6917588057360338,-0.8857529609742079,0.04071354824452447
-1.6921054133754674,-0.8861696492540372,-0.15720037981192486
-1.6926588828316207,-0.8862925537753072,-0.3826307631398712
-1.6927534987966046,-0.885910852734083,-0.5964646869937816
-1.693076441369649,-0.8856350497089671,-0.7794421827783192
-1.6930599334980834,-0.8850185948541698,-1.0090267421013963
-1.693605312692959,-0.8849755497478698,-1.2013435834935966
-1.6933161760286946,-0.8843024995200597,-1.396608313181391
-1.6930034745071254,-0.8839734492974993,-1.5849881659948313
-1.69293661352482,-0.8836570865106783,-1.780144080498711
-1.692444465574229,-0.8832568210507481,-1.9758219815048148
-1.6919934715794522,-0.8831748721631183,-2.183526490800464
-1.6909903349588933,-0.8836067978454737,-2.394764227834803
-1.6905621295882927,-0.883379567757763,-2.573649453676663
-1.6900968151903728,-0.8834065517547244,-2.7643263662963853
-1.6896937032461745,-0.8831359391202572,-2.9740715857052193
-1.6892628256386366,-0.8831821818384531,3.103002138064153
-1.688842219551852,-0.8826918819994097,2.8906721261128308
-1.6886439343471833,-0.8828876831038821,2.683624612767837
-1.6885942798420837,-0.8837585084163371,2.5051167335122155
-1.6884013470124624,-0.8841173786138252,2.344210527732988
-1.6888797703842466,-0.8849099462723209,2.134489242705628
-1.6880871423409132,-0.8848768353165753,1.9132780022684939
-1.6884391599277009,-0.885343731717874,1.7112339577166689
-1.6891385082396912,-0.8859366439888575,1.5091457642871364
-1.6894202163522372,-0.8858892588598583,1.3097141832083077
-1.689606551752518,-0.8863702429493926,1.0980901000947436
-1.6900235981875977,-0.8866455502012528,0.8892874073032895
-1.69057562373178,-0.8863895865570723,0.7143387947318846
-1.6914251306461014,-0.8859987746211879,0.5192851062250232
-1.692068261157079,-0.885175458265225,0.32103256741672354
-1.6922991280882165,-0.8852796936122412,0.14341835996632613
-1.6925985177887692,-0.885182638488008,-0.0557280806552737
-1.693064786343603,-0.8852735021218396,-0.26572253407824503
-1.6937722300570586,-0.8855947774428125,-0.4633219042643149
-1.6940532185667416,-0.8852955600802573,-0.677035934223786
-1.6946528539390386,-0.8852278060357774,-0.8958267920481321
-1.6949099007653483,-0.8850227974009462,-1.0873215957565585
-1.694508388392241,-0.8844554996268466,-1.2853805867747456
-1.6938225369038,-0.8839929535858848,-1.465035098397945
-1.6940839879663154,-0.8836195146112767,-1.663748160209692
-1.694226396449295,-0.8828803845613916,-1.8732343477309898
-1.694158331410028,-0.8825262186516615,-2.061717415552721
-1.69357503663901,-0.8823520044877237,-2.2586687938079386
-1.6932689881632996,-0.881983084171205,-2.487040845296716
-1.6925749996880242,-0.8822214670254398,-2.700612220392724
-1.692213675420973,-0.8826050730532349,-2.9102028348371958
-1.6919026151343473,-0.8824559701865186,-3.1169113239482122
-1.6915111179133178,-0.8824577418768078,2.9654683063442238
-1.691273952679243,-0.8830934840529734,2.760952820810286
-1.6905709481356435,-0.8828677681872418,2.5718465181468853
-1.690344223453172,-0.882957842522848,2.376344162291668
-1.6901580169209547,-0.8831548635898882,2.2098017497002505
-1.6909338710070454,-0.8839500013222247,2.0431968919024905
-1.6907646038636064,-0.8840372550119081,1.8607640635816776
-1.6903980969951418,-0.8843162900886593,1.6734832556094128
-1.6899598533708025,-0.884645230600932,1.4680673145011713
-1.6899517680891256,-0.8849505863656898,1.27404734040512
-1.690746850775943,-0.8850389611120176,1.0829840475417851
-1.691597352215467,-0.8847866216040544,0.8879518857368911
-1.6926464968422128,-0.8841684274940913,0.7126438271569538
-1.6932721870407432,-0.8841819243665263,0.49762182542504946
-1.6938363818740259,-0.884040298908354,0.3211163241830771
-1.6941671220922907,-0.8840741991044411,0.12121085566578639
-1.6945745907236243,-0.8842702578379512,-0.07916703168788221
-1.6947851276339592,-0.8841433402746636,-0.2948552634191293
-1.6948130510172787,-0.8833816647731768,-0.505841208624525
-1.6953533711165012,-0.8834844324394616,-0.6892959844429845
-1.695290435071174,-0.8828007125827351,-0.8754330151351576
-1.69535943185943,-0.8822428405646704,-1.0754898328746498
-1.694375841324148,-0.8816041371340619,-1.2349041553122533
-1.6943574562441086,-0.8813984776529313,-1.4311166522309884
-1.6948475942580215,-0.88107469364865,-1.629102791133727
-1.6943983266318077,-0.8807034985287745,-1.8373856961821942
-1.693950501743504,-0.8804126373662432,-2.0219767516168026
-1.6939036955616968,-0.8800170107067328,-2.202767983819302
-1.6932767168928113,-0.8800873577898968,-2.4174282638759665
-1.6932708361227229,-0.8795928300160977,-2.618337341645462
-1.6926746506795678,-0.8797185994651081,-2.815872997586317
-1.6923257795825057,-0.8796538158061893,-3.0121541967004917
-1.6919741521163467,-0.8791671384235049,3.0694648219822454
-1.691450890647459,-0.8786396082810923,2.85739454542058
-1.6911975870350762,-0.8795161721527386,2.6409522907978684
-1.691078593092636,-0.8798131066927471,2.442718318665562
-1.6914467559576873,-0.8807867606493632,2.2209873360724437
-1.691246446357661,-0.8809224904583238,2.053405327810507
-1.691242025195761,-0.8812101034926045,1.8397418301181758
-1.691643134957041,-0.8813157242276031,1.645151856269224
-1.6912548656246558,-0.8816648159435189,1.4408601068788756
-1.6912520309934522,-0.8821021631299711,1.2294095851836788
-1.6918963352427734,-0.8822687521524706,1.0201438542142334
-1.6930995111212872,-0.881655011322203,0.8350649249265674
-1.6939907756938914,-0.8811608618313712,0.6498724635578849
-1.6945571051604016,-0.8808486744875409,0.4480264504401094
-1.6947202230208993,-0.8811715847518296,0.25322481342397596
-1.695174941484084,-0.8806990222087597,0.04006947894421976
-1.695451305048041,-0.8805534599150336,-0.16251312359055017
-1.695646444655062,-0.8802163101682443,-0.3694389062759012
-1.6961741661384535,-0.8802092857724535,-0.5629889861949142
-1.6959265034162216,-0.8795709901227723,-0.7515190815873223
-1.6961483170210148,-0.8793220850683815,-0.9340838824591108
-1.6962737113848725,-0.8789187719405457,-1.1164809512581109
-1.6965544968961825,-0.878589073944471,-1.3250139027539325
-1.6970950420760715,-0.8782986448170323,-1.5211751162946032
-1.6974967695885685,-0.877953230671135,-1.7139391843905423
-1.6968519867588152,-0.8778741686010764,-1.9265342051039869
-1.6963776970815125,-0.8776328269093057,-2.153027328133718
-1.6957391567524345,-0.8776987451464301,-2.3293608064578977
-1.695549517750804,-0.8773546423288747,-2.5208361887373063
-1.6951183373660819,-0.8772302267051559,-2.7398280011931515
-1.6948172073781809,-0.8774053669286613,-2.9355522311861653
-1.69472345538766,-0.877141230615869,-3.125908726094057
-1.6943555520038387,-0.8763530518919548,2.9618092285800692
-1.6937203381621309,-0.8761341069064664,2.7498447532007524
-1.6934645502967482,-0.8764329332681183,2.5530277729436017
-1.6931586946439519,-0.8768119490547717,2.3601279889201257
-1.6930460677035346,-0.8772020420193656,2.190449266510697
-1.6932520189286144,-0.8778355368698595,1.998145218226472
-1.6934584754703323,-0.878725605884843,1.802350529858619
-1.693418108792636,-0.8791881332916437,1.6101210287893437
-1.6930449416288198,-0.8794235235835909,1.4090568903757725
-1.693104555517041,-0.879748796732238,1.1918552240740146
-1.6936103031804184,-0.8800239968915252,0.9795405721316357
-1.6932993115926638,-0.8808394887256782,0.782343067117497
-1.6938636260102347,-0.8807966807634967,0.566680232896688
-1.6942852689795906,-0.8810510407948479,0.3724846305146907
-1.6950936149597422,-0.8808888004113271,0.17417111001426344
-1.6955664514422348,-0.880884644446876,-0.014019593476114256
-1.6960197780615243,-0.880687337622098,-0.21524814799879977
-1.6966170645825862,-0.8805865287077779,-0.42541429845069884
-1.6971216426878795,-0.8809000377301534,-0.6289919736223691
-1.6969869781218239,-0.8801249984852184,-0.8280429422286523
-1.6973106630881558,-0.8800012424140705,-1.0420225665247462
-1.6973863118552843,-0.8796124613589283,-1.2526176548810752
-1.6974679639932415,-0.8794711068116227,-1.4453977841313426
-1.6976154838493502,-0.8792599505412546,-1.626997773766829
-1.6978943760380136,-0.8788751212976282,-1.8271279607052693
-1.6971634367802642,-0.8787269593179388,-2.0215868443859235
-1.696768018542793,-0.8786574142755976,-2.203712256017759
-1.696619035486108,-0.8783548212890571,-2.3638847643574348
-1.6967890017710439,-0.8775940275171381,-2.5475131180613118
-1.696045540674123,-0.8780458169212565,-2.732113800343354
-1.695563343320487,-0.8790310420656156,-2.925983771663161
-1.69470884792287,-0.8791548001017708,-3.1175671430696617
-1.694372971122557,-0.8794225466924064,2.9660403949778034
-1.6941475678141193,-0.8799164580378103,2.756914956546932
-1.693709004508454,-0.880009738316247,2.550787822708738
-1.6933414546509704,-0.8801649498524974,2.3663951222076807
-1.6925696201759501,-0.8801227136552856,2.161169141267026
-1.6928394286900383,-0.8807814715263949,1.951768311819179
-1.6922975076815157,-0.8809963444817829,1.7477238849464602
-1.69225891230499,-0.881481555511073,1.5507460098001864
-1.6922108658519721,-0.8819011203900115,1.351195029559913
-1.6926799107903707,-0.8824334410702254,1.1187380970181289
-1.6936401312343652,-0.8822558853679129,0.9324232503908155
-1.6942235005714077,-0.8821910795778337,0.748342722612964
