0.09114605389030046,1.5491103937031234,1.6221825018816542
0.09123332295850903,1.5491432826180582,1.5788631918144251
0.09115712312552879,1.5491645599857389,1.5819281707797064
0.091218788626144,1.5491676852549734,1.5806963629148112
0.09141852199150782,1.549177284726392,1.5874655246934524
0.09177580428496325,1.5491784749871578,1.6002056379733696
0.0916645575489571,1.5491631197636233,1.5955452477975371
0.09161520283013103,1.549158065710141,1.5947850410948725
0.09160140739462097,1.5491569713615436,1.5951399535529218
0.09159816055806122,1.5491562025629624,1.595138489255249
0.09159733621841414,1.5491556618027582,1.5951745568474351
0.09159741084602341,1.549155202351143,1.5952230888870875
0.0915978173978085,1.5491547705916737,1.595275610398235
0.0915954970527668,1.549153189919875,1.5945194783611245
0.09159631233360067,1.549153618812425,1.59524129858473
0.0915956472393472,1.5491522484194074,1.5945667859052286
0.0915971153397434,1.5491527600908608,1.595322985243483
0.09159669894470016,1.5491514186141522,1.594662632082157
0.0915982626946642,1.549151939489239,1.5954251249134823
0.09159788644100751,1.5491505985083303,1.5947675798388092
0.09159946241806165,1.549151116876372,1.5955315821785367
0.09159909491406325,1.549149771785848,1.5948748934436927
0.0916006703745575,1.5491502856880932,1.5956395779358545
0.09160030680960995,1.5491489356699009,1.5949834083833945
0.09160187972998511,1.5491494447203238,1.59574863491404
0.09160151935835152,1.5491480895728935,1.595092931126202
0.09161028336717246,1.5491544597222529,1.6003080876504476
0.09162105615180036,1.5491554874433424,1.601226732214445
0.09162481592876173,1.549155444137968,1.601668810922559
0.09162625207186215,1.5491550002635,1.6019091974609176
0.09162696652023024,1.5491544046097123,1.6020628349611952
0.09162748263514303,1.5491537501501687,1.6021790197565242
0.09162795607997447,1.5491530711028745,1.6022789585054436
0.09162842545655672,1.5491523800513973,1.602371990911488
0.09130575253211691,1.5489684830336539,1.4362940047130297
0.09092356389036843,1.5483971497112603,1.2448494367071266
0.09033396054083312,1.5482246978111271,1.0516049486557946
0.09042601398312633,1.5477479729010992,0.8545063798663809
0.08971265107868091,1.547917301063111,0.6673782451886258
0.08916276860932704,1.5483826413159814,0.4604662418418117
0.08885743458591963,1.5484587475982894,0.25247317230701416
0.08842887199052912,1.5490601589689752,0.05665431342737357
0.0879904307855252,1.5489499750783686,-0.14200537804117366
0.0876435025773666,1.5495362424197552,-0.36435105137052304
0.0873200810111374,1.5498165025312696,-0.5921291935897588
0.08765909497971199,1.5506493043155563,-0.7935323579043428
0.08746944726608025,1.551012737112922,-1.022229176680053
0.08765822378135794,1.5514964736414678,-1.2184924100650467
0.08806202433850059,1.5521714809829503,-1.428531743330367
0.0880277542207215,1.5525679606928287,-1.62702362404752
0.08848290436447478,1.552728213561362,-1.8467982590835335
0.08897631363876947,1.5530683729774108,-2.0599075580648347
0.088866464678286,1.5535094910744482,-2.242786695082434
0.08958793208395086,1.5532031387885004,-2.4330440443404324
0.08977294895754863,1.553333636401762,-2.63433180140139
0.08989066666117713,1.5536220152963225,-2.834610342214664
0.08994817846005342,1.5539066439088691,-3.032442357663842
0.09022966573063408,1.554423172482992,3.0633701638060287
0.09067596460181397,1.5544422715901316,2.8343623574199355
0.09113139127184772,1.554626622411952,2.614659843385535
0.09164176312447492,1.5545427106502197,2.4106798781400136
0.09226304647999993,1.554521610086615,2.196179248465573
0.09278834614260133,1.5546277019135801,2.005383808304542
0.09310164406699988,1.5543666962428175,1.8151065221636729
0.09297629268271551,1.5541164951020079,1.621787266025693
0.0935114351256448,1.553764668654093,1.4380408092591248
0.09261859464176952,1.5535830799965382,1.225177204859027
0.09266352272484113,1.5528695112270108,1.0280741758245568
0.09225888959866924,1.5526003957914483,0.842931860930747
0.09166144349997332,1.5527327919203082,0.6433240776611157
0.09117716582950804,1.5529287478591178,0.4439431782087108
0.09114230285810997,1.552730727650288,0.246876150194226
0.09102368687737046,1.5524027852054976,0.052820853042523895
0.09059684045121047,1.5519012611579464,-0.15238832020420515
0.09007920725950748,1.5515218603224128,-0.3807607619303286
0.089832289850442,1.5521251347932137,-0.5798030381300462
0.08984647493867984,1.5525250040822869,-0.7800289947730966
0.09012556638003785,1.5531103685703564,-0.9536253222918929
0.09011336952662409,1.5536120090325591,-1.1760293952371266
0.0901341821719089,1.5539931777191494,-1.3746571350234507
0.09007284230961884,1.554378457454273,-1.5841541718520566
0.0900464986628817,1.554827157673911,-1.7945310617585812
0.09053387498333496,1.5551825762036422,-2.027870558206464
0.09119498123451072,1.5552270853168608,-2.240547633202101
0.09196629970211292,1.5550689284120967,-2.4370764808435856
0.09251094224627235,1.554900674135756,-2.6532201558149233
0.09304238627811309,1.5547007036926197,-2.860611984726531
0.09331762011021467,1.5548501389855356,-3.0766656355287263
0.09376662491287448,1.5550822705174399,3.0007760204125327
0.09405691122510408,1.5547831070411737,2.790070742684612
0.09450291566331338,1.5542548598339134,2.5851521573663194
0.09506551132779431,1.5542796729474633,2.400535354237318
0.09512696390659692,1.5536822496951135,2.164979507260382
0.09514554688027575,1.553063997322829,1.9671661786892451
0.09528776814049991,1.552948290807474,1.7742784458319971
0.09583975422451917,1.5527648477375624,1.5820045199261932
0.09584642406925677,1.5524575404700618,1.3872656892875894
0.09572095689833668,1.5520173258585277,1.1631525615721294
0.09509990655182861,1.5521510714879956,0.9686429810895689
0.09468803535858636,1.551843977759806,0.7609801422593043
0.09410727218447076,1.5519302499100076,0.5520106548546789
0.09369628250357233,1.551737357842301,0.3450327007358104
0.0933335394284769,1.5513729666586065,0.12171779964892951
0.09300378190159576,1.5517588049964053,-0.07355188377572186
0.09265675289487874,1.5518798776607832,-0.27808782271566107
0.09278711186243507,1.552725571591212,-0.48307762939726584
0.09227690287663992,1.5526320027415028,-0.6682338636342594
0.09225249146512933,1.5531236770805086,-0.8635765456399306
0.09310869738666064,1.5542433346428688,-1.0662721794807386
0.09317142024574165,1.5544425189662339,-1.2662246910493424
0.09311002592512319,1.5546001715570623,-1.4562672369796978
0.09294664132891356,1.5549099771330226,-1.6454323378102078
0.09287736065106483,1.5553142993842233,-1.8386149718194227
0.09283325212419562,1.555780048776547,-2.037055039636785
0.09342608360966666,1.5559266633545155,-2.245575844983934
0.09436874734947522,1.5553357663722707,-2.429937261516364
0.09516643922643232,1.5548643332486658,-2.613063074953747
0.09559140830023084,1.5549777261345403,-2.793655369186187
0.09591826737884147,1.5551426203267944,-3.0049460142111752
0.09614122342201883,1.5556315274151873,3.090823417260689
0.09655844930416486,1.5557471938990246,2.88210529748129
0.09727590501334263,1.5556635134702799,2.6853087241133617
0.09762065424404422,1.5557105722836058,2.523857029379373
0.09798163935063148,1.555462220546307,2.3240448221021213
0.0983040369005801,1.5550982853034294,2.129333306773889
0.09777187192202227,1.5544180265461804,1.9329333326601719
0.09784377928013625,1.554151988488053,1.7397343311279276
0.09802252721038891,1.5537916121766873,1.5348712857320461
0.0982486838076804,1.5533689725576538,1.3226949338094878
0.09759652812584226,1.553089208118273,1.116448237678943
0.0972992073028923,1.5527685325034977,0.9267631024263933
0.09739197222760332,1.5523142134587071,0.8019741086709353
0.09625344266527842,1.5530848954620304,0.5930190790402716
0.09576572770076747,1.5531715012301814,0.36928539155177903
0.09543570297946181,1.5533648566014737,0.16110609604596005
0.09503019339420327,1.5535770633502455,-0.041984781469623325
0.09453569443678976,1.5537785434000695,-0.24840716962879636
0.0939036738593812,1.5535171467882953,-0.43771728854659187
0.09355673750886144,1.5536750644274333,-0.6532438392229843
0.09280299183434293,1.5536145115401063,-0.8802287974432536
0.09256192176428099,1.553823301947869,-1.076481372774601
0.09282485210222134,1.5544217107681721,-1.2859170858046194
0.0937805983956702,1.5550698730246029,-1.4712146196959996
0.0934112096012269,1.5554289018082288,-1.6563191501852872
0.09377170207696058,1.555595969268293,-1.8670888367509249
0.09428909495439564,1.5554917754004487,-2.0719926132434265
0.09469069763631112,1.5559487226105022,-2.23087671658085
0.094585925906583,1.5565916174574574,-2.4287044030685387
0.09500129071203697,1.5565503979894595,-2.6360485954600237
0.09560579715438647,1.5563458880808787,-2.8353438952154937
0.09608633153684656,1.556234881711713,-3.0276562572595
0.0963908502088272,1.5566423397682616,3.0614149939763458
0.09682144704099845,1.5571665682485596,2.8632800258451994
0.096936486097856,1.5565759540474409,2.6439464837891045
0.09711447587898378,1.5562097986018983,2.4382854001171372
0.09698578071333241,1.5555035416997884,2.228778690592129
0.09653210532099794,1.5547933905794704,2.014208223857777
0.09644201205303835,1.5545273707245701,1.8118953986045312
0.09627887459325077,1.554164020891002,1.6072781534021678
0.09586041385472573,1.5539679672781095,1.4383993150624723
0.09569446824372514,1.5535589653070847,1.2188543632726525
0.09532109257368702,1.5532762105202647,0.999654620977602
0.09453073093425154,1.5534219851221627,0.8240335068655411
0.09392498771048477,1.5535172482558475,0.61205252385659
0.09337291870339355,1.5537638162961438,0.40869981819764845
0.09331027040447455,1.5531713337547064,0.21235180074071855
0.09288284716660343,1.5531571377281146,0.02273013019695288
0.09248495971280621,1.5530938435007446,-0.17779937870105778
0.09236803060611841,1.5532545106343132,-0.3687930857354297
0.09237696773495994,1.554241463473798,-0.5688325781903694
0.09231034743999307,1.5547346561289808,-0.7632450256992127
0.09273794154505191,1.5555597047925,-0.9580132989330291
0.09237956487721707,1.5557352814958938,-1.1387665422943363
0.09268900217781631,1.5560635452385,-1.3361229732069981
0.09308322571704078,1.556439926085719,-1.5477866415123058
0.09322745837490976,1.5567656217419241,-1.7324702556489946
0.09304319620685529,1.5569696102693436,-1.9342268669818952
0.09355474725838019,1.557244637616796,-2.14267329635865
0.09402490583005661,1.557353182054201,-2.360116455577924
0.09474979119444216,1.5570927425007621,-2.5669321859233976
0.09481247903942601,1.5577163443380881,-2.762888193542747
0.09542091672488257,1.557393902212089,-2.966478569916666
0.09563988211497089,1.5575093356902538,3.1231524981182033
0.09600355886649209,1.5574043520019012,2.9242099618900133
0.09624446898487156,1.557353327175269,2.7154246309928065
0.0962442009482974,1.5565098035320624,2.514057359416719
0.09602156276384308,1.555793349455986,2.3218181950795627
0.09607561980413849,1.555387274619606,2.102536407603559
0.0969976356968732,1.5555314846117048,1.9156251782823237
0.09647011672121096,1.5549943791235583,1.7335316399274467
0.09691157660430993,1.55473827808973,1.5312282094393954
0.0970675905493019,1.554337054454551,1.3358314383595515
0.09718739597410735,1.5540052364219188,1.1227266030448981
0.09691486611745463,1.5534178729814827,0.9372041533576009
0.09692139574199317,1.5528973691423136,0.7472251890880911
0.09585074743044096,1.5538495588949446,0.5574032332569365
0.09572984517633028,1.5533267233594927,0.3721676551186572
0.0953013053543291,1.553179546346272,0.17712078586973498
0.09493116571122961,1.5530187710686167,-0.013526647027981802
0.09452246007917894,1.5529636025058124,-0.21582340206253947
0.09408276406295076,1.5530527983938225,-0.4139216999504363
