0.595659165334234,0.4773964928160495,1.6222159522585253
0.5953579538845867,0.4774407279100199,1.5840578157133978
0.5950508876515062,0.4774278519908164,1.580461240017256
0.5945521530814651,0.47740226550655485,1.5759247727511354
0.5940140495395526,0.4773380287393434,1.558918211207286
0.5940336644234274,0.47732686586953577,1.5587307909816466
0.5939704039973163,0.47732513828984696,1.5572368126550085
0.5939011221773691,0.4773132738601829,1.5539439794088987
0.5938825494338963,0.47730860607843556,1.5531646858547443
0.5938781324099633,0.47730720706984503,1.5532530894839534
0.5938768067600234,0.4773061394589549,1.553026602678807
0.5938762520084644,0.4773054997735361,1.5529090305401885
0.5938758669822902,0.47730505898444003,1.5528419185715394
0.5938754996594083,0.477304708473788,1.5527975090171295
0.593875122400902,0.4773043983487497,1.5527632874650372
0.5938747356434303,0.47730410599919726,1.5527336460703751
0.5938743435743987,0.477303821197115,1.552706067190762
0.5938739493121354,0.4773035393210697,1.5526794193206706
0.5938735546420907,0.47730325828411874,1.552653193568575
0.5938731604878178,0.47730297714380343,1.5526271609733697
0.5938727673045054,0.47730269547409293,1.5526012185150322
0.593872375311835,0.4773024130818695,1.552575319859926
0.5938719846158977,0.4773021298790257,1.5525494441966226
0.5938715952693149,0.4773018458247881,1.5525235822069687
0.593871207299914,0.4773015608997175,1.5524977297493268
0.5938708207241374,0.47730127509399023,1.5524718850137715
0.593869819360711,0.4772957870418154,1.5492454103496534
0.5938708646457276,0.47729450544451296,1.5490110060138353
0.5938714372654282,0.4772937085738704,1.5488984494493203
0.5938716975232547,0.4772931240367867,1.5488362799058961
0.593871794005474,0.4772926350182998,1.5487967608589972
0.5935941028526414,0.4769618217704676,1.3554370117617753
0.5932479192505687,0.4761478210449901,1.158823735866405
0.5926702352723012,0.4760947416758572,0.9710394801825828
0.5924963174494017,0.4757775965441756,0.7675727532372346
0.5915855020314317,0.47635942604128073,0.568377040899304
0.5910715588710125,0.47639745305368597,0.3660590685496302
0.5906382975536887,0.4764880091390387,0.16424325009989518
0.5902804136488118,0.4766067203071803,-0.03463285261996136
0.5899978526003606,0.47656624971973555,-0.24299399282972264
0.589550850880813,0.4762628172555439,-0.4282613054046383
0.5891428591047857,0.47651928317503645,-0.6103184475965119
0.5879126606715057,0.47588019798352627,-0.7605937012072171
0.5877288590013523,0.4762979391133223,-0.9558818030299017
0.5879032702243926,0.476832523057314,-1.1608111833827712
0.5880193180129506,0.4770206038891255,-1.3576069931019605
0.587782160892163,0.4773024975837055,-1.5484128326227589
0.5878090665347998,0.47762969198871835,-1.7530564689620902
0.5882182228055233,0.477896803687951,-1.956783124542742
0.5883352687633197,0.47819734166602174,-2.15291040002166
0.5886929608630493,0.478496524836253,-2.3514967123931383
0.5887680074271496,0.478887647138003,-2.5437413743364052
0.5891341465990518,0.478836791846978,-2.733116311482912
0.5891103126737643,0.47922009812398925,-2.931547097526318
0.5896114015938998,0.4793078960029634,-3.1318928129554777
0.5899980141746383,0.47958882189921687,2.965218945938569
0.5901693029849139,0.4790262251746826,2.7605373937030415
0.5904255745156712,0.4789998429000329,2.5590367756113834
0.590378638763608,0.4783638267181826,2.3599179597341444
0.5907180190464789,0.47824763680860444,2.155764327872237
0.591024871059439,0.4782128537360302,1.97467304229413
0.5913098585218692,0.47810667513022787,1.7713365677002801
0.5917381267669498,0.4778552325958869,1.574735568266261
0.5916605619741254,0.47755700546005975,1.3733202130865778
0.5905674203719459,0.4777654387680909,1.1810504726026438
0.5902454514967089,0.4772799133106142,1.0003537342467919
0.5900119861781566,0.4768746127964539,0.8182632664542904
0.5891547556404149,0.477465239464009,0.6322252445717823
0.5887826254337462,0.477597781554957,0.43352766441887847
0.5880573353800193,0.4782644497656933,0.21494984417014648
0.5879135185165854,0.47784060260512556,0.023050449403895768
0.5874827220556649,0.4775906797653873,-0.18714951747806063
0.5872116943419852,0.4779693204945912,-0.40069208840561704
0.5871751328101762,0.4788505986369581,-0.6266643066158694
0.5869134279910434,0.47926820960469907,-0.8534840413831106
0.5872699118969711,0.48007129096631934,-1.0509820373523708
0.5875508216347243,0.48056323979819515,-1.2523504205039306
0.5883486740342451,0.48133238987021854,-1.4423957406515977
0.588224055736171,0.48175746599597363,-1.6221888395271573
0.5886267260941282,0.4823272697036994,-1.8134444057194352
0.588544095046664,0.48248659695284235,-2.021081715937757
0.58963304202011,0.4822059606008273,-2.2407856932033954
0.5898742048417459,0.4825673513324706,-2.454595839755649
0.5907904880936117,0.48172179221251277,-2.634732835330585
0.5908017703577109,0.48209401159287985,-2.8319975131669763
0.5912592922738463,0.48226562321889854,-3.038395479627525
0.5916348417224803,0.4822948585767128,3.0399328348471837
0.5920367639630867,0.48241235258835186,2.824815569401241
0.5922524414264477,0.4817833168269305,2.615853193467335
0.5927531912392605,0.48169854118806704,2.435494972388673
0.5931398846230784,0.4815725588567225,2.2818568057903943
0.592665137257487,0.4808861039270788,2.0902056403965212
0.5923688558242511,0.479817142507677,1.8943946052329266
0.5923930693383394,0.47935848795142605,1.6846280976603578
0.5929197977819136,0.47901613422897193,1.4823882396039194
0.5927611969429719,0.47841296656913324,1.2632476464353468
0.593055868953908,0.47777680200796924,1.0660476852896266
0.5922436149467429,0.47773765238884075,0.8684241705221646
0.592207876761002,0.4770727772506684,0.6445283604843748
0.5919377516986245,0.476839497337064,0.44484146313151784
0.5917737085554755,0.4764370643442488,0.25219178998694164
0.5911071601545618,0.4767656330878496,0.04982341939370168
0.5906997180223177,0.4767582975551494,-0.13990144424851547
0.5905226659531797,0.47749616053892063,-0.34810720719230775
0.5906604581159247,0.478277509630125,-0.5598170981548695
0.5905769818772021,0.47874676036054203,-0.7564089202821906
0.5909406984082856,0.47955454321130764,-0.9798032822561283
0.5908094238131584,0.480037759599443,-1.2069631651144335
0.5920518531802734,0.4806327037129097,-1.4076921849671453
0.591823350640535,0.4808687729752218,-1.5994020595225196
0.5914702281861315,0.48131050822452814,-1.7953219769657927
0.5919880995372858,0.48167602255412384,-1.986836828888884
0.592160006000095,0.48201650651161965,-2.192075107298322
0.5921727240386191,0.48234835162296574,-2.3522734008360935
0.5925188722365144,0.48263321761377975,-2.5446268704091164
0.5933778717902081,0.4823580407750948,-2.744108797057418
0.5939807258528934,0.48195727708508,-2.938256514964021
0.5943428947797026,0.4816724293085006,-3.1345073774441947
0.5947322948769042,0.48194564898171577,2.9590073725966657
0.5950176226166896,0.4813717861289672,2.7614014909196896
0.5952451465110393,0.48119201456427685,2.5589882249425577
0.5952499384788832,0.4805400106587484,2.3515496269832337
0.5952130950868071,0.4800436215062728,2.154719788399699
0.5947054614528281,0.47948495790532136,1.9644212417487794
0.5942126856471687,0.47880570827744096,1.7833895421405739
0.5939980557860317,0.4783912734263451,1.584600494538309
0.593530093427654,0.4780356235630686,1.3776917514192444
0.5936802364613866,0.47757720621965305,1.1665188765233783
0.5931485487224835,0.4772825956684295,0.9572799838613427
0.5928583957853215,0.4769824205076234,0.763727510684053
0.5923076540922755,0.476963062250034,0.5495336436164068
0.5917020938091273,0.4767706885692793,0.3490311243784652
0.5910573953258668,0.4764871668846695,0.14130471825651306
0.5906319237230102,0.4767388961011469,-0.0617651499518162
0.5902265941068956,0.4766955979615763,-0.2796619564612056
0.5898533232390123,0.4770550427457087,-0.5014215255336566
0.5897772616617837,0.4774437535847518,-0.6967437751908431
0.5898311891630322,0.47820789400309865,-0.904372123116806
0.5897698673794424,0.4784764845029039,-1.0898445361494653
0.5893796816993869,0.4783880985297682,-1.2851513934861274
0.5890959143100816,0.4784385501576221,-1.477963762066789
0.5886084258677574,0.47870930736117523,-1.6568237508850705
0.5887474600827483,0.47885559999235955,-1.8660476199240585
0.5895339050630488,0.47884971811053,-2.0989657086637155
0.5900545246929243,0.4791194899647075,-2.3219706638574076
0.5901806578008465,0.4795275790031646,-2.5050547565537418
0.5907325169832901,0.4793799802232476,-2.676562213087481
0.5912206936459342,0.4788129244786765,-2.8728851768117525
0.5914824788529336,0.4786434451279247,-3.0698811604417453
0.5919469757840993,0.47886457030844665,3.0192256799235224
0.5922153358474063,0.4784832825132859,2.7971317729160043
0.5925585639604304,0.47801074161790696,2.5895064059533506
0.5923992354255665,0.47706295174936125,2.380810591346053
0.5925662230073082,0.4766819073371725,2.1882626436707686
0.5926976324286077,0.4760139855978729,1.9678208091764828
0.5926578048839853,0.47557456311505025,1.788914805777148
0.5925175428726702,0.47514683097414667,1.5898177028180305
0.5927788836948059,0.47478138364472305,1.393208437717721
0.5923980100363516,0.4748795929536776,1.1803870565104644
0.5921385844073563,0.47457750062127124,1.001600594281946
0.5914389685789213,0.47458275532547195,0.7919927034106042
0.5913255978872826,0.4741396184802861,0.5890096274755776
0.5910980223104263,0.4741209829108746,0.40010253171778976
0.5906451875118728,0.4742419310235175,0.200670969457232
0.5902279186055549,0.47429101706375454,0.0012924315247745636
0.5896221542031631,0.47406753755147657,-0.21184006757755794
0.5895054229039832,0.47482506678821607,-0.41397460904062827
0.5896093720118051,0.47561370311182544,-0.621016643258605
0.590027696743001,0.4765668034895955,-0.8162887308729599
0.5897142057067881,0.4769590804599254,-1.0507758837486976
0.5900316645447602,0.47811333739554257,-1.2386015545874853
0.5894160905328221,0.47808682142112285,-1.4395367871876097
0.5891750024607895,0.4784874333184876,-1.6351971954225362
0.5892078930616227,0.4787706067503723,-1.8508338231735733
0.589682284064286,0.4790837709623176,-2.043907301641042
0.5903299488855208,0.47906400592057446,-2.2424725658129288
0.5906240432783421,0.4793427234023724,-2.450859597826665
0.5909621343218648,0.47954500006558787,-2.6192475092961964
0.5914121878924576,0.47959584162387475,-2.8347375355481725
0.5918548787779058,0.4793782026477539,-3.0394336943706017
0.5921996968905878,0.47937003076909357,3.0402109963141872
0.5929302692503586,0.4794368763233173,2.8274177135702434
0.5936438837299931,0.4795579313847434,2.628127609572389
0.5939499075518792,0.4792008255144843,2.4278364065790066
0.5941563705316293,0.47887606994397747,2.2603890988903586
0.594446984291478,0.47854255712144617,2.0462268974023416
0.5943743783975037,0.4783142736055254,1.834811847144334
0.5945863054257154,0.4777623498002724,1.6359912289649376
0.5948900991031824,0.4774305037275689,1.437948660100273
0.594894456835592,0.47696187769534043,1.2230146955776509
0.5944497779714625,0.4769519584316502,1.0373074505811901
0.5936660799559195,0.47704539763714643,0.8511222059256255
0.5930945518711471,0.47730323398052005,0.6614899316954425
0.5930946104331987,0.47668145861034034,0.4580777727972016
0.593011724445527,0.47683242639299395,0.26555237171840895
0.5924715243980896,0.4768410295793428,0.0659580790545326
0.5922202440825779,0.47731563964396595,-0.12402459051557564
0.5920280058761691,0.47786939060212263,-0.32017678204053085
0.5918367577001257,0.4785089356839071,-0.5296813008924539
0.5916413216369969,0.47892904939816316,-0.7161416715658674
0.5919718175982004,0.4797319256962761,-0.9178229752940436
