1.3008980578852525,-0.5306113546158295,1.618905027891234
1.3007294228856,-0.5305599419360233,1.5985560456557408
1.3007723720372506,-0.5305498205020966,1.5981761468642237
1.3008158186546719,-0.5305437683640748,1.598025314358614
1.3008434481775866,-0.5305412670130475,1.5975344616026188
1.3008651015368027,-0.530540194597591,1.5969458321326244
1.30088538415779,-0.5305397603191341,1.5963047032028335
1.3009188070299276,-0.5305400085590775,1.5952730963740778
1.3009495048452624,-0.5305405778910007,1.594234459165629
1.3009392990672082,-0.5305401308603176,1.5948504569433328
1.3009210677902123,-0.5305394434545961,1.5953587343973628
1.3009444376712738,-0.5305395713661523,1.594251734227262
1.3009362440761654,-0.5305387075456135,1.5949134967709229
1.3009188277588506,-0.5305378658967393,1.595433397145536
1.3009425636071414,-0.530537926997806,1.594328274444201
1.300934545825201,-0.530537036034442,1.5949888644308174
1.3009172914161418,-0.5305361878447544,1.5955047781919818
1.300941167609015,-0.5305362401479791,1.5943961432732394
1.3009332513825314,-0.5305353462461585,1.5950533371098687
1.3009161175228738,-0.53053449979736,1.5955650276932007
1.3009401163131884,-0.5305345475264207,1.594452942867889
1.3009322970798616,-0.5305336531497881,1.5951066181535365
1.3009152690021846,-0.5305328086678867,1.5956144916232613
1.3009393813167456,-0.5305328533001826,1.5944991168963263
1.300931659908482,-0.53053195934902,1.5951492714909594
1.300914725556281,-0.5305311166014631,1.5956537279779028
1.3006788806348826,-0.5305253286245979,1.6052508389933402
1.3006772026546323,-0.5305193741449111,1.6066835732122384
1.3006859177874095,-0.5305156253356839,1.606987241639561
1.300691151545089,-0.5305127047515744,1.607099465829616
1.3006952994550778,-0.530510124464666,1.6071300911307191
1.300699090384489,-0.5305076883491413,1.6071258477563426
1.300346678518791,-0.530579559591514,1.4429980524367594
1.2998559376877101,-0.5307757684130096,1.228494444878162
1.2987719138445093,-0.5306172498352669,1.0008775363984357
1.2983113736144034,-0.5308854500632718,0.7975391257937589
1.2978300434478578,-0.5310731631494614,0.5980305865831718
1.2970681938193034,-0.5307663661809077,0.4020305469071959
1.2966852219708755,-0.5307561679712024,0.21630791468027044
1.296245971779654,-0.5303295168408408,0.01629346875276366
1.2958038264241316,-0.5307388860727019,-0.2000161903692383
1.2953966621002786,-0.5306517781444324,-0.4303716332594773
1.295929408739547,-0.529228016041415,-0.6112292168004986
1.2957909332552888,-0.528669394185256,-0.8151308263915912
1.2958741590007177,-0.5281929869472225,-1.0160149505374245
1.2961004112254861,-0.5278053928911316,-1.2115733633568853
1.2960046522601099,-0.5276002594775878,-1.39607892132646
1.2961082060529399,-0.5272557350922902,-1.5934095554180778
1.2957249616992024,-0.5269976082699385,-1.7939231585827176
1.2952536441832747,-0.526399202777184,-1.9898951982088293
1.2955528659642173,-0.5263524325635651,-2.189602725490068
1.2958546231315076,-0.5261564050707532,-2.383718203956363
1.2967413789593596,-0.5267168109246276,-2.559516709272003
1.2973231123900597,-0.5268614753026647,-2.769604229546866
1.2977951241532428,-0.52709379289346,-2.9852223831873475
1.2981419394303921,-0.5273649143256671,3.1020269301072085
1.2987484005635501,-0.5273161991802311,2.8856908547443125
1.2991817355810589,-0.527717161581427,2.686859183676006
1.2997704991916048,-0.5275245905582503,2.506055885454402
1.2998321790977219,-0.5281087238300247,2.31808345280455
1.299263907868836,-0.5290021932309409,2.097348813382784
1.2990904944512434,-0.5297439189051711,1.896033716113425
1.2982379842977527,-0.5304274109749957,1.6802705625351135
1.2983765628389339,-0.5307717140700028,1.5001796962589926
1.2980621346454302,-0.5308587849709583,1.2985871709559667
1.2972293381371802,-0.53121416905692,1.1030406514608295
1.2971561874826572,-0.5316990256179144,0.9195708303212561
1.2965155752315283,-0.5316361667168855,0.7282462541766048
1.2960751058191953,-0.5315780637617233,0.5587030173394214
1.2956388264720549,-0.5312815401333907,0.37824107900868126
1.2952148243860633,-0.5311638582042104,0.1822819002427375
1.2948566673722048,-0.5310827214681345,-0.020268183868602335
1.2944521119405046,-0.5307965438439696,-0.2285244602964721
1.2936078285283112,-0.5305264461362078,-0.4172426668455492
1.2936129796441669,-0.5299443358488093,-0.6288427048726845
1.2934054781031643,-0.5294949969050906,-0.8478816478842652
1.2931691112133565,-0.5291170434087427,-1.0801521627797415
1.2928781503485365,-0.5283279791031438,-1.2756879629082147
1.2931446160227507,-0.5274939899507076,-1.470655420630917
1.293096068288096,-0.5270962044011712,-1.6761537303441247
1.2929029225495263,-0.526617253681317,-1.8834704596194383
1.293398755102523,-0.5264850309726931,-2.0977847630680344
1.293787577653765,-0.5260706279169575,-2.299705156164785
1.2942317659590217,-0.5260306239617067,-2.5066989247417104
1.2943367411430118,-0.5258735071016004,-2.6876302867021256
1.2948871698262316,-0.5260127233527683,-2.8781939176635754
1.295587207093416,-0.5260032209415263,-3.075815367717408
1.2959803386498212,-0.5266454799122282,3.0118911987987373
1.2965762767849827,-0.5263825545856988,2.7982427391601963
1.2970999154378149,-0.5261746623326243,2.586611402676264
1.2974492469775787,-0.5261865754234331,2.379768823086052
1.297371131016132,-0.5266533932590031,2.19231415551664
1.297921805704998,-0.5266874242161658,2.0125386774477763
1.297430836594203,-0.5272211785341112,1.852340994774286
1.2972302153072186,-0.5274851755996282,1.6542408567101206
1.2976960524910996,-0.5278551918507435,1.448238506819506
1.297931182931632,-0.5285775829505642,1.2377754528525455
1.2978630475456676,-0.5290245077373669,1.0363285816177576
1.2979392822531002,-0.5294833275444439,0.8539578748733823
1.2970763119904234,-0.5290967186340708,0.659606892684615
1.2964726782265785,-0.528455043551116,0.4715752628479023
1.2961980709288843,-0.5285178985730662,0.27557263437505203
1.2958267929495486,-0.5281822098058403,0.07505090368185112
1.2955811170349865,-0.5282558304658328,-0.13005018948558403
1.2952858396328928,-0.5274857020388529,-0.3318525980002845
1.295124278815854,-0.5274090226744446,-0.5458695637073719
1.2953725213799652,-0.5265645286871057,-0.7490483016381773
1.2955121340764497,-0.5261576614778686,-0.9449824485639629
1.2954039186017798,-0.5260953899115683,-1.1464087607599165
1.2948640144739112,-0.5260132747861099,-1.351403274814724
1.2942367716440224,-0.5258696456436939,-1.537172060655559
1.2941162908301902,-0.525499353675023,-1.740767347421061
1.295280841851108,-0.5254916496419713,-1.926035582907653
1.295732574099157,-0.5252902442170647,-2.1469596293116444
1.2965470805817738,-0.5252693679709166,-2.3338851618630256
1.2970940530594237,-0.5253961342499116,-2.5293226226025807
1.2973713422660316,-0.5252459297949362,-2.716179429695422
1.2977890589113448,-0.5250891126887052,-2.933171108013335
1.2982928854032019,-0.5251720552907247,-3.13578421906573
1.2986170070549632,-0.5251585707269051,2.9431785366760552
1.2987325013852151,-0.5259457763636103,2.754263294767417
1.2985621152499367,-0.5268564719738565,2.550775951357385
1.2983298894390183,-0.5276951454771441,2.3544575699365744
1.2977676296943634,-0.5284767005733416,2.1691119142973783
1.2980848163559062,-0.5289025050559876,1.9473509188643277
1.2979082275706577,-0.5295062434451043,1.7446950417329856
1.2979210882100332,-0.5300190957651203,1.5465367630582334
1.2983154064268516,-0.5304903121401251,1.339039407033424
1.2979325364560315,-0.5308065449548555,1.1387962066417265
1.297302953786097,-0.5307492403551286,0.9335978816822462
1.2967460289675803,-0.5305030564226826,0.7589662558857586
1.296056502777442,-0.5300532148774272,0.5745398857197599
1.2955374866018319,-0.5299421357159794,0.37032425027754684
1.295290198789444,-0.5299859084057946,0.17900086026085188
1.2950195544069782,-0.5300910319782882,-0.009763420323190114
1.2947762450600366,-0.5305742465759792,-0.20806648336022784
1.2946463445082879,-0.5304587179139549,-0.3946853338714146
1.2946121167283802,-0.5297425062813896,-0.6216201077877754
1.2946979047265068,-0.5291214757313314,-0.8224784165480382
1.295181318939082,-0.5283869708120376,-1.0258266504754179
1.2955158299020697,-0.5279568643013595,-1.2106692404649129
1.2954397450383812,-0.5279227398112633,-1.392769988557386
1.295185386987103,-0.5275370873738539,-1.5896342723651429
1.2955101392300064,-0.5271866859674804,-1.7824852245396436
1.2958515393345138,-0.526578401067356,-2.017517530131314
1.2954324207844448,-0.525818822838458,-2.209209865737616
1.2953773339248364,-0.5252655365853542,-2.4140924473221177
1.2960377073734104,-0.5255378389414819,-2.5774734536147905
1.2968794643364585,-0.5261560838953345,-2.7943955614516267
1.2972019517326838,-0.5262642259067687,-3.0067825118332654
1.2976309019045686,-0.5263471149905254,3.074661878585881
1.2978434943569468,-0.5254941703262108,2.8817767475496656
1.2984164392778468,-0.5252754868292759,2.694404289867177
1.2985330481341169,-0.5256267033771518,2.4960942279309526
1.2985037950527243,-0.5261283459304568,2.3182216170120196
1.298221132825318,-0.5268200859743062,2.1099651656013605
1.298008058819459,-0.527118618064441,1.906762483683473
1.2975964793520247,-0.5278130723100556,1.7120339894690126
1.2978035960010736,-0.528116645582659,1.5271408538629945
1.2974530825984618,-0.5284079795991863,1.3242069578818916
1.2972188872319452,-0.5287811727160839,1.0968943298434086
1.297288757325813,-0.5292177238660726,0.891930679104561
1.2971337523638735,-0.5295836727878307,0.6854237842982543
1.2963066488394301,-0.5289769117371158,0.5014220965499829
1.295696322946565,-0.5295047793472876,0.3269345980307106
1.2951774948080086,-0.5294100029051149,0.12289467975133986
1.2945936487897838,-0.5289843168373233,-0.06835375210272104
1.2940910062902313,-0.5288648581666499,-0.26109259161755355
1.293872119420918,-0.528624139250624,-0.4630330677221084
1.2938151508896294,-0.5283253551447314,-0.6456847243457285
1.294398436715263,-0.5272924916353301,-0.827205265975867
1.2941464955764557,-0.5271842875122109,-0.9887005204358266
1.294374088615372,-0.5266931210240021,-1.1996232477142712
1.2946056855120103,-0.5258376121109484,-1.3941366924312164
1.2948150588845386,-0.5254185081684561,-1.590703546847318
1.294641515156338,-0.5250655991343273,-1.7924307425459165
1.2948151178856127,-0.5244959936007458,-2.019047259895148
1.2951953113259984,-0.524322042862334,-2.2218714526382395
1.2958615717030353,-0.5245129935010648,-2.402412711958064
1.296883199019644,-0.5254356823607819,-2.595570942946685
1.297716004228748,-0.526088422659105,-2.7923373136536176
1.2982348380689828,-0.5261179795266633,-2.990327077045337
1.2986468568467382,-0.526303911063431,3.0868059253462508
1.299230207112057,-0.5259059920558824,2.8846434342560667
1.2992511887775053,-0.5265156271559809,2.6687740271215437
1.2995432957735484,-0.5268638319609853,2.4784132248421455
1.2995612674969703,-0.52746974816365,2.2574563166279207
1.2996514981325982,-0.5279141643432477,2.0680004644240157
1.2999505040680808,-0.5281176614606006,1.8942720746921908
1.2991238324793404,-0.5285727685593574,1.7071235443335038
1.2996684173574808,-0.528772624427337,1.5199114378426377
1.300235683785215,-0.5293933516035348,1.3027906159851006
1.3003018207827013,-0.5295548310860919,1.1013844630734166
1.299629476878001,-0.529768846093906,0.9268763537841186
1.2987487122248567,-0.5294589780066212,0.7132039939615694
1.2982477214710277,-0.5293762995828154,0.5164061125762643
1.2978349949830628,-0.5288506714636834,0.3311674913482411
1.297224516104674,-0.5282459323600666,0.1394349963379448
1.296807881901184,-0.5287834634353656,-0.04890929004077553
1.296382572047434,-0.528529522747014,-0.2508353972965734
1.2960629526328147,-0.528725112965842,-0.45877106044019517
