2.0228807912068447,0.6111278606675504,1.6124810441717459
2.022900591338042,0.61111874724796,1.598821324240387
2.0229047076784576,0.611118982191661,1.602592603922568
2.0229090313366584,0.6111185669043825,1.6030070663776974
2.0229259933063513,0.6111188365218557,1.6029923557904278
2.022947679382725,0.6111190811346568,1.6025959700057322
2.022970174969933,0.6111192555073431,1.6020551330734547
2.0229900997167447,0.6111198983211897,1.6019916885862138
2.0230124900451396,0.6111200451147943,1.6013933742823572
2.0230337796889133,0.6111201367288047,1.6008021156975092
2.0230541629561394,0.6111201991642052,1.6002279875103285
2.0230737526397182,0.6111202442467223,1.5996741783202943
2.0230926231113715,0.6111202776496466,1.5991412325223626
2.0231108290598443,0.6111203022941143,1.5986286525533644
2.023125947449987,0.6111209324804925,1.5987575780447967
2.0231465226169743,0.6111204035640374,1.597654359978418
2.0231602198271257,0.6111209889178575,1.597811115761738
2.0231771126745404,0.6111210437133602,1.5973609547732268
2.0231932505170613,0.6111210696965977,1.5969217807829903
2.0232088026160127,0.6111210818389942,1.5964962959225084
2.023223850555161,0.6111210862907304,1.5960849271821649
2.023238441148964,0.6111210857671319,1.5956874042173674
2.02325260607907,0.61112108157145,1.5953032081453222
2.023266370009828,0.611121074415998,1.5949317484655827
2.023277424359414,0.6111216591587534,1.5951888206048883
2.0232914523289742,0.6111217048663445,1.5948355762630502
2.0232482142756103,0.6107774746551337,1.406143697458917
2.0230048648831014,0.6098617015308915,1.2078788084150973
2.0225917163964295,0.6095553152537623,1.0214495946823487
2.0224303293581807,0.6092619691072854,0.8947262176952809
2.021418741105406,0.6097884803402783,0.7171186223857999
2.0211780342770944,0.6096549918300389,0.505465705664678
2.0206868508144815,0.6096797580834749,0.3103587831725772
2.0203401666141367,0.6094530440002424,0.100687077525122
2.0199605495453494,0.6096456766599431,-0.09919350139228406
2.0196406821488684,0.6095571044795703,-0.30300858986302864
2.01943147645745,0.609854930187602,-0.49248506975421985
2.0196599156116197,0.6106673344263777,-0.6668123327028934
2.0194557926472236,0.6110001255767694,-0.8336656186444527
2.019190320267401,0.611230082941199,-1.0484401558375442
2.0188902806712807,0.6116100887440563,-1.2335972689996682
2.019503801514877,0.6121916371880418,-1.426312467849184
2.018951154896542,0.6124543807732339,-1.6168525268869405
2.0185107418034387,0.6129307421593231,-1.8169547143409066
2.0187872962266105,0.6131833136180409,-2.0435413145534755
2.0187888571901156,0.6136806427674899,-2.246442760176757
2.019503387276617,0.6134908977597154,-2.4336706308409943
2.019880745982525,0.613424708779114,-2.646937969570759
2.020179162889587,0.6135780369175774,-2.818137432767329
2.0206926370781018,0.613390302154931,-3.0375083180635594
2.0210827150125046,0.6130132911345342,3.046706844232314
2.021573688980789,0.6132567371215946,2.838486425837956
2.0219637848862035,0.6131116745842492,2.673392878856179
2.0220998972379123,0.612835865672804,2.487213408224909
2.0225359874715125,0.6127815988226378,2.2762591745657224
2.0223980638174184,0.6121817587932155,2.083534791259087
2.022649644102876,0.6119920299604773,1.9002548520235973
2.0225738333984533,0.6116863754714374,1.6875937427805443
2.022463211532155,0.6113371005925472,1.4843803195364884
2.0229511782932232,0.6108466716537264,1.2681240392945294
2.0223253007839235,0.6105473027264039,1.0663490844603436
2.0221704741719195,0.6100744626175892,0.8625278338405533
2.0208867721882244,0.6109300547163727,0.6621796653372372
2.0207862386432933,0.6103545333030173,0.45243069029068744
2.0207514565697724,0.6102880395043304,0.25958889953866027
2.0208814086402676,0.6098751985682429,0.07499998750330295
2.0205402865879365,0.6092340989311796,-0.11847522265463357
2.0203738541651557,0.609129197099289,-0.32384602688109904
2.0201853748316116,0.6091924341713748,-0.5454610753137682
2.0199961986938115,0.609607259584006,-0.7417503070559229
2.0201531683770386,0.6102435255712728,-0.9545253521645162
2.019547283814678,0.610232906433572,-1.1590637141114555
2.0200074382889626,0.6106946947375288,-1.3337517405080028
2.0199657600142706,0.6108414895510172,-1.5353804237820967
2.0196094027568052,0.6112962165645865,-1.7380186930478936
2.020031711720126,0.6113769878651096,-1.9520759775627243
2.020539921499956,0.6117235251064526,-2.1513784391026305
2.0212111138513587,0.6116463627053853,-2.3476397806874307
2.02150261271127,0.6119628234422186,-2.566696490691552
2.0218423827193037,0.6119952626683577,-2.7647094226671296
2.022328817285031,0.6121598277949815,-2.9774392909861445
2.0226421137381223,0.6118337014212331,3.1088283883291288
2.0231293899835143,0.6118408522742219,2.9141622388526516
2.022990134213366,0.6113454760156005,2.7063287838225047
2.022692315141084,0.6107698837013289,2.509559098451169
2.023344525363336,0.6107682255026176,2.3095671041295542
2.0228732890833974,0.6100289543377243,2.113986436070405
2.02184656396488,0.6091426486289976,1.901085455424509
2.0219458035452,0.6089011460992089,1.7048518647295035
2.021820938532548,0.6084364903984106,1.5089823943362666
2.020944052327357,0.6081685139917961,1.3028218677841297
2.0210260259946775,0.607588445598525,1.0794841227717276
2.020299110041179,0.6075051230673959,0.8888724182966612
2.020005864176446,0.607156716754942,0.6900904203909942
2.019654673907026,0.6071181918710674,0.48247836098589164
2.0196741987217046,0.6064791350640754,0.2903262934408561
2.0195162473904102,0.6061246568504172,0.10792949108528355
2.0191132334078947,0.6058346726032275,-0.09561143003566197
2.0186497566895185,0.6057371716023349,-0.3291990591751642
2.0185703257030676,0.6060610358680246,-0.5315526907461636
2.018152136284297,0.6060408817769287,-0.7287348127751148
2.01832084716964,0.6065944784492249,-0.9019396519015785
2.0187969250646556,0.6073143105295082,-1.1001190679809016
2.019325970777405,0.6077407722763561,-1.2929685493522631
2.0191634869636848,0.6079808828522888,-1.4896171741945745
2.0187999987093606,0.6083315152743367,-1.6877272828440688
2.019223069816906,0.6086345981760937,-1.9069939499410768
2.0197549258558074,0.6088857337302314,-2.135226604924828
2.020560572295641,0.6086833975812436,-2.3213893895637843
2.0210221320404576,0.6088160441502433,-2.550152101078543
2.021787851175364,0.6080960033014275,-2.775758268232552
2.021803149875595,0.6086281885028233,-2.9546706483515073
2.022031294350134,0.608992212518517,3.130994915444277
2.022355645011332,0.6091842892136504,2.944864821379009
2.022915970871807,0.6092424689949455,2.750459278912398
2.022915747954159,0.609064846160068,2.5540331294095
2.022371729368831,0.608014570716393,2.37495351245535
2.0222827378741806,0.6074042510655611,2.173706000016665
2.022505021031505,0.6072461326206338,1.9815676017766213
2.0224809357708105,0.6069659306656926,1.7868352536238512
2.0220600257112125,0.60656793194784,1.5854594058220444
2.022066625473385,0.6061696188688885,1.3970210549284856
2.0217330944242615,0.6057779845523323,1.1668903743653627
2.021370052794595,0.6053985512922383,0.9425856433282436
2.021004662493529,0.6052886383949262,0.7598711426329005
2.02071113601682,0.6052285745577823,0.6003775752418523
2.0206229521587082,0.6047040860039917,0.4061063424443421
2.020185986005123,0.6048532253068535,0.22718125478953613
2.0198283448201435,0.6043554846050699,0.030389183820523493
2.019489622335342,0.6041870383221375,-0.16551077537691355
2.019174275199116,0.6049235570554475,-0.3810115416893714
2.0193984393862934,0.60623816356526,-0.5907187991444975
2.018905137377956,0.6064533921484773,-0.7861300576621256
2.0188466849627047,0.6068667785522572,-0.9795159643585652
2.0193909522618094,0.6076765501114494,-1.1966227007625334
2.0196144285670283,0.6079952464747616,-1.3882054946878128
2.0198267217760115,0.608383712022557,-1.5866561994406616
2.0200383992429534,0.6088382650505767,-1.795515073915159
2.0208000809686153,0.6090898721895994,-1.9970197821458207
2.0214376977475794,0.6093571584949327,-2.1802662994666275
2.0213021158277917,0.6099787931817333,-2.3463721870625043
2.021195543275554,0.610642088451852,-2.538931933534247
2.021557121197926,0.6109165322859818,-2.7475826846907507
2.0216234748279858,0.6108406005802373,-2.9516376412627126
2.0216952573231106,0.6107950322977787,-3.141177998514589
2.0222272094740092,0.6110394296548206,2.9595845846704374
2.0225361513450886,0.6102053257828408,2.7362719708223504
2.022847893974419,0.6098336677281435,2.5289664567711787
2.0227836008722715,0.6092946133006195,2.3206813069138814
2.0234587059381814,0.609090979920541,2.091127519843962
2.0234873758759035,0.608537181954217,1.8869756947293181
2.0235288288346385,0.607760903471321,1.6923528534533427
2.0236447105035307,0.6072586911649027,1.5027298024411053
2.0231445673574773,0.6068184162852917,1.3009708962909012
2.022900312409685,0.6065483205419999,1.0960413847843162
2.022430413954563,0.606475331591456,0.8977163599639205
2.0224662047461597,0.6059275931999407,0.7024496879874017
2.0220120518376414,0.6058799887764702,0.4948448570888562
2.0217724066829477,0.605497187486666,0.2740551436575165
2.0215969683355555,0.604826774567021,0.0728674392434262
2.0211370850547894,0.604890277084339,-0.13560381703700186
2.0208787747499493,0.6051815604540512,-0.3599685012630365
2.0206004937624207,0.6055438855576704,-0.5735072774930674
2.0207544084318187,0.6064567350530629,-0.800796666347685
2.021030359677479,0.6071659195733129,-1.01106486579021
2.0212098974916137,0.607652243926865,-1.216309992525844
2.021007932312578,0.6078963318092176,-1.4034372046807415
2.0211918031270795,0.6082950718125347,-1.600248463580974
2.0206998952394684,0.6089216375297412,-1.803620785456804
2.0205529777445137,0.6094768303309553,-1.991396690187458
2.0205339206525306,0.6100196965751085,-2.1947143096861716
2.020963082569267,0.6100341933963142,-2.371058380536718
2.021625474581411,0.6097499880294069,-2.571850576684463
2.0222662990576725,0.6095366604010127,-2.7750703433347192
2.022498871003896,0.6090517326144391,-2.949358689357826
2.0226833761890735,0.6094039003955898,-3.137168405718282
2.0229610270981326,0.6097996098481709,2.9440233231530524
2.0234302881450756,0.6099624448916909,2.732496256432314
2.0238778510254143,0.6099907747229142,2.528359479595528
2.0242096409335226,0.6098831819826654,2.3288383181078642
2.024830183030786,0.6098428485380235,2.1266491661827085
2.0240868126529565,0.6089279292152479,1.9265635701142665
2.0246219979038718,0.6087585679461153,1.7268433256627298
2.024095696086528,0.6081985275502512,1.5270749953381089
2.0239698190345092,0.6077571051118195,1.3141203709223666
2.023552918870111,0.6076566026556846,1.1119403722980976
2.023379895718875,0.607255163195234,0.8827618308079939
2.0227815050833264,0.6072657603875324,0.674741908175973
2.0215749388060824,0.6085721470588368,0.4964047970063774
2.0215839950224352,0.6082495053410978,0.3041681114317215
2.0211880060739227,0.6081215914400203,0.11690523118383844
2.0207143725949805,0.6086042503852452,-0.0795312881338853
2.0203574806876503,0.6088340647990984,-0.28817886213170346
2.020072174354771,0.6090247904499834,-0.49493988992325066
2.020351399204317,0.6101017750788411,-0.6734746797129966
2.0203810227855925,0.6106806940089199,-0.8930890707765043
2.019624927002685,0.6106491413761362,-1.0694726400716565
2.020084674302823,0.6113545389148823,-1.279097260265926
2.019555636392735,0.6111964715441693,-1.4686227000491074
2.0193377476164582,0.6114891378812473,-1.6509426056256589
2.019205456476917,0.6120300700370893,-1.8628151507376935
