1.6552554209923787,-0.1578720934082438,1.6205320757704733
1.6549445180159652,-0.15778698824894813,1.5866374323322425
1.6547840179924156,-0.1578056829663905,1.5838781945755425
1.654567873476151,-0.15781314755871995,1.584603107195995
1.6541908447334308,-0.15784417503124717,1.5775392609819012
1.6537047190563754,-0.15790398553700993,1.5611551828239183
1.653501759277428,-0.15793814893143626,1.552958502639547
1.6535780571347367,-0.15793076168285616,1.5565450833840706
1.653463214615651,-0.15794751915282537,1.5513319920663016
1.6534313334608253,-0.15795494667550553,1.5497982528477554
1.65342430659199,-0.15795760534829495,1.5495362228472926
1.6534184786773525,-0.15795987724363098,1.548985666369433
1.6534153073877045,-0.15796183817050996,1.5485635164997689
1.6534147726420154,-0.15796296427806014,1.548371223141463
1.6534147518073259,-0.15796372140343692,1.5482743743969989
1.6534147980945175,-0.1579643145368318,1.5482191409773636
1.6534148262160393,-0.15796483523185056,1.548182165928076
1.6534148328599194,-0.15796532429238613,1.5481532454168678
1.6534148269573274,-0.1579657998874175,1.5481278974677677
1.653414815581706,-0.1579662701033884,1.5481041456117488
1.6534148027999507,-0.15796673853839807,1.5480811159049823
1.6534147906947574,-0.15796720679326937,1.5480584212277964
1.6534147802750394,-0.15796767558027597,1.5480358899200297
1.6534147720156969,-0.15796814521645722,1.548013445828441
1.6534147661374903,-0.15796861584306812,1.5479910551786404
1.653414762743239,-0.1579690875231846,1.5479687030136842
1.653416845215715,-0.15797516270424067,1.5443543866598888
1.6534196004919486,-0.15797654322245794,1.5441733895447685
1.6534211142924309,-0.15797751857147774,1.5440881326406881
1.6534221131805633,-0.15797831788409808,1.5440428667319854
1.6534228978993715,-0.15797903768609176,1.5440158759529867
1.6530947423339597,-0.15827146869553077,1.3556761082180633
1.6529034174891073,-0.158576057599258,1.149344515298102
1.6523989722467738,-0.15877474158247962,0.936859519583778
1.6519619674808685,-0.15898061845714134,0.7224178979405064
1.6511450144029587,-0.158585767075278,0.5297710299347063
1.6511933739845384,-0.15916703292499887,0.31421874290659
1.65088207307259,-0.15917486831011277,0.11032925841288822
1.6505407282427769,-0.15889792214372464,-0.08190530861471038
1.649975174075862,-0.15933615232277834,-0.266881253803606
1.6499261318947578,-0.15859466769502426,-0.47683849054507677
1.6499016483755906,-0.157944613639247,-0.7005448368149126
1.6497973909846448,-0.15761027554936302,-0.9096023156673979
1.6496279062197095,-0.15737352594085824,-1.1217153728970772
1.6489502253633048,-0.1573206936761747,-1.314843200617519
1.6492905086990395,-0.15660327965249127,-1.509956360865656
1.6495859724739952,-0.1561640271237104,-1.7176414025424656
1.6493105768331273,-0.15594379121169458,-1.9115486360302
1.6487144951586208,-0.15506146480530153,-2.0800281678641737
1.6484661145586343,-0.15437046206709024,-2.2461835812399547
1.648939426423924,-0.15437876206242446,-2.4426556503801646
1.6491619196736083,-0.1542347986204847,-2.6253681566531766
1.649311307209075,-0.15385062097368746,-2.8359245714493864
1.6492801004281548,-0.1532693630807286,-3.0363732853426804
1.6496008868312018,-0.15301287288771273,3.072331971702799
1.6504143332701438,-0.1528981614784551,2.8654222291736207
1.6508361353794017,-0.15314215282416066,2.6658744468520785
1.6507673389769797,-0.15397347451668214,2.4478934658701594
1.6511290331674204,-0.15423983999185395,2.2073996146332857
1.6515368783641649,-0.15432668666323607,2.0186615858492134
1.6515821287093768,-0.15448921516772418,1.8297660546198493
1.6517237211115292,-0.15489378885769306,1.635622319379146
1.6514249493709368,-0.15533198592999972,1.435689684704395
1.6513496511690748,-0.15563582275708446,1.219833204919714
1.6510089636577685,-0.15592529184068704,1.0039543851145982
1.6507888481243786,-0.15643362507647304,0.8211263606158083
1.649812667815066,-0.15584904333654276,0.6503247868708735
1.649468611934179,-0.1558406662317827,0.4504150154822895
1.649062585385721,-0.15624178283106668,0.2609898940030033
1.648512242423128,-0.1561509179478982,0.0774644176483535
1.6481417245007026,-0.156260704247102,-0.12724522260735052
1.6479017063331411,-0.155947508478665,-0.31778850142005516
1.6476983514152326,-0.15563217653581718,-0.5232742212882888
1.647142852495226,-0.15597377278674207,-0.7093202015013
1.6467803994033035,-0.15569539439215002,-0.9064797841422695
1.6467709438068099,-0.15501658820869538,-1.0996930631845028
1.6465070426874286,-0.15415876429729447,-1.2754627795599716
1.6464666400283867,-0.15363412789590236,-1.460033404643044
1.6467140251688577,-0.15317802502347394,-1.658660062168626
1.6470898896531323,-0.15294618754039724,-1.8787874104174054
1.6467302644570216,-0.15243844442863186,-2.0718624725463832
1.648040786055925,-0.1530740237739785,-2.2414214557048155
1.6488734564075542,-0.15348289188346054,-2.43621299031786
1.6491836628699088,-0.15324141233130167,-2.639859025676239
1.6492633046874123,-0.15277177649003754,-2.8608085374452705
1.649529183066164,-0.15279161493781426,-3.056569379691874
1.6498326701066564,-0.15258029076241475,3.0377281134802145
1.65039082753357,-0.1525647240577116,2.818980393069268
1.6511102792129557,-0.15209129076335307,2.627063938846761
1.6512577645286464,-0.1523921997410604,2.4238066723864335
1.6513794757969278,-0.15281066791015074,2.227883031102065
1.6517116017761864,-0.1531673618184586,2.0057394022380635
1.6513112035754236,-0.15349723162470583,1.8066900014802925
1.6508185885181996,-0.15380539754398972,1.6229053257174169
1.6510895850054852,-0.15408168151371338,1.4437325432075185
1.6513578378783214,-0.15445031986153096,1.2366534755985512
1.6509370008857045,-0.15474243737065824,1.0204677485411067
1.6503838676157097,-0.15488648210702674,0.7930483994034435
1.6499346277743703,-0.15494913083974754,0.6002373083303975
1.6493152496290615,-0.15475395278088813,0.3930349931412103
1.6489416027144337,-0.1540646165825648,0.21063161070195702
1.64847592354885,-0.154243752349814,0.012507446076381028
1.6480987567036993,-0.15383317899025095,-0.19255590585770344
1.6475809644907455,-0.15332797271664372,-0.3971524488308062
1.647089860772767,-0.1532492432029266,-0.5595546697054156
1.6476553337413,-0.15224465060374817,-0.7672081897575793
1.647681591144156,-0.151776373934726,-0.9533517638175818
1.6476239330752775,-0.15174084184655026,-1.1461593626301207
1.6477179519090386,-0.15154882859920715,-1.328785343626045
1.6474105117723676,-0.15119181435995285,-1.5235840783693784
1.6475682702631542,-0.15076613911055423,-1.7181862080138754
1.6477846217741914,-0.15046640845144896,-1.9158632748300983
1.6476491713338066,-0.149662647203071,-2.0968037765958067
1.6478105978015165,-0.14893223618877827,-2.3292470639286846
1.6486440163263971,-0.14926275039688167,-2.5580349250410737
1.6492116097161384,-0.14936235217805327,-2.7697751064458105
1.6495423988913303,-0.15009097239412095,-2.9635910606607405
1.6500903109525653,-0.14992714336460522,3.118424689669961
1.6504864684419969,-0.14973308211330902,2.9094497083533404
1.6507439195574873,-0.1501119077049685,2.692708750034658
1.6504696606270448,-0.15117705582935392,2.483355428138392
1.650836298176665,-0.15140686298406522,2.2742497831315216
1.6505833337585742,-0.15201939338043455,2.105399938746862
1.6505240987794534,-0.152556884980631,1.878697802569398
1.6496482722132968,-0.1538220853915716,1.6861922428590441
1.649430609654905,-0.15413546308444487,1.5041481717082519
1.649026988590253,-0.15471353602662644,1.2975145421682932
1.6482945613762157,-0.15497492357846485,1.0824845523520392
1.6481344585119544,-0.15536154968905388,0.8796408517133524
1.647374648352543,-0.15505101612106023,0.6801022057145805
1.6469307141433651,-0.154968359778521,0.4956935122960108
1.646778689578156,-0.1551427688712048,0.29385538207100653
1.6463308160999863,-0.15494848700655686,0.08388393946952172
1.6459799002630233,-0.15539350013274317,-0.11616402598696549
1.645451684147255,-0.15524737196880414,-0.3144797226738242
1.645223526921279,-0.1551673851625341,-0.4940902822848546
1.6450326365358185,-0.15496253706242563,-0.67951456826823
1.6448177401369142,-0.15458304590339983,-0.8986408719492874
1.6454381160249811,-0.153882273726705,-1.0811344735675557
1.6454789187053922,-0.1533523508803247,-1.2774315785633252
1.6454516057469248,-0.15283928085338244,-1.4578047378084023
1.6455030143548726,-0.1524272319297548,-1.633736229244145
1.6457208764974172,-0.1519893958096627,-1.8444501871710974
1.6469880856243393,-0.15222099444140105,-2.0332254987096303
1.6472323372366817,-0.15198507201553466,-2.2369954112810944
1.6475182767106162,-0.15171908261293474,-2.422586581193759
1.647663687060747,-0.15126877700096567,-2.645216345615339
1.6481223317087048,-0.1513262855975175,-2.841342714534685
1.648166253213103,-0.1508935986142126,-3.036422828779798
1.6484570552917672,-0.1504987363377882,3.039622164691629
1.6489736429930943,-0.15032846982424183,2.83259526517676
1.6493789722066658,-0.15100479587645238,2.607190918924525
1.649678312768046,-0.1511938983129533,2.421950424871143
1.6501795622835562,-0.151134166294523,2.247152375791841
1.6503033157994083,-0.15141325002741873,2.037573484435266
1.6504229545146334,-0.15148761748587422,1.8257072268309154
1.6500845772976425,-0.151908218092317,1.625215129278473
1.6504789675507339,-0.1522707831274686,1.4242198425890267
1.6506869289789314,-0.15271425172027972,1.2236597814195864
1.6507786677815726,-0.15322045937268444,1.0266845369301405
1.6503809873401205,-0.15317546006031232,0.8187238359619211
1.6497667514281642,-0.15307637429563703,0.613635435029979
1.6494542313216989,-0.15320043838282504,0.42097774832348483
1.649049997449683,-0.1532738390129436,0.20497413696572436
1.6486985562871086,-0.15336597636920368,-0.0068205293691554056
1.64841457149216,-0.15359990725927417,-0.1838459252596599
1.6479982496423615,-0.1531017258705091,-0.3761297140571425
1.6478335533387847,-0.1523550371323878,-0.5739738448178624
1.6473615156617218,-0.1520332660690702,-0.7987674427711765
1.6484708649267936,-0.15066690586066042,-0.9772433919059351
1.6476911940020853,-0.15063169950346084,-1.1777936703237464
1.647945177592241,-0.15008416053658785,-1.3708844143443206
1.647985171595456,-0.149890322071666,-1.5583484339485811
1.6478497663366336,-0.1497128570905804,-1.7513482333887034
1.6476197546636313,-0.1491884238015125,-1.9572739335237026
1.6474783826759527,-0.14865083849081376,-2.1520223262211373
1.6477438565598275,-0.14832077476956457,-2.3286436511669937
1.6478853277081118,-0.14807266006332087,-2.511173270984849
1.6479216719431862,-0.14773721700245296,-2.707592542283984
1.6479736061999894,-0.14725911885476173,-2.905830534754277
1.6482566589353613,-0.14687525572225824,-3.089166427403795
1.6485394334440266,-0.14644005013724995,3.0081020549781115
1.6487533876030656,-0.14710669471525886,2.805050320097468
1.6489612660688806,-0.1479864858680322,2.618973500550858
1.6490595406439297,-0.14807133914151688,2.4570044172438865
1.6486848861751644,-0.1490002346449855,2.2632737291399345
1.649141673963928,-0.14904302440406716,2.0546638397219925
1.6498991651430828,-0.14897637710394823,1.855669926300304
1.650167022051088,-0.14926959251230001,1.668815696292444
1.6503809391488824,-0.14960912381286398,1.4831055044928898
1.6504525995893287,-0.1500669597214796,1.281801229711597
1.6497194137378706,-0.15001576073956824,1.0752916895846376
1.648634900253389,-0.14993370857614027,0.8673293457729301
1.648232317911972,-0.1501414049099888,0.6427081830061555
1.647868920392885,-0.1501495752128335,0.4246068113067127
1.6476045943803106,-0.15023970484548352,0.2294840375925792
1.6472351332035737,-0.15063021291371775,0.017444976727424122
1.646848722493253,-0.15000719190179548,-0.18919684513514498
1.6466637386934722,-0.14956475107331574,-0.4012057010551325
1.6459943682302114,-0.14958848280512857,-0.5906326776127336
1.6453681056870524,-0.14956339134885524,-0.8068785871653774
