-0.9699022842122573,-0.15924743421509707,1.6223034598030492
-0.9698645254086052,-0.15921779749284418,1.5753820830014553
-0.9700037451454335,-0.15919527627175692,1.5793160465862157
-0.9699332806034373,-0.1591923523559427,1.5779287876935113
-0.9698874749660159,-0.15919049924747727,1.5782127505323704
-0.9698050566381055,-0.1591869926713839,1.5807057956155044
-0.969553961037249,-0.15917533529003808,1.5898471219207568
-0.9693144492514413,-0.1591829952875057,1.5990950535375992
-0.9694132180497539,-0.15919591792227442,1.5947552187684007
-0.9694483437824245,-0.15919851648577016,1.5951612669690536
-0.9694578861024268,-0.15919993624093537,1.5949995397846912
-0.9694610912841843,-0.15920071588736373,1.5949739292855758
-0.9694619117673698,-0.15920125783858569,1.594998529245841
-0.9694618412105938,-0.15920171315731393,1.5950413647380783
-0.9694614385917006,-0.15920213799473168,1.595090829719594
-0.9694609124290657,-0.159202553137687,1.595142765462804
-0.9694603403644366,-0.15920296626134453,1.5951957013411844
-0.9694597512654778,-0.1592033801964833,1.5952491260589632
-0.9694620484599389,-0.15920494818533554,1.5944955171722508
-0.9694611566336261,-0.15920451903243912,1.5952147959907375
-0.969458960314025,-0.15920472849640238,1.5953500604475364
-0.9694606371534101,-0.15920622067700058,1.594630383236456
-0.9694595026500094,-0.1592057643410809,1.5953644650018053
-0.9694601101278753,-0.1592071217285571,1.5946984818203493
-0.9694585557212343,-0.15920661332910072,1.5954552632674759
-0.9694590016196527,-0.1592079536877914,1.5947987328714075
-0.9694504121038674,-0.15920163663633838,1.599984899005585
-0.9694398215989685,-0.15920062219950648,1.6008912542301992
-0.9694361790381929,-0.1592006628813995,1.601325035069503
-0.9694348055419605,-0.15920109532704305,1.601559790655502
-0.9694341319563148,-0.15920167504151336,1.601709726794169
-0.9694336378790317,-0.15920231090572043,1.6018230385956382
-0.9694331749242875,-0.1592029698484068,1.601920426127329
-0.969432707367464,-0.1592036398560215,1.602010965248189
-0.969758767214881,-0.15938779872157227,1.4355720369308012
-0.9701363600847598,-0.15997767891855963,1.2415762889376516
-0.9704350730277023,-0.16040230454508533,1.035440619031391
-0.9705175706957188,-0.16092937822543787,0.8367948082409111
-0.9710822543519553,-0.16091589878041127,0.6554776362209752
-0.9712410380363058,-0.1612772141039095,0.4549206808098318
-0.9714002479677363,-0.16124817433479552,0.26612053574898153
-0.9718798792564961,-0.16128296359430883,0.07624875797951113
-0.972386474137616,-0.1609319501005842,-0.12433186930298937
-0.9724519703843453,-0.16058139372879363,-0.343609316489069
-0.9729086732311374,-0.16022109132439258,-0.537606610618069
-0.9727179685014721,-0.1592636414768414,-0.7675471460100751
-0.9728030839899925,-0.15871878131897726,-0.9632652368278684
-0.9720305192397302,-0.15786241913451102,-1.1874671462280597
-0.9718223328154282,-0.15737274661299885,-1.368992468389645
-0.972093231480837,-0.15718908118644276,-1.5619012985466623
-0.9723971418980809,-0.15682250255176372,-1.7700484066183653
-0.971860196636073,-0.1566228951762498,-1.9665377606546586
-0.972132003311029,-0.15588207475391058,-2.163898525567716
-0.9716904687293977,-0.1556669678908214,-2.340367262717257
-0.9710182475918194,-0.15587407411192516,-2.528492536466188
-0.9701852651070216,-0.15694052339279416,-2.681440242507365
-0.9695230101711999,-0.15761690397295386,-2.872695265398726
-0.9690699138584776,-0.15760604409051127,-3.0647597142483956
-0.9686909876434859,-0.15733680978954098,3.017655959168574
-0.9679850283662986,-0.1574961520990931,2.8071847365187867
-0.967453459411101,-0.1577815940901328,2.62343629464222
-0.9676197026839636,-0.15852582339684448,2.4092058166574866
-0.9673303305874692,-0.15875725334369997,2.210747870371877
-0.9671329734564121,-0.15896570190885978,2.008542484270655
-0.9674368268722692,-0.15913658177416456,1.8209158384496087
-0.9668425476159245,-0.15949304133971373,1.6195887334552026
-0.9672163150107237,-0.15990684502410876,1.4068657581654094
-0.9674399314010688,-0.1604140424799901,1.1987455815106542
-0.967086727729046,-0.16111988468521646,1.0090404640773856
-0.967508411287545,-0.16136648230324463,0.8220245000403764
-0.9673178250323987,-0.16225152229960138,0.6107918876578728
-0.9679696715221887,-0.1619939273479753,0.418941450361358
-0.968150460369018,-0.16202961423039297,0.20810905313890937
-0.9686628293880079,-0.1622320270805839,0.012855968722931045
-0.9687801859458459,-0.16236060341134537,-0.1929856405335552
-0.968929453594345,-0.162073805082728,-0.39124170455183654
-0.9692501094046131,-0.16177222009482792,-0.5950329095195852
-0.9693257079766079,-0.1610991676813265,-0.8041121174467881
-0.9698765530058099,-0.16102745469015964,-0.9894083822302282
-0.9698514241640552,-0.1604515740353286,-1.2061526045680981
-0.9692039395100849,-0.15999889809538057,-1.3945469076033818
-0.9695000873753764,-0.15971110157726018,-1.580226328310852
-0.9694051555138431,-0.1590304750877318,-1.7909540293202606
-0.969074340940743,-0.15870460661555355,-1.9918527158245207
-0.9686522355299789,-0.15817040782501746,-2.179476574592624
-0.9683098373404734,-0.15795545070343583,-2.3787167972530723
-0.9681304793246666,-0.15763121509705447,-2.5539173781267883
-0.9677873695886906,-0.15739642082403943,-2.775386675857928
-0.9675229578084809,-0.15737765393280195,-2.982455592498746
-0.9671691548403955,-0.15724821533930533,3.102436154221203
-0.9667153375575521,-0.15686485929030308,2.889611992494447
-0.9661971930759918,-0.15723148086930033,2.6723647434000393
-0.966434968066529,-0.15795302453873983,2.482213953219641
-0.9662786103964157,-0.1584502677822,2.2717258784040157
-0.9662889508592005,-0.15891463365402533,2.0616650182122074
-0.9658255131770223,-0.15909119330513288,1.8689478171085685
-0.9661016114755994,-0.15962910448714923,1.6722531671724177
-0.965793074397878,-0.15995206399429682,1.489294458851964
-0.9660250687784688,-0.1603748028667641,1.2753761293645913
-0.9661004312941492,-0.16042279405660018,1.0730689997271958
-0.9666024357954555,-0.1604279582892376,0.8739485648653875
-0.9671121283140561,-0.16050299989271788,0.669901720796837
-0.967750230847211,-0.16056219490258802,0.48026349805889357
-0.9683857657653463,-0.16043620527562139,0.28307381736130494
-0.9689255990874432,-0.1606511580336504,0.09161724271508812
-0.9693538505902778,-0.16034388289629967,-0.10802168660520411
-0.969622127389831,-0.15981216826973502,-0.30935348748410674
-0.9695952489022628,-0.1589494899219937,-0.49369160170715304
-0.969844860322074,-0.15866775640736597,-0.6950199725652818
-0.9703211464574025,-0.15854136699456178,-0.9030091909183056
-0.97037785344769,-0.15804863553343634,-1.0945306020595413
-0.9702460870050242,-0.1575973499459366,-1.2728305049918989
-0.9699433043676693,-0.15703931073876012,-1.4756197541378029
-0.9702459204970145,-0.15674093524996996,-1.6684172626534404
-0.9703438737009799,-0.15630515128849742,-1.8626404856388414
-0.969949873504469,-0.15605412738107577,-2.0796394513370378
-0.969270443850981,-0.1561246804846811,-2.2799719630287294
-0.9684259093019003,-0.15644041111220758,-2.470981586107147
-0.9681160196864578,-0.1562502776960353,-2.6673509701094287
-0.967338102454616,-0.15623072649377995,-2.858799054118619
-0.9666316964844744,-0.1564082276125146,-3.054411150927927
-0.9662449321403284,-0.15648214669664964,3.023733415808124
-0.9659768341280197,-0.1568435528430087,2.8194075428884844
-0.9655025877917084,-0.157183065012573,2.598526746445183
-0.9647852551942303,-0.15707046255547424,2.3956829651809346
-0.9647148682624421,-0.1574808446274886,2.2011769942331774
-0.9647875906388228,-0.15790652509403472,2.0085322201572033
-0.9647804273158007,-0.15837757370252842,1.817521104438145
-0.9643730944066523,-0.15854869651610803,1.6288051100623366
-0.9640814873172437,-0.15886737059295647,1.4346459765904782
-0.9642976712279828,-0.1591677883040774,1.2403110987855372
-0.9648093947715757,-0.1593333358602981,1.0134960349952038
-0.9649797762140647,-0.15971141766768474,0.8142707033249698
-0.965858189933217,-0.15912068031807478,0.6159451146829723
-0.9659355048055335,-0.15942602313518509,0.434109147929392
-0.96686651686489,-0.15901964366527796,0.26203463221383794
-0.9673788884491537,-0.15897647395024675,0.054488059581982266
-0.9676922546181737,-0.15825858293437123,-0.11163339171022221
-0.9681300640751987,-0.1586737904308871,-0.3121529531813791
-0.9685453007815619,-0.1586099032301482,-0.5076242552312094
-0.968900986103698,-0.1584044640102165,-0.7241556039293118
-0.9689745635871909,-0.1579467875320371,-0.9129948674146694
-0.9691001055614555,-0.15765905535028382,-1.1112461219093728
-0.9689834988421203,-0.1574951607248932,-1.3029019011060547
-0.9687781945179744,-0.15726992677121965,-1.4902738208214437
-0.969162164805967,-0.15689030742845908,-1.6954046336522215
-0.96887416617798,-0.15633181783956382,-1.899535385470186
-0.9682988077491294,-0.15630155151048525,-2.106509208824415
-0.9680216455838466,-0.15559466825139573,-2.30039000455554
-0.9673243095334004,-0.15585484520216067,-2.488797465150846
-0.966738949735075,-0.15602266801982567,-2.679834760071201
-0.9660554879715608,-0.15634565710713352,-2.8836158330621813
-0.9656756288078671,-0.15664872449854808,-3.0725682738903
-0.9653265184856468,-0.15618105259468124,3.0066049073706638
-0.9648885812283631,-0.15624893100872447,2.8133290183546333
-0.9642593420586696,-0.15592962325859724,2.6309231732151095
-0.9648254582903414,-0.15712420995254414,2.4392406168820986
-0.9650151528855819,-0.15782731419468968,2.2289631417432583
-0.9647231434855629,-0.1580046182967281,2.017862138671837
-0.9647955098358002,-0.15821170752331593,1.8294492318502977
-0.9645016890689594,-0.15829912304957675,1.6351292453689243
-0.9641905439741445,-0.1586733325106653,1.4387571199546785
-0.9642782452014388,-0.15924050722343733,1.2378211573388365
-0.9647321324977016,-0.15890989514378742,1.0648922510920233
-0.9647319880526304,-0.15924207097498932,0.8580921509465246
-0.9644946446007935,-0.16007673312050022,0.6691255664518517
-0.9644123781389828,-0.16055993033270569,0.47337212762563796
-0.9649085637700893,-0.16027273696562688,0.30512024167377855
-0.9653230124779729,-0.16017479085177777,0.1181825414051157
-0.9657757691266426,-0.15983332256244612,-0.09230568690077391
-0.9658568584738807,-0.15944384918871654,-0.3031782343677366
-0.9663127498944291,-0.15927203592129255,-0.5219368691724648
-0.9666725501912121,-0.15913842258844843,-0.7242774072685557
-0.9658016182093183,-0.15790601524321568,-0.9198529073817431
-0.9660653292628908,-0.15776656176729326,-1.1253924493317258
-0.9666020179910702,-0.15774525883428933,-1.3203513000986327
-0.9669018281487805,-0.15750318714624334,-1.5042955904409323
-0.9669864207490947,-0.1572627023253697,-1.6940383308213425
-0.9665127552491543,-0.15721888117287475,-1.910659601781713
-0.9659311295736074,-0.156962744802943,-2.105626893397618
-0.9648251546966512,-0.1572596835163378,-2.2770494169184006
-0.9648250028726683,-0.15663626110459478,-2.4723720434202128
-0.9644342664398573,-0.1565227462318109,-2.677204537305441
-0.9639426096750598,-0.15671927462167376,-2.8741074227566568
-0.9636542492793392,-0.15644058754313991,-3.0506563505200925
-0.9632328619677982,-0.15629256698249208,3.0366063279003384
-0.962957595612087,-0.1566130377118004,2.828136599871961
-0.9628596547804998,-0.1569767817166815,2.6016761690897283
-0.9633117494821853,-0.15807595185014692,2.4177622119144164
-0.9629113869068254,-0.1582525887310996,2.220201781618053
-0.9627878573867018,-0.15839266012750228,2.0381220398656246
-0.9625683682882695,-0.15842036938217255,1.8424592765930152
-0.9625638193403907,-0.15895458254482006,1.6594792799845897
-0.9628712270429409,-0.1593401337034304,1.4592956683738598
-0.9630053587538354,-0.159783749531798,1.2701988088481573
-0.9634846136396346,-0.1599881270906171,1.060305865580745
-0.9634993441914803,-0.16049821815839896,0.8735379768687942
-0.9642322412088075,-0.16033501395223196,0.6719889918786017
-0.9647324319432509,-0.16028574702452858,0.4543663190341108
-0.9652309907833027,-0.1599814680992715,0.2606075376335942
-0.9652017632503617,-0.15995857333271854,0.07370121237019787
