0.3098428283649587,2.3067671450073344,1.6221904379606773
0.30989712659347657,2.3069196735974726,1.572302296985754
0.3106393585174006,2.3069121150784606,1.5876871777658221
0.31057727670525626,2.306903400498384,1.5870023745985016
0.31053158898577704,2.3068995501581795,1.5863809051718896
0.31051690092646894,2.3068980238824324,1.5860697582050955
0.31051461036871614,2.306897421151858,1.585881902884522
0.3105171982535877,2.3068971802769482,1.5857405778317373
0.3105216694100832,2.306897080155125,1.5856169465560583
0.3105283909489869,2.3068970868483696,1.5855126638794115
0.3105313984181901,2.3068970775896256,1.585502069762347
0.31053321906355263,2.3068970222799434,1.585524943269651
0.31053459997693117,2.3068969517678637,1.5855626658117543
0.31053582114920425,2.306896876084349,1.5856069680975187
0.3105369852584771,2.3068967983088022,1.5856541926471515
0.31053812956828714,2.306896719290896,1.5857027347256836
0.31053926743646554,2.306896639212076,1.5857518948711886
0.31054040357791923,2.3068965580773377,1.5858013699935636
0.3105415396233228,2.3068964758579957,1.5858510295355246
0.31054267612081915,2.3068963925268853,1.5859008176696359
0.3105438132468474,2.3068963080635294,1.5859507108005442
0.31054495105401697,2.3068962224525795,1.5860006991853595
0.3105460895554956,2.3068961356817175,1.5860507790172929
0.3105472287527673,2.3068960477402087,1.5861009490280893
0.3105483686442864,2.306895958618084,1.5861512090341872
0.3105495092279698,2.3068958683057046,1.5862015593166183
0.3105392955339391,2.3068976733451723,1.5886404072353084
0.31054173942659347,2.3068976451622656,1.5887456558554707
0.3105434096050183,2.3068975384905737,1.5888205139719147
0.3105447656001884,2.306897398599081,1.5888832883170219
0.3105459918982399,2.3068972439217728,1.5889410826342178
0.3105471647729435,2.3068970821051282,1.5889968658007583
0.31054831580129916,2.306896916320487,1.5890518801778888
0.3105494580676723,2.306896747879828,1.5891066463112626
0.3105505969970253,2.3068965773217687,1.5891613827551399
0.31055173483914794,2.3068964048629783,1.5892161816540076
0.31064839341761186,2.306580507972235,1.4166228237454848
0.3106740200122442,2.3060407353008476,1.204052788625005
0.309607403215349,2.3063031797846483,1.011582594238803
0.30917049096906973,2.306164218686169,0.8095185451780936
0.30898887789586443,2.3057881266341616,0.598422039528785
0.30877802612363864,2.305277109971883,0.4024193731024596
0.30795749096787867,2.305670515553782,0.1977900879970578
0.30758528924921114,2.3057173818759376,0.007545111949630555
0.30713670060325665,2.305476531271302,-0.21462673315074304
0.30638472926353394,2.3053523406720284,-0.4278110053666993
0.3063366656523314,2.305777053319368,-0.6427431549051998
0.30691467589868116,2.3068646168862577,-0.8515382071124978
0.3069529402518228,2.307337206706036,-1.052868334917242
0.3071065022239765,2.307971078542006,-1.2411930304009968
0.30720363807337614,2.3082360664101973,-1.4428699556262814
0.3064284856963916,2.3084608198869723,-1.640835227419483
0.3067703864761868,2.308845606771775,-1.8289066776985423
0.30731398310430674,2.309052296198055,-2.05163685153135
0.3077517407924008,2.3091929515385217,-2.2818038033226378
0.30771482528059146,2.3097564412475906,-2.48077480985866
0.307839772041746,2.3102111392280107,-2.6698838447802937
0.3079853560599875,2.3104708944039576,-2.883459805849564
0.3082680132087259,2.3099064810808647,-3.076579094999264
0.30861440436773285,2.3102148284003707,3.011101848169899
0.3087659946677975,2.3098308638198124,2.815752871674797
0.3092854616641576,2.309492426449077,2.606456461570966
0.30945654567480324,2.3091389518466845,2.400277761555596
0.30906829566734795,2.308339984531261,2.2194396779993815
0.3094091197479385,2.308298583074205,2.020577404282464
0.3087314978466881,2.3076648443713594,1.8466959690947697
0.3088591231203686,2.307375238846366,1.6446149348239467
0.3089564957429959,2.3069963656027284,1.458184548676106
0.30873438410436355,2.306772060741246,1.2322050449200657
0.30788171061096486,2.306888593035862,1.0433943279748674
0.3079469526216967,2.306281464138006,0.8610458110360913
0.3074062678016092,2.3062271150017315,0.6431728859272468
0.30649883732997446,2.307146111671025,0.464648612917117
0.3060923068911479,2.3074310791617143,0.2641280806592711
0.3056120883670952,2.3078078227819567,0.06219728897453679
0.30534685441936565,2.3075523871709844,-0.115003686131927
0.3048087967860731,2.307767688896121,-0.3341322075464972
0.30446579981007466,2.3084466326152353,-0.5560834583728254
0.30378139002241933,2.308500345560273,-0.7512330061111008
0.3038235520915419,2.3089659951979877,-0.9496831512386668
0.3044565400019108,2.3097158161418117,-1.1345015594228327
0.3045098958167339,2.3100836575193466,-1.357961860934993
0.30424147928275186,2.310222208634232,-1.5470237203720616
0.3038853933346304,2.3106167647039078,-1.756683420056373
0.30407699451611636,2.310916497780078,-1.9675864624933623
0.30369912542766275,2.3116156607567846,-2.1619707020595205
0.3039077655538459,2.3118025185347695,-2.355678643788091
0.3043064617682481,2.311861309871845,-2.5471624305488816
0.30424738857876504,2.312130462871166,-2.7353965952061454
0.30463967270823217,2.3119265299034635,-2.9494919437785496
0.30476069350814394,2.312095447022894,-3.139327893184636
0.3051587057499618,2.3126800048033607,2.949330960012671
0.30563186091939815,2.3131133262132524,2.746736939257752
0.30553991083015514,2.3125600931094654,2.5460971504124266
0.30519186605662957,2.311598902360654,2.3468318093098057
0.3054376439882113,2.311161801640509,2.131064733090955
0.30566826733441343,2.3107909635982105,1.9025253242230693
0.3056442046360582,2.3101734154871743,1.7214291182129702
0.3060240838237408,2.3099314036423046,1.5310643896921727
0.3056732843705612,2.3096857316453288,1.31558911121577
0.3048710640937622,2.309268629691994,1.142018748494541
0.30476122870159744,2.3089697293657734,0.911932179949585
0.304158351365139,2.3089134593658867,0.6906623401598552
0.30310659572616894,2.309789747938422,0.498447731295923
0.3024235933522077,2.310861044203079,0.33718739064638886
0.30188007691988467,2.3112985340586274,0.13348638909402002
0.3015223551645655,2.310925586192804,-0.06323029892939357
0.3009736325487785,2.311476817975721,-0.25673423090076464
0.3008684257256387,2.3121486901716914,-0.4747952856656322
0.30013500383777253,2.3121563019707723,-0.6662610426925407
0.30029846761923945,2.312892238055461,-0.8914958555693899
0.30040410565463876,2.3134541439684,-1.0894771972308481
0.30067085692323253,2.3138233337838354,-1.2663574094355816
0.30074629817025345,2.3141634979420216,-1.4666279778854894
0.3003524436049418,2.3145310372464727,-1.6469722207435717
0.30067767990255884,2.3147765269409217,-1.8375509651599082
0.30118950271517503,2.315068004504149,-2.043612555111257
0.3011571028508424,2.3153409408365007,-2.2534386535329642
0.3005565460257445,2.3165162131912456,-2.45727281891855
0.3010633996295379,2.3164663882673455,-2.661629322912918
0.30151659541470194,2.316379387422903,-2.81882317607554
0.30226668396908496,2.3162614968296418,-3.0252044553552526
0.30257019661218915,2.3161677812611283,3.0658283329570204
0.30308432024842935,2.3166969225782723,2.8546753581818227
0.30328764935208774,2.3161022485697096,2.6466561208410546
0.30308239354910593,2.3152455735916795,2.4426157790674488
0.30342470330028226,2.315022541656317,2.2203930839389323
0.3035302284405478,2.31502664683367,2.027662208910717
0.30317318549817074,2.3147970456906233,1.8194536083384154
0.30317192983512975,2.3144687302231914,1.6323500955002015
0.30368218865027247,2.314275637331028,1.4402637420288236
0.30396545094817956,2.313848521971112,1.248828538573656
0.30344434149071725,2.313118462492142,1.0635416451151085
0.3034937278399116,2.312572429464438,0.8853842510625841
0.3031823808401784,2.3122832349135547,0.6953784585543156
0.30295827791080493,2.3119915069807804,0.49147755184662656
0.3024431523071628,2.312202732684531,0.30497366358959466
0.30201210075658985,2.3123460927328683,0.10845734090685721
0.30165903369979913,2.3118738994720873,-0.0701514196730539
0.3012754118662014,2.3117418896141295,-0.2781352478883282
0.3011127014275426,2.3121050983215756,-0.494963211758623
0.30107274075112084,2.3127882314153,-0.710232557898698
0.3016879029106158,2.3138398872554067,-0.9081876469549757
0.30158270459381825,2.314148003577781,-1.1241643051057744
0.3016262227495963,2.314643639136078,-1.3201494202907624
0.3016068702384821,2.3150605210081157,-1.5288614629292072
0.3016783256791486,2.315492157495177,-1.715746143392303
0.3020400895587681,2.315847790583314,-1.9360980210176504
0.3021897112887079,2.316258215650419,-2.158650340716161
0.3019459992800525,2.3170410986724517,-2.364011671961241
0.30261976986837685,2.3168305235891498,-2.5852853832376876
0.3027368036697344,2.3172144312024434,-2.7810053454857058
0.30311742354011,2.3169753866676532,-2.963561090678025
0.3034940410764097,2.317056481825476,3.113991796562885
0.30324156856965107,2.316914795940348,2.9163978282062746
0.3038372697252627,2.317041186248465,2.7196707794297015
0.304085546235293,2.3170676967278676,2.5327862065915823
0.30439560142014654,2.316745223675958,2.3295049421219365
0.30408360213650987,2.316079179225975,2.1273892303242623
0.3036907100720032,2.3155598889765354,1.9624373973128293
0.3041027027216067,2.3152272008363712,1.726314623183277
0.30449994882412534,2.314900951794512,1.5323668328446127
0.3042803969556139,2.314369230994652,1.3063865338537115
0.3034557162313513,2.314599822635426,1.0947619027138173
0.30316717153057415,2.314523877611575,0.9011246417376677
0.30219313999924535,2.3149680241915025,0.6872343083031552
0.30158538018714476,2.3151911658897437,0.49565971395950137
0.301092880854429,2.3157150021557413,0.28772518480064885
0.30042811434987227,2.3159061016589892,0.0831259120780812
0.2999993790344438,2.3161590928125153,-0.10561098788149241
0.2996341879164557,2.3165898969965406,-0.3097339053707522
0.29947078058423793,2.317125137904615,-0.5175095256902865
0.2998879601229626,2.3181332758015674,-0.6703134686679694
0.2997247850864178,2.318479628071224,-0.8771463853308132
0.3000917492716254,2.319259954936022,-1.072244286620863
0.2997962061090986,2.3194739148642287,-1.256440394302558
0.2999589900159315,2.320332467222577,-1.4508472795799277
0.29974262140134295,2.320707479647114,-1.6504290999586837
0.2996119925885309,2.3212214610333564,-1.8695832036790458
0.30014036301281993,2.3215771734458,-2.080582941849526
0.3007100233843361,2.321944829536634,-2.281056122273181
0.30115027914791165,2.3220993901117377,-2.484430672210924
0.3011343602965488,2.322805683656236,-2.6833238428279858
0.30137886769537237,2.3225650386919643,-2.896142216617004
0.3022150801215195,2.3221371104749977,-3.096369031229911
0.3025684819857291,2.3216972292307534,2.979754953720656
0.30244678981317885,2.32115807325408,2.786661812396671
0.30278433966669216,2.3212300067948313,2.5844004033273023
0.30361235661377556,2.321577595510777,2.3729268472262577
0.3040452115869574,2.3215773624621656,2.1922405857647154
0.30379092781981687,2.320643089059472,1.9914541936750376
0.3035774492730341,2.3199908295855853,1.7939942544585321
0.3034503969245672,2.319587584919164,1.5871648783788157
0.30332556121692467,2.319188297247756,1.3885712122082243
0.302559607955169,2.3192350891763485,1.1828913632205995
0.3022526385041516,2.3189600423997274,0.9515066251545399
0.30129232899750563,2.319560168005988,0.7675904414699197
0.3010503635736523,2.319218740037555,0.56679611275004
0.30054910180530564,2.319695054207667,0.3609542342980644
0.2997843462592445,2.3199418260526112,0.15798944685385027
0.2990813627158524,2.3203245496722493,-0.03567722137260327
