0.09899383609230306,-1.1644851965326168,1.6185857093561202
0.09902570655186142,-1.1644924555496938,1.5882293886077719
0.0989233314500114,-1.1645233832642232,1.570996425643959
0.09856925637589448,-1.1645179887573813,1.5745159047828488
0.09757641151268276,-1.1645173553756298,1.5740194218182144
0.09750461483614915,-1.1645241564855482,1.56689226175807
0.0975144631555554,-1.1645246723006621,1.5665314520577258
0.09751412291332902,-1.164524858849137,1.566109701244632
0.09751376276429767,-1.1645249544311036,1.5659108042835166
0.09751347661313832,-1.1645250025484493,1.5658160103376189
0.09751325315885156,-1.164525026920337,1.5657696457563042
0.09751307000261134,-1.1645250396677302,1.565745776421085
0.09751290991504183,-1.1645250467869583,1.5657323424765957
0.09751276207576767,-1.1645250512077867,1.5657237381295936
0.09751262033695281,-1.1645250543460328,1.5657173613335484
0.09751248139762962,-1.164525056880242,1.5657120055119806
0.09751234354795535,-1.1645250591335268,1.5657071116004873
0.09751220592336113,-1.1645250612589648,1.5657024207025003
0.09751206809369282,-1.1645250633287851,1.5656978129637855
0.09751192984697916,-1.1645250653769614,1.565693232895216
0.09751179107898861,-1.1645250674194387,1.5656886547876887
0.09751165173801743,-1.1645250694636922,1.5656840667035927
0.09751151179771632,-1.1645250715132311,1.5656794630712334
0.09751137124387432,-1.1645250735697101,1.5656748412605774
0.09751123006805609,-1.1645250756339185,1.5656702000001006
0.09751108826454033,-1.1645250777062444,1.5656655386453497
0.0974977914669579,-1.1645269906997369,1.5633635705299684
0.09749300277259529,-1.1645273380660333,1.5630447213624623
0.09749310734344604,-1.1645274372148204,1.5628865357753883
0.09749261398115784,-1.1645274444589375,1.5628134089329166
0.09749186383304244,-1.1645274453957584,1.5627639731062206
0.09749096598537779,-1.1645274456608032,1.5627230797863907
0.09748998847820331,-1.1645274463879685,1.5626850662891547
0.09748896698501396,-1.164527447543937,1.562647871072164
0.09748791904759313,-1.164527448935377,1.5626107323540934
0.09775771327739478,-1.164896083341563,1.3814443018642932
0.09794992816369112,-1.165400413511043,1.1606532537051528
0.09795103697001396,-1.1653666405533747,0.9656363408021006
0.09787521767709068,-1.1657800454005807,0.7607798941181769
0.0972013387667704,-1.1656251981630519,0.563059263643062
0.09699201922300435,-1.1657359301298178,0.38068995294423896
0.09681217544377099,-1.166155434317076,0.1855062939154599
0.09657695224216861,-1.1664898595986641,-0.01326925957618636
0.09640161383352178,-1.1667354288274112,-0.22671922960457083
0.09554698945427237,-1.1671205435700176,-0.426967324054862
0.09548197874446865,-1.1669076719323022,-0.6218859466016946
0.09561200401596699,-1.166124894170822,-0.8408258823261017
0.09569662467970583,-1.1656952293276486,-1.0366948853715914
0.09631054554752119,-1.1651265292993958,-1.2395094980375714
0.09650475903997185,-1.1644238985395325,-1.4328430625160884
0.09670297541108727,-1.1640098949677016,-1.633130026547821
0.09646529506531924,-1.163602243335783,-1.8458419110698312
0.09740445152134458,-1.1635175871469223,-2.0539472813549837
0.09711580691438018,-1.1627795764941278,-2.2397481812288396
0.09754899845494355,-1.1627121284232154,-2.430031471649303
0.09797054211066092,-1.1624628061688824,-2.652538058484094
0.09843034547760948,-1.1626249197328293,-2.8670502879169306
0.09890807834276578,-1.163116252604729,-3.065892180537211
0.09925963022478854,-1.162806721995545,3.0126902710200665
0.09957397805180061,-1.1631092928461075,2.8101460864043117
0.09967093043475087,-1.1634981490504408,2.6176643120985656
0.099814888424832,-1.1638849098435518,2.420850748065562
0.10018593962682068,-1.1641138945518894,2.2387522230417627
0.09996348484868063,-1.1647072468362538,2.031841963479991
0.09939734937665409,-1.165229955465246,1.8405194170960422
0.09958097356538302,-1.1655338109172482,1.6527481855539592
0.09967539618582862,-1.165905421713823,1.4693157162841801
0.09932073917765682,-1.1662817553106286,1.266989925499805
0.09895932487084322,-1.1663969373069722,1.0554174775481833
0.09831608654935989,-1.1661270453417347,0.8697806763903643
0.09772937203317535,-1.1660805902669436,0.6778872793655355
0.09717387943031068,-1.1658087378913973,0.46611400294762856
0.09645013192717283,-1.1652854234886534,0.2646427960359427
0.09607066699708189,-1.1653803230415127,0.04707609403525987
0.09570943007548635,-1.16582633293088,-0.14454556326306325
0.09523670968302976,-1.1657607901962173,-0.33461273808097447
0.09530285749241735,-1.1648276977592542,-0.5065657177419015
0.09502260774890066,-1.1644120401040312,-0.6885958596841216
0.09554243429305614,-1.1633884468986804,-0.8759488872891729
0.0958790058593225,-1.162730031533325,-1.0762218408530173
0.09575507104332097,-1.1622871010127624,-1.2717120862193754
0.09596976452639269,-1.1622684278486568,-1.4559404052375817
0.09553604576389965,-1.161925583210012,-1.6488924757301402
0.09528944692618999,-1.1614444002615907,-1.8463886905313245
0.0955226331506724,-1.1610447141706346,-2.048131590673595
0.09583596614359424,-1.1607621849033811,-2.255429031701228
0.09646048432539567,-1.1609652904825332,-2.4350694175959537
0.09747030714259164,-1.1617799947831329,-2.6215136795661382
0.09816700409802942,-1.1622271435916074,-2.8337139598903103
0.09865028690783065,-1.1624844727030164,-3.0226592501121683
0.09907137037192637,-1.1620276989590879,3.0791285759086513
0.09940557458860542,-1.1620901097842018,2.895169456190605
0.09957580315700364,-1.1626674921751798,2.6901438537021263
0.09973716048106505,-1.1633370648766972,2.5077688091300665
0.09934273701492875,-1.1642437600686277,2.3458438877013537
0.09939191567664979,-1.1647167719539984,2.1297960546444394
0.09921776195432987,-1.1652819100666738,1.9401663566694536
0.09867746968131678,-1.1657261107923225,1.7452676888934682
0.09860970206102926,-1.1661198767071084,1.5359781147458675
0.0984250727479401,-1.1664358102853138,1.343531054171134
0.09756123163482378,-1.1671373378236034,1.1591449764639805
0.0976133875019822,-1.1674950971815967,0.9745671518234854
0.0966881930520007,-1.1671336026498456,0.7845406812362086
0.09637379342722595,-1.167259656280906,0.607218854852093
0.09576708533729693,-1.16726916896244,0.4049442857163108
0.0952111159277845,-1.166884485825974,0.21768917255613351
0.09491525803936351,-1.1669059794380017,0.02070091998833474
0.0945300712767527,-1.1670937157788366,-0.1660389070536897
0.09414809277263113,-1.167156320242219,-0.36384463154521385
0.09357736779798416,-1.1675323897854546,-0.557685752051931
0.09303161905001804,-1.1676727440284609,-0.738129310716473
0.09372020543841528,-1.1665628604014984,-0.9219165002161851
0.09444402292509937,-1.1657365447936434,-1.1094435407907473
0.09405262686050508,-1.1653806272900982,-1.2863711550768258
0.09381442918589382,-1.1648619263632847,-1.484469762960007
0.09402030291373481,-1.1645824288287001,-1.6771063135535857
0.0944770369190656,-1.1642722029498342,-1.8880333175829926
0.09433363584528534,-1.1634869512136814,-2.098249862645863
0.09427132857827673,-1.1627979332464373,-2.306358008869614
0.09507838767687107,-1.163014590395978,-2.516404772692094
0.09548926471808053,-1.1630793441252705,-2.7272160599688235
0.09584224520465243,-1.1633298790007782,-2.9219695732684086
0.09604220462966402,-1.1631304625014396,-3.113757166206342
0.09646846957570726,-1.162598870957285,2.9735382627887237
0.09655323225576878,-1.1632830166400139,2.7646064812268025
0.09707762835544517,-1.1632424973727473,2.559713399879073
0.09714231948583539,-1.163892217398484,2.3466871366681548
0.09736756483731984,-1.1641336389537127,2.1606458296032995
0.09775780528895349,-1.1642280401495277,1.9720626286940064
0.09832855644896438,-1.1644801818736696,1.7776151205175
0.0985566272925621,-1.1647848659082225,1.5736308297446369
0.09842300657715443,-1.165153974048838,1.3708037135805777
0.09779579229300092,-1.1653618609751588,1.1559901442722489
0.09727754949419821,-1.1654082356011308,0.9350755180467325
0.09695587499956157,-1.1656030393781731,0.7646105563397516
0.09606291343836246,-1.165035376545716,0.5667982309589404
0.09544546606586495,-1.16463132447169,0.3584290071600322
0.09510634964189585,-1.1643920337975329,0.1523102410640366
0.09476807293817477,-1.1646237590438244,-0.039241841211398704
0.094363716046201,-1.1648105086574982,-0.24052600185036216
0.09395030359873632,-1.164841379365882,-0.4404258872728688
0.09433692994276156,-1.1638792125047601,-0.644694852596949
0.09449136595892968,-1.1631897005010674,-0.8339458786310985
0.09450485320380439,-1.162755750865972,-1.005475482956948
0.09400880326855388,-1.1627353636333135,-1.2122576271107965
0.0938930000856054,-1.1622133686170444,-1.4030513955941843
0.09459571807769902,-1.161558048910947,-1.598258085995873
0.09459132447788489,-1.1612535025356987,-1.7987561228774676
0.09447540861923097,-1.1609223363967065,-2.0034538367213512
0.09548264484920949,-1.1612166568093631,-2.184779777987071
0.09670042838384722,-1.1618977982177807,-2.380936229802729
0.0970635556561781,-1.1618080118472487,-2.564021154605393
0.09769848183327319,-1.1623113911468965,-2.7560258127306887
0.0981875172481059,-1.1628104121828464,-2.9408003800742963
0.09883283633077777,-1.163145610307513,3.1415808104965897
0.09909200879059,-1.1632899096650156,2.944501965255651
0.0998253076295688,-1.1632462414619158,2.7454606616268666
0.10033161023472896,-1.163472534177423,2.5270798327396644
0.10058849671153727,-1.1637073152125155,2.319084367367656
0.10085234622369578,-1.1638918179167186,2.1359445401585337
0.10070688214127832,-1.164138295405644,1.952195328042296
0.10096278685778752,-1.1641749390355094,1.769153642032278
0.10155674705870933,-1.1644797850892015,1.5714503548031826
0.1018558989787852,-1.1649022130769071,1.3690737806899114
0.10186575943650783,-1.165266026254333,1.1545084251675337
0.10250868885229059,-1.166221571107442,0.9843734742496058
0.10217404570389109,-1.1663748500791427,0.7778759871998853
0.1014598538911385,-1.1661667998710434,0.5488793983704158
0.100938305445246,-1.1659933237126483,0.3468350329235524
0.10043367783856753,-1.1655902146041766,0.1373232632100798
0.10011796147824782,-1.1655529486051355,-0.053996456301747486
0.09956736848314406,-1.165704683940136,-0.27233183730440186
0.09909493276898679,-1.1659510813336735,-0.4786337671373665
0.09855882205531004,-1.1661172212784903,-0.6635249863664061
0.0982812556712575,-1.1657340286068665,-0.8740485632384482
0.0989002446286166,-1.1648877578548344,-1.0687517438043201
0.09941610290235973,-1.1643453934052905,-1.253632226584411
0.0994416101562817,-1.1640954506705374,-1.4508588495820234
0.09935858082263009,-1.163803050738544,-1.650778415569052
0.09900521242536431,-1.1632179932068798,-1.8604754637651142
0.0987936397584982,-1.1627083426539595,-2.0607650665038566
0.0994486128051558,-1.162808762017822,-2.241745381583506
0.10005692687667381,-1.1628453209934544,-2.4143995021622846
0.10050916389688426,-1.163178712417503,-2.6138571425903407
0.10091195868257335,-1.163169141350852,-2.810108024023728
0.10134519274961844,-1.163598991743138,-3.0296749252372948
0.10172861565309603,-1.1634101267478731,3.0399022173456514
0.10246640773554166,-1.1631179437113568,2.840810372183519
0.10254385077241189,-1.1634113695863084,2.656063924137238
0.10298221690189527,-1.1634297063769825,2.444342508550862
0.10234300672533338,-1.1644808025164284,2.2501166991462567
0.10134646779379852,-1.165545741233309,2.0753716843686814
0.102214283470135,-1.1653658045948039,1.8682044768235768
0.10250841298084391,-1.1653900802418755,1.670747272308769
0.1030837649714849,-1.165711483904859,1.4835298280606761
0.10332335654686012,-1.1662764749685326,1.269271966102021
0.10336862187637808,-1.16661589442068,1.0528486432767925
0.10248072218587607,-1.1663415316274617,0.8523050724290174
0.10249037972077152,-1.166949855711514,0.6564698292225591
0.1024623292362515,-1.1674310241060897,0.4689867976228457
0.1024877595721681,-1.1678682050768927,0.26707873277014477
