0.23522044721311372,-0.5890435868407614,1.6191204078681551
0.2352021881148467,-0.5890589136547781,1.5904380620824534
0.23519528463604583,-0.5890897238273648,1.5703681282725004
0.23508144481402607,-0.5890731747292108,1.5798524383295656
0.23458135659484208,-0.5890472689475148,1.5944328187985537
0.23384185099938398,-0.5890853691143332,1.5684865117989768
0.23365409433759238,-0.589094642166542,1.5605772268885594
0.23366172204335228,-0.589094628323157,1.561278178776603
0.23366082214944495,-0.5890947066070463,1.5610539791470956
0.23365962844004018,-0.5890947571737037,1.5609323939385396
0.23365842749744453,-0.5890947891750664,1.5608579421517734
0.23365726855368296,-0.5890948104768838,1.5608049129376649
0.23365614284862948,-0.5890948260526709,1.5607615277239089
0.23365503422310294,-0.5890948387305261,1.560722403034937
0.2336539311195345,-0.5890948499912908,1.560685071573921
0.23365282661676662,-0.5890948605819214,1.560648403054039
0.2336517168920745,-0.5890948708702414,1.5606118791477805
0.23365059991189102,-0.5890948810342639,1.5605752613490176
0.23364947460197447,-0.5890948911590053,1.560538438991365
0.23364834037988774,-0.5890949012846214,1.5605013597633073
0.2336471969077077,-0.5890949114298738,1.560463997962304
0.23364604396619776,-0.5890949216034087,1.5604263399986682
0.23364488139242642,-0.5890949318091179,1.560388377779284
0.23364370904939077,-0.5890949420486665,1.5603501056888642
0.23364252681141978,-0.5890949523226781,1.5603115192126804
0.23377188058098652,-0.5890869168586322,1.564448526518068
0.23365715811405027,-0.5890916295304155,1.5586038666653208
0.23362505342063347,-0.5890934976209035,1.5572271746707567
0.23361273245097378,-0.5890941660105856,1.5566850098594456
0.23360851871815505,-0.5890943550947386,1.556502555016027
0.23360692607412217,-0.5890943667520054,1.5564311772816022
0.23360634609405975,-0.5890943149000135,1.5564055630801525
0.23360613190958307,-0.5890942396297094,1.556397238016604
0.23362706644685038,-0.5894647090613966,1.3686174801811828
0.23302511763555372,-0.5898510919324244,1.1572126602555477
0.23242291413777416,-0.5899487777902853,0.9591606213756494
0.23157599617470762,-0.5899203665657511,0.7423668053984586
0.23149695452998328,-0.5905256352208715,0.5389420392733435
0.23109186994806183,-0.5904648516588966,0.3551458036856458
0.23062355779362353,-0.5900877809087132,0.1345085793203629
0.23027858281136704,-0.5905429058017853,-0.050101628371572726
0.2299075900057944,-0.5904175102943983,-0.25215711200454133
0.23010465425077653,-0.5900143157915949,-0.45504903906761623
0.22937943923961576,-0.59028159888514,-0.6468598961062131
0.23068909243213256,-0.5886144848664345,-0.8347711027946876
0.23129116522734133,-0.5879219417680251,-0.9959939519490989
0.23177244802292118,-0.5871561789115335,-1.1864513679530708
0.2316374870818971,-0.5869914606373936,-1.3755851343915315
0.2320019309415852,-0.5865187404082601,-1.5856963222258564
0.23220972240496687,-0.5862794859975211,-1.7812852204029737
0.23254528587443093,-0.5859533730015657,-2.008411300379527
0.2332179781256036,-0.5857942577872661,-2.2116396483413006
0.23370143370451313,-0.5856318613662864,-2.429962471721262
0.23398931682179344,-0.585322405001191,-2.6404144481074177
0.23466836289166873,-0.5859936877721964,-2.8578454488649707
0.2351187896416583,-0.5861287749896182,-3.063441034889738
0.23552533586141933,-0.5863747962288895,3.017938290815345
0.23567211030237617,-0.5869016742465419,2.8144277845650607
0.23646514942550845,-0.5868621939661569,2.630484338096033
0.23692680908821137,-0.5869729679525434,2.429109465419277
0.23745629062077875,-0.5870779971828196,2.2295366341018403
0.2373020762323868,-0.5875835637722708,2.0157922477482857
0.23695782792871353,-0.5882293474743198,1.8233891202014565
0.2368543771659393,-0.588258731293419,1.6389348078875654
0.23726483251654465,-0.5886058320367081,1.4344114620958475
0.2376924154708694,-0.5890010820448427,1.2180665815330436
0.23702344612194604,-0.588962068865062,1.013598704706194
0.23717550057770465,-0.5896701644492042,0.8132468699467169
0.23628467741934042,-0.5892463815685192,0.6188891704859337
0.2359774378550233,-0.5891844962805842,0.4227499239203472
0.23555089831822465,-0.5890753976092544,0.2237988817457792
0.23520114095289044,-0.5889649576424969,0.013025005338676987
0.2348523190136135,-0.589022122357547,-0.1733600181133607
0.23443689106552254,-0.5887269542599665,-0.38260566068309826
0.233864398728316,-0.5888464017225501,-0.5905649620531371
0.23372065691359753,-0.5886047855976979,-0.7822617956510688
0.2332941724726164,-0.588406241405564,-0.9861194137606666
0.2332338120276353,-0.5880227870093242,-1.205078840305842
0.23362311261442698,-0.5875619480210882,-1.4129148170691115
0.23404993886361258,-0.5873015385133828,-1.5973090695678134
0.2344297862227665,-0.5869528849799873,-1.802565914965131
0.2345681392443566,-0.5866274048979441,-1.9925871970210036
0.23498413368842735,-0.5864532678381023,-2.180807656682055
0.23546298467828372,-0.5862794895002721,-2.3774933150179685
0.23614049215044888,-0.5867562382451144,-2.57748234217462
0.23655662579950418,-0.5864817069344224,-2.7681271176228135
0.23742081246688962,-0.5865799664843074,-2.946999547775181
0.23805942282260348,-0.5867211649635949,-3.1329323937947504
0.23839394791731308,-0.5866555275379856,2.976017144503357
0.23838606908081705,-0.5874219066046777,2.763118911152954
0.2387892618661117,-0.5877657727175765,2.5547421343559114
0.2387596847546642,-0.5885200452425975,2.3356137485848687
0.23822318208980658,-0.5892784258033197,2.1565912032780825
0.23786196153636804,-0.5898366776352942,1.9465829150466152
0.23744878602667865,-0.5904633041937681,1.7339769797607503
0.23703882405306603,-0.5909877313589085,1.5481117186961206
0.2369879467209979,-0.5913636683563142,1.3394827945543328
0.2368019851995527,-0.5917266858553447,1.12697620252549
0.23604696228119548,-0.5918980723602352,0.8995125224425211
0.23528383400926428,-0.5917420535681779,0.7225254280070417
0.23509606593397636,-0.5923357966851233,0.4913051498653064
0.23424092237456015,-0.5918832942388619,0.2835822748763871
0.23363157213814378,-0.591856676887498,0.08713867583214958
0.2332968220051989,-0.5914901921872436,-0.10014387559754764
0.23294788666929686,-0.5910475904297744,-0.32792849717835665
0.23284117241039207,-0.5902890264728529,-0.48626407917447045
0.23286639327238862,-0.5896499419462092,-0.6813439574768285
0.23259751512646476,-0.5893745298281886,-0.8610225691857426
0.2321606631067426,-0.5892565961982061,-1.0903961885340316
0.23270740786331953,-0.5884863648196889,-1.2908798227535658
0.23300149892279673,-0.5881263855191541,-1.4962631005293943
0.23266564305450294,-0.5877484062068237,-1.6977239308259895
0.2326969764644198,-0.587469460757879,-1.908997646307915
0.23290614798785889,-0.5873064425328729,-2.0963115618173744
0.23356701529846613,-0.5871099518410698,-2.313846882703404
0.23441427624485778,-0.5874321095862524,-2.53294197469911
0.23503400445747555,-0.5879771004915472,-2.7248958271587367
0.23522031524168596,-0.5876693408710104,-2.9302410805021784
0.23537451833175116,-0.5875977717467246,-3.1173006474483795
0.23567561151224814,-0.5872008682479493,2.980761252082393
0.23616029966890173,-0.587334885647952,2.791907673379069
0.23642709121464975,-0.5877922369216703,2.6160274138475
0.2360312398394784,-0.5887280668943402,2.390209596155556
0.23630972041103626,-0.588911782006584,2.2190880963315265
0.23606361400751485,-0.5897476076615916,2.005468064448378
0.2360999385569563,-0.5899306615687172,1.8185666637754818
0.23619501755948027,-0.590249255848886,1.6243919885294031
0.23608281670643053,-0.5906914659895154,1.4188176933360437
0.23577755669488454,-0.5909715509463994,1.2013164130021168
0.23463201879606913,-0.5906108264838179,1.018262973896441
0.23444742243342964,-0.5909178859476855,0.8175205892383671
0.23398686524543352,-0.5908974886317931,0.6343511505505277
0.23356636084610571,-0.5911353203660868,0.4142254611223351
0.23300580460654363,-0.5902697879279338,0.2155414344998614
0.23233434347057952,-0.5899944038251693,0.018879294261815942
0.23199425895292033,-0.5893769038511545,-0.1889226563880156
0.23190343326726034,-0.589185716831025,-0.38864813954425126
0.23179044266868148,-0.5885194263888338,-0.5911730882196516
0.231944295787998,-0.5877980396983618,-0.7922328345068474
0.23226832987453838,-0.5869370702637939,-1.0016528335204766
0.23314193189797758,-0.5860441751177211,-1.2183747295775815
0.23335284947188661,-0.5856929826892934,-1.4214463281561287
0.23278895608230762,-0.585420003294023,-1.6165593183911122
0.23289453125072487,-0.5849878905904611,-1.8156820815876975
0.23355756539992278,-0.5851985549584414,-2.0214565456255094
0.2341806856611123,-0.5849482240144944,-2.240889333400851
0.2342935636531267,-0.58462324172082,-2.4481898791489134
0.23441461764768579,-0.5839782033416324,-2.625321617922426
0.23513182012391287,-0.5847866439493936,-2.8107187440657824
0.23522305773417443,-0.5846095225107707,-3.0097490741624675
0.2355137022241691,-0.5842367319289584,3.08042445174196
0.23588471612284434,-0.5842277160868965,2.8639114359192215
0.23610045059056076,-0.5847307022318414,2.6530203975980244
0.2363465287975725,-0.5849810453115455,2.4820481097584755
0.23660105089921313,-0.5851805621419746,2.3193975186170945
0.2370841978692556,-0.585286065062747,2.0958682682615484
0.23628099407385306,-0.5862467859485703,1.855834412263156
0.23687499012861296,-0.5864015136687656,1.6705426567552892
0.23723542331842873,-0.5867272302945515,1.4837169329096274
0.23675400067311306,-0.5869821826905662,1.2958357812031749
0.23592846555798433,-0.5869447168967388,1.1055975208810254
0.23503949021410894,-0.5867154654050865,0.9101965701435923
0.23405684333335544,-0.586307742684008,0.7422518532249063
0.2336457240184411,-0.5864352139079142,0.5194417860823122
0.23318195424538274,-0.5862724486695563,0.34338864773537603
0.23260655866849356,-0.5854168508122449,0.1427963533562217
0.23237278830153613,-0.5857541738573301,-0.048030969451711335
0.23176140181150773,-0.5859962827796883,-0.2570511138900861
0.2314409978548644,-0.5857872665328724,-0.4776318620024599
0.23101852823806918,-0.5857480109235051,-0.667534252302235
0.23095896031707933,-0.585154249905866,-0.8820471541962298
0.23148543936323532,-0.5844199429997378,-1.0990408221000973
0.23184129030960454,-0.5839643952910174,-1.2833557031227116
0.23206825451341834,-0.5834992684864276,-1.5064836754094986
0.23226782587888548,-0.5831165504776343,-1.70414204688721
0.23287666302134835,-0.5827746341139548,-1.9145693161763886
0.23385434253014892,-0.5827295899579387,-2.127089393557815
0.23374303535402427,-0.5820673380664934,-2.3308622497538254
0.2343382022447977,-0.5820995817047383,-2.523096366151625
0.23506607308937622,-0.5827597938951191,-2.724942050224626
0.23508441115419768,-0.5825322982764521,-2.9166492880305563
0.23545937590714028,-0.582530209458689,-3.1041409533297477
0.23582389971408782,-0.5822188728497187,2.9849486719483753
0.23576344691641904,-0.582907350946252,2.7827935809218753
0.23641644830642694,-0.5834727514262763,2.582203823808525
0.23651979631863299,-0.5836561396576854,2.3834779280978675
0.2365228815799623,-0.5841723381660355,2.170699601928839
0.23592781951352784,-0.5849756075531273,1.998818301588377
0.2358842077219411,-0.5854048212771223,1.8043610542504007
0.23618041266912945,-0.5856260971804984,1.6074040586017349
0.23633290471317805,-0.5860030560120582,1.4091524353190148
0.23578194124953938,-0.5863228819757575,1.2343504775800587
0.23553961770531337,-0.5866495452456278,1.0350426273831272
0.2355618692559468,-0.5871127514334257,0.827569944422371
0.2350865052549815,-0.5869329708821824,0.6357202832501517
0.2346902020701242,-0.5870025059405349,0.43484212217863527
0.2343064751139648,-0.586705535935725,0.22604969695278082
0.2341550791166585,-0.5870244817140323,0.03745855775395154
0.2339463600347822,-0.5872480465964472,-0.1645236724115022
0.2337393102020222,-0.5874327498525311,-0.3501252055676427
0.23326222981749992,-0.5871668281783161,-0.5503799208829772
