-2.047005039105599,-0.0877365938079662,1.619453320093082
-2.046793924805805,-0.08771696389293952,1.610291309337872
-2.046716034825878,-0.08771293255640761,1.609534844353513
-2.046784898761971,-0.08772124662560646,1.6040054776663566
-2.046977497880793,-0.0877290918627992,1.5960450364663534
-2.0470127693247235,-0.08773065438381832,1.594719667443585
-2.046884589376485,-0.08773523891498636,1.5998607629088983
-2.046803112660456,-0.08773667971779656,1.5983527823034374
-2.046728110846077,-0.08773157927546538,1.5986196726301454
-2.046665310835524,-0.08773303040727258,1.5985500428391073
-2.0466153434134515,-0.08773238054856358,1.5986303578465186
-2.046355999429327,-0.08775787599170212,1.5876170353249326
-2.0458775247885583,-0.087772670169303,1.5750341814284703
-2.0454097518899443,-0.08779582306564016,1.5624272651152877
-2.0450654952885645,-0.08781313231136136,1.5525563533774114
-2.0449634107363814,-0.08780973577855805,1.5515801980087833
-2.0449234421143188,-0.08780966781921096,1.5505190956430959
-2.044908647852131,-0.08780953242973866,1.5500743075820314
-2.044902452674643,-0.08780945391606249,1.5499002107448505
-2.044899288490694,-0.08780941505205701,1.5498467093943822
-2.0448917332167134,-0.08780876325950492,1.5503813528629675
-2.044893094642287,-0.08780949774110017,1.5499356891568712
-2.0448930105631233,-0.0878094309173202,1.549923490355993
-2.04489198779438,-0.0878094087141761,1.549942699261595
-2.0448906293264737,-0.08780940335377387,1.5499735461702544
-2.0448891520219243,-0.08780940417090731,1.5500087893376617
-2.0449169219067804,-0.08781326894958925,1.5469186163348556
-2.044928834827707,-0.08781266518132498,1.5465463703028117
-2.044932131183825,-0.08781244227593138,1.5464278099970763
-2.0449321913445186,-0.08781236633410103,1.5464055734924245
-2.0449310263797096,-0.08781234661630886,1.5464206643537972
-2.044929397404496,-0.08781234844037498,1.5464502792957122
-2.044927594227824,-0.08781235847274256,1.546485552423065
-2.0449257275255612,-0.08781237157165987,1.5465230263310423
-2.044923839633154,-0.08781238575067658,1.5465613501668514
-2.0449219467581408,-0.08781240024148111,1.5465999953644864
-2.044920055103687,-0.08781241474683772,1.5466387548562301
-2.044868172831782,-0.08814034907487552,1.3683722785575783
-2.0454721346739926,-0.08826817088780746,1.1638101038276405
-2.0464762560634875,-0.08820329416923371,0.9542870434280649
-2.047114355434836,-0.08797013363331445,0.7457140415859955
-2.046929016024315,-0.08858436200278241,0.5681143014528582
-2.0477990619020665,-0.087894489150372,0.35445106362417217
-2.0482794549362353,-0.08768553983585177,0.1626729621693182
-2.048670463800162,-0.08729979323466452,-0.029926204425252397
-2.049060421509737,-0.08745251715040922,-0.24076203276957156
-2.049256559132822,-0.08674538929975488,-0.4315015450817802
-2.04963138800189,-0.08703914059020422,-0.6268776974852442
-2.0494955151706127,-0.08647282795480973,-0.8172981202850763
-2.0492482729044816,-0.08594866513429092,-1.0108996916094042
-2.0496429253333672,-0.08580450004160524,-1.203899491947555
-2.0491620658571508,-0.08499868258743776,-1.4168299111122038
-2.0485732074069793,-0.08428819506265983,-1.604365096379449
-2.0485064106252864,-0.08389410406691929,-1.8110507976587393
-2.048014921572004,-0.08367345308136305,-2.020283262671663
-2.047610272255068,-0.08363274340703158,-2.2033929691128438
-2.047141120968407,-0.08361161401880352,-2.403992543587805
-2.046976314842609,-0.08317488179214799,-2.625409635347903
-2.0463319115155656,-0.08366868199908935,-2.828205779022878
-2.0454269829822285,-0.0846677283292845,-3.024341577741933
-2.0450622272724037,-0.08473497184192107,3.081379836361744
-2.044851240674401,-0.08513725311916155,2.8804840718272424
-2.0447283107681526,-0.08546933636959708,2.661521198706404
-2.044747222918293,-0.08605179767057385,2.484092294206947
-2.044987965094231,-0.08675888511980749,2.279171897867757
-2.045991582222975,-0.08783851220764571,2.0775313384962435
-2.0462626293384933,-0.08812994069074923,1.8891876504316034
-2.0461479395375437,-0.08814188712448148,1.7006407425627357
-2.0458203917983866,-0.0884956360644604,1.5041420118301023
-2.045800897451928,-0.08894724667845313,1.302338409873923
-2.045723381023346,-0.0893261071713258,1.0986077304613882
-2.0453477671293814,-0.09016655178074173,0.9207298599529337
-2.0452778225243806,-0.09072182085207038,0.7400703906952482
-2.0456160252067175,-0.090822852663268,0.5331738352127828
-2.046110304624196,-0.09051835991034049,0.3291175958591587
-2.0462488967578376,-0.09073586658244512,0.14260220865704115
-2.046738996104878,-0.09043105054083843,-0.05840049956359623
-2.047072034604139,-0.09009292750681601,-0.2649380699255776
-2.047449758444976,-0.089865384190654,-0.4966556589886483
-2.047864661360089,-0.08960871325166127,-0.7151263362338312
-2.04799637275928,-0.08914620781967168,-0.9286876807642459
-2.0479465182796384,-0.08856292396082384,-1.1327258132990106
-2.0473236204607477,-0.08808488817497545,-1.3541683064927792
-2.047108064148878,-0.08766702384813117,-1.571250814252284
-2.0472348261161555,-0.08720791181022684,-1.778971971895275
-2.0468969871325897,-0.08703135223743441,-1.9792958760717498
-2.0461302434197277,-0.08689077431652319,-2.2079439332959954
-2.045877438557753,-0.0865869276057139,-2.432476590720692
-2.0452601910132655,-0.08694999395948726,-2.6436915303677684
-2.044871738733596,-0.08679884272912611,-2.858991172064737
-2.0446820505392145,-0.08632788684352513,-3.0612670900985095
-2.044255971580837,-0.08614284691362442,3.011725745928928
-2.043713837267895,-0.08648421905157572,2.7953587302278824
-2.0432818724810353,-0.08669332534226722,2.5832389833238896
-2.0428022384048874,-0.0867886802638207,2.383549768948694
-2.042749457557144,-0.0871934940416151,2.1695285793001813
-2.0427841835053897,-0.08727288609729317,1.994252990553263
-2.042712872459451,-0.08740349824797394,1.7933316400719022
-2.043204662505391,-0.08781617334647436,1.5955238986363736
-2.042960054830526,-0.0882014219168354,1.3915883065865315
-2.042734506274448,-0.08901568447356051,1.18055201060185
-2.043609910794341,-0.0890882237475693,0.9677045730448735
-2.043823592220171,-0.08931754934805528,0.7653149581079113
-2.0446476431090677,-0.08869451400464325,0.5565245622218964
-2.04518694687941,-0.0886756284641126,0.3522525448930194
-2.0454471178886666,-0.08912552843786328,0.1763607685214444
-2.045785916905197,-0.0893171634064187,-0.026724559189800455
-2.0453193789365116,-0.08951755554366451,-0.23663072171421468
-2.0456260697428013,-0.0893467658975052,-0.42773319649374997
-2.045777564140225,-0.08941570006659134,-0.637836048247151
-2.045839897883464,-0.08905353230153777,-0.8459440533842099
-2.0455822101184578,-0.08834935691562398,-1.037638873693157
-2.0448953928608087,-0.08743641990649248,-1.2345498421257821
-2.0449812090153356,-0.08707602420474035,-1.4328968060255234
-2.0454376881544536,-0.08678232306731647,-1.6265973044961402
-2.0450898978072236,-0.08641464509059843,-1.8313990548709316
-2.04477549475407,-0.08607112475596747,-2.0607389727759235
-2.044795687547237,-0.08586286698679055,-2.259623151380833
-2.0438200658751695,-0.08632511594784104,-2.4729665991670893
-2.0434546947697836,-0.08617930427340471,-2.677397562626625
-2.0428412660957544,-0.08668057752725937,-2.869541207235153
-2.042658334367309,-0.08674628971066478,-3.0689635042592913
-2.042368541200351,-0.0866802992176355,3.0229393988632074
-2.0419948738693523,-0.08701396275511343,2.8095866143888184
-2.041554840360167,-0.08721961081924227,2.5956089654874748
-2.041536577564555,-0.08772401326673436,2.406845114295096
-2.040743257177132,-0.08754030742431744,2.194535507732555
-2.040566752011294,-0.08786686511073317,2.0054855835973893
-2.0405799072862236,-0.08815628523648417,1.8240810935092415
-2.0404597705653424,-0.08851644271280751,1.6141258601130848
-2.040254570110411,-0.08891685791672466,1.4013084888929455
-2.040076551682223,-0.08920593696868102,1.1698759155509908
-2.0407822638696973,-0.08935863430193096,0.9577179774287814
-2.0418550167804943,-0.08878329537183192,0.7796519699275932
-2.042385635711971,-0.08863424091890595,0.5822210539562044
-2.042616292211913,-0.08877655594405408,0.4074055219810124
-2.0433619973841317,-0.08824012329933063,0.20846577803093855
-2.043721725154835,-0.0880589360356104,0.0034043399914465812
-2.0440860462390136,-0.08795735476059854,-0.20416461092160912
-2.044189723348873,-0.08753380272989333,-0.4051467131536228
-2.044286751757845,-0.08686475864161501,-0.6206876189555194
-2.044966845594148,-0.0870192173803607,-0.8356860818226333
-2.0447470274406805,-0.08639477001320417,-1.0432163617460153
-2.0438657918446768,-0.08563671086413169,-1.2571304122996134
-2.043849070060397,-0.08525042286946558,-1.4524442009077432
-2.043929408309171,-0.08491847103613337,-1.637220189522245
-2.0438398418035333,-0.08454502308965789,-1.8498484024653645
-2.0436857702628166,-0.084682872975445,-2.0579165924170972
-2.043484558740527,-0.08448122949029177,-2.277133951801969
-2.0433372007635433,-0.08400436247569323,-2.4924514269003666
-2.042902798736037,-0.08398243911427514,-2.6944868340731127
-2.042044378837389,-0.08441719951315929,-2.9001070969765355
-2.0417696210097533,-0.0842592561763768,-3.0877522695748305
-2.0415698319396958,-0.08392396062226298,3.0018132412399625
-2.0411976023442966,-0.08368641288097524,2.8002962499716713
-2.0409182475223133,-0.08418051657836326,2.594803004333105
-2.0411932527939154,-0.0849694342540048,2.4208790913241414
-2.041047727052015,-0.08532953612632561,2.2471940191641417
-2.040621051167169,-0.0854732213031026,2.0572854617314817
-2.041379605294315,-0.08626298658348737,1.8464212147486738
-2.0413363153677926,-0.08649560302126226,1.6737939461838114
-2.041525189718781,-0.0869399343414108,1.4849600326107901
-2.041943067288004,-0.08711929833945956,1.2845197445801124
-2.04257073974227,-0.0874381427273453,1.0560206849229765
-2.0437737210354263,-0.08702125799636734,0.8617119410891909
-2.0442054558765625,-0.08691032194319456,0.6599929534017585
-2.044579712529238,-0.08702699561696653,0.47556994946359865
-2.045010904729029,-0.0869096151201898,0.2792387748841667
-2.045578650711809,-0.08669638234352947,0.06952098934615683
-2.045818442530157,-0.086434084520238,-0.11751029929313352
-2.0463304139416825,-0.08656131664659458,-0.3188946634133854
-2.046505886278682,-0.08615774373952118,-0.528314010415842
-2.046729885921966,-0.08572970063711532,-0.731653989029655
-2.0466396554953223,-0.08498446169992731,-0.9618494384856423
-2.0468645004174943,-0.08461862988141548,-1.1678331758856964
-2.046974109299821,-0.08428727657086477,-1.353808337693179
-2.046458312134495,-0.0836826788946106,-1.5520981812355108
-2.0466299884012136,-0.08343248904789778,-1.7460273577703216
-2.0461580443151277,-0.08276851456039035,-1.941320522017369
-2.0455738950972373,-0.08259411529919733,-2.1197024650776073
-2.0448078887345584,-0.08282641580037983,-2.3287078849760157
-2.0446948485970604,-0.08236819643362124,-2.510637049058497
-2.0448099897238587,-0.08171829828078903,-2.696839660603543
-2.044554672723128,-0.08158105621897062,-2.8870995846720993
-2.0442204101824735,-0.0807023659807776,-3.081410237456039
-2.0439701466057096,-0.08033017803717728,3.0121260952359554
-2.0435438447444265,-0.08109093055817555,2.7933405058107237
-2.0435038643132764,-0.08160994805948714,2.584427473119429
-2.0439382438975575,-0.08272460337827307,2.396735125443426
-2.043675978204981,-0.08303197719626101,2.1841340723136247
-2.0438145845943767,-0.08360633885498403,1.975822750111546
-2.0440314652559697,-0.08397320147939552,1.7522823910944625
-2.0442433540775014,-0.08449488321186989,1.5504178128238915
-2.043894908495667,-0.08488024215619282,1.3402656634203864
-2.0449599544559436,-0.08501644979710551,1.150973310555987
-2.0456640653235763,-0.08501585096930597,0.9663818787127259
-2.04630176331475,-0.08500273224451962,0.7421732297480788
-2.0466876453806555,-0.0850532258310368,0.5561096234911805
-2.04743419583827,-0.08462590756011618,0.3859241524222975
-2.047998238523402,-0.08431384613700753,0.18175645969077056
-2.0484477569748387,-0.08418639969723275,0.002737395151999976
