-1.5626122699800804,1.4312971086662372,1.6221552433178363
-1.5625410361517296,1.4313179928460746,1.5807638364824572
-1.562746337186345,1.4313351516985937,1.5823687652857505
-1.562877617655561,1.4313271230605447,1.573468298918518
-1.5629220467025193,1.4313306387511522,1.5724397419932192
-1.5629179351553195,1.4313316394501954,1.5723882613379276
-1.562916099315379,1.431332021562011,1.572377267818649
-1.5629150835595114,1.4313321743775187,1.5723832722369748
-1.5629142631761037,1.4313322464625882,1.5724002668300263
-1.5629132417360703,1.4313322993407314,1.572430457402934
-1.5629115364368171,1.431332368856861,1.572484893804743
-1.562908247781805,1.4313324963574976,1.5725901914928166
-1.5629014856033614,1.431332756754061,1.5728027092217882
-1.5628872993475091,1.4313333056470083,1.5732437893856954
-1.5628572413901551,1.431334480817455,1.5741805227897778
-1.5627926530479874,1.4313370679752597,1.576248700527267
-1.5628810959919155,1.431330235086702,1.5720557694517854
-1.562959730902682,1.4313299229109453,1.5704217635742113
-1.5630294815583912,1.4313277163492908,1.5688142906253875
-1.5631623146652842,1.4313230384418962,1.5651430958880928
-1.5632127384002232,1.43132046907352,1.5640154354905074
-1.5632445649393991,1.431317509466705,1.5631286469406362
-1.5631365694233743,1.431334537454844,1.5672245385987482
-1.5629741040924034,1.4313506028305745,1.5711017671656589
-1.5627781255863415,1.4313561062884779,1.5759025968703728
-1.5625294961016711,1.4313631885015279,1.584040545035923
-1.562184041295568,1.431363357738793,1.6005727313309404
-1.5622645163880258,1.4313550509263653,1.599028460274606
-1.5622903733450402,1.4313518914825334,1.5985202102458176
-1.5622990385608573,1.4313504579545226,1.5983841991220724
-1.5623018721428141,1.4313496126438932,1.598375149963362
-1.5623025799003198,1.431348979792317,1.5984124216877948
-1.5623025112119175,1.4313484225757978,1.598466743792829
-1.5623021596720277,1.431347891057262,1.598527448749624
-1.5623017052013775,1.4313473670314847,1.5985906727475858
-1.5623012133681267,1.431346843856894,1.5986550210506416
-1.562300708071753,1.4313463191025044,1.5987199928362517
-1.5623183717817435,1.4310700885213703,1.4296140040162193
-1.5625054743499829,1.4307057189246493,1.226877110574057
-1.5627356970874728,1.4303408085178502,0.9999969216860347
-1.5632177932424436,1.4302038597683169,0.7862932425200977
-1.5638837988154723,1.4304147643510425,0.5919680908325541
-1.5646880016001996,1.4305710746315392,0.40437969035760735
-1.5652678822252717,1.4313233680764477,0.20513532105899812
-1.565587049379145,1.431352183888665,0.0009187468947047661
-1.5659544090530366,1.4313767901810006,-0.19682629745700558
-1.5663623653218819,1.4313058236572493,-0.4057873929438042
-1.566589453860929,1.4315864012154766,-0.5812342931200788
-1.5670201001664419,1.4319369016054992,-0.759817134776999
-1.5668801257870488,1.4325717238523124,-0.951487438276056
-1.5666017012120708,1.4330478635896902,-1.1409222253154938
-1.566660624453034,1.4335944500691866,-1.3425205304828671
-1.5669210006814032,1.4338153588031122,-1.5224152160973887
-1.5666758654753394,1.4342600740478346,-1.7187848696752817
-1.566333920582653,1.4345075112668881,-1.9168837739820228
-1.5662578520811947,1.4352211039699934,-2.1040874860999814
-1.5657229014353096,1.4352611002632045,-2.278833467497722
-1.5654957650772956,1.4355972259764709,-2.484191137844943
-1.5649668533082577,1.4352575989095548,-2.689834379523452
-1.5642669360228691,1.435352346169022,-2.9024432139313663
-1.5634291036750294,1.4353782032935385,-3.09240158649584
-1.5629874433136899,1.4350947986254117,2.9964443966046606
-1.5628592817797498,1.4356254899065855,2.7967417638456142
-1.563194554311443,1.435129654909323,2.613920962304594
-1.562587462816818,1.435207480676781,2.42530245460579
-1.5617433736513744,1.435523109085663,2.235964575774953
-1.5616895824400885,1.4350310422425714,2.0449417679777047
-1.5622675535062318,1.4344775842075885,1.8397564819378527
-1.5622528647617289,1.4343914285629737,1.6447595032224231
-1.5620752214236648,1.4340378049599525,1.4487091953559257
-1.5621491478478997,1.4336044620156922,1.2246872821677661
-1.5633920288767793,1.4335622882843726,1.012821457368699
-1.563858910190537,1.4332857126031913,0.8071148765188874
-1.5647596834533266,1.4337664160698549,0.6076390162724375
-1.5652688979371299,1.43407751942687,0.4363866315498915
-1.5657577850920668,1.4345346467656968,0.25119480547153916
-1.5661633070154775,1.4346910972740905,0.049587898520611
-1.5665791206436017,1.4346344917968428,-0.16195278208788022
-1.5668466601940285,1.4349438072636795,-0.3553173733231061
-1.5672523918734493,1.4356445579201011,-0.5893509265198381
-1.5667528007711355,1.4365379890207683,-0.7805501485603533
-1.5674574593392412,1.4364595391220563,-0.9504438204943091
-1.5674530745656892,1.4369598563468906,-1.1447756435932412
-1.5659241564744513,1.4379938379610164,-1.3348828034597282
-1.565855398913349,1.4383952535847735,-1.536483444466029
-1.5658413491480774,1.438659631669752,-1.7332199950501086
-1.56607883751556,1.4390724256264715,-1.933296520472658
-1.5656276022556235,1.439400808733331,-2.128716715688349
-1.5653406457237264,1.4396094336340874,-2.323276253869299
-1.5652651522173728,1.4400305578167458,-2.506371644802434
-1.5645714804164819,1.4396166997562452,-2.728259789454888
-1.5641631258044462,1.4393761736573405,-2.894977028906971
-1.5640414675518914,1.4398155278794353,-3.0942696732390886
-1.563741099654283,1.4400600920932043,2.988245268845739
-1.5630797854639102,1.440418584433563,2.7763794827851953
-1.5626813944855056,1.4402826036332228,2.582245897442709
-1.5624133668715317,1.4399107252594863,2.383470616948291
-1.5618734137835004,1.439798777508217,2.162387965181359
-1.5617569501593709,1.4392964263067598,1.939536403642285
-1.5621787220581684,1.4388983828716757,1.745966877721142
-1.5621524020287756,1.4386430909416656,1.5476187251736224
-1.5617401563252447,1.4382089789345844,1.3512577570582496
-1.5621793411127345,1.4382078820822153,1.1459206821600545
-1.5627981280391847,1.4381952285689026,0.9515043334347907
-1.5636188449912956,1.43852402163263,0.7682018667334136
-1.5638756635148514,1.4381877544290298,0.5502230463302163
-1.564127922338609,1.4381983266604945,0.34601787974452974
-1.564244786969393,1.4377316657229067,0.1454972316650438
-1.5645218133456789,1.4374101324979887,-0.04522991402663273
-1.5645966191249006,1.4377126711058172,-0.25704967018201663
-1.5648305281722852,1.4383634990508005,-0.4627214852199433
-1.565049633152937,1.4389063410251812,-0.6854996586705299
-1.565099039046255,1.439265513353701,-0.891536374342388
-1.5649413410646114,1.4398784861150467,-1.1128098906504789
-1.56522479609584,1.4402769351225098,-1.2989678629508927
-1.5654301540773667,1.440588190021988,-1.4869182419296565
-1.5655311658925046,1.4410288596403187,-1.6950235948607273
-1.565417504093013,1.4413239985441144,-1.8879798857954415
-1.565471226086461,1.4415291706264939,-2.089251361908842
-1.5656348401969007,1.4420815957308657,-2.2640923398850195
-1.5647231126507066,1.441854291219453,-2.4469256298589626
-1.5644002199673184,1.442170543037737,-2.6598973027949
-1.5644481607731415,1.4426858430205136,-2.8665142514361954
-1.5640851807682599,1.4421106047157337,-3.0600897223055368
-1.5637715026355565,1.4423247469715474,3.0234797229312007
-1.5636311580796618,1.4419222106710239,2.829478577739546
-1.563148802425984,1.4411655593873707,2.6084342881725076
-1.5627417578888514,1.4410533204620326,2.4244134665791197
-1.5626070322615544,1.440517891415133,2.2241688659941166
-1.5628849443686943,1.4397754590093619,2.0202464128714266
-1.5624586181386335,1.439555737622315,1.8088623444555467
-1.5627569211107704,1.4391145658342341,1.6093569441382736
-1.5627608184713646,1.4387599625425849,1.4098645091094246
-1.5627390336812799,1.4388289277023554,1.212501809454009
-1.5629611187472081,1.4389665276963215,1.0071472800768404
-1.5637934337570654,1.4391403337636903,0.7798460718993293
-1.564039313431867,1.438881333212917,0.5770731333337068
-1.5642265436335159,1.438539138229329,0.3619118869948398
-1.5644351950027735,1.438612641435597,0.17769699609671125
-1.5646588923561082,1.4383340343694255,-0.010278277070175007
-1.5650155788893616,1.4376892612350014,-0.21075945640807714
-1.5649393607746527,1.4385094738740878,-0.40601734326443933
-1.5655546365360975,1.4382676402212353,-0.599015647350384
-1.5658999757117078,1.43841032767256,-0.8070285590175952
-1.5660194235633444,1.4388385922467959,-0.996341961608305
-1.565922307960958,1.4393372736753773,-1.2106038829644539
-1.565646592070142,1.4397680849310415,-1.4145381260648595
-1.5658084708348954,1.4401591529204705,-1.6310230780255197
-1.565574532585897,1.4406701914307216,-1.8482375841504737
-1.565471370661477,1.4411177178593852,-2.036402340600481
-1.5651363306625086,1.4413054106338334,-2.2475857070776804
-1.5650561812943822,1.4417965961892083,-2.442655022101095
-1.5646669956711092,1.4414951698822114,-2.638015484260892
-1.5641063252848841,1.4415710059840932,-2.8401005118322398
-1.5634283551875743,1.441432759770233,-3.0359737078749136
-1.5628865644813426,1.441095642809412,3.0664401490899937
-1.5622781261024357,1.4410337164727078,2.848759083974435
-1.5619788663364005,1.4411811872506082,2.6499230473209474
-1.5616964284056136,1.441066245927699,2.4785104354954615
-1.5620127279743072,1.4403685339409573,2.3026656800510206
-1.5625479297685334,1.4394422320063018,2.095157126021709
-1.562592911763642,1.4390761936442715,1.8802132178754134
-1.5625995481239823,1.4383721287937985,1.6808496973929083
-1.562878980106162,1.4378924784458096,1.4804951160206359
-1.5630499917903313,1.437747465220377,1.2845759386376612
-1.5631594622052318,1.4374675690396699,1.0821462949158425
-1.5631999738139688,1.4372756106011473,0.8976816366291271
-1.5637078760570324,1.437262148368472,0.6842501664340737
-1.5639842431307587,1.4370355670236985,0.4932881222861893
-1.564460870978616,1.4367354343470495,0.2744106266529025
-1.5651090208561251,1.436532710077886,0.08704986402375767
-1.5654551979939817,1.4368573650143333,-0.10869263044208838
-1.5657724416090155,1.4372459837782623,-0.319117021020981
-1.566447269998019,1.4370475910994864,-0.5323854817515173
-1.5668486093633762,1.4368465747202266,-0.7241980555574742
-1.5668625016045499,1.4373737686199104,-0.9316561988433325
-1.5666311814122902,1.4380296265050136,-1.128665498121167
-1.5664468980097637,1.4386505622609664,-1.3026401026647394
-1.566303801319156,1.4390439644095774,-1.4962945282390747
-1.5663529462252883,1.439330573929665,-1.6757346180136117
-1.5663001697697536,1.4394865559537795,-1.8721280945239427
-1.565360483881731,1.4395004332671815,-2.0627430206808963
-1.5647951173521277,1.4395598036844983,-2.261782304341975
-1.563960058300147,1.439140070980141,-2.4432730139369876
-1.563329965953968,1.4388405332261864,-2.6536300908561734
-1.5632025248244965,1.4389222349362427,-2.8418798544785053
-1.5631361669847519,1.4395630818117202,-3.0367522503887354
-1.5627583434705363,1.4392994038878926,3.0490707241164787
-1.5623593293322595,1.4389263381384145,2.8378496135763314
-1.561722427747695,1.4390547123044792,2.6187318671986484
-1.5614409902055413,1.4388104974006348,2.413484489291059
-1.5617152207887806,1.438076276097885,2.2027014269526886
-1.562228060643867,1.4373743971774944,2.038987703465013
-1.5621857145073814,1.4370708405883748,1.847875925522797
-1.5623036401145607,1.4365605932019636,1.648219723397399
-1.5620368914230631,1.4361732253248012,1.4531396596461532
-1.5618655411610511,1.435728921477383,1.2570660588876115
-1.562574738006713,1.4359482688609073,1.0698064755744217
-1.5631802744736127,1.4356787402053535,0.8819962212546653
-1.5638303196250134,1.435714383646126,0.6491887986949261
-1.564096240096606,1.4356499720487959,0.4947428790103883
