-1.2010559851738465,0.11457902493866066,1.5858537204653465
-1.2020985135645017,0.1145186127917058,1.5648127567277126
-1.2028793696583013,0.11452246902015353,1.564476671199598
-1.2038753726046654,0.11453258220913298,1.5647541961969273
-1.2038369317917812,0.11455421874002637,1.578969923503825
-1.204222811351353,0.11455156340016139,1.5846247853770117
-1.2051110123890325,0.11450773482360539,1.5726456062669216
-1.204983392347388,0.11451717991076175,1.5763877159454847
-1.204893313226965,0.11451853201756164,1.5774751319120792
-1.2048671869202392,0.1145180986573437,1.5775745079114092
-1.2048593595760364,0.11451830559167311,1.5777393851846169
-1.2048559352371466,0.11451850355435964,1.5778372602795112
-1.2048552528885605,0.11451715222405259,1.577413766404847
-1.204853398970672,0.11451867829964545,1.5779013834265108
-1.2048535523411352,0.11451733241786714,1.5774671642017966
-1.2048520188634604,0.11451885188246627,1.5779477928457153
-1.204852288265474,0.11451750298584992,1.5775106274149444
-1.2048507950870133,0.11451902013426181,1.5779896914425917
-1.2048510710263456,0.11451767103290884,1.5775520865336277
-1.2048495759322329,0.11451918851268147,1.5780310361438374
-1.2048498420305926,0.11451784048520251,1.5775936389097989
-1.2048483387068536,0.11451935912601116,1.5780728238546113
-1.2048485923976147,0.11451801256265455,1.5776357909374206
-1.2048470797700368,0.1145195325993755,1.5781152950203483
-1.2048473204513013,0.11451818762571933,1.5776786681873576
-1.2048457981707832,0.11451970914153424,1.5781585160560767
-1.2048437849480709,0.11452158793848645,1.5787567136380554
-1.204842720538875,0.11452180475045479,1.5788196117755555
-1.204841747768201,0.11452197209427775,1.5788647919747796
-1.2048407969512145,0.1145221182124543,1.5789024716494433
-1.2048398450979554,0.11452225568011846,1.5789370811269012
-1.2048388850890828,0.1145223901245715,1.5789705547717565
-1.204837914908751,0.11452252405392045,1.5790037354801876
-1.2048369340496294,0.1145226585867673,1.5790369909650723
-1.2048359423799997,0.11452279422689715,1.5790704828669837
-1.2048558245934988,0.11441131165611988,1.4203361700411192
-1.2055162441039047,0.11388611648062016,1.224852386464457
-1.2062813778470245,0.11406042023890481,1.0489818436914633
-1.2064198225768108,0.11376480114443657,0.8454197314418247
-1.2068021686307917,0.1136755422336388,0.6567387044757275
-1.2076588727191386,0.11441796314537135,0.4498928993011364
-1.2078935583059907,0.11419163917208265,0.2647793771889301
-1.2084433536559533,0.11383047757865947,0.06205518051707423
-1.2088681686328158,0.11410043006498442,-0.14837141557385394
-1.2090701789844294,0.11488327230894999,-0.34198253750985075
-1.2094361079567384,0.11482494380724668,-0.5255346322272709
-1.209514497283311,0.11525369370916612,-0.7181537161749594
-1.2097212447463472,0.11542902165941071,-0.9183382372896083
-1.209563431551065,0.11585730339654153,-1.112739530761497
-1.209150792269026,0.11648939997281675,-1.3134160932646521
-1.209298759750167,0.11687889224661517,-1.4962773476878175
-1.2097276015441563,0.11720490159380156,-1.6934513035181709
-1.2096059165673556,0.11788837387640524,-1.8743338583637326
-1.2087209310777747,0.11816693830655699,-2.069714355955588
-1.2080703800880188,0.11806841277645296,-2.268444929376923
-1.2073665815085386,0.11782022759917683,-2.4506825377651276
-1.2068661612553346,0.11780183696192842,-2.6581375429850644
-1.2061736532019125,0.11722306353805158,-2.851451396640819
-1.205707405799053,0.11699919628006078,-3.0604108101376886
-1.2053357806981109,0.11671867969126345,3.017964677777776
-1.2049286319903618,0.11668836172296398,2.802370694738131
-1.2048373341707619,0.1162663498632735,2.589133401618425
-1.2046581674522303,0.11561929901480383,2.364571989449176
-1.2048369043135516,0.11493457488096362,2.1502364791344135
-1.2045228905942762,0.114812403269514,1.965077772040456
-1.2046376121657918,0.11406450795449644,1.7674216571305232
-1.2043810279799028,0.11378961723548532,1.5755729951119548
-1.2040185592032029,0.11342930369785847,1.3619247171095787
-1.2042205445980165,0.1130285450535405,1.1473835108191062
-1.2050097395799497,0.11318864286851493,0.9796871854760051
-1.2054739893334563,0.1129862761197656,0.7751962047126871
-1.2058635301998764,0.11263914224056171,0.5706144880560937
-1.2065443520348265,0.11309792251738762,0.35210952153397135
-1.206761557356331,0.11277482602250274,0.1397340108542569
-1.2071604923963521,0.11293233976253075,-0.05325062622316888
-1.207517795910517,0.11283668798637207,-0.2574931213765917
-1.207799214644795,0.1130096040028142,-0.47309339647993887
-1.2081194308124301,0.11356320210316764,-0.6941037890845648
-1.2084604025155898,0.11373311760643999,-0.889781364890928
-1.2082389882021909,0.11432345966407231,-1.0668640134304488
-1.2082297642102693,0.1145326070006727,-1.2536530144249873
-1.2084361733230018,0.11465597151105665,-1.4561586258558261
-1.208602666908161,0.11493846532460779,-1.6555820982333103
-1.208641076040733,0.11540077318615632,-1.8490682636477924
-1.2083293130647772,0.11567091266993092,-2.0631787130347736
-1.2075882905952533,0.11552169887651288,-2.2554703742459488
-1.207084881949632,0.11562447635344988,-2.4816652318284627
-1.2067252864886668,0.1154965743649285,-2.670082182173732
-1.206361157379889,0.11531886073696576,-2.8808031219187944
-1.206006941356922,0.115651743494909,-3.0906154276066764
-1.2056194101571949,0.11627302402257451,2.9985131318122513
-1.205760128661682,0.11561337393606298,2.7921533783313377
-1.2050068227810244,0.1157209798758648,2.5843998062046514
-1.2046642199219848,0.1155846264681003,2.3968213730880774
-1.2051269693243813,0.11469075369893257,2.1920621395422364
-1.2046001085044977,0.11439887062971048,1.950412407440044
-1.2048814268126442,0.11384499140696039,1.741208008295665
-1.2046330964732783,0.11344449737587622,1.5360354317933738
-1.2048451000195293,0.11312328449956065,1.347337380868962
-1.2044994903453259,0.11231060860448358,1.1378413307735944
-1.2055595940780082,0.1126164799676906,0.9412371532910503
-1.206017648255723,0.11246582656817301,0.7244920851419694
-1.2066540830261807,0.11285902425966544,0.5578551927255039
-1.2069443894430771,0.1127512833305095,0.34277527909097655
-1.2072148548245425,0.11274059377730321,0.1379276290548721
-1.20759023608304,0.11274857495399623,-0.05539625952130561
-1.2080109227442424,0.11282291885390648,-0.24812898014818047
-1.208332290525272,0.1130179834104159,-0.46848771567647024
-1.208726784429502,0.11319246294857316,-0.6748055857915222
-1.2087318250854588,0.11365023755650644,-0.8732425297566969
-1.2086144893852842,0.11413740011178927,-1.0454939740779998
-1.2081260195570425,0.11475636085727292,-1.2487080459011997
-1.2078768390312293,0.1154637146526085,-1.4474987829494008
-1.2077924720818949,0.11588107136634866,-1.6287140221699237
-1.2075349371795043,0.11621765543134106,-1.8150308812507883
-1.2070091458545698,0.1166671123949442,-1.9867918250506353
-1.2069268991044004,0.11698646227303755,-2.166855077089435
-1.2066700878549346,0.11737158968336743,-2.382842411481356
-1.2063108201759403,0.11749401160104866,-2.588447475768731
-1.2060406509382926,0.11776061937925926,-2.784742775792217
-1.205960655247319,0.11807694777217195,-2.98525881010285
-1.2055027126213627,0.11761686740564317,3.10625211899801
-1.2050359247021205,0.11728427752178167,2.8813575072849256
-1.2047408060401117,0.11682859963163005,2.679921778879645
-1.2044005545435912,0.11647297005149436,2.504681048492651
-1.204251544749003,0.11598430738450911,2.2990845281409324
-1.205009895849111,0.1150149333079272,2.1109765343545077
-1.205432285881937,0.11446536281366015,1.9245039266462254
-1.2053168521397852,0.11424297618436592,1.7406201242105597
-1.2051819223377047,0.11387320788792289,1.5465136883785686
-1.2054830543174777,0.11352722927486023,1.3464919074424526
-1.2053655470222389,0.11337662132310239,1.1406487484672174
-1.205977122124978,0.11347418996029496,0.9551897103040949
-1.2058854107969113,0.11277664114170594,0.7416145533319597
-1.2065041717815057,0.11299580348353219,0.5333065566519836
-1.2069559294954717,0.11292184998967726,0.31181487125735824
-1.2075635583235111,0.11360082750978097,0.10578438762499018
-1.2079494935283621,0.1135103942729356,-0.0930639700667461
-1.2084694707671237,0.11299482925245562,-0.29640592522531123
-1.2085616372245478,0.11379312989105762,-0.5160689595265022
-1.208576851991985,0.11452973362608969,-0.7161349711797045
-1.2089671740145318,0.11468604094722833,-0.9120392674883759
-1.209431764503428,0.11495458928823583,-1.1100002287625528
-1.2094380436315222,0.11533408083049491,-1.3158370140632416
-1.209760017854484,0.11604429630490119,-1.5098218298509511
-1.209940296056196,0.11640409022430298,-1.7049228171824156
-1.2095169786255404,0.11676475150310822,-1.91500284326552
-1.2084932550425422,0.11681120912168913,-2.122362576396946
-1.2084726866742252,0.11728756320623324,-2.3517572010514582
-1.2081238306719786,0.11734819436888534,-2.5170973615027874
-1.2077685056390917,0.11757671029209227,-2.7374134414476865
-1.2078305250263603,0.11798935312927837,-2.9302631293309105
-1.2074569209089712,0.11842578067864076,-3.137741650463685
-1.2071212667877989,0.11848375677006115,2.9429485155216617
-1.2072450801614554,0.11786836892242054,2.7273912573852406
-1.206441356541919,0.11811428690628986,2.517731115398476
-1.2066414378213832,0.11755153844666223,2.332400146010587
-1.2067171645070816,0.11707387695744716,2.1190413475181615
-1.2066188538668334,0.11655934224032828,1.9191153598016504
-1.2068392866316766,0.11563497740612617,1.7254031536950099
-1.2072084407485835,0.11528600014214326,1.540937681673883
-1.2072773967609387,0.11480219853350782,1.3344271044123468
-1.2076098770925907,0.11441744027147398,1.1276188224175445
-1.2084671485061602,0.11435054055682807,0.8987831122999055
-1.2086845313143233,0.11397001892450627,0.6974611135516926
-1.2092287494386897,0.11404247283678141,0.4904141110112807
-1.209347796842158,0.11392129861818623,0.31678647851574454
-1.2093796808837833,0.11389177314261101,0.1211540649040327
-1.209643139183083,0.11345490103261176,-0.06805381159587266
-1.2099876134528211,0.11337496301735747,-0.2648963005240486
-1.210266620801345,0.11344594990195019,-0.47947804187801385
-1.2106550116828632,0.11347402026412697,-0.6690556437810673
-1.211266502508383,0.11338173742126503,-0.8556833773156589
-1.2113553105377701,0.11381014632003188,-1.0746986635298894
-1.211447542957426,0.11394168806026765,-1.2713116274671592
-1.2117819098685387,0.11408186111881494,-1.4657691657943068
-1.212044069792754,0.11435025191206491,-1.6609293361311954
-1.21205069629489,0.11484156374818769,-1.8603176274966156
-1.2118332926421298,0.1154168376871097,-2.0549669345884403
-1.2110932502411753,0.11528914500008702,-2.2663952483422545
-1.2102020338634305,0.11496483938549744,-2.4869808387865358
-1.2094170517155642,0.1143449383539022,-2.6701211455285008
-1.2088346991106265,0.11353049704103878,-2.8795539902086436
-1.2081819438661445,0.1134778250399332,-3.069678704759382
-1.2077794002182258,0.11298438656189047,3.017449708494819
-1.2073635583723115,0.11287021111954615,2.7783038694668423
-1.2071678498535954,0.11226046833511989,2.551237610399447
-1.2069332248816522,0.11182177213449629,2.3376964979286514
-1.2064210371520254,0.11175415777561414,2.1367796909704473
-1.2058747044774443,0.11169103536177215,1.9323847048420877
-1.205797858617282,0.11132505397622947,1.7457110870880035
-1.2062713788023312,0.11097203953903648,1.551553825239597
-1.205843613165292,0.11048747620701449,1.3418997365069545
-1.206311576666268,0.11020247034961062,1.1292329316927505
-1.2063041171304587,0.1098241320741907,0.9135322801717848
-1.2065713116814878,0.10955022165158702,0.7086539462015005
-1.2072824575120296,0.10996828123618761,0.5223632148234708
-1.2074928615895124,0.10977655057643874,0.31924874789609736
-1.2076397772140135,0.10983788853149051,0.1304918867837301
-1.2079597841130407,0.1096206705896085,-0.06444646327466225
-1.2083350185830588,0.10924107168131175,-0.27424333776911286
