0.24584559715634496,-1.6570677037407109,1.620948383199374
0.2456305206702743,-1.6569046063229673,1.591704928506387
0.2458868641014339,-1.6569977360802506,1.5631565555409508
0.24627125456513868,-1.6569848100322613,1.5845732694267576
0.246498996715167,-1.6569901445715916,1.5911221399081203
0.2468227608188835,-1.6570225044375837,1.5807813526312366
0.24732130698008317,-1.6570494338264032,1.5673999333442175
0.24769795142519857,-1.657068956513518,1.5549616247954694
0.24763839494193327,-1.6570575821315567,1.557339278390468
0.2476245464096893,-1.6570592476093151,1.5565674100927662
0.24761306386505352,-1.657057653338115,1.5568527630235722
0.24761350998766526,-1.6570595347367878,1.5563008209607823
0.24760784413125825,-1.6570579444943823,1.556702080825777
0.2476041161370596,-1.6570581149474455,1.5565962857953448
0.24760224199835576,-1.6570582642205018,1.556534814443146
0.24760111943587013,-1.6570583950035496,1.5564945791284832
0.24760029994128038,-1.6570585143595826,1.5564642389217302
0.24759960188386265,-1.657058627520011,1.5564384301819734
0.24759895215363842,-1.6570587376009955,1.5564146657037037
0.24759832152931732,-1.657058846281551,1.556391810655872
0.24759769842384743,-1.6570589544150354,1.556369354239614
0.24759707828351862,-1.6570590624188337,1.5563470692037114
0.2475964593370119,-1.6570591704916728,1.5563248554737117
0.24759584090372186,-1.6570592787263945,1.556302669382756
0.24759522272624493,-1.657059387165865,1.5562804920378626
0.24759460470943997,-1.6570594958298301,1.556258315331354
0.2476190235345138,-1.657066076635804,1.554746315648258
0.2476326777423284,-1.657065891417413,1.5551097672908476
0.24763769706416933,-1.6570657940028726,1.55526993831137
0.24763923469567564,-1.6570657914618874,1.555328879045616
0.24763951251210164,-1.6570658454702538,1.5553442316010542
0.2476392779624661,-1.6570659298937638,1.5553395269418855
0.2476388368253469,-1.6570660298829607,1.555325715251095
0.2476383130770442,-1.6570661376169875,1.5553078153953044
0.24763775661701182,-1.657066249171254,1.5552880973920336
0.24760780899483378,-1.657368768751849,1.3756689205016321
0.2470884895094329,-1.6578202612003856,1.1542107091107348
0.24660819836516992,-1.6580632075135346,0.9328228740760813
0.24633154608283056,-1.658489366867094,0.7288339452860408
0.24539794228078188,-1.6576937265292846,0.5404073178189776
0.24541739616608663,-1.6582741799409335,0.340862972431796
0.24549072486790993,-1.6586810308967754,0.1523515518850625
0.24522456065221349,-1.6591665374982498,-0.04284477965301153
0.24483392514774088,-1.6589317421455219,-0.2678516626896996
0.2447063196883276,-1.6582690014614363,-0.48252436139782356
0.2443531038411008,-1.658054651904231,-0.677351067856133
0.24463342142907044,-1.6573357162989042,-0.8726337489267566
0.24499264703180165,-1.6567311301881773,-1.0583612674122824
0.2445661500269096,-1.656539153040575,-1.2328839987906166
0.24482803506281625,-1.6560829594723745,-1.4257453994785194
0.24522850929816448,-1.655707878392097,-1.6070702832613255
0.24554099806470447,-1.6553151420890002,-1.8318987300047533
0.24520007789045267,-1.6546127602842864,-2.0390513894327564
0.24536177191872766,-1.6542600640965412,-2.243809701570984
0.24582765486661376,-1.654111918374272,-2.4321326578713625
0.2466257027399598,-1.65461176175561,-2.642408167936428
0.24697459095890453,-1.654641946304747,-2.8347804789248703
0.24738132856016248,-1.655229620310736,-3.018328526898421
0.24780222855865483,-1.655417641558646,3.0607300093471985
0.24824577925442967,-1.6556251668914868,2.8460327674866517
0.24848964616047983,-1.6558871315978263,2.633638392893613
0.24883135603809792,-1.6560289776774766,2.4369508945061744
0.24907972708309073,-1.656535212836447,2.213261942641938
0.24940250833132216,-1.6567033764520545,2.010982224985301
0.2497568037245635,-1.657042906647277,1.8256493638468339
0.24985489146253592,-1.6572047430875851,1.6410010055971185
0.2504580435444864,-1.6575359806458965,1.453496593169566
0.250712131485065,-1.658396916527786,1.2292164179886542
0.25019726003936194,-1.6585804061907043,1.0126524939359827
0.24990622780821414,-1.6589806030125063,0.8306755557216887
0.24951469394208742,-1.659074170558459,0.6456479129743763
0.24902944195045906,-1.6590634412361978,0.4263554831321873
0.2483524245802083,-1.658574366608284,0.23693504683293037
0.2474780351411225,-1.6584158907336246,0.046133449091294874
0.24711993480588737,-1.6579828249530824,-0.15807175734500153
0.2468203827785737,-1.657694058928522,-0.3542332608218676
0.24646226230047621,-1.6573919418226386,-0.5656471376903338
0.24646311187520817,-1.6566873264926296,-0.7629683158412648
0.24584266956999254,-1.656692719104039,-0.9486207894576023
0.24583719499404152,-1.656057379828354,-1.164528591866655
0.24581055364157123,-1.6553637176192713,-1.3601563564899044
0.24599049325833558,-1.6547447312670513,-1.5576703941983068
0.24637892642296985,-1.6543432005640886,-1.7804814466701069
0.24678295027736347,-1.6540757997988424,-1.9849751747105375
0.24737381963955718,-1.654032949213821,-2.1723519004097707
0.24792910685504968,-1.654062371260411,-2.3638821668865533
0.24840995585385728,-1.6540375093969215,-2.5408104654421106
0.24938833969825133,-1.6552267170346562,-2.737019813174612
0.25001563827781925,-1.6550023460872985,-2.929859071290974
0.2504201100450945,-1.6551629294444123,-3.128224582549336
0.2508743237876603,-1.655411805663938,2.9660825154208537
0.25073856249886334,-1.6561241911525382,2.75587223778034
0.2510734914947054,-1.6559632006160194,2.5634121605691944
0.25107659134588173,-1.656469478559123,2.3651486897308285
0.25174589331275393,-1.6562996130609013,2.161713204168829
0.25171911910979594,-1.657004947040902,1.928893441716173
0.2509432442416791,-1.6574738454574023,1.749234463606221
0.2513356486921646,-1.6577721122058038,1.5534232384500448
0.2510153510222857,-1.658006909824875,1.3544205279676487
0.25107547313496065,-1.6584547210984684,1.1315426203306427
0.25102193241677123,-1.6587353317078233,0.9478925636008926
0.25053564750073626,-1.6588456940887029,0.7474267654158578
0.2498045572277481,-1.6584250981581266,0.5612705080375292
0.24925575610586154,-1.657913008251568,0.3811620240660974
0.24885594324760224,-1.6574432338719824,0.18774673280758908
0.24853047325559616,-1.6575459892599178,-0.012875124835221876
0.24816822078009274,-1.657696755389362,-0.21310130500999433
0.24772296746287698,-1.6577285982182475,-0.42652781210124047
0.2475806556663834,-1.6573185970642057,-0.6215034151091708
0.24733288195973788,-1.656855315567072,-0.8109065669990175
0.24687540347409465,-1.6566811781633288,-1.011820817871659
0.2466555742052426,-1.6563585024371226,-1.20906450769309
0.24685012125489725,-1.6557225487831853,-1.3913525220507257
0.24669246043961002,-1.6553755297349435,-1.6065090916510714
0.24691084986800782,-1.6550281029381477,-1.8082108814676512
0.24775815013963326,-1.654819291174641,-2.01665876640093
0.24768737809350422,-1.6544418814895694,-2.223976231154098
0.24781617350253712,-1.654085452316075,-2.4363553872541326
0.24858200931854152,-1.6546778093749963,-2.625216404224089
0.24880045331040257,-1.6545603490944554,-2.833749825167155
0.24917935514577305,-1.654820055925215,-3.0276272365922288
0.2494914979409577,-1.6546386082353541,3.0494567305410665
0.24964294830503458,-1.6552123073630136,2.8647789161676727
0.24994231208144402,-1.655635418782393,2.656557267411353
0.24965434431307582,-1.656552673060792,2.4459354251632286
0.24960906919399586,-1.6570905244084506,2.2456886858683105
0.24965109807032954,-1.6575386388521924,2.043879214312496
0.24975820375948146,-1.657943641782131,1.8436959454411967
0.25041504103854023,-1.6580293253581948,1.6339684927086233
0.2509138799600529,-1.6584515176156427,1.430738522751335
0.25044427615064224,-1.6588359004784132,1.224056114223639
0.2500456827873722,-1.6591984824879533,1.0152364040640685
0.24910659351825817,-1.6589530624974116,0.7977101655675175
0.248268142276439,-1.6584863733575315,0.6167430226315626
0.24788874597598468,-1.6586737280685666,0.39326065190066856
0.24712458817975377,-1.6582051638541604,0.19301261853045
0.24685583786629456,-1.6586807668030956,5.229695034872752e-05
0.2464611501377359,-1.6588608401454608,-0.19466297963232576
0.246287764828738,-1.6582295887262493,-0.38155977606642255
0.2464760919174885,-1.6570456964058582,-0.5670762848767222
0.24639450558064066,-1.6564584964988196,-0.7591371248053872
0.24584728204120032,-1.6563549113738278,-0.9299264955138739
0.24531522164896766,-1.6562002154084754,-1.1491976190796853
0.24569750186666123,-1.6557811970770373,-1.3614439143551467
0.24593074447906543,-1.6554887003241194,-1.5706466793828806
0.24580974741731454,-1.655179709656907,-1.7647506472239056
0.24583784698810934,-1.6546864583992735,-1.9746505910066634
0.24573244236539055,-1.6543106275535937,-2.1454191177382813
0.24676519620097845,-1.654650182995391,-2.3510233660653856
0.24732042785402972,-1.6549083589190787,-2.5609191160924394
0.24760138477673108,-1.6547078624618938,-2.749989163142609
0.24826465323523653,-1.6552332710475945,-2.95693883974298
0.24888383328538932,-1.6553854784002753,-3.1371553149050206
0.24923104193495327,-1.6557123272172691,2.9310648756869426
0.24991747911181886,-1.6560234021340974,2.7333483548537596
0.2502978014530652,-1.656151482903835,2.544037173824398
0.2507800890529786,-1.6562965498618007,2.3410207574487494
0.2507489041040745,-1.6566248418658123,2.1586029364379002
0.2505017868468092,-1.6571898897995287,1.9714274123525797
0.24966649106564875,-1.6578239148525638,1.7829568225286445
0.24944500300664824,-1.6582464730646267,1.5784560068658708
0.24954443524842496,-1.6585768089921804,1.3650450930313072
0.24895948116213473,-1.6586929719828039,1.1623454916044789
0.2485941261931765,-1.659042603862153,0.9619316794790813
0.2481472194981795,-1.6590230470236096,0.7749122210628548
0.24765871895715788,-1.6590502719100588,0.5621195719441396
0.24702081958614275,-1.6588895534731787,0.3541865668293929
0.24633016081010792,-1.6585782448778847,0.15706677137995342
0.24602643774545851,-1.6587030439733215,-0.047016834318512266
0.24573076474578823,-1.6584429595059096,-0.25699975806252034
0.24558960102694175,-1.6579220956463128,-0.46959454225964525
0.24539696131428773,-1.6576846950317479,-0.6652827793632935
0.24565382329723698,-1.6567804289285342,-0.871746039654135
0.24546920028574898,-1.656389546285767,-1.0843815856157286
0.24561339707423915,-1.6557162354571515,-1.3024883651280867
0.24554255597064506,-1.6552757522073942,-1.5158355365217147
0.24593720337528385,-1.6548581368404096,-1.7255856410857553
0.24609810780392352,-1.654393600887576,-1.936060866785536
0.24719909684117347,-1.654760819918091,-2.136847907183225
0.2475610996268091,-1.6546177377932854,-2.3262750827392766
0.24807820981851939,-1.6545875784915154,-2.540932645921417
0.24874461271295237,-1.6550237055088366,-2.735593912488111
0.24912946750903714,-1.6551086716557701,-2.9314852167445347
0.2494949135377414,-1.6551322959002255,-3.1412202549926533
0.24958638267582905,-1.6550547130770774,2.943139649085422
0.24988898899542333,-1.6553959783873988,2.7281499709218675
0.249809303760391,-1.6562400069186614,2.513638442573506
0.24985980249986697,-1.6567144056781598,2.3116465122837884
0.24932800799533464,-1.6576280691422978,2.109517699602604
0.24868287631559235,-1.658335112498361,1.8980818884848785
0.24851938945587643,-1.6590750309635123,1.6985648152832806
0.24848159440688222,-1.6594021232318368,1.5139900047265604
0.24864713442202777,-1.6599655800996878,1.3124327249947032
0.248295052295643,-1.6603286133932404,1.111763850321195
0.247436639060443,-1.6602811197119884,0.9102080032083121
0.2472822945942248,-1.6607058591872652,0.6737571205808689
0.24682324793478158,-1.6605672568080385,0.4706627893643991
0.2463947929011511,-1.6607305821199614,0.31526314877775297
0.24576833176591276,-1.6602438225075895,0.11103411318919419
0.24530648430122956,-1.6598320917770708,-0.08834509088639621
0.24525396058821367,-1.6590953920940177,-0.29063071258212
