1.7238795537278435,0.1290905186792879,1.6187933141112711
1.7237966594168364,0.12906203754742637,1.5791973702749555
1.7232622542875247,0.1290769307486587,1.5816438881884591
1.7227648224688006,0.12905304208573956,1.5629339473885295
1.722604359618893,0.12905158808938402,1.5581711685799988
1.7226725202469042,0.12905727867737588,1.5600593743685955
1.7225611654770099,0.12905336234726114,1.5597770465077025
1.7224964676763572,0.12905157824620064,1.5600148886593654
1.7224533392354506,0.12905162476335533,1.5605156110632796
1.7224540044881511,0.1290435434337375,1.5574241503314652
1.7224642349787835,0.1290410161044973,1.5568474048747545
1.7224672868721027,0.1290395376306532,1.5563945318533121
1.7224259858372868,0.12904368714551095,1.5583859617492695
1.722403420646175,0.12904692252768798,1.5594303847510862
1.7224017397352331,0.129048428295122,1.5598730732444919
1.7224048220167794,0.1290490367018395,1.5600077715236527
1.722406326686288,0.12904933648985872,1.5600729558962714
1.7224071018749494,0.129049495283212,1.5601065312816917
1.7224075408432753,0.1290495891358165,1.5601255538820087
1.722407824732112,0.12904965302591642,1.5601378668035102
1.7224080370737795,0.12904970307285382,1.5601470842189946
1.7224082164099048,0.12904974671173372,1.5601548730976815
1.7224083805278596,0.12904978737343575,1.5601620026168241
1.7224085376375515,0.1290498266414182,1.5601688277578059
1.7224086915284826,0.12904986524656736,1.560175512359747
1.7224088439497924,0.12904990352626716,1.5601821320435296
1.7224504746279552,0.1290666439229277,1.5540724589416766
1.7224637642343834,0.12906573602280863,1.5522643561323084
1.7223971038487587,0.12871942454211577,1.35821612047224
1.722415390309063,0.12805546057403772,1.1605030745046974
1.7219756072670815,0.1277169518464936,0.9459837765800526
1.7208598990435515,0.12822754123158506,0.7361478792389329
1.720651382391471,0.1278901377289144,0.519432500076488
1.7204689070557009,0.12766175131852336,0.3374685675619528
1.7204352606960505,0.12759448677458568,0.15495336583583819
1.7201312739117887,0.12731230223861126,-0.03240349993460509
1.719710180966349,0.12705736512639024,-0.24014008171624193
1.7199402865390525,0.1278487624710741,-0.44225177914977587
1.7193963242186459,0.1278502693656962,-0.6419260186722013
1.7190540434833776,0.12818922401570434,-0.8467228263416335
1.7195359559672843,0.12893131246535983,-1.0577880489012423
1.7195816259345942,0.12943736362797853,-1.278934257872581
1.7195840844459565,0.12955810153031833,-1.4679388506799547
1.7191033915986889,0.12989281080771295,-1.6651303934438335
1.7196898168754633,0.12999379222936125,-1.876176579211089
1.7202310413433641,0.1302425025030636,-2.0800625475242795
1.7206661763838678,0.13037350395226763,-2.2867291053743752
1.7211282654207924,0.1304466697700946,-2.492393582909142
1.7220264226773458,0.12986990660457126,-2.697312349792649
1.722495861951136,0.12979488626839025,-2.9170137411163366
1.72261557956556,0.1303178124240373,-3.111803238095194
1.7229814276519462,0.1307094856345021,2.9850699513626164
1.723383995454738,0.13060132016659295,2.7790624780656845
1.7238381861360124,0.13052314345658417,2.5796268610644484
1.723615507237873,0.12976267043808518,2.42092732110355
1.7236818826743863,0.1293726200459821,2.229752872813379
1.7234334306207992,0.1288096087146241,2.0219383278256675
1.723810311871859,0.12859311963365644,1.8411155372229902
1.7233858812666816,0.12813168995731752,1.630099926684716
1.7236828426852768,0.1277927124804598,1.4500921778719218
1.7240747482571055,0.12724397198636073,1.237832092477586
1.7231622454470217,0.1274087839913569,1.0689185529997607
1.721948368296817,0.1279007352404322,0.8812266869410943
1.7215920803255407,0.12773653227944792,0.6983169578487056
1.7208194834342643,0.12840125925004478,0.5105062795106776
1.7199886765646988,0.12889104260308237,0.2959783512859121
1.7197658056568927,0.12866851073556004,0.11084860467206302
1.7193891814619358,0.12898844368478293,-0.08945702492759244
1.7189952588253863,0.1287766737936975,-0.30413176833014294
1.718820261210214,0.12897072112240043,-0.5136344818167963
1.718414727100657,0.12887762092926677,-0.7131967720668003
1.718609140927638,0.12961320980667146,-0.8977785517101298
1.7189158178672277,0.13024035568278491,-1.100825622290707
1.7192335865210209,0.13062333383092503,-1.2961596697105977
1.7192079499234065,0.13082745568211068,-1.4750175220705481
1.719145056244549,0.13107246224093413,-1.6609941448121797
1.7189037408917451,0.13142372046671422,-1.870138777692086
1.7189713847676462,0.13179180375887573,-2.076319493059173
1.7192918538402613,0.13214547963403359,-2.262995088890372
1.7194042369553961,0.13263515160820386,-2.475564339134388
1.7197489494478946,0.13260788648951635,-2.686845708956065
1.720532499778345,0.13230004328262635,-2.895455295883765
1.7211456371972491,0.1321993930729955,-3.087103234020147
1.7214679380965652,0.13164048995166214,3.0022569099562277
1.7220002229495015,0.13191499065301343,2.799536119170644
1.7225073001014513,0.13161897004738704,2.590549564785312
1.722522530005389,0.13102225320444713,2.3929828009505716
1.7227776540539,0.13084469998381165,2.1947225729322626
1.7223879300655045,0.13014396199558229,1.985581550301547
1.7223207027779661,0.12977065852590627,1.7955115182503292
1.7224580308821882,0.1293962601068135,1.5932376416061893
1.7222599933761529,0.1291517893539746,1.3950439177643235
1.7218109147671004,0.12863147983346065,1.197031062590093
1.7210373334419953,0.12861174650306487,1.0056267244460146
1.7203937192845664,0.12885848900721175,0.8195289237620109
1.7199127969292376,0.12873069333614176,0.5960447751086713
1.7194486897972443,0.12895452159040777,0.39009012390505154
1.719382447537746,0.12855175643896358,0.1934752480271838
1.7188839947393406,0.1284390404750884,0.005667736829290594
1.7185328833229383,0.12887970612973307,-0.17550510461289048
1.7179147804183301,0.12944562716717803,-0.4086767011076242
1.7174158512706932,0.1294754922021523,-0.6094147005975199
1.7179840444320778,0.13067098585992531,-0.7953950487032587
1.7176251764302384,0.1309302883592342,-0.9699745195093892
1.7171879151086002,0.1310174172714006,-1.1475097669266543
1.7172022429855935,0.1312601644935504,-1.3478376280398354
1.7168581490198043,0.1316081064793465,-1.5453057591745454
1.7168437507294663,0.13200400701554096,-1.7563826571070305
1.7173579405264687,0.1319598406505206,-1.963399879799083
1.717701866476007,0.13243166554988486,-2.1764086055828886
1.717761324868567,0.1329631203560546,-2.370985706537232
1.718334413327087,0.13297226629077424,-2.5560805814429095
1.7191605271787154,0.13238873522355613,-2.742087431415297
1.7196667149134126,0.13200042111805613,-2.957745307116098
1.719954816554898,0.13232028907197807,3.1187054973165047
1.7204297750869737,0.13245723041575033,2.9087827157223534
1.720819918501127,0.13213681669843166,2.7024420244155176
1.7206778963660885,0.13111707708271567,2.498225158755536
1.7200769612108133,0.1299085510363985,2.2821187890123196
1.7191043506891186,0.12894383669538653,2.10038629394847
1.7196231641103266,0.1289438485942439,1.9082532510946792
1.7193536944489558,0.12889848670451254,1.7259402598493516
1.7195059564245057,0.12843647485308549,1.5456336425794526
1.719400118950119,0.12781255401764333,1.3436130295731883
1.7191285014592501,0.12754373381386033,1.1361543035701975
1.7188618692426563,0.1269518149533064,0.9369917844688128
1.718459168858971,0.12674161334856138,0.7151461112226736
1.7179500202709552,0.1266742488974741,0.5167652375738095
1.7174219006271154,0.12676198963563381,0.2986745351717528
1.716880056711509,0.1266148165717625,0.10961530611164652
1.7165289540698399,0.12680663410179688,-0.09168676814741096
1.7161323149725112,0.1267467268191648,-0.2780693842560587
1.7156759155899024,0.12684685616381663,-0.4727675138911837
1.7157833987302227,0.12751803420024652,-0.6518520754319271
1.716113024924105,0.1282283682929402,-0.846682436245677
1.716652045395805,0.12901877328723038,-1.057239604253901
1.716316191845871,0.12914577247371395,-1.2506026902045093
1.7162590880289528,0.12936662616519434,-1.4399826024586535
1.7162354533970474,0.12975975871845452,-1.639308619999121
1.71673413659655,0.1299284636236659,-1.8438808709384884
1.7173303226181467,0.13027041844050208,-2.044813525520421
1.718279291053454,0.1302390023793362,-2.2381476511084486
1.71902326417063,0.1299443256342579,-2.4324130208153685
1.7194574077348654,0.1298196768921329,-2.6606679876579706
1.7196472696540392,0.1298437004786999,-2.8464960779295865
1.7201226391650366,0.1295681294161504,-3.064451645040643
1.7204726037861107,0.1298193865164876,3.0070255153234484
1.7206799228542842,0.12950884378269573,2.7981677711849255
1.7208903563100637,0.12888642715228177,2.5865627172429537
1.7207559920086861,0.12830056647094207,2.388239072975708
1.7208962277223263,0.12799116834522406,2.2106424300298744
1.7200897514817004,0.12709828309253696,1.995429582192722
1.7198782937661876,0.12664405574021242,1.7894398529128028
1.7202929243787928,0.12631018141494324,1.594452377444881
1.7198988816265146,0.12597199001438456,1.4000438065614524
1.7196564718998786,0.12530642724607222,1.2015598893437078
1.7194412262878762,0.12477486308314054,0.9959550666336023
1.7191543870095551,0.12444024626335194,0.8141455480370624
1.7184538023590104,0.12461107259356304,0.625414957946271
1.7178820946382944,0.12468643865472435,0.4131633287977506
1.7173062184720755,0.1251966237358498,0.19221033964278597
1.7169857644514062,0.12527241770966888,-0.005697458117620201
1.716494063152519,0.12488157541937944,-0.2063477365489317
1.7159984535963784,0.12470983558758836,-0.41388069369355285
1.7158947386434664,0.12487222034938274,-0.5938081126778296
1.7157040203971625,0.12547331880946982,-0.8265812888896419
1.7155498511126146,0.12581833483641608,-1.0183943764371466
1.7157876496546258,0.12649934106749522,-1.2168496428758546
1.716207625247047,0.12715678362344032,-1.4222856012451903
1.7161078417474198,0.1275514685243521,-1.6305118527752285
1.7157815669939875,0.12796056425594585,-1.8145663819427047
1.716477820064372,0.12819096104122105,-2.0254534610913764
1.7167810623210213,0.12832039270697407,-2.219977437464683
1.717400897861324,0.1282794712109151,-2.4187293760584145
1.7182091003981796,0.1276653108087428,-2.623294493192911
1.7184705164408602,0.12760125710757397,-2.8054455747265172
1.7186145776314679,0.12788783032958334,-3.009642703377023
1.7188306202012134,0.128322258849381,3.0927975456119507
1.7195171367150552,0.12877146277691387,2.896278013310686
1.7197380921311332,0.12850444191388563,2.6995181376200414
1.7200989157251974,0.1280282999849736,2.5088312655659086
1.719781010109208,0.1272012879755196,2.3196058319071704
1.7196451982520484,0.12654932263946814,2.1092329571614234
1.7188634690018418,0.12586140931018117,1.9170119661976133
1.719056570636023,0.1252961874978172,1.7205102791133544
1.7191281407782455,0.12493798352925561,1.543804046588349
1.7190261447756112,0.12455103520221111,1.346791570220553
1.7192839798515358,0.12398655023024116,1.1336764395859038
1.7193287772926154,0.1237955874619184,0.9354858034715702
1.7189623312727447,0.12357912087355688,0.7191825681999057
1.7181632245223957,0.12418853251304704,0.5192847848068919
1.7178377956682798,0.12394206385462546,0.2980439215582945
1.71750179690623,0.12418352235837948,0.10723851626315527
1.7171683334700445,0.12383563212839599,-0.09159429065432453
1.7168387016635627,0.12427595820206289,-0.29077240759068235
1.7166755883102975,0.12456397589854708,-0.4960731737945671
1.716801993434812,0.12517714296134014,-0.6938035167608041
1.7168184463697655,0.1257371400752131,-0.8608636504921529
1.7166579266538746,0.1261261909985989,-1.0737540272217347
1.7167478703554218,0.12627883152110453,-1.2636136120728594
1.7163560681568935,0.12618899881501502,-1.451401972748634
