0.530348292539074,-1.5710260822641882,1.620339952151036
0.5302315938753219,-1.5709620575245606,1.5596119189902007
0.5297394291553793,-1.5708951358351684,1.5847921935835834
0.5289308518519608,-1.5709691800300805,1.5653507754151077
0.5287619096217839,-1.5709817320165504,1.562834823294001
0.5287377379362054,-1.5709863599573783,1.5619371349530924
0.5289566028116306,-1.570969938577608,1.5666855983780061
0.5287700857029438,-1.5709820795000455,1.562693720488095
0.5287287956938557,-1.5709865729597416,1.5618106201694626
0.528715418034654,-1.5709890500257992,1.5611778102527096
0.5287103011654662,-1.5709903144266844,1.56086073077634
0.5287080251191224,-1.57099097710549,1.5606970701718457
0.5287067827601626,-1.5709913458093614,1.5606072829520385
0.5287059298081638,-1.570991572629884,1.5605528417528893
0.5287052314106909,-1.570991731178802,1.5605153340159579
0.5287045974716573,-1.570991856980383,1.5604859452867736
0.5287039915399171,-1.570991967153804,1.5604604493374388
0.5287033981377799,-1.570992069943043,1.5604368174207701
0.5287028104309969,-1.5709921693168263,1.5604140748726576
0.5287022253072419,-1.57099226719368,1.5603917506424825
0.5287016412494547,-1.5709923645620456,1.5603696010859496
0.5287010576015582,-1.5709924618372846,1.5603475269938338
0.5287004740794011,-1.5709925592059193,1.5603254829403868
0.5286998905485639,-1.5709926567593482,1.5603034467929866
0.5286970212712542,-1.5709912874499328,1.5611500690498046
0.5286944202263689,-1.5709917562125757,1.560554986853789
0.5286793939633382,-1.570995137103001,1.5590551997153483
0.5286724672927037,-1.5709964821971834,1.5587193959438752
0.5286699192126764,-1.5709971732865424,1.5585545550179594
0.5286687145465927,-1.5709975620635077,1.5584663789604192
0.5286679297776595,-1.5709978100236137,1.55841329648564
0.5286672820313504,-1.5709979921888573,1.5583764597599947
0.5286666816565965,-1.5709981436133442,1.558347200183877
0.5286660987991614,-1.570998280747373,1.558321489770672
0.528665522889221,-1.5709984113330728,1.5582974443270978
0.5285086253069251,-1.57135053025063,1.3621341882063382
0.5284361563141249,-1.5716622317057176,1.1535630402772779
0.5280568225024908,-1.572056717311328,0.936093760210988
0.5269429392204443,-1.5714129578929352,0.7328026042200138
0.5262967604714899,-1.571071752231099,0.5386577289295743
0.5256601304715234,-1.5703486535941802,0.3524694235400059
0.524891303875567,-1.5701580119030727,0.15761592652056863
0.5242732732229458,-1.569994703999085,-0.03304658516967333
0.5240507449550289,-1.5697203018646653,-0.21595038147218995
0.5239685679473283,-1.5690238298939967,-0.42651670092716865
0.5237267054438177,-1.568949656243801,-0.627632605648535
0.5242728298112767,-1.5679029939178144,-0.796722746241296
0.5240088655027669,-1.567546279240487,-1.0139958277668581
0.5237208729103066,-1.5675187866290772,-1.1928781599961182
0.5235119835260817,-1.5675068593328343,-1.3831360489562567
0.5237277152685412,-1.5669327823232078,-1.583919147781899
0.5240783844429447,-1.566692758623422,-1.7795065828377203
0.5244589719378253,-1.566324191090802,-1.9724030068625504
0.5249281558217771,-1.5658922724739628,-2.174944810271508
0.5253425363905013,-1.5656115334869398,-2.3541457287232195
0.5260203328736679,-1.5658392166838695,-2.5354446507965966
0.5263033339609066,-1.5657512126212327,-2.730257360138864
0.5267602439343715,-1.5662116237455932,-2.9330766431000383
0.5271006736880574,-1.5661798460586442,-3.1337925939049716
0.5274940840816967,-1.5656539572551968,2.9445402237254226
0.527830984374987,-1.5659197667495255,2.7264533504800172
0.5280172615904718,-1.5661673489018832,2.529949135369169
0.5282462459071657,-1.5665861085833483,2.326304465183506
0.5279508929087962,-1.567390104587613,2.110845942330622
0.5277533771086046,-1.5679588772379276,1.928800216875025
0.5274478244975762,-1.5686273655032275,1.7633491673436381
0.5270835714515835,-1.5691063725958654,1.5627800292256864
0.527527450937191,-1.569590219068213,1.367913705189768
0.5269979695015601,-1.5700380364682625,1.139607017696202
0.5269776409908106,-1.5706187155928648,0.9372679378449416
0.5260697818080943,-1.5701809862064375,0.7290430678155745
0.5254988656356862,-1.5698464146246798,0.5419804707515844
0.5248528963943883,-1.569185687686956,0.3528382311673905
0.5243587843997164,-1.568992726872994,0.15686545625590584
0.5239699904698626,-1.5691518900260364,-0.04336628301340647
0.5236785946262345,-1.5687746274609826,-0.25393801824168794
0.5233587457350611,-1.5680765214394683,-0.4765584609990914
0.5232099206167191,-1.5675792854703094,-0.7138913603790547
0.5236118107357901,-1.5666899274626518,-0.9387217972821282
0.5236401170669502,-1.566199037581673,-1.1412773856575622
0.5232775983112413,-1.5661748391845338,-1.3357711522131366
0.5232972433776868,-1.565684501354101,-1.5397532119254438
0.5236957049186115,-1.565352028558035,-1.73185983418401
0.5241070245198878,-1.564989509624824,-1.9505128882442506
0.524452751986274,-1.564577406947864,-2.179264045589051
0.5251420908477553,-1.5648626636213105,-2.3706998245474398
0.5256663644777166,-1.564808233132354,-2.5515453987412235
0.5262176333341986,-1.5649434079025895,-2.729739916778762
0.5267470024615212,-1.565482107780838,-2.919112264227828
0.5270432018970185,-1.565364716670856,-3.116831516255354
0.5275567593165231,-1.5650021922730666,2.969727707584537
0.5275904319712352,-1.5652917717509096,2.7876800006744062
0.528041199887451,-1.5654469229433563,2.5640512047206765
0.527852128222335,-1.5659957195028342,2.3687987242346296
0.5278059048119236,-1.566560876866518,2.1453052980992897
0.5280376589267775,-1.5667342642115847,1.960095745190745
0.5279276268055756,-1.566901325512221,1.7700216375201698
0.5284851005116038,-1.5670893876566074,1.5759687015448878
0.5282742831587676,-1.567441913629659,1.3748977710188044
0.5282321808651465,-1.567928213925252,1.1422313561644328
0.5275190410406193,-1.5679602028696886,0.9190463022705132
0.5271069001520611,-1.5679313183839994,0.7220883246298803
0.526435257848812,-1.5677854220890926,0.5228711483182144
0.5258240160136176,-1.567148302614021,0.3114520008850062
0.5253337625592676,-1.5667278489629208,0.1147010413940457
0.5249474651174288,-1.5666062851074134,-0.08264304566477354
0.5249043967751269,-1.5663060384197491,-0.2850850748946646
0.5244599407806623,-1.5660456408704364,-0.503913658027491
0.5244286647863166,-1.5656584448828688,-0.7199779737069724
0.524434386853457,-1.5651174018786485,-0.9298404431356992
0.5251456638897137,-1.5642355802801076,-1.1268086491639486
0.524543590591751,-1.5638137791447309,-1.337286940620254
0.5245575836948367,-1.5634492920911436,-1.5198626230273382
0.5248787070524602,-1.5630009100248654,-1.7267604204425384
0.5250419186620349,-1.5627628576937196,-1.9177476205902972
0.5265495099595184,-1.563052324134543,-2.1023701093251086
0.5274945260434314,-1.5633230898705617,-2.2874821717962748
0.5276999124296021,-1.5628675774022236,-2.5049678469509553
0.5282964233881974,-1.5632094467673985,-2.7124738065403706
0.5290550057754921,-1.5636008983163499,-2.913620619259763
0.5292455515967096,-1.5633537081650049,-3.1164556984149323
0.5296607817771087,-1.5629770093606234,2.95200598474397
0.5303580431781215,-1.562892227841539,2.733761795340979
0.5303416467879496,-1.5631616521091076,2.545616713674481
0.5300054615701015,-1.5640225097303093,2.357563414630374
0.5297435463658278,-1.5647130531331996,2.164743868897561
0.5298127538207791,-1.565078033934211,1.9539674263258886
0.5291083580251286,-1.5656777208807544,1.776437356310477
0.5286026442215185,-1.5659701310498846,1.5788320963527631
0.5285155825164507,-1.5663476028317325,1.3735859808573838
0.5281297188583414,-1.5667792636595261,1.1746266978118254
0.5278850370455579,-1.5672513063272615,0.9771084264256273
0.5278511181035082,-1.5677354336143605,0.7936146387712926
0.5272247144088538,-1.567593972518299,0.577507459385895
0.5267361523543375,-1.5675130110915305,0.388269814357315
0.5262396849114153,-1.5667787843036989,0.19482951054545647
0.5255882858143303,-1.566410394917925,0.0002168832084095028
0.525282560049632,-1.5663523937642423,-0.18685742565121236
0.5248230298599543,-1.565872905458426,-0.4011326736261136
0.5249472847614818,-1.5650601997093914,-0.5845169219135073
0.5241366628226707,-1.5652281369922427,-0.7987591723489806
0.5246201999406592,-1.5643772871887838,-1.0150995159697347
0.5248177417552297,-1.563782438204035,-1.216112303852522
0.5249559060473208,-1.5637134960596384,-1.4247828956429505
0.5248321896448709,-1.5633812517178747,-1.6230508960596668
0.5248910014572847,-1.562854682648748,-1.8256515162466858
0.5254525473160641,-1.5628823979547077,-2.027905377123645
0.5255218302427744,-1.562303511921925,-2.232239038576742
0.5261713986182134,-1.56233128553195,-2.433671137266262
0.5265597414203119,-1.5620903067045426,-2.6250673839853094
0.526598958540824,-1.561991481365489,-2.8107129235318586
0.5268392814746712,-1.5619156999078023,-3.013018823851724
0.5272076125425637,-1.5619081567885642,3.0734968424625264
0.5275735811335001,-1.5621700814796269,2.845957976897844
0.5275742518523572,-1.562688584032798,2.6584216974430324
0.5275151441153847,-1.5627457900884938,2.480238433761127
0.5277016716606097,-1.5630512228114708,2.302513437010455
0.5281223007543686,-1.563302505519997,2.0899779232952116
0.5280235457276575,-1.5636949751642941,1.8998985167535962
0.5279388858790033,-1.5641124439863445,1.7037614335236149
0.5275087877461639,-1.5647140406455173,1.5075022260071371
0.5270752016516871,-1.5650050821938757,1.311080544878175
0.5262840064543334,-1.5651460068274807,1.1020295048893078
0.525257140301326,-1.5647414880302308,0.9087576445309509
0.5245711212348343,-1.5646071004196018,0.7044474822397827
0.524466501720279,-1.5650863920624467,0.5111686666616064
0.5243483965257772,-1.5652687879790124,0.3220822957135777
0.52390720532353,-1.5652756128326064,0.1387516172789193
0.5235950353342997,-1.5652975233371895,-0.051781155204465586
0.5232793717145517,-1.5649749384027112,-0.2569452929842239
0.5223796929958784,-1.564701224809683,-0.4459400390099838
0.5219887213661779,-1.564191792420005,-0.6329043513060201
0.5219381011052734,-1.563757296761771,-0.8183866601573604
0.5224829326233003,-1.56296814851363,-1.0060204074933592
0.5219144696479353,-1.5628929452404792,-1.207300246948371
0.5219824056515328,-1.5624105375754926,-1.3995804015029971
0.52225390281701,-1.5619893304318868,-1.6004112785776008
0.5224771596896329,-1.5616561153802861,-1.8118359707285547
0.522871519521695,-1.561266945010731,-2.0043759311314733
0.5238452664049951,-1.5612902500152532,-2.172487351400755
0.5243578837749867,-1.5612077524710986,-2.372700503721881
0.5248376341036676,-1.5613337327105,-2.5585628835529586
0.5252794956471194,-1.5614441103641525,-2.7727236112634586
0.5258040606619893,-1.5619452272788068,-2.9784927878814766
0.5260899667436844,-1.561825382979765,3.128235749658991
0.5266289236886567,-1.561574569547734,2.925434624513082
0.5271765099298229,-1.561174619782455,2.7328881606157425
0.5273915728241767,-1.5616962478206105,2.547886412419292
0.5278729277107596,-1.561728335766598,2.365345475737051
0.5288300541171793,-1.561480643411719,2.1928587761106613
0.529072854329603,-1.5617912601123294,1.992396158788387
0.5291888880423463,-1.5620800893439741,1.8126835213565216
0.528889496780096,-1.5624274857890157,1.610094488900149
0.5293177629391005,-1.5628738866575538,1.4072071908914419
0.5291478947792388,-1.5627844132523845,1.1911393158611963
0.5286307358424623,-1.5628768867955725,0.9745881366244038
0.5278942949403863,-1.5629519846978472,0.7919694787399023
0.5272768656756357,-1.5627209687071513,0.6130504035449174
0.5265703108869605,-1.562036365075889,0.4394715508024269
0.5264743125568921,-1.5620921224694555,0.24862554466785503
0.5261970817030365,-1.5621111924296938,0.05649975204683907
