-0.4138470630509051,0.821512993598754,1.621209844101455
-0.41345850584369587,0.8215304825563058,1.5837893276584203
-0.4132862787600486,0.8215463704320414,1.593999295003806
-0.4131186803148565,0.8215492079580813,1.5834166119463235
-0.41293404474612294,0.8215444461493187,1.5782126121620106
-0.41270571874986384,0.8215337420212723,1.5717936579747533
-0.4125198701531014,0.8215245053651155,1.5672368536272723
-0.4123263667429385,0.8215167537927717,1.5623044422350925
-0.41207221478275874,0.8215095522211311,1.5551064323965837
-0.4120174732639888,0.8215145766790646,1.5529873032675727
-0.41198344851471697,0.8215152484529676,1.5537031694869357
-0.41195098011265197,0.8215134719325324,1.5524149233637363
-0.4119210858757221,0.8215126632775434,1.5533645475916171
-0.4118912178111942,0.8215104514481362,1.5521188554354997
-0.41186246863821613,0.8215093890012016,1.5529672938592889
-0.41183458903145514,0.8215084078825892,1.5538224448849347
-0.41180420662522743,0.8215058889576914,1.5520687048378379
-0.4117778392522896,0.8215045630632848,1.5524923125109225
-0.4117504588665331,0.8215032471869931,1.5529032920304682
-0.4117254622238661,0.8215021111383122,1.5533200578313302
-0.4117027730669071,0.8215011334100768,1.553748675173012
-0.4117134877154863,0.8215017654672083,1.5527858993147954
-0.41169885391336086,0.8215010380137358,1.5532758842053185
-0.411676912176492,0.8215000267473941,1.5536731429771424
-0.41168703706392396,0.8215006088147206,1.5526631913674562
-0.4116734250905189,0.8214998961078924,1.5531295479378713
-0.4118112655405779,0.8215059432594611,1.5467372691505012
-0.4118750986420546,0.8215083729659557,1.5448099757281069
-0.41187747073571374,0.8215089156434645,1.5449133408296702
-0.41187903987025826,0.8215094259911893,1.544954316014017
-0.4118802445775429,0.8215099215762093,1.544967685406897
-0.41188129300917076,0.8215104109311269,1.5449689747053736
-0.41188227458522203,0.8215108978029155,1.5449649778404138
-0.41175457817773137,0.8211990037879349,1.3658971618047229
-0.4122754265487021,0.8208629324193372,1.1482947895145468
-0.4130064476045313,0.820909811305117,0.9448487644336164
-0.41338743436814546,0.8207209926021812,0.76691975315941
-0.4139200055359629,0.820883111258945,0.5720255612912015
-0.41415493409548326,0.8207393654222469,0.38989592818404023
-0.4144964823658231,0.8210226539521288,0.19290540525467703
-0.41466375010259865,0.8206690608772362,0.006985948721988453
-0.4150858427134098,0.820203208867017,-0.19758992114292545
-0.4152037570320491,0.8208560421935882,-0.38936458388034756
-0.41522751162049926,0.821541440476449,-0.5906202977563169
-0.41519179033607007,0.8222024691749398,-0.791141277540223
-0.41491532991020436,0.8228793355834677,-1.0061142443610278
-0.4148119602156319,0.8234111863081459,-1.2342847132339454
-0.41523207024896336,0.8238791699727528,-1.423483968346068
-0.4157560098545939,0.8242333139550849,-1.6173944144076173
-0.4154517923000535,0.82459262352712,-1.820578678443213
-0.4146762564819025,0.8246941375922314,-2.027640675010872
-0.4139140668103447,0.8246311499046998,-2.2196787794235893
-0.4135213637796494,0.8247410678766935,-2.3964166102677478
-0.4130597520794899,0.824713182544869,-2.5869396443641817
-0.4126060595488168,0.8246982601796102,-2.817105061609473
-0.412516279865016,0.8250155929845232,-3.014628251852447
-0.4121948672339717,0.8253356486501701,3.0735466763708406
-0.4118569452757925,0.824995859040504,2.8666590578281586
-0.4119376652257966,0.824238735236584,2.6521209729175963
-0.4120213882897386,0.8234376615362516,2.4638273239168087
-0.41182734182154135,0.8229340347712177,2.269651595134072
-0.41205244693158694,0.8223016288812438,2.045324116490584
-0.4122237821428088,0.8217343351673226,1.8457022588899443
-0.41232471789058806,0.8216060095471953,1.6441708792694638
-0.41194699520400885,0.8212409792189252,1.4524528701703887
-0.41182896029095994,0.8208113908960375,1.235394904328496
-0.41194269537997275,0.8207576911029435,1.0317901403896679
-0.4122008333093326,0.8204944577190396,0.8228931649185723
-0.41279901596100466,0.8208389971008269,0.6275650606188977
-0.413042685256215,0.8207072455623003,0.4353327134097954
-0.4134749844121021,0.8202405360303152,0.2349743456588992
-0.413928605676197,0.8206338999257189,0.04192242407709986
-0.41430454675668704,0.820184065945584,-0.1445028447519403
-0.41475021196199874,0.820189455033558,-0.3325490681631035
-0.4146084306213695,0.8207221790268137,-0.5477093211014845
-0.41446384124325214,0.8215999761314596,-0.7344909824771432
-0.41424984316666,0.822203433649812,-0.9233635584503804
-0.4138975856040024,0.8229338701549755,-1.1199940373653015
-0.41414601329797307,0.8234725597573016,-1.3391266294127426
-0.4140097532481043,0.8238635845595322,-1.5410250793954454
-0.41355836269797713,0.8240885532209108,-1.7407205424479841
-0.41314944921627883,0.8246935097272653,-1.9312702276509148
-0.4127115689121197,0.8247148215696855,-2.1303919154584112
-0.41225816406648885,0.8249892437374385,-2.3509571876093176
-0.411972289802046,0.8253047759106957,-2.5619965907496023
-0.4116329106264555,0.8253783596157295,-2.7739636693949703
-0.41136541464364484,0.8254498040289088,-2.978257118734369
-0.41107239109852994,0.8258165073857737,3.116075660298685
-0.41129008736206135,0.8259954813054592,2.9163918872087304
-0.4109608431254336,0.8259416515981671,2.6966327231780522
-0.41076682430562583,0.8252788391014735,2.4783181116875714
-0.41058140876391475,0.824827519085194,2.2726006670971364
-0.41032680944580513,0.8246378039429081,2.146488144658054
-0.4104055424104225,0.8242192816466701,1.9615135912336703
-0.41038207746607747,0.8241592625209119,1.7838089198815317
-0.4104275424773504,0.823767289313306,1.5773876784293652
-0.4105837827432399,0.823343358870877,1.3807387484493832
-0.4110645196884191,0.8229751683856327,1.1703099138231106
-0.4118616459634256,0.8228131913886947,0.9456424738594695
-0.41276779925185214,0.8232965965256702,0.7650624490346827
-0.4133824471963406,0.8234216081062304,0.5603993848976923
-0.4139110679643757,0.82356744024033,0.36825114234819034
-0.41383271296603885,0.8230868180151868,0.18152827682333586
-0.4140099168602664,0.82275713087843,-0.007747986044198077
-0.41442050963633875,0.8223326506188856,-0.19664909564241026
-0.41464116418155605,0.822717985162472,-0.4013168691207287
-0.4143733782843606,0.8237186421165146,-0.6018802313636517
-0.414844042235315,0.823830811101312,-0.8047290364452397
-0.41478274889590655,0.8244520369111319,-1.0016728973996152
-0.41540495413089507,0.8243351838655437,-1.2018664149226996
-0.4155242490618844,0.8243778061659187,-1.395748856952192
-0.4155595066655231,0.8247929486496637,-1.5902888334989531
-0.4158917953138719,0.8251862308042233,-1.7972217927435332
-0.4150518617255691,0.8254529701897503,-2.012573274234273
-0.41435818058318796,0.82531072254901,-2.2227836404430965
-0.41359586577910795,0.8250952367060324,-2.422856057090118
-0.41326523234812035,0.8253464946159089,-2.6398370873182646
-0.41302743785445817,0.8251816942326452,-2.8203575692396896
-0.41291890668822784,0.8253166393143524,-3.017023796908422
-0.4126515467248526,0.8258418966708962,3.087481064454468
-0.41251676783898467,0.8258300206234797,2.876026315861145
-0.41264710035638297,0.8249367705019819,2.6827187276669724
-0.4124077770074975,0.8244986155695064,2.5145844282728014
-0.4129180321598941,0.8234862221322554,2.3057961575992993
-0.41302537397301214,0.8227733463493587,2.0893323418246474
-0.4130481074862117,0.8226619737872665,1.9183550508060436
-0.4127015199456429,0.8224861531135333,1.7389511288196091
-0.4123990349643361,0.8222172732366319,1.5402907635136287
-0.41203226706600216,0.8217471687634453,1.3344347280519058
-0.4122738631214314,0.8211478400761257,1.1369759824911283
-0.41267995457541323,0.8211152482702303,0.9525072237299805
-0.4130096599921172,0.820768502746107,0.7424613647066931
-0.41303692378253104,0.8202750199213318,0.5485030792793436
-0.4135612870537241,0.8205171833524666,0.33146625854123973
-0.4140137426858292,0.8212385848625584,0.13921331209168056
-0.4143316013954071,0.8213210364418174,-0.058189933307988176
-0.4148957572906003,0.8216790695503454,-0.24712322647892984
-0.4149867080032935,0.8225684546113441,-0.4606252352978719
-0.41509191444060267,0.8230771686748363,-0.6647694789715014
-0.41516946038792635,0.823558459774926,-0.8563430009908534
-0.41534120920475204,0.8240215369534222,-1.0564371099677106
-0.4155315509850373,0.8242738566303938,-1.2526128064986346
-0.4154714538087014,0.8246115007250492,-1.4555015889736138
-0.4156319686145448,0.8249078462598849,-1.650478256783292
-0.4151937533418151,0.8251946517251989,-1.87204767645418
-0.4147453076501177,0.8251855458421389,-2.0667064450237147
-0.41450539020531,0.8253926173957166,-2.2696223741706154
-0.41370472671947933,0.8251155603139398,-2.481263605319781
-0.4132831554193557,0.8251421629312629,-2.682366163457384
-0.4129364571365414,0.8247040230694734,-2.8873129906598143
-0.41250568574928476,0.8252205821327315,-3.099752751448798
-0.4120956916212177,0.825067453480413,2.9883331169669156
-0.41176162264156124,0.8255428613348632,2.786647538501619
-0.4109809519345281,0.8256378143523502,2.58690083699095
-0.41116268581462784,0.8247763773663598,2.406409259655256
-0.41175732028867906,0.8237966040877168,2.2096199913887973
-0.41226006737841997,0.8231482797149315,2.0401503764522344
-0.4131925403357372,0.8223666607306215,1.8226494544205158
-0.4128626882003418,0.8222948386060746,1.6389701569587802
-0.41232630870965914,0.8219313069205954,1.437289478920796
-0.4122002167008456,0.8216152247830458,1.2391667680568694
-0.41218084185132964,0.8210582617834388,1.0387391414231486
-0.41216536580536617,0.820395666416245,0.8446280847150758
-0.4122181511288155,0.819921836041157,0.6523379316043997
-0.41225791162934816,0.8194747911490187,0.44868688010171237
-0.41304074657022954,0.8201106864522684,0.23254767804505175
-0.4133620244254802,0.8199291243136908,0.025167149328495512
-0.4137014151040715,0.8194642527055908,-0.15862956734534753
-0.4138283891821422,0.820445035363627,-0.34407782352481325
-0.4141231778146982,0.8209037599223837,-0.5725718116716723
-0.4142733363571302,0.8211864878660133,-0.7540826719033178
-0.414663700609576,0.8212181178010877,-0.9103953358397059
-0.4149262628531139,0.8214669672449185,-1.1058827728561882
-0.414265431234201,0.8223350205216091,-1.298725231713903
-0.4139997108415671,0.8227562270404813,-1.4998889232675001
-0.4142240251179362,0.8231686910121284,-1.694825937657204
-0.413630548534645,0.8233114767157617,-1.881000260297595
-0.41375219745339986,0.8240792330380426,-2.088000052086025
-0.4136807237893701,0.824313027679659,-2.2822107598652535
-0.413530191176003,0.8246750726624791,-2.4748003843684985
-0.41287385942090227,0.8242554043985357,-2.6917718184337915
-0.41272556057056675,0.8247024961620752,-2.8898521410899694
-0.41244816897332487,0.8249020074735067,-3.080611782640259
-0.41206606836950926,0.8249129360495455,3.0121097193258244
-0.41154812648154787,0.8251569704668977,2.8142721916407876
-0.41131367073067154,0.8244973681537405,2.6184262791693937
-0.41132079676029765,0.8239209732522329,2.4220524576262936
-0.41144180677187286,0.8233607158935242,2.224024493636592
-0.4119140729566929,0.8225378219841577,2.0293462667303537
-0.41211328688322885,0.8222080818061257,1.8207886214543039
-0.4117627315767149,0.8219460745228029,1.6268636197381294
-0.41155322039347847,0.8215456858943501,1.4274590767871203
-0.41208213029322144,0.8212112070312751,1.2077704804072873
-0.411702761737709,0.8203997224497874,1.0269196351210235
-0.4119211478131066,0.8202964030281013,0.8202233439658706
-0.41219191161275065,0.8200017631209358,0.6155545251542123
-0.41274446485062866,0.8201836454206625,0.39821800733632495
-0.41309252674679237,0.8206684027154024,0.1926580700051135
-0.41341673254174494,0.8202586337253925,0.0006280387493092242
-0.41380460567372035,0.8200795711064549,-0.187141812022847
-0.4138988427629849,0.820417800299156,-0.37685078194123817
