0.17747918726835926,-1.9474558951799525,1.6201932472203469
0.17759804848403457,-1.947413180615397,1.5709118592772464
0.17793723473503006,-1.9473789925066711,1.5899151037574477
0.17811811379374085,-1.947385043356883,1.5950725148729457
0.17808664728086113,-1.947389836707005,1.5932542219099095
0.1780782798904942,-1.94739168692507,1.5925393223265678
0.17808102730929068,-1.9473924498459692,1.5920909064133026
0.17808823404433752,-1.9473927685667376,1.5917551584108927
0.178096122761848,-1.9473929618177324,1.591515019150911
0.1780957554241084,-1.947392808450001,1.5920281165185755
0.17810000600489942,-1.9473934870127738,1.591552956539227
0.17809865582776915,-1.9473933554947027,1.592118705809346
0.17810258075719204,-1.9473940410556447,1.5916658448010732
0.17810111927442565,-1.9473939134827736,1.5922415166242168
0.17810500906178253,-1.947394602865338,1.591793111626341
0.1781059848370435,-1.9473949013145466,1.591850240482237
0.17810710096289656,-1.9473951881314513,1.5919122911192023
0.17810827338756308,-1.9473954719520783,1.5919763264261522
0.17810946891658685,-1.9473957562064763,1.592041295340061
0.17811067403362008,-1.947396042305096,1.5921067723983249
0.1781118832324095,-1.9473963308364353,1.592172586127828
0.17811309426704647,-1.9473966220545875,1.5922386681893976
0.17811430621860602,-1.9473969160776943,1.5923049921297205
0.17811551870820372,-1.947397212968722,1.5923715485163763
0.17811673157668553,-1.9473975127683436,1.5924383348440663
0.17811794475425338,-1.9473978155083214,1.592505351437111
0.17810251587870282,-1.9473953948596103,1.596116283155022
0.17810590921729455,-1.9473956366796557,1.5962738249498831
0.17810799750274559,-1.9473960207857086,1.5963844460358345
0.17810954237985738,-1.9473964666335384,1.596476682797013
0.17811085769195273,-1.9473969409888487,1.5965615464747562
0.17811207589559916,-1.947397429925839,1.5966435884740484
0.17811325288111665,-1.9473979276250004,1.596724691181079
0.17811441220822605,-1.947398431671197,1.596805634164875
0.17811556379220578,-1.9473989410786032,1.5968867415735608
0.17811671179464642,-1.947399455461262,1.5969681496613206
0.1784200349483585,-1.947694863192461,1.4334960350182975
0.17789037405247937,-1.94794682068745,1.2159192625736273
0.17730373760871715,-1.948007572325152,0.9913924883560851
0.17670866112117997,-1.9480173144170603,0.8010195921204288
0.17609184713886325,-1.9478109473179681,0.590984632734813
0.17523009511334145,-1.9468726360518778,0.3823190560849407
0.17465877355213993,-1.9465498717977514,0.1847220283346575
0.17423417646970857,-1.9468059699479683,-0.006694256198348489
0.1738442092902719,-1.9466639297288328,-0.20687020575354328
0.17341692136131395,-1.9468205114498156,-0.4104359818174416
0.17346156888071132,-1.9461108329290544,-0.614878621056044
0.173026238464587,-1.9459375557115082,-0.8249119789235337
0.17348071716668054,-1.9451787563524434,-1.0316367273198745
0.173529819575975,-1.944675496037056,-1.265543859864662
0.17336302924922745,-1.9443700556651207,-1.4621353184636254
0.17354093447017319,-1.944006416065139,-1.663349641006761
0.17405173915673516,-1.943745022690573,-1.8817404316443738
0.17448831539969384,-1.943384493137282,-2.109238357331913
0.17453401582608322,-1.9426191090156937,-2.317544885857223
0.17484005637675065,-1.9423554366694658,-2.5248104503793276
0.175570122833109,-1.9424667110971399,-2.7245010183185516
0.17618013187782403,-1.943238878935602,-2.942068205124446
0.1764103021703529,-1.9429517692611389,3.14062860318389
0.17688675293905629,-1.942686812065233,2.9479110684922287
0.17734657691872283,-1.9429208706943535,2.7227554512384358
0.17799571060516528,-1.9424900065641642,2.491624756184698
0.1780713439637156,-1.9428997511110229,2.2815289586779324
0.17825049827908415,-1.9432734216300862,2.0944011314189175
0.1784147111239362,-1.9434018775029778,1.9058565720785712
0.17816433295530001,-1.9438500413806417,1.7190739859979276
0.178435356367886,-1.9441573989713052,1.523457786504843
0.17849785443488872,-1.9446686360946508,1.310364965558695
0.1776165027874617,-1.9447492123855608,1.091755901788576
0.17724818689841465,-1.9449790281148847,0.899340453714525
0.17697014032189243,-1.945196432097755,0.7252072507399735
0.17646633614171237,-1.9450045099635325,0.509184880398
0.17616765108129362,-1.9453572935109988,0.32113451675128185
0.1758722270628678,-1.945415405014963,0.13752615603190932
0.17546285622154842,-1.9452221834623205,-0.05479735025474211
0.17500106845257474,-1.9455171548116843,-0.27542735023864795
0.1748843316311338,-1.9446566948515378,-0.47690264860923937
0.17477730731492117,-1.9440930834513774,-0.6788854123870596
0.17476260628438922,-1.9435127323567403,-0.8729437610938843
0.17467307342546134,-1.9431821454000668,-1.0724962904503599
0.1743755484141222,-1.9430286622896706,-1.2781431844776112
0.1736594724538541,-1.9431631147053228,-1.4611741064296428
0.17306139516370367,-1.94273956516891,-1.6656356905122942
0.17290306032629876,-1.9423041233849525,-1.8809249198946822
0.17264025625674423,-1.941554732223079,-2.085509220507259
0.17309639377317018,-1.9414823303498636,-2.2929834232082045
0.17326841381276598,-1.9409903571772396,-2.4866571537422253
0.1739025954227112,-1.9411741169275605,-2.7124348429662426
0.17432036632111828,-1.9411402415448906,-2.907043067211935
0.17488666668592892,-1.9413849425121508,-3.097756924248313
0.17528261008761845,-1.941563881093197,2.988119254780339
0.17579834073609363,-1.9415540049745443,2.7779177415446576
0.17594403802151923,-1.9420212481656933,2.5805822953907818
0.17601048487673782,-1.9425579653528318,2.3844918936667105
0.17664741372636777,-1.9425462336025412,2.181578035515341
0.1759128519964469,-1.943425785749024,1.9605225174112253
0.17602672275929693,-1.943576581670144,1.748919296391925
0.17622509119260393,-1.9437596191442765,1.552244922904817
0.1764904950235773,-1.9442695469516875,1.367729331821587
0.1759923091835657,-1.944523544999936,1.1631542687784222
0.17535423658868235,-1.9446941220645406,0.9765145487661101
0.17564675869520346,-1.9453432950376512,0.7611548075086246
0.17533300647447062,-1.945510067239115,0.5778456940707937
0.17468866307993952,-1.945217810812244,0.354977655124765
0.17409451916702484,-1.9448665633795146,0.15078700018450938
0.17385591232408776,-1.9451681702690682,-0.037921339259086174
0.1733965962011388,-1.9457548891297043,-0.23644363844108923
0.1728637386879516,-1.9461887486456628,-0.44577848046191965
0.17283981397693354,-1.94565465501884,-0.6586981171784869
0.1729159640043065,-1.9450741619619167,-0.8648454481410282
0.17296814600182717,-1.9446429924097464,-1.060808946840159
0.17282026538521275,-1.9440716898419907,-1.2516314376506983
0.17289179694625198,-1.9436488141629562,-1.4437427141525827
0.1728031085908397,-1.943153731464214,-1.6452759195002882
0.17333463376839947,-1.9429219798964095,-1.8401231231220287
0.17421392745217104,-1.9426114219733315,-2.0151842298059583
0.17485864810887697,-1.942663588508623,-2.1907324324796447
0.17527317580453064,-1.9425097887382854,-2.396643741723769
0.17555989767799182,-1.9421661112576911,-2.589786616023556
0.17570018440651053,-1.941722152552558,-2.797356971311541
0.17629860505469078,-1.9413115514131705,-2.988091706546412
0.17689122938311108,-1.941584669944268,3.097207892928815
0.17722553181928366,-1.9421375607036155,2.8988587293405486
0.17744630156628086,-1.942590580134476,2.6796378759663524
0.1776358803709157,-1.9433065491213757,2.476388272347107
0.17759243429563454,-1.943803429021126,2.297462911856332
0.17753544450584746,-1.9443633427813416,2.0816159739080353
0.17751644786392137,-1.9447324045945042,1.8802600024704827
0.17783265610929522,-1.9450679835322258,1.6648647716432545
0.17769057578003367,-1.945536859136907,1.4700575525912947
0.17709822804855432,-1.9458131502011131,1.2595937913436848
0.17617596548927159,-1.9459239828084578,1.0448949489817656
0.17545755251774048,-1.9460276238992908,0.8670051880006208
0.17539843887473422,-1.9464032207948931,0.6773122671395189
0.17461955316688382,-1.945825605901525,0.48801200031674985
0.17424484152644715,-1.9456286466926003,0.30203183510114756
0.1738028189782261,-1.9455067797959968,0.0932519040458974
0.17342844528684523,-1.9456205017321528,-0.10146892050535103
0.17351601089321406,-1.9457794739721619,-0.29781928221184156
0.17277258746469587,-1.9460259278106142,-0.4824896031194333
0.17295246962341854,-1.9451289151108475,-0.6827235733604364
0.17254070464448368,-1.9450519822458565,-0.8787238147127967
0.17267335477463516,-1.9444766429626856,-1.0799279299691233
0.17257390141115334,-1.944077259842006,-1.3062354086733958
0.1729674495080547,-1.9436426784974274,-1.5087700835420534
0.17279375056533794,-1.9433440926834813,-1.7008192120323495
0.17273296482486297,-1.9426652852843451,-1.8892383018803098
0.17320956053092276,-1.9422217369502266,-2.0955794473037423
0.1733971790092795,-1.9416495797320297,-2.2979249543226405
0.1744504526216958,-1.9423669140321609,-2.4894450330164686
0.17475761458844655,-1.9421901080976984,-2.6884428738762245
0.17466167419251152,-1.9415853493067239,-2.8903205528526907
0.1749398928886742,-1.9413804681896418,-3.0852646437807594
0.17532050907709382,-1.9408385032741096,3.0047177210010108
0.17559604006163707,-1.9411647618823016,2.800213177055736
0.17533645627682962,-1.942031209347134,2.5933184893640706
0.17547546536465478,-1.942591565174839,2.3908442456643804
0.1758683407100864,-1.9429516588274218,2.1946910306345804
0.17509862010499455,-1.9439746228227492,1.9991378345295017
0.1751475618945011,-1.9441630841852224,1.8063027972195433
0.175407586803561,-1.9443896148779551,1.6168825693716098
0.17582736474702365,-1.9447394616745262,1.4182727852378127
0.17506865461481283,-1.9450323152432745,1.2342996498088665
0.17416885669375934,-1.9450739840294158,1.0330395929959186
0.17351300094123115,-1.9451466877668329,0.8254880211252662
0.17268515721038133,-1.9447976874758395,0.6394384653978995
0.17272547503873872,-1.9456775840614127,0.4556994048801988
0.17231830750711385,-1.9453909624769028,0.27332115718258676
0.1720129749834364,-1.9455281593364788,0.08215446742866563
0.17160949865242583,-1.9456058059208146,-0.09970574109910636
0.17128214027821634,-1.945310390408616,-0.3015302687626195
0.1706545163774117,-1.94501859228639,-0.49849500876821756
0.17041072370443322,-1.9446551670120864,-0.6715648788441619
0.17057372554950825,-1.9440021540800665,-0.8694576830698877
0.17107255209252492,-1.9433532025844884,-1.0705200660811536
0.1709684740838641,-1.9430173159901405,-1.27012528428621
0.1720582587416946,-1.9423530529174091,-1.4613764531372544
0.17187878340978693,-1.942020614593963,-1.647054446056204
0.172583302242904,-1.9418407943815217,-1.824304222725346
0.17273033961336956,-1.9414738157085298,-2.0169111258730292
0.173324769274252,-1.9413685764873576,-2.1994232879835693
0.17348383305569404,-1.9410159255940385,-2.376402729199971
0.17405006505967957,-1.9411849366885496,-2.570628034783574
0.17415422288748775,-1.9408884916302065,-2.7933104846730896
0.17485725174548705,-1.9407136159762897,-2.9907668535392484
0.17547671766445336,-1.940987282413948,3.110402267741345
0.17553983112888383,-1.9412222896602975,2.9001238836106795
0.1760319408611236,-1.9416983959801575,2.7096198419171085
0.17600548416017917,-1.942258347989388,2.5056302688176126
0.17626910099351417,-1.942656376381637,2.281017584179147
0.17584228344846317,-1.9433353349460598,2.0780038279554724
0.17567658809696446,-1.9438260651903476,1.862651715827595
0.17572565860024872,-1.9441545831444207,1.6528434705765598
0.1760721964064242,-1.944499409242144,1.4525485878624198
0.17554838670621192,-1.9447016628361018,1.251449872108622
0.1749415894472902,-1.9449977142802661,1.016838778766961
0.17431766122972525,-1.9447781623847757,0.8119715185354716
0.1737807662764039,-1.9447809355761254,0.6059265276298994
0.17345811444833265,-1.9448590028414476,0.423539409252349
0.173076613176049,-1.944614491470915,0.21902185580373926
0.1728081150582818,-1.9450317616069341,0.04169598306066404
