0.8149788957066516,-1.4848688075617567,1.615939233189721
0.8150702171003792,-1.4848670620177111,1.6113387727134236
0.8150839545114541,-1.4848666169489928,1.6121511626759204
0.8150318896985025,-1.4848723728874877,1.6104486358970782
0.814972363190019,-1.484877972832214,1.6083362622384743
0.8149715538547422,-1.4848784459660294,1.6089062931690894
0.8149730000804977,-1.484879453698879,1.6090197721943609
0.8149741459272826,-1.4848804832934075,1.609144362745317
0.8149751581218683,-1.4848815266196138,1.6092745259434202
0.8149193931328726,-1.4848874407308403,1.6068980969663746
0.8149206249445685,-1.484887756425961,1.607547206641424
0.8149219213593919,-1.4848886957525549,1.6076567747856816
0.8149230116500533,-1.4848896516222863,1.6077738577195293
0.8149240114879123,-1.4848906184685249,1.6078948939522932
0.8149249708442708,-1.4848915940821028,1.6080181650003975
0.8149259114852727,-1.484892577531907,1.6081429288534095
0.8149268428845324,-1.484893568445068,1.608268869317295
0.8149277691586864,-1.4848945666928168,1.6083958558824256
0.8149286920899225,-1.4848955722533195,1.6085238390796417
0.8149296124430853,-1.484896585151772,1.6086528048857576
0.8149305305396186,-1.4848976054342427,1.6087827548597242
0.8149314465076768,-1.4848986331562466,1.6089136974902316
0.8149323603911302,-1.484899668377756,1.609045644428339
0.8149332721970683,-1.4849007111610224,1.6091786088490563
0.8149341819165054,-1.4849017615696252,1.6093126047404507
0.8148770066989764,-1.484907780915704,1.6068944312577467
0.8147976092472471,-1.4849096126404882,1.6119794424605394
0.8147279849640557,-1.484919506199264,1.612020840547125
0.814677740883822,-1.4849273608071867,1.6131923388236011
0.8146285078517449,-1.4849349185934044,1.6147788396503908
0.8145768685323708,-1.4849428405508478,1.6166736177987073
0.8145240981537788,-1.4849521763018794,1.6188595707629747
0.8144649704194898,-1.4849629320949511,1.6212301936869333
0.8141576682864654,-1.4849645071476207,1.6282825459329375
0.814031752154362,-1.4849533203828786,1.6335204809363861
0.8139566975520658,-1.4853074627439127,1.4502883480165267
0.813713434032761,-1.485690179807773,1.2341617773973423
0.8128956499184437,-1.4859620739965682,1.0226554205825285
0.8120559837694198,-1.4856525724167597,0.8066572207016728
0.8111440905524756,-1.4850992323998113,0.606770904224922
0.8105013039891682,-1.4848594288763945,0.3851947585639272
0.8101350993146378,-1.4845926628759405,0.195094865761142
0.8096725527712687,-1.4841044311529816,-0.0036011199139432664
0.8092878362043326,-1.483974348573964,-0.19650428549852964
0.8089161559881779,-1.483539694668231,-0.4083579530225191
0.8086687488548339,-1.4830150101512054,-0.61557314630831
0.8090259422601113,-1.482146608393357,-0.8103484138392427
0.8089661121074442,-1.481784705228817,-0.988576149710793
0.8089686282440752,-1.4814265981791341,-1.1743109550714295
0.8091432089255367,-1.4813609211433256,-1.3591402657736364
0.808832318977977,-1.4811016407267472,-1.5574495125194403
0.8085885005797854,-1.4807056106575502,-1.7469490952919222
0.8088424809039744,-1.480438881026438,-1.9549950853171953
0.8093944859839703,-1.4803937978465558,-2.152215221139472
0.810387329385644,-1.4807590231690797,-2.347549390805682
0.8106782421721295,-1.4807112266170923,-2.5346650499045884
0.8108912268021887,-1.4801465427912492,-2.7211455773850717
0.8118256288477468,-1.4808857176801384,-2.9240413738771625
0.8122205084586015,-1.4812742025872152,-3.1058055902782677
0.8125777029801116,-1.4812382967578164,2.971542179601574
0.8130372154614018,-1.4811124283031543,2.7640252124585025
0.8135632486048616,-1.4809795216906998,2.5548533285409847
0.8138828655134253,-1.4812480127720073,2.3519284386979864
0.8138441106764983,-1.4818971784885968,2.1720684172604483
0.8143934050542575,-1.4823580828134117,2.0005214927248263
0.8143988076995691,-1.4828139829382305,1.8065359972096742
0.8142371939907946,-1.4833176061516233,1.6018528507087408
0.8137181270107465,-1.483724441207769,1.3916652716865114
0.8139304947391685,-1.4841744393518457,1.183893719738153
0.8129915358236061,-1.4841580320262615,0.9803197930191045
0.8125107397185516,-1.4843194118143481,0.7709971837774233
0.8123587812151146,-1.4846075658966753,0.5767223865357585
0.8121669646878479,-1.4847736386540924,0.37948046791388373
0.8120156706463451,-1.4854148891589307,0.17772756650725258
0.8116213111738089,-1.4853955381066053,-0.013409946468404885
0.8112795122058819,-1.4852934469199126,-0.2151247025967453
0.8113734863328882,-1.484561110810164,-0.42370684075415094
0.8110237360822717,-1.48444729699052,-0.6289940009542951
0.8113509774727922,-1.4835679462562243,-0.8298464157517509
0.8115359748945093,-1.4829813922030874,-1.0365551906754171
0.8113078704541128,-1.4826020470587207,-1.2644057224562006
0.8113130235226309,-1.482187154897372,-1.4725688999672317
0.8115045507841501,-1.4817460204119388,-1.654289880382225
0.8115452657827221,-1.4813473806184176,-1.863881610062524
0.8116272576200358,-1.4808544891666888,-2.0583444408695977
0.8113394141830061,-1.480163892823086,-2.2696872488834594
0.8116309340510376,-1.4799662352962901,-2.476934927029978
0.8115066576921772,-1.47919933233896,-2.6690876693262466
0.8116721987069931,-1.4788776613331989,-2.8525328857135284
0.8118583391865785,-1.4789961676967902,-3.047368063710657
0.8121976971871026,-1.4787797568427596,3.0330861396790585
0.8126093397275442,-1.4786025556499764,2.84619390318364
0.8127576377434214,-1.4789104675296825,2.6440559787026054
0.8130756225318865,-1.4792118759608663,2.4502340105911093
0.8134184461410014,-1.4794465959477574,2.253636211740386
0.8139880499081616,-1.4795841170785817,2.0615559202207447
0.8141309899248373,-1.4799628302162664,1.8773808487494326
0.8139344810973212,-1.4803726912237956,1.6627992888952392
0.8138201018574908,-1.4806670149370944,1.4742202798747381
0.8140603080975529,-1.4809959971135236,1.2821931358325591
0.8140473950358786,-1.4814931185555327,1.098271202224646
0.8135374451180896,-1.4815851251185352,0.8941780406373587
0.8122979556395131,-1.480867658211823,0.6834680896317186
0.8119781629382818,-1.4811323036665012,0.5063683017766342
0.8119463697255124,-1.4814032454082742,0.3091190688173646
0.8120036082228105,-1.4819996425651838,0.11586454096417925
0.8116235357168562,-1.4823734580721983,-0.08229727414870693
0.8113442054704367,-1.4820864926246937,-0.28789658833803494
0.8110986232765318,-1.4816274692183558,-0.49530900249331433
0.8108907169903108,-1.4810103627011462,-0.7016983686298819
0.8108764406324266,-1.4805828593351025,-0.9038639464219663
0.8109396170425571,-1.4800854635278575,-1.1341488051284299
0.8116859088565094,-1.4794098429747826,-1.3424684559294542
0.8116381915778431,-1.4790460919175945,-1.543629591209127
0.8117744106470497,-1.4786954857181307,-1.7572075886200642
0.8121376270776633,-1.478930837951199,-1.959582957194416
0.8120236753265312,-1.4783937553735658,-2.1616991873579106
0.8126734293925312,-1.4785592686263753,-2.3683843201543264
0.8128136533288024,-1.4781759168278863,-2.565314970950146
0.8137109952365192,-1.4791609031865485,-2.744147776627247
0.8139177479345181,-1.4794621602467097,-2.9426080973832454
0.8141399223307106,-1.479388977823908,-3.1351280697312265
0.8145214679146819,-1.4789090617179153,2.9383333376019416
0.8145491927567989,-1.4792622432165898,2.7408943662708753
0.8148574327231282,-1.4793170791897943,2.5466336631580737
0.8150817130641306,-1.4795576854392447,2.3578649964709473
0.8150317300821298,-1.480050672636255,2.152055148887028
0.8151933479724413,-1.4804525890475229,1.9362504789082706
0.8147494528875422,-1.4808825009216426,1.7374737374334885
0.8148484898745747,-1.4811937704763851,1.5249413710719464
0.8147342322753548,-1.4814786820361106,1.311637222710063
0.8141953989062646,-1.481606288532934,1.1119468932368521
0.813896855060033,-1.4820837125425297,0.9056272611573957
0.813282289379404,-1.4820792592552716,0.6961792758886155
0.8128861377463168,-1.4819624674192977,0.49204841696735185
0.813082571022339,-1.4825437816980276,0.29659703994360864
0.8130514441000339,-1.4830682051228874,0.10655700609025796
0.8126940171633807,-1.4833801852525508,-0.08680688860815726
0.812381312054102,-1.4831310381701766,-0.3040813308219394
0.8123905961291289,-1.4824557921446835,-0.48396864763049124
0.8117745950643598,-1.4824408315612785,-0.6786453417826621
0.8118809850666975,-1.4818102091768797,-0.8685217499285939
0.8121878459902989,-1.4812105587448403,-1.0482731890983261
0.8126951415101558,-1.4805396416204968,-1.2587596607892046
0.8131904154411953,-1.479807172785611,-1.4590091188687617
0.8133793284236762,-1.4794031169428508,-1.6511328547374187
0.8138539439861259,-1.478854096635107,-1.8536609950116385
0.8145468304583022,-1.4786802255352014,-2.0633042296288013
0.8146157276000214,-1.4782430424138269,-2.310393471754626
0.8146705932918272,-1.4778645901674201,-2.5075751295862694
0.8151099815350332,-1.4778400220968262,-2.722917690542093
0.8155507948993284,-1.4785352740047637,-2.9010131360427223
0.8159095763027294,-1.478450983917906,-3.1110263513228413
0.8162857808994795,-1.4781082637339413,2.9643519350170164
0.8166455045319578,-1.4782579781047365,2.768719359809425
0.8171560139885787,-1.4785010158701755,2.5884202807264995
0.8174344331040369,-1.4785508862611545,2.417951487488407
0.8174557912474611,-1.4790097824580244,2.2077821193809495
0.8177896138987011,-1.4789921355357376,2.043195842266821
0.8183818457415876,-1.478772105677352,1.85707677932695
0.8181523432832216,-1.478996714616259,1.6675746521469916
0.8185801898376847,-1.4793045162138987,1.4661476513450316
0.8186924320011528,-1.4799643835423402,1.2593507639763428
0.8192155613269362,-1.4805373076721526,1.0560307764664754
0.8184517101963755,-1.4805372363825375,0.8483750148701995
0.817895273038682,-1.4805652715259228,0.6348017432936931
0.8177469332448287,-1.4813083714279183,0.45523603923298134
0.8168810037234372,-1.480717601235662,0.2807329014962895
0.8166919461660562,-1.4810120106054534,0.07550617667697485
0.8163387868622317,-1.4812856899683948,-0.12086239739579469
0.8160855752891225,-1.4807702790850796,-0.331775525903334
0.816070031248994,-1.4802205749983637,-0.5445027201600151
0.8157974374187191,-1.4798169808656092,-0.7398273740382136
0.8162958536934364,-1.4788213294614803,-0.9279217557943378
0.8167867364913702,-1.4781004369545716,-1.1049506663587934
0.8166222016088701,-1.4779552267201126,-1.3057196829131077
0.8164207996430021,-1.4778692113040863,-1.4994462410442086
0.8157248434501588,-1.4775499574296265,-1.68197888022539
0.8156678143375989,-1.4769333688062471,-1.887975123481206
0.8159223579164819,-1.4765008620506526,-2.088017371449574
0.8165904529570294,-1.476455249596165,-2.292613604852357
0.8170459051078609,-1.4763652316693274,-2.512349912740011
0.8172756659863601,-1.4763685917473874,-2.7020645613377874
0.8178210862012156,-1.4765885757174044,-2.9127710632183605
0.8181188226725759,-1.4762914360599615,-3.110541513254599
0.818409750645143,-1.4761562021735413,2.99326633574249
0.8185764545946265,-1.4768177153800197,2.7758806750069884
0.8187528183095797,-1.4771647609548826,2.5595691376371335
0.8191001086720628,-1.4773809261905588,2.375502526865963
0.8193047726856848,-1.4777527166813322,2.1963569927517987
0.8197555338685674,-1.4779507656264548,1.979945010586313
0.8192229205591057,-1.4784300028188595,1.7955393923715106
0.8193950842961253,-1.4788312418300964,1.596673544020943
0.8193679135190968,-1.4791844340344007,1.4024969750286733
0.8194153235895936,-1.4795578093077482,1.2003196308944284
0.8186611365953622,-1.4795206989423129,1.0005456293720498
0.818296565813222,-1.4798621699343104,0.7746289811158096
0.8178738286409063,-1.479888940774385,0.574538461188241
0.8178328298537806,-1.48028801314106,0.3782085421809776
0.8178312476293907,-1.4804445533043205,0.18993473339347014
0.8176833617072589,-1.4810269942341512,-0.0008006988020381821
