1.6026549014562215,-1.5177218245928092,1.6210529503041395
1.6026929965451686,-1.5176313574469003,1.5795196731948977
1.6032967153249076,-1.5176485628550724,1.5883185680141745
1.6031138252075008,-1.5176645622590712,1.5854294268597626
1.60308353426547,-1.5176819839909423,1.5850126679080032
1.6031716392926327,-1.5176884203697447,1.5833422177646503
1.6031930807782524,-1.5176885868561136,1.5833507594551703
1.6032166709965912,-1.5176896227328003,1.5826649548076912
1.6032848202713739,-1.5176924536268606,1.580734436431576
1.603285609774891,-1.5176924312911044,1.5810290024584894
1.6032631947580602,-1.5176918153803256,1.581536514202819
1.6033928607835968,-1.5176975842785998,1.5774923168518298
1.6034301305110699,-1.517698764671561,1.577153503372299
1.6034732460109344,-1.5177011918397167,1.5757567809179633
1.6035921453958035,-1.5177070755757491,1.5723231245044769
1.6037295575208999,-1.517713911541848,1.5687884630797941
1.604118296848282,-1.5177378671164474,1.557384917002308
1.6043051208277501,-1.5177486495426147,1.5520069802000895
1.6042553399181134,-1.5177447718140051,1.5533195414446956
1.6042425324684895,-1.5177433407369405,1.5536048546829335
1.6042333840814407,-1.5177441196779613,1.5530694732122667
1.6042336362622833,-1.5177431236866812,1.5536518451547288
1.6042296250039798,-1.517744255288248,1.553060264106226
1.6042313487031106,-1.5177434247397068,1.5536124178090553
1.6042277635873514,-1.5177446340270684,1.5530051763896735
1.604229598764285,-1.5177438415019144,1.5535496082271991
1.6042240380923376,-1.5177526471004288,1.5499582421837312
1.6042167872116542,-1.5177564313020788,1.549094440135695
1.6042137650303667,-1.5177583756769415,1.5486801257936598
1.6042123378575883,-1.5177594623147634,1.5484738431316931
1.6042114683682898,-1.5177601543665535,1.5483623573557923
1.6042107960413086,-1.5177606656217757,1.5482941094361273
1.604210196199738,-1.5177610944188573,1.5482456234638287
1.6044030217413814,-1.5181160272891032,1.36658095135933
1.6042638570999852,-1.518445262151227,1.1610204515614317
1.6044519349125699,-1.5190845418860914,0.9680466486535977
1.603302649198571,-1.518528530524296,0.7820270598371978
1.6031698212702743,-1.518935480384934,0.5796769598796064
1.6029648383877437,-1.5193357351074477,0.3983126679580945
1.6025371312702128,-1.5190875207915473,0.2074689740466836
1.6021552841481823,-1.519004520974932,0.008059440251654783
1.6018028089665963,-1.5188576244194925,-0.2028172083005024
1.6013841273564895,-1.518901499482398,-0.4262551967665083
1.6009385454940885,-1.5185612873460235,-0.6463878044005917
1.6006544667464317,-1.518339136786057,-0.8216246581529215
1.6005473707709452,-1.517849236967807,-1.0506574042423644
1.6008180806042578,-1.5172387120327597,-1.2592582506907612
1.6006400581839428,-1.516956763661496,-1.4661051453988534
1.6007182422731026,-1.5164655875249138,-1.6655695909617823
1.601370800846252,-1.5161923272960989,-1.8881011995631731
1.6018682777154094,-1.5160773070204938,-2.096734825835894
1.6030631598115797,-1.5163284732138083,-2.315654589219497
1.6035754933818167,-1.5162351266735217,-2.5173016866966225
1.603777428818644,-1.5159047160009163,-2.7177118174871953
1.6041605072684437,-1.5156321504890393,-2.9331529428932006
1.6046328409711437,-1.5157495645228614,-3.1317916254756626
1.60510341855219,-1.515388042364383,2.9550507504053374
1.605379419189007,-1.5154560644834145,2.7588266878634915
1.6055015570484565,-1.515966200606381,2.555241101757239
1.6057426442958218,-1.5163355684216016,2.3383774735497003
1.6066520207129702,-1.5160180084023853,2.1503311779265646
1.6071006448870708,-1.5161417649165654,1.965865942080652
1.606630830887784,-1.5168126437248801,1.7497311393884862
1.6069875441686226,-1.5171055105698497,1.5496680364274642
1.6069174546475726,-1.5172693575474856,1.3665018366168475
1.6066213167027155,-1.5175506521514759,1.1668595830385688
1.6063397074297163,-1.5179153605692004,0.9553575005800329
1.6057000159093562,-1.5179001661754008,0.7519088353994198
1.6052154218038184,-1.5179361435627137,0.5232682927800926
1.604202608980109,-1.5172628355661553,0.32583313867277913
1.6034358326053593,-1.5167828825260097,0.11359860196453368
1.6029892936870433,-1.5166657789062057,-0.08222826893131323
1.6028335295937977,-1.515816950787445,-0.28380705562970704
1.602533223535193,-1.515418119674454,-0.48001495203407757
1.6019295408475918,-1.5155675240019089,-0.6565138740017035
1.601739474744067,-1.5151183977379123,-0.86817081926232
1.6015437159996702,-1.5146922087635297,-1.0681739654016162
1.6010939381198837,-1.5144384926363412,-1.2490509024532905
1.601730362756368,-1.5137699633523163,-1.44023930583809
1.602140044989222,-1.513187299384497,-1.6417418935509076
1.6028949363790894,-1.512834652341113,-1.8388895443611586
1.6034149546689094,-1.512708290335717,-2.053727245424056
1.6035728573175416,-1.512366649560667,-2.2634396201939575
1.6040926540120184,-1.5124409927451792,-2.4636143663341574
1.6046402826973682,-1.5126180681566643,-2.665810438715299
1.6051448940700697,-1.512784026916499,-2.85703487657663
1.6058365885492132,-1.5126345661555576,-3.0528602391104873
1.6062462820975318,-1.5128767677385504,3.0294657621520744
1.6065098241185938,-1.513705518557131,2.8296809797572364
1.6067408179787932,-1.5142749534190005,2.620735345731084
1.6070328198679922,-1.514666787201401,2.4455378695601104
1.6070413778434212,-1.5152888319380655,2.2255036846909966
1.6068603448455872,-1.51584894378323,2.0196015313046245
1.607201287056757,-1.5161075074778483,1.8482132463804386
1.6075966617702824,-1.516238350089221,1.6481399604641371
1.6079979904424277,-1.5166393803509501,1.454932923449646
1.6080199789955165,-1.5170746625887797,1.2394029145392345
1.60769071194697,-1.517295078057599,1.0648049687447307
1.6071233828097897,-1.517460323607768,0.8785467952545405
1.6067890619121665,-1.5178101820396754,0.6744318036889277
1.606167108101804,-1.5175100223133584,0.4765179991721583
1.6056758129991884,-1.5169868864718685,0.2861466333554235
1.6056295214242344,-1.517103263233796,0.10488488617396964
1.605375155688166,-1.5175676336510748,-0.086849126642112
1.6049672699044861,-1.517415596331681,-0.2898694918952599
1.6043922259792345,-1.517692643129691,-0.5082872740750352
1.6043001007670175,-1.5169992030339816,-0.7161837975005759
1.604070726057235,-1.5166256661785333,-0.9391179388875893
1.6039032542297906,-1.516328391145098,-1.1462176115460552
1.6038838398270236,-1.516088045369901,-1.340807623090893
1.6040176411362193,-1.5159220768247523,-1.5234087127502989
1.6036915847498967,-1.515557155844569,-1.7308972640014841
1.6038016664331591,-1.515415529040388,-1.9369037480507383
1.60348016955358,-1.5150085176650994,-2.098936986402412
1.6030232169077439,-1.513971554690481,-2.285084889150308
1.6029836473584664,-1.5132113319759402,-2.5001364461314726
1.6031819865208352,-1.5130501819118656,-2.70243169584542
1.603648821009094,-1.513241099305324,-2.909170205849412
1.6041955820635214,-1.5133533420917449,-3.108462462611096
1.6046141246426293,-1.513773062367891,2.959753292854152
1.6048432409993003,-1.514440809113999,2.7516431419392786
1.6046347470543267,-1.5153740032724938,2.5399121234323894
1.6049354778362028,-1.5157634734343415,2.3229725039161826
1.6048454414436502,-1.5162569083175443,2.121126293147417
1.60451938353407,-1.5165416596689512,1.942384226680414
1.6051614358173683,-1.516668122846427,1.7450417891889305
1.6053719213810078,-1.5170341226378605,1.5538115802653152
1.6050534826257463,-1.5174420761142444,1.348261566203039
1.6048088465490247,-1.5176960486417335,1.1377592914762797
1.604744401397581,-1.5181928751159441,0.9274003720485693
1.6036320790740548,-1.5176358624961246,0.7370264781396197
1.6032004039124335,-1.5175070349719637,0.54510512060737
1.6026148215400247,-1.5176888820978363,0.33032009605205276
1.6020803649062958,-1.5171824760205115,0.12601225016674095
1.6015671846835464,-1.517041136030791,-0.056352084236839003
1.6017489644155225,-1.51653625262528,-0.24278223059947363
1.6014005303110757,-1.5162268619344208,-0.45535789196122
1.6011058022741136,-1.5160280542723512,-0.6602365131168219
1.6010585959628636,-1.5157398270063611,-0.8690380595262642
1.6018076036020517,-1.514812495525446,-1.0650752934868057
1.601417026348287,-1.5145338320041128,-1.276642203801253
1.6011725932469032,-1.5140134580340214,-1.4836313109616872
1.601446844812593,-1.5135772590061032,-1.686850211696798
1.6023348612877668,-1.513334042251495,-1.8861795447924283
1.602978089002045,-1.5133830919226305,-2.099146900223257
1.6031133139911304,-1.512600669785673,-2.2821468771718765
1.603668202950626,-1.5126831560823668,-2.483856247569556
1.6039171469871814,-1.5123369075741024,-2.6894379932435677
1.6045530042722946,-1.5132239393633726,-2.895686912791572
1.6047891467902011,-1.5130732360936034,-3.1026805060472475
1.6051403726761977,-1.5127454775665712,2.9856002409902405
1.6056487638292196,-1.5127117540086499,2.758887993972388
1.6060469243442135,-1.5123708185347748,2.5582829041959845
1.6065188113041144,-1.5123245108625007,2.363148167220089
1.6059215044703046,-1.5132107631956595,2.188841002077935
1.6059952876180759,-1.5134433238915426,1.9961321304678363
1.6061984162315543,-1.5138321635825227,1.7791004179116738
1.6059074615694384,-1.5143489544256779,1.5637541588739248
1.6053128240790808,-1.5146108612142528,1.3561838949213467
1.6053415574560355,-1.5148261027229908,1.1474689432134844
1.6054537195782934,-1.5155080599157047,0.9676458195411124
1.6041970319889642,-1.514782428124386,0.7123202757150189
1.6036948653855652,-1.5146553905736957,0.5106754955774405
1.6036083845452975,-1.515227619422247,0.29664282799429725
1.6027814506249678,-1.514789727898886,0.10144905189471248
1.6023731285649128,-1.5147115197112049,-0.10089826187047315
1.6019938004789542,-1.5145394337841684,-0.3266530661628009
1.601450090288277,-1.514660186340375,-0.5269313322609505
1.6007160060841725,-1.5146815934287414,-0.7144796810286191
1.6002432920543428,-1.5146597703183373,-0.9078137745187839
1.5999482691726608,-1.5142255214442124,-1.0947629430402672
1.5996414860529433,-1.5140020187637269,-1.3014352469168518
1.600204932506906,-1.5134828783485852,-1.5039906386649777
1.5998075674753758,-1.5130507600009486,-1.706204093325588
1.5997841837649944,-1.5128106295237194,-1.9085525111148636
1.6001241782572446,-1.5127149414201366,-2.1087772196442125
1.6004703403088252,-1.5125352207866263,-2.3024941707829507
1.601498077909712,-1.513283627914784,-2.4968659235227113
1.6019424005417253,-1.5132837425988361,-2.6811902229404403
1.6031167511981705,-1.5136935186089018,-2.8632105008693194
1.6037123661798698,-1.5136533174420819,-3.0436926540881566
1.60406038383953,-1.5138649184463162,3.047346289247653
1.6042416446225676,-1.5141509402168096,2.82506407450596
1.6046166048917978,-1.5144852636679749,2.6253629925000554
1.6046429535738256,-1.5150656457841245,2.426509277014956
1.6047993478166447,-1.5152843314639608,2.2481550853153065
1.6052340486951286,-1.5153534122669168,2.04248883487405
1.6056218502402333,-1.5154228779909251,1.8401996394928337
1.6061259419856875,-1.5156688475506646,1.6485936274986197
1.6062234583937298,-1.515940494895887,1.4523968830258034
1.605754126819492,-1.5161524144465055,1.2285134688289945
1.6046522017263671,-1.5162602814046613,1.0485252377925198
1.6042907757669118,-1.5164940825668023,0.8533374908357155
1.6035665584403784,-1.516456652926628,0.6278384435758794
1.603292626441872,-1.5165613373252798,0.42251067641502243
1.6031952375237661,-1.516617295059466,0.22816315898912978
1.6029413898627238,-1.5169492533448783,0.03870194078259393
1.6025934906643071,-1.5169394503803793,-0.16531589290260365
1.602207261430424,-1.5170309892285536,-0.37033551770630724
1.6020276796999813,-1.516521606548685,-0.5738341647343245
1.6019196433351444,-1.5158244903622908,-0.7610959196490555
