1.2986958238672275,0.5375559966155959,1.618854467560531
1.2989281153947057,0.5375852773238126,1.6062804158007484
1.2989378279172668,0.5375774842868863,1.6048776612490914
1.2989613341860322,0.5375780406268839,1.6046961569130203
1.2989730386236154,0.5375774560147509,1.6044378733571274
1.298978748101537,0.5375766113559155,1.6043942118656433
1.2989819059976708,0.5375756524396568,1.6044419316971006
1.2989839899418636,0.5375746395096092,1.6045285225733628
1.2989856225706282,0.5375735975916153,1.60463193536812
1.298987064952534,0.5375725370381649,1.604742932948182
1.2989884263069578,0.5375714620824508,1.6048576577610978
1.298989752241974,0.5375703743978126,1.604974505700589
1.298991061750568,0.5375692745845251,1.6050928155577369
1.2989923626967586,0.5375681627917027,1.6052123204953446
1.2988143918727708,0.5375569749123537,1.5955817415838724
1.2986992430421351,0.5375551103966881,1.5912338970907158
1.2986287516200585,0.5375543470198735,1.5894872571921284
1.2984703006507339,0.5375500864031041,1.5843716073975203
1.2984181231413225,0.5375499035087826,1.583997445927807
1.298358740247177,0.5375482216450586,1.582178773323927
1.298225728319329,0.5375444229140057,1.5780652879470383
1.2980948460547617,0.5375413367845012,1.5746937861829815
1.2979723814887119,0.5375383379895933,1.5715640104681432
1.2978888762797811,0.5375366373290708,1.5697837864678108
1.2977337554132,0.5375318145499716,1.565304915830001
1.297545362924871,0.5375264880226456,1.5605274317069886
1.297132005762882,0.5375060992041104,1.5466354443844033
1.2970832243027421,0.5375025510197879,1.543774157210574
1.2970559260491492,0.5375012554509772,1.5422958599288425
1.2970700333908305,0.5370576795796557,1.36953192201791
1.2963679367248928,0.5368189965519874,1.1562582954691167
1.2959334613136448,0.536513826363574,0.9695933411480295
1.2957819853002484,0.5362409077090059,0.8152116969217298
1.295167450868671,0.5364047713337221,0.6141042824147511
1.2944977611706106,0.5366947098003867,0.4085332965804073
1.2940433078893405,0.5369301461948105,0.21889772226620235
1.2935063232058528,0.5371034586353045,0.011996547214681437
1.2931380424843448,0.5372454576653273,-0.18627474082031092
1.292765131767773,0.5377493305872638,-0.38969807817758595
1.2925390187851211,0.538121363064924,-0.5951185164033066
1.2924765999468228,0.5385763203424072,-0.8178874049327041
1.2929309752117781,0.5393663194600271,-1.0169428612020204
1.293257985282471,0.5401093179296553,-1.1938965190953095
1.2934809056446577,0.5406027582069541,-1.393137600138433
1.2932885168876878,0.5409565708267613,-1.5906359644715904
1.2928642395608558,0.5416040490819071,-1.7828514459975635
1.2933282570761864,0.5418381968304185,-1.9904035832699265
1.2935930999842054,0.541859299401869,-2.1828889714716904
1.2936941901454162,0.5423079723831227,-2.3772545352945116
1.2941457263215999,0.5423832233334259,-2.5780813738661097
1.2948432576113555,0.5419022549048965,-2.7851082451682094
1.2957812654845227,0.541453178812596,-2.9985485537157217
1.2963331440105823,0.5412557758264946,3.0804869704465365
1.2968797425524068,0.5418423309048211,2.8879193443330156
1.2972015229601142,0.5414325471320921,2.6736163288981616
1.2974636860667341,0.5413246308904501,2.4527351921549587
1.2971122591970607,0.5404232507484407,2.231103057381517
1.297253004796931,0.5401537436634262,2.0511291322319947
1.2973693919862959,0.5397869116310813,1.8328834790799156
1.297874426410055,0.5395797800329117,1.6339058108624778
1.297797160442045,0.5391507267356739,1.434493152154685
1.2968225456067413,0.5389636371237894,1.207884976217768
1.2962629783920905,0.5387150742878498,0.9859473257498241
1.2957829950173927,0.5384787044914204,0.7869352236756771
1.2952273485267163,0.538650917612974,0.5858545788755416
1.295129488694989,0.5382075248661548,0.4043864612447929
1.2947317673599714,0.5385978092826487,0.18798865044313492
1.2943948879667653,0.5387277613787883,-0.012857173406227086
1.2940277043353683,0.5387124282229632,-0.22121695676131942
1.293834367747398,0.5394641722082776,-0.4368336472678412
1.29315465913925,0.5393128765475022,-0.6193864309573808
1.2928253080724381,0.5395604061120718,-0.8428696050879624
1.2932892304717667,0.5404299237795465,-1.05684885806917
1.2927620021921982,0.5404038926080507,-1.2477231530240935
1.2928263855087911,0.5405628452593065,-1.453265458839243
1.2923643880405669,0.5408790024908559,-1.6559194523882665
1.292225701129604,0.5412148883626728,-1.8748813868395908
1.292538132952816,0.541476081132258,-2.0825323862551888
1.2929663551577755,0.5417849999275334,-2.278138613806799
1.2942398358302363,0.5409720760820835,-2.4843797812796953
1.2946460852742192,0.5408505656070312,-2.6790380278047605
1.2952108865179706,0.5406974610983685,-2.8790120318930437
1.2955846040085035,0.5403624187551889,-3.08326090557694
1.2959759089299103,0.5404577298902391,2.9864861988493336
1.2963099602891757,0.5405189209131142,2.76772853208307
1.296913302069798,0.5402052492238026,2.5575217236147627
1.2971227955133655,0.5397927791629246,2.3661038349661285
1.297694960004376,0.5398179178516729,2.175465849677572
1.2980261482099231,0.5395012397380943,1.988719354201198
1.2982566254482586,0.5388263777510944,1.7924380592216076
1.298492686069248,0.5385206698980977,1.589542996184029
1.2982824190984725,0.5381572017728762,1.3865429555872277
1.298152806180436,0.5378103843616491,1.189927097755841
1.2975815913788527,0.5375298579575281,0.9861518847229328
1.2974564685379402,0.5370318043980625,0.7973247158825121
1.2970739614033338,0.5369721188681434,0.5928721671062817
1.2962635605394304,0.5375906087616886,0.3894869458715858
1.29593044608789,0.5377023421229707,0.18963321419214346
1.2954412239615987,0.5375297686663716,0.0010866323093838696
1.2950686620698497,0.5376218979057599,-0.20390241551337618
1.2948156464621987,0.5384357932208165,-0.40831192990207155
1.2947577336314557,0.5390488029119006,-0.6001690788565631
1.2944743822820615,0.5393458490800231,-0.8092856572371421
1.2942235473591377,0.5397292852952256,-1.0159683432003912
1.2938850638485093,0.539741932777167,-1.2126810206586995
1.2940365020797593,0.53998644467737,-1.4170896883221051
1.2938787010207753,0.5402707223567932,-1.6106629458068553
1.2934528234983003,0.5408767165515983,-1.8114410147575422
1.2932554357335089,0.5413904182341802,-1.9931585963351435
1.2940039988523213,0.5412067666048709,-2.1708346051531446
1.294659752154092,0.541039030698423,-2.363935935065229
1.295268503564813,0.5407703637172901,-2.5138511180771417
1.2959390045077273,0.5402927368834297,-2.720124875026429
1.2961915091893508,0.5406461722956836,-2.895350119312855
1.2967112299969272,0.5403997654331776,-3.094086282001349
1.2971035177213748,0.5409199820620458,2.9966287029596024
1.2972040115717585,0.5404988636042182,2.781134502666055
1.297701042157948,0.5398457730175504,2.590353251743367
1.2977079525841433,0.5394782232240617,2.3996932252072987
1.297921027366204,0.5390431212797295,2.176504984686052
1.2987764996794329,0.5391320096279304,1.980717986147191
1.2981008077903669,0.5383066512682081,1.7843884834868868
1.2983033940088056,0.5383297238099292,1.606651019254312
1.2986561673933978,0.5379283148993719,1.40126388884363
1.2982884962974246,0.5375512890734251,1.189576570803014
1.2974821243669106,0.5376640237233289,0.9872721826150683
1.2975748552228827,0.5369303971812531,0.8070308857433544
1.2977353651181027,0.5360836171707827,0.6186001812274591
1.2969014705625728,0.5367229071811247,0.4010026205672795
1.2963842244519082,0.5372036873548506,0.21266655387879072
1.2961648640682093,0.537003001437631,0.02158847954918866
1.295729003217079,0.5365706136527469,-0.18497838082720608
1.2953818758789277,0.5369087592213015,-0.3812535037829877
1.2951915440889,0.5373463130369304,-0.5828959879644974
1.295040994952331,0.537946820284262,-0.800715616998188
1.2953681579272718,0.5386565961602713,-0.9970418321248182
1.2955542506874955,0.5390781695257568,-1.2034268730766655
1.2956135236879098,0.539218928495869,-1.3955866294827768
1.2955627164777463,0.5393516799049065,-1.5802577589198155
1.2950405652838952,0.5397653165684687,-1.7777043879611572
1.295775061079043,0.5400097672758858,-1.9872062091841076
1.2962029235095731,0.539998414839184,-2.1897614956137943
1.2969425411595357,0.539998890667032,-2.38325102626385
1.2976065049896708,0.5396112190806891,-2.5665654034775844
1.2982612020008921,0.5389537936162747,-2.7530604555596065
1.299114219193342,0.5379216632443553,-2.9387407171138396
1.2993638276177832,0.5380930272809206,-3.126339140953348
1.2997979192090807,0.5384294871394939,2.9505123606502384
1.2997986201510323,0.5381369797679482,2.7288902676708955
1.30010839395583,0.5380163589637453,2.5469766010859844
1.3003463627423189,0.5377680510675646,2.3539004840358437
1.3003297709643324,0.5374072726075603,2.165186886351542
1.2994029193503376,0.5366265640984204,1.969813209220128
1.2997049635839566,0.5365786083940203,1.778027881804924
1.2992570289745764,0.5361072613412079,1.5764462874694503
1.2997221088089543,0.5357356429793482,1.383177598231699
1.2987635824940693,0.5358013159259111,1.1731173382100064
1.2985317145080333,0.5352041578505008,0.9814323110728241
1.298373257184326,0.5348160208184113,0.7805873360928467
1.2975503505749009,0.5352123334558294,0.575384704960066
1.2978269428066183,0.5347073335520057,0.390910048197847
1.2976363003803901,0.534442978205171,0.197006107381183
1.2974516350652996,0.5341765877507116,0.02007197098235281
1.29705988311092,0.5337980110384405,-0.17998658056622713
1.296956253289258,0.534615578257513,-0.3819021835848051
1.2967087512983735,0.5347987855722011,-0.5378442436480297
1.2966130287136368,0.5351668216658793,-0.7478836747377777
1.296823358964665,0.5358295953284488,-0.9181038637114464
1.2970642507047971,0.5363417808110081,-1.1140156639170904
1.2973936773827972,0.5371757835851484,-1.332148118567265
1.297586834002623,0.5377155413236853,-1.5270788122835952
1.2979166263976338,0.5379735877918171,-1.7086275775684263
1.2978966326796364,0.5384192211873687,-1.9186695303928887
1.2987253252484432,0.5383351086420821,-2.1311805717100305
1.298893989009374,0.5387564271450815,-2.328270451389614
1.298912320786123,0.5393518336221054,-2.52503897695722
1.299402189521738,0.539412568251268,-2.72633348381086
1.2994448113285009,0.5399182078426649,-2.9224894836729254
1.2997304692007638,0.5397115625242019,-3.11045959521162
1.3000065161724261,0.5402588995965054,2.963638532088902
1.3001504901720926,0.5402894800392787,2.7583457025455127
1.300379253048432,0.5398989556354837,2.5666970796385042
1.2998179292797258,0.5386988198908261,2.3792699563038617
1.299936128956436,0.538372476017137,2.1856992998543223
1.2999078353121143,0.5378261918583517,1.9785484117900178
1.2999955028299512,0.5377129143522587,1.7977956073003694
1.299892043923004,0.5372871629533386,1.5868050272087173
1.300077908189327,0.5367978092273028,1.3691691783950908
1.3003531442178515,0.5365887552800402,1.1681475406006487
1.300522178454851,0.5357872328579416,0.9641226777090162
1.29966250866004,0.5359210400960962,0.7601204274858443
1.299042911821101,0.5361540674530515,0.5547183793715078
1.2986938074764511,0.5359369295868228,0.36380092553962234
1.2976447042457055,0.5366897909073519,0.16671544886759876
1.2969623764396485,0.5367716122247397,-0.021877577492301504
1.2965868986719518,0.5369464798110649,-0.21126412231419364
1.2962083647807172,0.5375236477081657,-0.4226017272276674
1.2957591561756265,0.5374830874932841,-0.6281304329865682
1.2958090822346093,0.5381490646511415,-0.8415628235849986
1.2962807071919165,0.5389050439502088,-1.0358995296503477
1.2967594995682445,0.5396072318797516,-1.2309771004194308
