-0.6701476708318432,1.3585159846496804,1.6215195001784506
-0.6698984670150612,1.3586129146163477,1.5745042167418326
-0.66947171139328,1.3586207059390234,1.5917235357612183
-0.6695457989379738,1.358612138294151,1.5886482019690107
-0.6695762973017476,1.3586092237336802,1.5881138706474922
-0.6695862654113913,1.3586086281255558,1.5884184884163202
-0.6695821706824009,1.3586076537388854,1.5876061605006913
-0.6695798829835613,1.3586080001296972,1.5880306977071237
-0.6695732463191574,1.358607947915952,1.5878697360755865
-0.6695663563211918,1.3586079190662523,1.5877107469487055
-0.6695591195818883,1.358607889170437,1.587552288011231
-0.669554050185378,1.3586078785246947,1.5875078373748983
-0.6695517323930238,1.358607794714106,1.587521913114858
-0.669550152260316,1.3586076815530344,1.5875577381683859
-0.6695488426236043,1.3586075582475103,1.587603257708731
-0.6695476308226408,1.3586074310090688,1.5876531004509962
-0.6695464536886242,1.3586073017142042,1.5877048940608238
-0.6695452883740312,1.3586071708607494,1.587757598644149
-0.66954412673024,1.3586070385402709,1.587810761361649
-0.6695429659032267,1.3586069047411475,1.587864186289041
-0.6695418049178883,1.3586067694347055,1.587917789310942
-0.6695406434531369,1.3586066325953257,1.5879715347413812
-0.6695394814096731,1.3586064942026184,1.5880254077879723
-0.6695383187606501,1.3586063542398912,1.5880794026428697
-0.6695371555015713,1.358606212692551,1.5881335173523745
-0.6695359916341882,1.3586060695470639,1.588187751614844
-0.6695462983777317,1.3586078009242617,1.5906437889143563
-0.6695437889740656,1.3586077150704114,1.5907574295840397
-0.6695420785147101,1.3586075449144188,1.5908386762753632
-0.6695406958269773,1.358607338611706,1.5909070208912137
-0.6695394497707066,1.3586071159128115,1.590970067419216
-0.669538260583589,1.3586068850597388,1.5910309948689827
-0.6695370949512204,1.3586066494888387,1.5910911337324196
-0.6695359389536963,1.3586064106273945,1.5911510415460692
-0.6695347867746092,1.3586061690622144,1.5912109524999143
-0.6695336359847647,1.3586059250283173,1.5912709654930983
-0.669469611950991,1.3582931172105623,1.4200235389270786
-0.6695623782370068,1.3577199108279683,1.2118423481023748
-0.6705544026692004,1.3579771972998294,1.0226567192034564
-0.6706413322637759,1.357648546343008,0.8334009961947836
-0.6710416737746657,1.3574025365845117,0.635146539978415
-0.6716086476169637,1.357743255405413,0.4500887018538639
-0.6720412822624262,1.3581846877220092,0.242525721273963
-0.6722653790447108,1.3582075272381824,0.039685779737765124
-0.6726775027665831,1.35823334747661,-0.1655617532517973
-0.6729104731500363,1.3585220082255616,-0.3646000979478471
-0.6737947149428929,1.3584374971458202,-0.555051188718961
-0.6739163171651925,1.3587747469165163,-0.7531392846493555
-0.673631581218621,1.3594735757019485,-0.9621269090000089
-0.6736401920452548,1.359858389139536,-1.1555912907891048
-0.6732904894557566,1.3600911664872415,-1.3572129605093022
-0.6731569017039888,1.3605652876438576,-1.5567600501046686
-0.6736719784349111,1.3608989936411648,-1.7534009839763385
-0.6736034640871026,1.3614038029451643,-1.9784368328595836
-0.6734709190483013,1.3618812515531702,-2.1842261044858087
-0.6731541518844826,1.3622751228596524,-2.3881777614148163
-0.6724596706676885,1.3619680275644386,-2.577929189450803
-0.6720725422506011,1.361808640648999,-2.793571627884406
-0.6716530900963085,1.3623422090903796,-2.987897774938473
-0.6712727060781379,1.3628814916763008,3.093994347375529
-0.671069865844489,1.3630755089980893,2.8801340917320974
-0.6703178884033962,1.363106779737446,2.685485613880975
-0.6698357484057267,1.3630769106003755,2.506392673937813
-0.6694973998279817,1.362724408037445,2.2967141393097235
-0.6699519691636475,1.361914894082137,2.1219914506141486
-0.6705422869047339,1.361303684073771,1.9165378674436981
-0.6706269086830879,1.3607200284496819,1.7262424310104123
-0.6708035384518759,1.3603770539737727,1.5406426713440844
-0.6709107555317793,1.3599826800937058,1.3277541202535506
-0.6712136629258306,1.359465561513991,1.135251575245008
-0.6715829607637396,1.3591492896638617,0.9348162009104
-0.6720238534193638,1.3590394546383284,0.732758908548181
-0.6723891628877928,1.3588352827220576,0.5274497778792387
-0.6728944123260268,1.3594301915330895,0.3339600862442066
-0.6731199991752914,1.3593584159347911,0.12731821038332133
-0.6734024489765165,1.3588944373080163,-0.06974613273249182
-0.6738281422917864,1.358614435306667,-0.28524445128324294
-0.6741285598285743,1.3589025682105818,-0.4922584848735445
-0.6740348988176821,1.3598938624744454,-0.683642247615252
-0.6739426347195357,1.3603762620566737,-0.860635699462964
-0.6746440110713003,1.3603475735164106,-1.0627758114398953
-0.6745098635550553,1.3607349344756998,-1.272028810455909
-0.6741801884744905,1.361325981261114,-1.4687507440817162
-0.6743512046103787,1.3616183266575377,-1.6580901612890462
-0.6742307737424547,1.361979185050616,-1.8726654134881364
-0.6736927508253812,1.3624610491703595,-2.0790465133770812
-0.6731493318648055,1.362569610410213,-2.2961443306454883
-0.672797218309123,1.3628565446785919,-2.516253490266287
-0.6723547687886205,1.3626931457335099,-2.7256485429108928
-0.6717441585182283,1.3623274564845278,-2.9234615023153867
-0.6714475415147684,1.3627495264563811,-3.111815758667077
-0.6710764195262401,1.3626405446185799,2.9754518746237757
-0.6705234838909205,1.3627867714734214,2.7493762629349647
-0.6700689544376802,1.3626542734743226,2.530922712856941
-0.6705176424416264,1.3617402860423657,2.3359786055434433
-0.6702239355616293,1.3614799221311515,2.14491447007977
-0.6702078169805665,1.3612266041814174,1.9576468260098705
-0.6700396103147134,1.3610580514772728,1.7460564304807351
-0.6695264340261217,1.3607727136109076,1.546216797184747
-0.6689812623552918,1.3603371595645524,1.33455737920281
-0.6699562517029497,1.3602247168828077,1.1035357697291022
-0.6706191370755982,1.3601520564626934,0.8702852190118645
-0.6709655690096076,1.3597025813750123,0.6665724734230877
-0.6714776192333424,1.3595617854972022,0.5069100165119639
-0.6721955496453943,1.3604967765227947,0.30846901765428175
-0.6725871257501694,1.3602145619681487,0.11633050856635536
-0.6731228863598278,1.3606092891779509,-0.08339199291639127
-0.6734607824584549,1.3612560337152215,-0.3035225589412845
-0.6734305965030772,1.362016258956948,-0.5204158834073871
-0.6739972361572713,1.3623832633070445,-0.7295308230337149
-0.6738822398660222,1.3629281565330307,-0.9195820844556615
-0.6741516088158153,1.363272029010736,-1.1361683206755033
-0.6740785633736505,1.3638233985957824,-1.343984233550719
-0.6741622839039545,1.3642307546918373,-1.5417345685376127
-0.6746649127759821,1.3645850910454367,-1.7366969008287703
-0.6743270604334402,1.3649742029068017,-1.930260766085445
-0.6733738061987465,1.3648611173876242,-2.1497117006326367
-0.6726770556597835,1.3650283156536538,-2.377634082282801
-0.6719270728137745,1.3646264732313842,-2.55783731350071
-0.6712798261060884,1.3641786419537805,-2.735089122966159
-0.6708826797727059,1.363933358354109,-2.9402947756107713
-0.6704573950297793,1.3636670368150234,3.1400226096934447
-0.6701912015117236,1.3635096214814029,2.939403758499225
-0.6698375516177382,1.363240171447804,2.7424851136789354
-0.6697299753849548,1.3626129926949195,2.543258155425975
-0.6700734187151461,1.3615556406331666,2.3377465598695313
-0.6706670951544763,1.360677490714095,2.1542527144928236
-0.6705435442526421,1.3603967067691674,1.94793325580931
-0.6702585670389593,1.3602262672455285,1.7418750805053194
-0.6698649672629776,1.359950695378759,1.5510920721018042
-0.6696170407036826,1.3595252307204555,1.3453241686948438
-0.6703713653764006,1.3592471985779337,1.1184181275571032
-0.6712184959413268,1.3593316249666694,0.9104055832507786
-0.6716925540252431,1.3593747866454846,0.7102441665565735
-0.6723122667487818,1.3595652820429618,0.4836143355513522
-0.6729666202266634,1.3596338946049704,0.27114843654931786
-0.673031142054266,1.3592474202963496,0.06797873359268655
-0.6734377201778953,1.358830185320179,-0.12624727135381592
-0.6741092617736384,1.3584723514507173,-0.3382266404243521
-0.6741259363483098,1.358947202769649,-0.5694785261920537
-0.674494025988184,1.3590797102912517,-0.7527347058403898
-0.6749167289796419,1.3591744412907854,-0.9367045031650925
-0.6745776613845211,1.359848033962914,-1.1715233464829296
-0.6750331863383714,1.3597443514390979,-1.3642894161215113
-0.6753021201650281,1.3600717191727856,-1.5636153652064502
-0.6755602313501712,1.360492171196422,-1.7754122134698065
-0.6753490421831604,1.3608915640673862,-1.9872071793907127
-0.6749023595850682,1.3612670318775777,-2.1900971173866877
-0.6740970061964291,1.3611963191337473,-2.407331209632325
-0.6739071743298685,1.3616009868854249,-2.5849014834573016
-0.6732138949491446,1.360784520586657,-2.7790203538258735
-0.6729208124687553,1.3602428493831122,-2.979661501267527
-0.6727291634153469,1.3605639695026217,3.1178932630920237
-0.6723027905243506,1.3608865818559694,2.9042370373813804
-0.6720605095181812,1.3606827171386837,2.7055222195319244
-0.6716426029450744,1.3607886764437325,2.508596718027677
-0.67184758302794,1.3601476186744446,2.317060713288962
-0.6725313804444965,1.3592845765426447,2.1303247026934766
-0.6717643300844485,1.3594556576410062,1.9561380833752096
-0.671214311494322,1.35923899004198,1.77851160274503
-0.6716330421670369,1.3589068001746898,1.593976082392747
-0.6714401277170772,1.3583649750941478,1.3928983982457934
-0.6716001371776639,1.358147103402812,1.186746877813591
-0.6721748908705985,1.3579553030683935,0.9577169089094385
-0.6724519253366189,1.3577614841469496,0.7354914492336608
-0.6728720936603337,1.3575011865663382,0.5292140258818627
-0.6736771636041641,1.358411220127217,0.33745715248679126
-0.6737099348467761,1.3580182142217148,0.13141196962059618
-0.6740411535706442,1.3574195225777623,-0.051934034106552736
-0.6744269544059799,1.357613141603649,-0.2616137805138278
-0.6743543371742262,1.3581365156647995,-0.46841560376797414
-0.6746375810784623,1.358735719919509,-0.6647928757512074
-0.6748119050443347,1.3589138008057273,-0.870649081407169
-0.6745881122047999,1.3595464526007965,-1.0695827982187747
-0.6741907023727434,1.36006311973722,-1.2938608777914407
-0.6750468389091177,1.3602320450359808,-1.4923319024660358
-0.6753739269384518,1.3606258011616532,-1.6897000380465241
-0.6749547916875134,1.3609056560816306,-1.8805607688512487
-0.6739987391670336,1.3610149717700315,-2.0812919605052524
-0.6737085358146229,1.3612720913152359,-2.270973430616091
-0.6725521688759785,1.360452278645359,-2.4829175526326854
-0.672384269489011,1.3608128927877916,-2.6754373355469565
-0.6720841652774127,1.3608396155272677,-2.863026466935511
-0.6716050431674827,1.3603577396706243,-3.059122964539363
-0.671323520154342,1.3605033627531333,3.0350014883525582
-0.6708412394559785,1.3604595377557456,2.82952220214322
-0.6705613353188459,1.3601290172027403,2.6247332333016535
-0.6702734868134956,1.3598452753350467,2.466120112141593
-0.670031916470188,1.3594558426896721,2.2685172961671296
-0.6695569440057486,1.359391002618425,2.097693530585867
-0.6693588501260432,1.3590492398171643,1.8658262225095343
-0.669284148457704,1.3587914681669289,1.6585555818231812
-0.6692917602422357,1.3584248416046607,1.467443410074106
-0.6693738622635722,1.3579459302916,1.279055515411803
-0.6696697710068734,1.3578327589620498,1.069773434456619
-0.6701655331587952,1.3575206040877732,0.8644207241054193
-0.670869337627982,1.3575722850067031,0.6324893018449119
-0.6711281802055559,1.3574379876289608,0.437142913462937
-0.6710410920381902,1.3567803070850248,0.24170510276385757
-0.6712413403401627,1.356470950445039,0.04592683008532835
-0.6715691003143934,1.3561384324059342,-0.14938068098117396
