0.41756081240283965,0.2531559826439864,1.6207539328923575
0.4177509271337427,0.25318444879312296,1.5722528131130233
0.4180530502810449,0.2532092724185967,1.594350313033957
0.4180215818427737,0.25320195766973336,1.589894969607635
0.4180033565657674,0.2532002420871062,1.5897203860484097
0.4180020970028673,0.25319939141015796,1.5893402655713886
0.41800638172091514,0.25319904029452567,1.5890757919462533
0.4180128337782188,0.25319888975748334,1.5888596446215641
0.41802007915517236,0.2531988192873617,1.5886649534352661
0.4180275649149996,0.25319878068896357,1.5884811265725267
0.4180335923469443,0.25319872856609643,1.5883966238292453
0.4180360776631792,0.2531986233060238,1.588405666294431
0.41803772844418985,0.2531984851619841,1.588440715322833
0.41803907412455604,0.25319833584200147,1.5884872628304894
0.41804031031354555,0.2531981822493919,1.5885389069360518
0.4180415080327648,0.25319802641017647,1.5885928372079035
0.41804269273836253,0.2531978688312085,1.5886478290226256
0.41804387341098403,0.2531977095869094,1.588703352163354
0.4180450531558323,0.2531975486497319,1.5887591782169057
0.418046233014664,0.25319738598038055,1.5888152096923644
0.41804741332170653,0.25319722154655466,1.58887140548375
0.4180485941759306,0.25319705532346926,1.5889277486810018
0.4180497756015689,0.2531968872912204,1.5889842327251011
0.4180509576008121,0.25319671743257444,1.5890408554757125
0.418052140170212,0.25319654573161243,1.5890976166777815
0.41805332330533,0.25319637217299545,1.5891545168829488
0.4180404571606745,0.2531985560032583,1.5922374076956844
0.4180433697807047,0.25319845095178417,1.5923712975277702
0.418045256673342,0.25319823560308236,1.592463291997463
0.4180467186587307,0.25319797296149993,1.592538762938969
0.41804800198305553,0.2531976889402131,1.592607528692752
0.41804921028063696,0.25319739437412325,1.5926736486495428
0.418053861871123,0.2528941926542013,1.4254241830835923
0.41798188349945953,0.2523389624518917,1.2175225128278897
0.41739663725639514,0.2522027345122252,1.0041707517272471
0.41670518915880667,0.2522439142773407,0.7967570058392868
0.4164657255260504,0.25187542292524034,0.593407850406863
0.4165713018461566,0.2515179265195604,0.4000720452194253
0.4161648398166539,0.251467099052128,0.21100580968424318
0.41591957278842306,0.25135968014125026,0.01705093083607879
0.41545035349168236,0.2515757683216166,-0.19929195831908603
0.4150252390966727,0.25183152746306603,-0.4179672810805162
0.41474812867935634,0.25229118373042425,-0.6442805583998368
0.4143570128856854,0.2523868496125351,-0.8533788305215619
0.41459082170708406,0.25295450233647154,-1.0538318534248006
0.41407719480432065,0.25328375904635064,-1.2340630475245626
0.41420421927457124,0.25361363214126026,-1.438299133785022
0.4144247659991108,0.25401465333643963,-1.6482107268817692
0.41431994073226497,0.25435975214713236,-1.858537651220852
0.4149885705279325,0.2547806880348517,-2.0813458292308056
0.41570102918058455,0.25471599231789077,-2.271669322618672
0.41602973087214595,0.25492710061186746,-2.474803378460309
0.41679456824225186,0.2547443216236178,-2.682346549003334
0.4176001691804583,0.25418937505024375,-2.8944336179356545
0.4179260346048968,0.2542497735946058,-3.0748760353225593
0.4184156591398624,0.25402418025569223,3.0095627826897995
0.4188273556099647,0.254292289729752,2.8275888814920913
0.4190943713180043,0.25371858460839314,2.617279343933805
0.41925631397208796,0.2532855771778606,2.401672195162988
0.41888026493701275,0.2524719453484022,2.224409128174282
0.4188292642111202,0.2520566042405748,2.0356906355133724
0.4184959202168803,0.25160486739971577,1.8238945632380403
0.4186342766433869,0.25122677730228743,1.6187051150753822
0.4185854729506967,0.25083954997470376,1.4129764266143385
0.4178274320351837,0.25099393800526965,1.2058732605492057
0.4178603001950567,0.2504625781482664,1.0072664408232532
0.4182184286304767,0.24955335052915337,0.8168916093405841
0.41796809589408535,0.2492651384825298,0.6235677321479791
0.41792544330589604,0.24881001793159457,0.450557351026814
0.41751073427553836,0.24877420276622356,0.24239044380898758
0.41725279392615017,0.24843117041434978,0.031665119578195004
0.41683287199268837,0.24819742126325925,-0.17644638530994008
0.4167140834363596,0.2489118527349497,-0.38290726222517785
0.41663322888379667,0.24962838250114605,-0.5750064873613494
0.4171337464317173,0.2507942673477258,-0.7749160054095733
0.41797653638193955,0.2520189984431285,-0.9695676654596421
0.41856750934430387,0.2527264080178931,-1.1822425620117594
0.41912558336966416,0.2537614064642728,-1.3687978819432776
0.4194263927369834,0.2543033219335231,-1.554715531863431
0.41971860854062376,0.25473594349625633,-1.742134829323426
0.4200754890034888,0.2549657409754663,-1.9433492772951306
0.4203555944224996,0.25532415072860365,-2.149051457039526
0.4202326306942886,0.25602070398103827,-2.3441542911380426
0.42023659520999224,0.25650711811825233,-2.52152803639794
0.42071394293208214,0.2561641907751099,-2.7204868966832576
0.42109649692785284,0.2564464230543353,-2.915863959381371
0.4215435660325596,0.2563563347449482,-3.1136206861550795
0.4219603112866915,0.2562467125047244,2.9842969424792596
0.4222228448405414,0.2559781066654712,2.775759880959575
0.42263778500567384,0.2561499491564684,2.6041786218905023
0.42301788402664814,0.25597194916710836,2.3988286596118806
0.42315491166704117,0.25558318897020443,2.1826762602850995
0.42312032801922805,0.2552052734482212,1.9722507644828287
0.4230370976801245,0.25478270784965473,1.7764272361685787
0.4226417108529356,0.2542499294594396,1.5729484147404558
0.4226104895324831,0.2537759235452193,1.3733129497672985
0.42183152869027674,0.25362990630692867,1.1580893413659807
0.4216342708891003,0.2529526626236584,0.9763181790703946
0.42138429624442825,0.2525129379786703,0.78743140402182
0.4210212930772625,0.2524447084089064,0.6047243964427015
0.42035596036782336,0.2530058994302464,0.40687343107472046
0.4194652327819519,0.253555827814374,0.22340915505027567
0.4191040124441351,0.2540367886009071,0.029617703933877807
0.4187173456701556,0.25401151896093754,-0.189265809719144
0.41839029609005024,0.2539945041191959,-0.392420873983981
0.4184907480511939,0.25514779126111403,-0.592944704559031
0.41796984900263945,0.2552167846019074,-0.7869534299640725
0.4179770715115196,0.25582334837597437,-1.0041858594305582
0.41883608942782186,0.2565458952411602,-1.1669039039377027
0.418919055830313,0.2569045251830753,-1.3795875310182277
0.4186044021275298,0.25725351599197444,-1.5680238810761291
0.4186935058480665,0.257697295846714,-1.7628113746281449
0.41872778626006857,0.25829325507221784,-1.9541967712231054
0.4194417449274961,0.25850314642074285,-2.1462703110947556
0.42016179157685246,0.25845008285682836,-2.3711476972937513
0.42042207139813104,0.25868493152293087,-2.581633885090423
0.4207459595155893,0.25868379432374705,-2.7741307487185107
0.42113929677948436,0.25869265983038303,-2.9729422103871532
0.42131797792136405,0.2588913112103759,3.112964782980299
0.4217527171002111,0.2589949922492556,2.903466175621209
0.4216026255416346,0.25926745061117207,2.705001677848185
0.42203343700685464,0.2592959347410566,2.5190585700645776
0.4216715231744444,0.25836454742286025,2.3339377414846916
0.42200466280396515,0.25810756747544283,2.131735208292912
0.4223966403119398,0.2581577385621385,1.926203782679599
0.4226406654807485,0.25802823264324987,1.725678253042913
0.4229029695606597,0.2577740830066363,1.5353503925244956
0.4234234541190384,0.25720870030402254,1.3250332095346637
0.42262370890438355,0.25730242083790067,1.1022174378117962
0.4222639651733423,0.25688581472442323,0.9160656274451402
0.4217839775346912,0.2568435552927288,0.7209723530072548
0.421267791391535,0.25674831736812637,0.519413140825959
0.42051449721585704,0.2571881822242373,0.32008037127552863
0.4199254602840303,0.25709425398289015,0.11969171056351594
0.41939875408981186,0.257752637875895,-0.07018715825566685
0.4193001682099526,0.2578423771635799,-0.28367638435302184
0.41910988471188665,0.25826168299321556,-0.48623789876241247
0.41873778426695935,0.25820107650491886,-0.6777059850783053
0.4186427034560634,0.25860025270958975,-0.890244421044228
0.4192531203914511,0.2591734011057027,-1.0655201172253297
0.4190908090392424,0.2592761900882546,-1.251066918896366
0.4193248495816909,0.25958250419635454,-1.4426590646716346
0.4189101263540162,0.25981487470964526,-1.6368891955537592
0.41884329620944943,0.2604363406779075,-1.838764188816571
0.4192404865822354,0.26081718063053994,-2.0524521138821266
0.4195489789453184,0.26110044145919703,-2.2543017572227333
0.4199876804294679,0.26134688112214327,-2.4678330141082103
0.42044526124970777,0.26104413347756755,-2.6565240848680576
0.42110386253331883,0.26075758774986596,-2.872632737429991
0.4214470144603943,0.26058562426321785,-3.0794588202431252
0.4218201396384165,0.26085816380454513,3.001906324946409
0.42230326026174714,0.26095516018427856,2.780612187639956
0.4223170120346725,0.2603204000644957,2.58586418972518
0.4222687910629839,0.25942664048525316,2.3992231387299037
0.4221734613323904,0.2588513188503393,2.183650597955525
0.42201960011873146,0.2583851898116465,2.019193390101186
0.4220843315168614,0.2579957317137579,1.7855422511747878
0.4224907007810455,0.2578172197453832,1.589714331209859
0.4227640503092845,0.25748523278672036,1.405894833777386
0.42306137748205774,0.25722131608407367,1.2042764037632434
0.4230862930312499,0.25677353676016806,1.0090681060440168
0.4228277267725296,0.25627290903195094,0.7807491697452081
0.4222817239354541,0.25635219250604785,0.6021431691271942
0.42160757398891163,0.25683634161769486,0.3931447342451573
0.4211536185889102,0.2568618813188559,0.18366788704656156
0.42094450252881144,0.25712236665594257,-0.004196549663298107
0.42062019275133483,0.2572189201664448,-0.2000515170434107
0.42046969897435493,0.2576758495135637,-0.4022811282101308
0.42027184895970665,0.2579936487313721,-0.5727951294005513
0.4204219703390483,0.2586207076482891,-0.7367136504539896
0.4200484041735614,0.2588932448522246,-0.9619581970963428
0.4200242763727393,0.2593771687544508,-1.1857958510881568
0.42017574268920344,0.25990608855711694,-1.3942866499013482
0.42012454605254074,0.26014761122488006,-1.5976301889203521
0.4198608100402094,0.2604143609065973,-1.812440401045127
0.4199647603041352,0.2608965247951397,-2.000456692051893
0.42055766715260595,0.2611686627846406,-2.2244903614359988
0.4207479187940427,0.2615639181020737,-2.411686439812407
0.4216135451519397,0.261258241262046,-2.6169271638209786
0.42236409901322397,0.26072980386708255,-2.801884700973769
0.42282266262567353,0.26059430823844315,-2.991839560925743
0.42332114849983044,0.26018273639736067,3.09333694094617
0.4233264558142741,0.25993495398989597,2.901345604448897
0.4236971283270589,0.26006230389876106,2.70021041915488
0.42363666743577366,0.2594456267147211,2.494635777709916
0.4235079993339577,0.2588315884287018,2.289420286494614
0.42258591546837726,0.2578694365067788,2.101825005599189
0.4226758396112637,0.2575876728360715,1.9160916772528465
0.42267859057058926,0.25762905530554897,1.734253984008512
0.42273665945959793,0.25746731294388925,1.5440064888610894
0.42317293203797635,0.2570525471532677,1.3418254522141153
0.4228561672950179,0.25647525839777785,1.1482618940033966
0.4223563920641375,0.25642811332886983,0.9504310581626338
0.4212021025069801,0.25695759630687054,0.7572039488309669
0.4204940951156256,0.2573897186242671,0.5686946663253055
0.4198756069475469,0.2577226094582141,0.3451758695463198
0.4194489148674049,0.25793241831385505,0.1522152351160623
0.41911907667780707,0.25768558931584595,-0.033150096107273166
0.4186606343936087,0.2575395480535274,-0.24348415360680234
0.4184323229040641,0.2577648265830012,-0.4444945585490452
0.41839304560153695,0.25864081902187797,-0.6540243312482513
