0.38708148084316374,1.522809123451153,1.6199930318232305
0.38718320134540596,1.5228515408138,1.5698826792736964
0.38734690539690675,1.5228791421915826,1.5829657318984822
0.3878063884525209,1.522889311088196,1.5984544776793113
0.3877632776799916,1.5228812560609373,1.5948125432511788
0.38774187123770054,1.5228787486624176,1.5943641389294971
0.3877417391660484,1.5228775341944711,1.5937514772125745
0.38774853915697116,1.5228770314575288,1.5933216673342414
0.387758044315301,1.522876819272678,1.5929715894817937
0.38776619196598194,1.5228766278272714,1.592742864168411
0.38776794475768545,1.522876298054173,1.592751054617163
0.38776933553040577,1.5228759707023858,1.5927938944059006
0.3877705994430204,1.5228756456897863,1.5928514001611558
0.3877718251546373,1.5228753210181496,1.592915298847277
0.3877730407754776,1.5228749951137954,1.592982056480072
0.38777425454259035,1.5228746670223814,1.593050169679229
0.3877754685204217,1.5228743362197428,1.593119001671034
0.3877766830295488,1.522874002427915,1.5931882843204557
0.3877778979886342,1.5228736654974884,1.593257905872308
0.3877791132760008,1.5228733253426106,1.59332782075548
0.3877803288028674,1.5228729819076783,1.5933980113589896
0.38778154451352953,1.5228726351510298,1.5934684718726717
0.38778276037356507,1.5228722850372054,1.5935392014707888
0.38778397636027234,1.5228719315333514,1.5936102014426918
0.3877851924568837,1.5228715746075805,1.5936814739873226
0.3877864086494271,1.5228712142282246,1.5937530217079254
0.38777104131339757,1.5228735576589094,1.5973717081347913
0.38777448140765297,1.5228732515143866,1.5975357403617902
0.3877765868256352,1.522872797839766,1.5976526467861474
0.38777813422165613,1.5228722797080478,1.5977511750879343
0.38777944517285884,1.5228717314482032,1.597842378886393
0.3877806556985986,1.5228711674678346,1.5979308269399972
0.38809193020494454,1.5225742543827518,1.4335339508135279
0.38774692046916387,1.522234927872534,1.214484869589842
0.3878273701216913,1.521759784992919,1.0061945552038798
0.38734218017177907,1.5216788310541458,0.7772007465615606
0.38716965222447425,1.521289131340303,0.586988426404019
0.3869345020329997,1.521223899426499,0.38557850519932324
0.38666148246368914,1.5211172477081905,0.1818058257423012
0.3860494354152736,1.5213420034533074,-0.017435342153674035
0.3858133122257963,1.521971017182594,-0.2201722746837487
0.38516801782921306,1.5216242893077234,-0.43099586604391626
0.3850124352747898,1.5221300574447991,-0.6408489109911897
0.3853698229532426,1.523019602609132,-0.8261392216192603
0.3858150095531053,1.5237398159527047,-1.0192502269972747
0.3853057988301008,1.5236610900613674,-1.2400814972201766
0.3850799912011891,1.524186325855442,-1.4268364087345693
0.3847068764391819,1.5244599994861712,-1.6241800612615918
0.3843991855220018,1.5251688441489941,-1.8281148413667825
0.38484434719407623,1.5253478605817714,-2.0149518662292563
0.3853354603486902,1.5253424091307854,-2.1776512473935137
0.38527176294931326,1.5259600380273126,-2.3812892232052407
0.38604763602249614,1.5256414737848953,-2.584476638026174
0.38640361376657933,1.5257192298449602,-2.7835703768793887
0.38678536792164275,1.525675020687994,-2.9942892973131996
0.3873066821516159,1.5255173124453787,3.095699893406218
0.387834006033704,1.5255479981059255,2.8835666622325125
0.3881612523542141,1.5249704601060843,2.650304334724216
0.38841408117788845,1.524832250317099,2.4476314399679673
0.3879624076919731,1.5239757694870912,2.260837639650375
0.3871379520201348,1.5230746154347488,2.09224023192037
0.3879050378512903,1.5231048028509493,1.9025720442898346
0.3875271203036822,1.5227072594346331,1.7110832730273189
0.3871545887453292,1.5221954350533051,1.5120648404530614
0.3869820874125265,1.521858773882025,1.3106545943186199
0.3862678842452042,1.521722877821548,1.1177567884134203
0.3857920030203755,1.5216718407439658,0.9248995736454941
0.38484989226503413,1.5221995334753504,0.7106641095316895
0.38455495683386615,1.521935796673305,0.5123178973643638
0.3839070561827162,1.5222055885813857,0.29834543201121927
0.3834720435929849,1.5226281333438216,0.09133515460212469
0.38304080408144453,1.5221841991732183,-0.11420339272197229
0.38277883621684233,1.5226570633018575,-0.3107563744559857
0.3827140668080035,1.5229931340009726,-0.5135593691892708
0.38275260701851327,1.5237942711560706,-0.6830486129562955
0.38346310368126485,1.524956885828145,-0.8502827396076063
0.38373496406516255,1.525566360745725,-1.0528070571130226
0.3840623735712181,1.5259848804612801,-1.2532332658352392
0.3844021911997872,1.52654247565257,-1.4494107254739044
0.38424043322029033,1.5269444664241836,-1.639337523241439
0.38459295537138144,1.5272988268884076,-1.8520824763290433
0.38492229382712484,1.5275349811337942,-2.057415033258753
0.3857960855962391,1.5273595602693617,-2.261030298307063
0.3862360981702597,1.527452356938754,-2.466350055965239
0.38720553460259466,1.5264341951753149,-2.6185240469564204
0.3875281449995595,1.526243790557694,-2.800859725040872
0.3878103930267433,1.526427320707209,-2.983924998544226
0.3880117891081382,1.526419740331862,3.1149245408051063
0.38843277701447293,1.5267881366845362,2.9037580618562466
0.38838304228897486,1.5265131506100276,2.702207860431057
0.3888740830943844,1.5266065128306565,2.5113910153185492
0.3892491611741728,1.5264297641925182,2.3080159091721386
0.38934214170298637,1.5262632066550041,2.1255221849912176
0.38909143454830336,1.5259835785999984,1.941947765008585
0.3894010358256075,1.526039268618776,1.7551250008411308
0.3895458369102211,1.5257557325944124,1.567439334578575
0.3898226059963249,1.52537258616678,1.3622496543811622
0.38970966289021286,1.5250546654989618,1.1620151624449235
0.38902205149790686,1.5249172083572444,0.9967775163802082
0.38860050148314546,1.5246067964225258,0.7730013227064382
0.38779499100287146,1.524996573261547,0.5912171297037252
0.3871380092855889,1.5250134114898657,0.38925922290066045
0.3865518043140399,1.525039532315809,0.19832895555040134
0.3859493723356177,1.525057780943849,0.011611363158361584
0.3856229160251624,1.5253960508901512,-0.1874177249271351
0.38532703635387083,1.5257012466614446,-0.40484971721963936
0.38488539790364984,1.526321392171505,-0.6245524972804961
0.38497101012266627,1.5270467583814704,-0.8124887280361991
0.3853915575350639,1.5278329490909526,-1.0115724416046963
0.3856169043139908,1.5283165540506303,-1.2026319878847114
0.3852256331388964,1.5286583038292254,-1.3961948784613865
0.38520798707335685,1.5289975392580775,-1.5818411417195561
0.3853680472223738,1.5293465857825468,-1.7901147311699779
0.3850940603453774,1.530361174567121,-2.006284799650089
0.38581567334368483,1.5301010744388488,-2.2160836687003505
0.3859948558579479,1.5305042508831201,-2.4298980534541754
0.3862807836315432,1.5306883323879303,-2.6484825179913627
0.38630868362315857,1.5312080148892993,-2.84774188405095
0.38683466179510884,1.5311937938845472,-3.0339441724027885
0.3872281302916328,1.5309313550044035,3.0607770560552803
0.38755948582039684,1.5309676679063728,2.8672035486948135
0.38756312007963967,1.5302188303355102,2.663035766329303
0.3882543159215227,1.5302707826035962,2.4606129608236076
0.3879295990184405,1.529318458680474,2.237144657881591
0.38834222754220665,1.528970768654052,2.0453600590055903
0.38835860811877476,1.528393777654959,1.8551427132404166
0.387980188817485,1.527973674334086,1.6581260549393702
0.38829987470141675,1.5276085125960681,1.450700996855766
0.38781010040044295,1.527073448280736,1.238957759582716
0.38778889704913366,1.5268289536719948,1.046192516788153
0.38761095435698023,1.526524089932845,0.8530996904309263
0.38718644399493674,1.5265147614867973,0.6613350944165807
0.3864626318830943,1.5268666224856855,0.4496991715098057
0.38646527591120927,1.5263866910973343,0.24691715357986077
0.38632765050284035,1.5259121469987067,0.05512668075596521
0.38598296122599424,1.525290841832752,-0.13462918062871265
0.3856891794026313,1.5257971247593727,-0.3429746559408149
0.3852743231735567,1.526100688487574,-0.528333762683213
0.3844465346590225,1.5257985514731303,-0.7088301482313262
0.38443886864251925,1.5263061982441894,-0.8999842848841559
0.38466645198785776,1.5268617930490687,-1.1125599077327264
0.38421423180703757,1.5272379832356984,-1.2965145994427598
0.3845158307240946,1.5281545767713294,-1.4917595725382253
0.38464832652355363,1.5284755413754936,-1.6686511164054214
0.3853501795222504,1.5285148933748436,-1.8515535318417458
0.38528755390288016,1.5291500483270377,-2.0552182813206454
0.38633069217876354,1.5289360871747038,-2.277701778418281
0.3864256311116264,1.5293514365850227,-2.470381316488788
0.3867268320941014,1.5295948880133092,-2.680077881084734
0.3872523366058246,1.5293095600198536,-2.8931524446746297
0.387853982961422,1.5291911410178454,-3.0927640958671594
0.388266419247944,1.528965993051547,2.9889275326520255
0.38899485748499246,1.5291076453666552,2.78346643536282
0.3886128960655242,1.5282678487116712,2.5760841634214695
0.389233854841498,1.5283281295527849,2.3846771288769735
0.3892499039312325,1.5278995425197461,2.173361726104505
0.38987825665465664,1.5278537875642113,1.983346049117237
0.38950628770688656,1.5274564903592573,1.7666928459908826
0.3893278375625404,1.5271136717694214,1.5702515197994937
0.38973935256097253,1.5266574979763188,1.3512767987502499
0.3898852318530284,1.5261136293019468,1.1732051458538062
0.3901473105654974,1.5256538781990654,0.9792168792718806
0.3904501086539368,1.524967060907934,0.7899477088047391
0.3901583858945621,1.524769294101876,0.5935793384570115
0.3894746255073811,1.5249545189127922,0.40322947431557027
0.3890892687948731,1.5251743207238502,0.19907763425777367
0.38866764263120607,1.5251466315744804,0.0036210788965846943
0.3885956425530499,1.5255259254172662,-0.1933148454719998
0.3883218370869776,1.5263112569458297,-0.4005105951697991
0.3879174271144853,1.5262981666024964,-0.606649938276099
0.3875769758810607,1.5263506777018574,-0.8066306079891916
0.3873878477211801,1.5267125721254227,-0.996980392356966
0.38786219564177626,1.5272828881645542,-1.2094827651766427
0.3873411257002201,1.5274234934870157,-1.3974388182957245
0.3871534718189775,1.5276535277861583,-1.5872905579055192
0.38690769701775607,1.528024110144305,-1.7889185905817655
0.38733635605616457,1.528377590161822,-1.9991722556008287
0.38824066009786534,1.528383013781363,-2.206262436283444
0.3889368387575697,1.5284223660975653,-2.40741727154731
0.3893712725221272,1.5283779781553855,-2.595517243466475
0.3894677926571619,1.528805089916016,-2.791510734329703
0.3895823211083482,1.5291976378028294,-2.974800923855321
0.3899222872747706,1.5294904201927306,3.1081897133630365
0.39031809371362886,1.5294844997610355,2.919322289160434
0.39090419325511416,1.5296477677567646,2.7177533639388405
0.3907322358615753,1.5286815036906751,2.53368842497547
0.39040010589408947,1.5278264565181237,2.3392696470660264
0.3906783134727016,1.5275228835840808,2.1347496155823045
0.39042153141730684,1.5269802194208362,1.9609241908552486
0.3899405254445142,1.5262074282000118,1.7682714892728075
0.3899542834457911,1.525585773056488,1.5748018133625679
0.38941737061679166,1.5253252561473474,1.3808651412449773
0.3891113811065935,1.5250566491630062,1.1669366262795595
0.38790928698937055,1.525133019206911,0.9586905207766215
0.387414229324181,1.5250217733254796,0.7616317089015262
0.386844050808663,1.5252592399699834,0.5653302931450301
0.38648395398830715,1.5256197390127377,0.3713111867196565
0.38617911173429803,1.525435738279976,0.18517819545499223
0.3859865710135171,1.5254081823381327,-0.008432874623326614
0.38558846945609504,1.5251479587919596,-0.2116556604023438
0.3852639587442427,1.525382863071455,-0.421334705477412
