0.6658291173506667,-0.9927495782114031,1.6193405366783398
0.6662943409206658,-0.9927280186450405,1.5903235743167747
0.666386203124949,-0.9926961435746428,1.5996341275594468
0.6661107685696339,-0.9926515581484189,1.6005701852814898
0.6662563935589849,-0.9926399636863305,1.601763029589676
0.6663210807960974,-0.9926354646322861,1.6021083675934673
0.6663498185177289,-0.9926342559953332,1.602204126308668
0.6663572356848498,-0.9926348085641612,1.602082172781168
0.6663611927712314,-0.9926355142005523,1.6020856458895725
0.6663636306901158,-0.9926362885837317,1.6021430055196824
0.6663654316824381,-0.9926370962547179,1.602223321188752
0.6663685239728755,-0.9926383533030624,1.6018248284029257
0.666368368153671,-0.9926387325659327,1.6024079404100153
0.6663713208400994,-0.9926400115654291,1.6020155389880346
0.6663711032551587,-0.9926404083159437,1.6026020233490856
0.6663740360264755,-0.992641705208237,1.6022117388827848
0.6663738033453793,-0.9926421180516211,1.6027999948901455
0.6663767353558272,-0.992643432487329,1.6024111886902657
0.6663780578378198,-0.9926442964051335,1.6025122975466062
0.6663793945436352,-0.9926451677740539,1.6026133859288307
0.6663807409177432,-0.9926460472903342,1.6027148287410156
0.666382090875762,-0.9926469353054658,1.602816848134835
0.6663834418331188,-0.9926478320342909,1.6029195428173177
0.6663847926762946,-0.992648737635727,1.603022960225574
0.6663861429036183,-0.9926496522466732,1.6031271265687248
0.6663874922670395,-0.9926505759961927,1.6032320593491836
0.6663511213516107,-0.9926512990918827,1.6068003474427315
0.6663371862435082,-0.9926545136815405,1.6061731314618137
0.6663310188545114,-0.9926566110527338,1.6059981857863312
0.666328908494296,-0.9926581890089979,1.6060066160130055
0.6663287696924389,-0.9926595368037424,1.6060901669306782
0.6663295736034459,-0.9926607868389865,1.6062052954728812
0.6663308241128384,-0.9926619996974769,1.6063342835566718
0.6664694787058625,-0.9929492475067766,1.4314054673551841
0.6663474539265162,-0.9934992484123555,1.2131144749977
0.6659138811568004,-0.9936891302932414,1.0107773579598578
0.6652024008443133,-0.9937340317521343,0.7975698199337129
0.6649159730087767,-0.993992785028343,0.5984647473516385
0.6644942821126485,-0.9937121315438009,0.40497674271597206
0.664184434400989,-0.9936179515688406,0.20452575999215755
0.6637203113673907,-0.9933300344492678,0.0045494662856486005
0.6632849014593964,-0.9930482469174411,-0.1930435520223759
0.6633164267580542,-0.9928330574408232,-0.4026414880323264
0.6633122156147632,-0.9923546732250333,-0.5886434616893398
0.6631275867437058,-0.9920882648070447,-0.7868963349676507
0.6635194801466486,-0.9912916088081019,-1.023068813356802
0.6634715795161622,-0.9908487236582655,-1.2203385253417862
0.663622037759872,-0.990500679182621,-1.409877588363206
0.6634600708877292,-0.9901186012709071,-1.6072403462998592
0.6632703382738934,-0.9896579864170804,-1.8120463708356251
0.6627861972354637,-0.9889570401045449,-1.9969890193680206
0.6629700369803813,-0.9886606175214461,-2.1729422227588224
0.6640766796960049,-0.989119313972608,-2.366328240899857
0.664580443783868,-0.9890904636129493,-2.584262603539908
0.6650844576365371,-0.9893733051504794,-2.760082306483268
0.6654702253280101,-0.9891744258919667,-2.9866590643132382
0.6658149812699923,-0.9892319400871622,3.096087298288238
0.6660323683880903,-0.9893507911049366,2.900159607025826
0.6668409165802551,-0.9887527550823181,2.6804419109744306
0.6674548761094957,-0.9888968010812855,2.505908205442021
0.6670444918504418,-0.989902966575015,2.3141862883487714
0.6669319547501477,-0.9904392362697791,2.100874281239573
0.6670291539000819,-0.9906778369686369,1.9213229525200863
0.667139091100451,-0.9907354304234193,1.7243856991328352
0.6674500114425985,-0.9909128965786355,1.5381071478351143
0.667851081300389,-0.9914694655905425,1.334866129581186
0.6675538192707,-0.9917152480631907,1.1185688890135057
0.6667373992017225,-0.9917682817356264,0.9534768055287829
0.666424334617962,-0.9920964895919695,0.751121793760391
0.6659319290572783,-0.9921927841367935,0.5566162678778036
0.6660164560710329,-0.9927536846858154,0.37985146964149125
0.6657504344754787,-0.9924040112547592,0.1772382499561996
0.6653867176546778,-0.9929841086715805,-0.022696605250507
0.6650472287923235,-0.9930399732177569,-0.2174294845997906
0.664762855659922,-0.9923941498393982,-0.43196875004889757
0.664625154295024,-0.9920054897878909,-0.5971708744601208
0.6648401357175658,-0.9914037261645419,-0.7762492961450427
0.6648703987772024,-0.9908725162639755,-0.9807735683757811
0.6651768249003457,-0.9904203130553708,-1.1548942425498367
0.6651255745789884,-0.9901015118847428,-1.3620223049200777
0.6647893974177019,-0.9899158661933253,-1.5343042380257088
0.6642523283375371,-0.9895090276901043,-1.7339296772980959
0.664757842648938,-0.9894052831876251,-1.9444126753129873
0.6653158232208194,-0.9889996889761605,-2.14308680785895
0.6657893425153444,-0.9887691954205912,-2.3224551067022343
0.6661644060067431,-0.988785041171471,-2.493152565952294
0.6664302640398861,-0.9885965506891342,-2.6900574381014986
0.6670877855040318,-0.988814992171764,-2.879479180981249
0.6673630088589081,-0.9886162679766958,-3.0577253702339604
0.6677326290094264,-0.9888213444715092,3.0399401588651034
0.6681518137967009,-0.9890027723939091,2.817498019548764
0.6682971557229077,-0.9896150766831582,2.6345478907796815
0.6685915442208977,-0.9898169755468792,2.4361505399787786
0.6685113500928934,-0.9903787619872599,2.2442934116273805
0.6684524913111511,-0.9908435641019865,2.0295226901499324
0.6680923387316237,-0.9913345881102297,1.8329620811995797
0.6680385151751651,-0.9917081169673666,1.620673022544526
0.6681750353265554,-0.9921037264379797,1.4154121083393163
0.6681588956151807,-0.9928825349322553,1.2171521470981606
0.6680482094061935,-0.9931625965923379,1.0272862741514066
0.6681253840794967,-0.9938090282656415,0.8423937108481576
0.6679409511935159,-0.9942026359647106,0.661730311414751
0.6672556890950719,-0.9939225688102029,0.4475805333670952
0.6669564885447468,-0.9940355565056644,0.24602710400858338
0.6669020215614184,-0.9944269343042532,0.0581696812426903
0.666533903955179,-0.9945630084219145,-0.1309728679484868
0.6663266482737581,-0.9943751760492819,-0.3174212068208636
0.6658364533824939,-0.9946804057725689,-0.5302436774084058
0.6655009882417108,-0.9943251214086101,-0.7282553888476359
0.6656318579673725,-0.9937941217344433,-0.9225850665743714
0.6652555080840762,-0.9936847309281421,-1.1107765924187023
0.6652448341916125,-0.9933838768763731,-1.3156806411039212
0.6649697771835256,-0.9933222480619575,-1.506806044730098
0.6643501361432336,-0.992975429437063,-1.6928407329404132
0.6643947219624807,-0.9925463122660754,-1.9105508393909092
0.6647901289335141,-0.9924638918660434,-2.109869394682447
0.665490298815856,-0.9923971597337063,-2.297445640351398
0.6657050704929336,-0.99212038161744,-2.487216636314781
0.6667316673810174,-0.993147134182878,-2.6800894154464125
0.6672800458009548,-0.9931907774625395,-2.8703538404533773
0.667655428911914,-0.9925475834844275,-3.0756644142255096
0.6680234935394261,-0.9928392166917314,3.0269254383503
0.6685159303204334,-0.9925832918117077,2.8136112902234203
0.669066607183102,-0.9925308316500546,2.625855520197561
0.6689505059167113,-0.9935450823208243,2.4434483560489486
0.6690716290725595,-0.9939033069513336,2.2507309858440303
0.6689842719719478,-0.9945410160337967,2.0490860993554274
0.6688506787231991,-0.995095833234886,1.8404129573773802
0.6686362039785793,-0.9957219593383391,1.63745589662725
0.6688762553026204,-0.9961997518581184,1.4382742581640537
0.668885141716101,-0.9963233230467752,1.2426051252590378
0.6682144593664149,-0.9963175380279922,1.0418872457992747
0.6676418956700121,-0.996366115685433,0.8332138961395639
0.6676110174124797,-0.9967490340371282,0.6652136229054781
0.6669104213419408,-0.9962814313382408,0.45932783607978284
0.6663821711754384,-0.9963110893655646,0.24510587943789613
0.665707270647832,-0.9957032136061501,0.05127974431427658
0.6652784911700623,-0.9956849963569038,-0.15367177245260322
0.665124275463751,-0.9954699708666006,-0.3674630799920647
0.6651766787098039,-0.9950874801036914,-0.5774803468607715
0.6647912110561844,-0.994995069077118,-0.777234108035856
0.6650106346387317,-0.9942431368196437,-1.003250730067477
0.664221938114147,-0.9942357558560747,-1.2022421751268588
0.6639825622961643,-0.9940046929965304,-1.40830552949842
0.6636349984012596,-0.9936154387349054,-1.6025925057198562
0.6642053473959676,-0.9932756200870538,-1.8149311505738808
0.6649735918990535,-0.9931457568740127,-2.022473843998707
0.6649768646298326,-0.992619639245679,-2.255329738805865
0.6656345195014386,-0.9927439958793548,-2.4556824512030317
0.6661477390597681,-0.9927455284563802,-2.6504538678428213
0.6666772642338621,-0.9930711833557929,-2.8368750285540103
0.6671398319758698,-0.9936866029866571,-3.0379139093331333
0.667492768069111,-0.9937067589123069,3.0483019605242787
0.6678651538778231,-0.9940356965356383,2.833258432512393
0.667786596864551,-0.9947527707419718,2.6292781844530193
0.6679206859096147,-0.9952453584730262,2.4575280415122136
0.6674639363801893,-0.9961348040761802,2.2608010922795585
0.6676720548494647,-0.9964355549169859,2.058892190468871
0.6677369877523444,-0.9966104837165617,1.87501359471285
0.6678266887327425,-0.9967311422422342,1.6720185592234937
0.6684279721650526,-0.9970783468134515,1.4781426893074563
0.6683836260913631,-0.9975160174779372,1.2483384307437708
0.6684775113346438,-0.9979652149396343,1.0345120545223443
0.6673465158415547,-0.9974908086890292,0.835503927137035
0.6669527156050354,-0.9976484569092027,0.6401115895601819
0.6660465977685172,-0.9969587247861234,0.45666516410323543
0.6656029814788756,-0.996622532414516,0.2797849664601099
0.6649787765673,-0.9963382141285216,0.08445909236170182
0.6645773233810011,-0.9961557617558463,-0.09295332614897567
0.6643078152510954,-0.9956367117116652,-0.29720020736131997
0.6641525372328514,-0.9951213894882364,-0.5080103829736383
0.6636047340523435,-0.995123437170925,-0.7136692590208616
0.6640429409802954,-0.9941436999673966,-0.9022752805312253
0.6643718534375179,-0.9936084223078495,-1.107606888142182
0.6640273571793125,-0.9936182227826238,-1.3059635048869158
0.6642766976943797,-0.992957417651386,-1.5039476007624692
0.664239915023911,-0.9925926918527976,-1.7003544491506253
0.6645579040363313,-0.9924338745321057,-1.899817126578908
0.665459832609998,-0.9921240291836412,-2.1287147539958005
0.6659259399913395,-0.9923197903980456,-2.3215761107365913
0.6662499280636369,-0.9922091928208702,-2.4957496604108673
0.6670574741859958,-0.9928281037162376,-2.6882602224474206
0.6674032881124634,-0.9927237202636201,-2.8998583866129137
0.6677580455140183,-0.9924069141094141,-3.0944345304909944
0.6681110808517755,-0.992396658545412,2.993482631291011
0.6683619082000057,-0.992585414435466,2.793696261407191
0.6689575731497499,-0.992518881164212,2.6040813816285393
0.6695640319956079,-0.9925055046205854,2.4161536498246017
0.6697480109167047,-0.992864267227656,2.2313282466959823
0.6696116982419993,-0.993289614147214,2.0604501752585636
0.6692321540629035,-0.9939760327612873,1.84898044644688
0.6690045577444654,-0.9943491682325692,1.645516709203761
0.6691377668666454,-0.9947679235415168,1.4444837108977437
0.6687607041469401,-0.9952028754679254,1.229238105281583
0.6686199839414106,-0.9955343748467812,1.015805693219579
0.6679456727335861,-0.9954329340223045,0.7978621370171627
0.6672678386632311,-0.9951404284723014,0.6291163346376996
0.6670228467883084,-0.9954671203881005,0.4439633993454492
0.6663777392030953,-0.9952420907841567,0.26147536197325205
0.6658118816793875,-0.9947992711346452,0.08084013141507551
0.6654434619977451,-0.9951990932145214,-0.12466011336184282
