-0.609879841434701,-1.9154447054910633,1.6238111366021606
-0.6102379475258277,-1.9153580913960695,1.5628188059721901
-0.6106740666346199,-1.9153595328048625,1.5731054253284258
-0.6110177788248217,-1.9153869935263408,1.5646358990291003
-0.6114525064862528,-1.9154354192821932,1.5512857124215014
-0.6115112283166567,-1.915444781318811,1.5500212001822238
-0.6115093352129888,-1.9154492747857343,1.5490037640396672
-0.611559736197035,-1.9154430252475705,1.55045344891644
-0.6115744160538416,-1.915443026075415,1.5502372010237007
-0.6115787973043969,-1.915443199277005,1.5502225716633062
-0.6115807354919706,-1.9154434910756923,1.5501940092098705
-0.6115819561671731,-1.9154438362145843,1.5501570966723817
-0.6115829666202476,-1.9154442061480539,1.5501158163431623
-0.6115839144533538,-1.9154445882321023,1.5500723730567825
-0.611584842277086,-1.9154449767873005,1.5500278932849445
-0.6115857622410245,-1.9154453692386348,1.5499829296012138
-0.6115866777337199,-1.9154457644124367,1.5499377470096058
-0.6115875896586372,-1.9154461617730814,1.5498924709686361
-0.6115884982305477,-1.9154465610771123,1.5498471604563502
-0.6116410831976044,-1.9154381065327277,1.5518228673911079
-0.6116568745264377,-1.9154370360183943,1.5518537013948144
-0.6116614626298897,-1.9154366756094678,1.5519524811618786
-0.6116635002722655,-1.9154366849465159,1.5519766875505003
-0.6116648081255068,-1.9154368649227225,1.551964121581503
-0.6116659130251174,-1.9154371241645753,1.5519339307839857
-0.6116669630886233,-1.9154374207534084,1.5518954018336746
-0.6116865384120616,-1.9154443170348403,1.5485482817103504
-0.6116997155398407,-1.9154470444237117,1.5479005626234703
-0.6117037153110471,-1.9154486607639485,1.547569115125056
-0.6117050826710801,-1.915449762883488,1.5473754254796166
-0.6117057345744383,-1.9154506181280102,1.54724528063801
-0.6117062100166412,-1.9154513486099904,1.5471466047009572
-0.6117066599338297,-1.9154520144725875,1.5470642389181546
-0.6117072594271515,-1.9154526542599053,1.546988296846315
-0.6117085640877246,-1.9154532575748666,1.5469339756257452
-0.6117093916851835,-1.9154538664003071,1.54688614763247
-0.611419683592617,-1.915832451124452,1.3676345416711408
-0.6117872013403277,-1.916209167766998,1.1391410650739189
-0.6121198047519426,-1.9163895868954341,0.9371909744974525
-0.6131011667803944,-1.9160826166416407,0.7378866510676996
-0.6131639667312525,-1.916595920211407,0.5450997585903423
-0.6137453236833925,-1.9162983075374032,0.34002117459823805
-0.614205373868392,-1.9160681138065434,0.1321391748631453
-0.6145113372479419,-1.9160707498532918,-0.05129899722618341
-0.6149256541408888,-1.9161427625519412,-0.2565057165826614
-0.6156032478403753,-1.9165230798343482,-0.46416602622174125
-0.615877714730257,-1.9159530164412861,-0.6861602888772924
-0.6158751962864867,-1.9155532853215071,-0.8809913956974481
-0.6161654491880174,-1.9151468612529137,-1.0591542895243007
-0.6162165671515674,-1.9144865278645384,-1.249318292590619
-0.6164484658007485,-1.9137263132631515,-1.4336565163214046
-0.6160682364448414,-1.9130343801797385,-1.6267409132240156
-0.6155639750761589,-1.9126820221043808,-1.8331860138574412
-0.6152266795972935,-1.912374326222439,-2.0634859089738358
-0.6145977510844933,-1.912391958858959,-2.28213467571298
-0.6144271421065793,-1.912021549029378,-2.501926249164733
-0.6138265567996297,-1.9123776006440865,-2.703337441615399
-0.6136930031842459,-1.9121123772511044,-2.8784903552209777
-0.6131994148741676,-1.9121037546508672,-3.0715506550240885
-0.6128210537662528,-1.9119790255246603,3.002737793944864
-0.612691658112746,-1.9122489316621178,2.824953229753088
-0.6126981881222858,-1.912770486373788,2.608342554813826
-0.6122792723338801,-1.9126221026119603,2.461429332875099
-0.6121030728079114,-1.9129938265552775,2.278210244090362
-0.6120969481709596,-1.9133701166839856,2.087642633667141
-0.6121334423407251,-1.9136738680788128,1.8840839194366368
-0.6120770183471721,-1.9139880679820191,1.6706364658937238
-0.6118681772474771,-1.914382425999411,1.4759803012970871
-0.6117267617123595,-1.9147068442173896,1.2688089150753645
-0.6121327094157907,-1.9147188447358319,1.058128012866275
-0.6126587606590104,-1.9147373750732546,0.8988796433513233
-0.613075337878799,-1.9148672418134234,0.6902294071651828
-0.6136292180327585,-1.9147533571516624,0.47759507592786427
-0.6142314677129377,-1.9144339697706771,0.2685432263589651
-0.6143823981229748,-1.9142910871944123,0.07582363442999955
-0.614715538803597,-1.9145909888015584,-0.11981455426392071
-0.6153504843947284,-1.9149163328472643,-0.33235978916887915
-0.6154069527418117,-1.9145029747548206,-0.5515991605375891
-0.6153925313382357,-1.9141046531331403,-0.7453335497682237
-0.6159528297260135,-1.9140110529982604,-0.9599386177716221
-0.6157915412128523,-1.913655247633454,-1.1255045754170874
-0.6158613952359063,-1.9134833792944006,-1.3039946223719905
-0.615610365596191,-1.9128817571728463,-1.520730847880462
-0.6156011122567244,-1.9124536031099468,-1.7286883225989707
-0.6149309579025032,-1.912170619221336,-1.9430389537992898
-0.6143115028159877,-1.9120248470877832,-2.162031506220907
-0.613484846858779,-1.9122782889876986,-2.3579681828218253
-0.6133448915112405,-1.9119374639028648,-2.5670711423554726
-0.6132650362953038,-1.911412748243515,-2.7670538556623856
-0.6121873846880306,-1.9120584468055588,-2.972797158944458
-0.6117894829687076,-1.9119766689554432,3.116353225478365
-0.6112770987254847,-1.9114521523904238,2.888889260849645
-0.6112128269786237,-1.9119153171347911,2.678509591224521
-0.6107825806396758,-1.9120269368619522,2.482073046418055
-0.6108943953896561,-1.9127150989553487,2.279201853641453
-0.6111240714256949,-1.9131401098206284,2.0988020373826286
-0.6109126891991157,-1.9132845906762965,1.9105533514003523
-0.610929509225507,-1.913730394573658,1.7206790488895785
-0.6104102944318369,-1.9139475425184789,1.532171334192189
-0.6101182134954638,-1.9143957294512968,1.323569398838343
-0.6096321323013195,-1.915110251690502,1.1240465807366062
-0.6095705939652099,-1.915155254258417,0.9363613760601548
-0.6094656286847125,-1.915771820340256,0.723622214415794
-0.6094935133636825,-1.9162243770937317,0.5468087404271906
-0.6099803784611001,-1.9160574695801926,0.3425324345301194
-0.6106999724544335,-1.9154493012034293,0.14638949516832767
-0.6110613305743063,-1.9154677669089235,-0.061338230075332886
-0.6114290878045906,-1.9149133652096932,-0.27520550961943613
-0.6116711029733569,-1.9146720723443593,-0.4951734430333383
-0.6117136489509645,-1.9138842832648333,-0.713367869848576
-0.611901444516118,-1.9135898600137684,-0.9339134587175466
-0.612229326959495,-1.9135371253553475,-1.1338237400804443
-0.6126563850233895,-1.9133990682155586,-1.3329600392704777
-0.6125246629018265,-1.9128210861790584,-1.5161972500085157
-0.6124399199380705,-1.9124736494883419,-1.7132967238028372
-0.6126281360293276,-1.9122221996363375,-1.9091663102845329
-0.6127231652848509,-1.9117697255113366,-2.111217094865234
-0.6128211075607707,-1.9112953055881499,-2.287280190775951
-0.6123196506166312,-1.9111539175999737,-2.4925339214060953
-0.6118816521714867,-1.9111576570296334,-2.6958389344363307
-0.6117803650644674,-1.9110773321370902,-2.8873573293901007
-0.6115715392002631,-1.9110619693933402,-3.0888266682022874
-0.6112847527338577,-1.9109975030941404,3.012286532034245
-0.6110990667394169,-1.911265304081567,2.8060551592546505
-0.6107686692832439,-1.911490865197435,2.6052867847133103
-0.6106368668050021,-1.911733048366947,2.417497091767431
-0.61072895798104,-1.9121114933913017,2.2190180093481398
-0.610477429750415,-1.9123045038624997,2.0275262911233365
-0.6101843514854132,-1.912338967502036,1.8254380497733513
-0.6099605532421203,-1.912415092010475,1.631757958958938
-0.6094481793934879,-1.912765443057344,1.431983993186243
-0.6095645643580815,-1.9128757328931647,1.2380038122811219
-0.6095039263953254,-1.9132953970170066,1.0269897852878147
-0.6092970156350248,-1.91388817131197,0.8717633335067063
-0.6099470962283439,-1.9139552683108887,0.6629716151910988
-0.6107334884572624,-1.913409621591089,0.4671690948674355
-0.6111031400969328,-1.913604643007745,0.2427896722313913
-0.611595834728708,-1.9133475002876703,0.04105217343583763
-0.611944542483703,-1.9130216447835415,-0.1475021467398676
-0.6124775800080865,-1.9130245692386791,-0.35081848242005226
-0.6129021814646537,-1.9132663188847823,-0.5459193743042705
-0.6126323378784512,-1.9122778394541355,-0.7377159653633211
-0.6121120300538024,-1.9113161576719129,-0.9240301472559221
-0.6124396544048225,-1.9110902816345305,-1.1388088324763583
-0.6119616576350011,-1.910575607522843,-1.3608732245019302
-0.6119203316505943,-1.9099204904863483,-1.5449670725922604
-0.6122652782843025,-1.9095050537719724,-1.7508011429422
-0.6126761010575524,-1.9091184440515727,-1.9671748885879263
-0.6122345211540036,-1.908750127570653,-2.1763443806620146
-0.6114877141620463,-1.908995850052808,-2.3798294736604553
-0.6107911757500482,-1.9091349375675801,-2.6089714765956518
-0.6106607678178465,-1.9088250268594436,-2.8080240480374674
-0.6105101165157772,-1.908958146331145,-2.99602239039207
-0.6101517223355193,-1.9085862403814293,3.1031533640919897
-0.6099313488295444,-1.9091272208534833,2.899468944633565
-0.6095289066792464,-1.9094875605468864,2.6981796868187056
-0.6093524656734816,-1.9102010761577488,2.488261407802104
-0.6094401409364155,-1.9107841129864338,2.2760957206215826
-0.6095066867291202,-1.911426771423924,2.0776904748612424
-0.6092510519469156,-1.911852531185148,1.8752666394106594
-0.6094619359659665,-1.9124252995143052,1.67814715204913
-0.6098139099870246,-1.9128548255203914,1.4949796938716642
-0.6096214963184937,-1.9133631783274134,1.2933012570996307
-0.6100383792142593,-1.913656911136673,1.080209916889698
-0.6108895713624696,-1.9133831670989607,0.8793837352131518
-0.611791646507167,-1.912988747033872,0.6976150496957102
-0.6120318499963765,-1.9133042114502816,0.513493064071119
-0.6129513733968914,-1.913209177877967,0.33383402332568585
-0.6130576504142976,-1.9131523560971488,0.15263142206399233
-0.613328393737643,-1.9134125004499332,-0.03646241222293357
-0.6136186681610603,-1.9129403156921267,-0.24828889109675362
-0.6141924061826778,-1.9125176381209485,-0.44205538277600775
-0.614512165983299,-1.9121122358835114,-0.6398449151474118
-0.6149384282625673,-1.9119220481291435,-0.8392301915332361
-0.6153152206899065,-1.9118383825791232,-0.9983022141314216
-0.61521014693896,-1.911179294940717,-1.1874828702395
-0.614621624020296,-1.9104830714927328,-1.3939712296069975
-0.614391223186796,-1.910123537783457,-1.5981194880462084
-0.6141503724555109,-1.909597875387728,-1.8083087089976815
-0.614288927334426,-1.909200565529903,-2.0051136024512726
-0.614430893333443,-1.9086205185957965,-2.205264594846643
-0.6144449737714239,-1.9080329024387195,-2.400635523094435
-0.6142779796263312,-1.9077671299277572,-2.590133060066591
-0.6138994423575745,-1.9079760334293776,-2.7937368529779927
-0.6134547273732363,-1.9079732143502277,-2.9858331220712153
-0.6131496131910059,-1.9076312122955912,3.1027617872073274
-0.6127131351268523,-1.908130727088502,2.8990709542406576
-0.6122862582825633,-1.9080326894648758,2.689221597589375
-0.6122443486743614,-1.9088158336715653,2.470702429700772
-0.6123997717302623,-1.9095783768443193,2.291897606363472
-0.6128304275545171,-1.9103012749283503,2.0946545530807934
-0.6123229214900556,-1.9106810451784764,1.922210906783696
-0.6126483606005911,-1.9113170253977851,1.7480076118530843
-0.6123983570154173,-1.9116381424558506,1.5395783019079718
-0.612369862331256,-1.9119644839359455,1.321951788490421
-0.6129240899756879,-1.912065411089915,1.1129815331363253
-0.6121895211850686,-1.9131082033779492,0.9612643697671728
-0.6127634679754165,-1.9130044216412498,0.7564107084195784
-0.6135936732163831,-1.912603775056063,0.589333804936251
-0.6142032341604847,-1.9121690880706586,0.3886856684145816
-0.6146268529491775,-1.9117827923971311,0.17354118711308247
