1.522687150427389,0.9053245959703642,1.5850185645613686
1.5219249415535374,0.9052926514717892,1.5728107475646458
1.5226810334447975,0.9052883736992265,1.5712587489074683
1.523176707319937,0.9052744424260624,1.5643120076417405
1.523185736380326,0.9052766935031407,1.5651837687473529
1.5231872380739209,0.9052773292856694,1.5653250056498076
1.5231865424050544,0.9052775270858345,1.5653589838852262
1.5231854281766215,0.9052775368086081,1.5653480262395292
1.5231842481776277,0.9052774648037535,1.5653177094636574
1.523183107983028,0.9052773571823954,1.5652790491758066
1.5231820019477686,0.9052772337575061,1.5652367012441795
1.523180909571267,0.9052771032781807,1.5651927119729898
1.5231798225049438,0.9052769695917857,1.5651479824928096
1.5231787372758898,0.9052768343887657,1.5651029092834532
1.5231776524179697,0.9052766984109631,1.5650576667302307
1.5231765673058897,0.9052765619831313,1.5650123315275628
1.523175481671583,0.9052764252466582,1.564966937414915
1.5231743954003256,0.905276288262322,1.564921499249381
1.523173308443736,0.9052761510554603,1.5648760235894927
1.5231722207822926,0.9052760136358209,1.5648305133470581
1.5231711324090942,0.9052758760062866,1.5647849698318312
1.523170043322791,0.9052757381667099,1.564739393649994
1.5231689535244861,0.9052756001155966,1.5646937850987994
1.5231678630163934,0.905275461850848,1.5646481443402844
1.5231667718012354,0.9052753233700839,1.5646024714772182
1.5231656798819824,0.9052751846707872,1.5645567665867073
1.5231661598329853,0.9052742073336308,1.5639304855059288
1.523165412121167,0.9052739872795942,1.563865551551808
1.5233218715550987,0.9049490192085825,1.386384649752791
1.5233520747958784,0.9046236072070054,1.1902860429888829
1.52281659422933,0.90444075440007,0.976432902085375
1.5226374288451971,0.9040870552842412,0.7640877911025059
1.521956019746436,0.9042830061055306,0.5887279924603588
1.521681173753212,0.9042420517779997,0.37464484224869693
1.5213214970556328,0.9044733482895236,0.1705493499713172
1.5210171565825628,0.9041322968200942,-0.03276360314825692
1.5206463796527465,0.9039243509551478,-0.241243630838068
1.5203155632993708,0.9043401477924886,-0.47313210592447325
1.520636147821937,0.9055389336074836,-0.6745529339458994
1.520728494347669,0.9061770064204914,-0.8651968689298153
1.520175792027293,0.9061337512800715,-1.0276343092297933
1.520824317300605,0.9068272597970222,-1.2343626119620346
1.5209020074666981,0.9071700381470312,-1.4490943382001467
1.5207921616767224,0.9075531368832369,-1.6598481458292313
1.5208925937677424,0.907879921420074,-1.864549023371869
1.5211071292873768,0.9081922155811104,-2.0514569142359114
1.5215500476878965,0.9081448523951238,-2.250761102996777
1.5219175403615322,0.9082326040976587,-2.4515844087532424
1.5224989365075239,0.9080619370823536,-2.6686438203827203
1.5225896231196803,0.9084998366837231,-2.879945797896151
1.5227310478237137,0.908940382745776,-3.084327374753755
1.5230659275348353,0.9093722896094866,3.0216506801494765
1.523522568963869,0.9091809519808849,2.8180718319592293
1.5234975322422388,0.9083963121269085,2.61944074679996
1.5239495305969466,0.9081786135012373,2.415966493731975
1.5244066370263665,0.9079297427443899,2.2084165273773944
1.5251139175587893,0.9079549555711085,1.9997661454655737
1.5248431301677705,0.9072886294641644,1.7825977800238493
1.5244822564457812,0.9070724301565714,1.6063943587591207
1.5246903936195337,0.9067239750638524,1.414653092027067
1.5244865348196455,0.9063832096774832,1.2169034551902809
1.523804914907107,0.906174910508479,1.0082673605730739
1.5230156548594667,0.9063011707282039,0.7826547634750348
1.5231241756955713,0.9056052081342645,0.5870650616010622
1.5227764366002656,0.9050360887003158,0.34387142376437646
1.5226067875473592,0.9049391917157242,0.14257039329142268
1.5222667601058846,0.9045142697787648,-0.03944817337049516
1.5219629926865603,0.9043604172792528,-0.23046662533541415
1.521558193772611,0.9044481194459376,-0.44422309575426155
1.5214758363522807,0.904811316863822,-0.6449544758247003
1.5207674493974905,0.9046499637454518,-0.8263009361199161
1.5208553047510815,0.9050712364577498,-0.9962613181619501
1.521238125808398,0.9059125876604368,-1.1964296395816647
1.5213883286662535,0.9066323221669129,-1.3814641100865293
1.5210731168649465,0.9067804886432063,-1.576069478440183
1.5210050305718636,0.907216272162284,-1.7721956724896515
1.5209415435173026,0.907607446651379,-1.9847716992281286
1.5214406064094512,0.9078603397884063,-2.193635495946387
1.5217922938076898,0.9084226609367134,-2.3940087595733237
1.5224838275982522,0.9082010491099122,-2.614896308695957
1.5230147904822526,0.9080469683309081,-2.8181388863845904
1.5233435873103014,0.9083145821854022,-3.0288405463270736
1.5235911495460548,0.908445253619842,3.0709100830144167
1.5236520975858319,0.9078818615139612,2.856475914351253
1.5238959490559272,0.9073479185002119,2.665422814863177
1.5242673659628265,0.9068972375307941,2.4691306765300896
1.5246949575921869,0.906740593471422,2.27881816251412
1.5252629852586586,0.9066078360642766,2.067361829940304
1.5250404745178145,0.906217284128696,1.8692739088121093
1.5254133236531326,0.9059733392000904,1.6871520183735975
1.525806102496613,0.9056701414874069,1.489871994978284
1.5259334519679293,0.9050580947463435,1.2577924779012115
1.5251102976569606,0.9049155490647431,1.0390273137133068
1.5245039513202228,0.9050102657484848,0.857981301468288
1.5236595380957587,0.9053124900055666,0.6442349822484854
1.5236733761016958,0.9049498194605979,0.44652601245416745
1.5234461595381568,0.9049921973502095,0.28173816821001946
1.5235493281521773,0.9046730439232344,0.09283602284707713
1.5231487241729924,0.9041360430716494,-0.10467653990701752
1.5226468687070014,0.9043611668606828,-0.29859112527363674
1.5223541314832747,0.9048474778444441,-0.49807299073484607
1.5224085580904771,0.9055015956859591,-0.7013930658383822
1.522848142451464,0.906454490148313,-0.8901243477546085
1.5224260725776755,0.9063987464177964,-1.083911662090151
1.5227119846215145,0.906595349125548,-1.2689383989407208
1.5223483551755075,0.9064875412648916,-1.453464815217811
1.5220976083327993,0.9068057771497718,-1.6367084131331378
1.5217731239531707,0.9072731926371794,-1.8406408988290315
1.522681250824349,0.9074312492544256,-2.0673090017899285
1.5232047045887083,0.9075201849825902,-2.257046232247292
1.5238750310736222,0.9073387491402825,-2.452162379469165
1.5242531923338385,0.9074783405365581,-2.660332599145963
1.5248357953199596,0.9066007294133469,-2.846726015564942
1.5250391095781626,0.9070591829781935,-3.0513614726632636
1.5255217692435437,0.9072222563243151,3.0240457194703483
1.5260860195973527,0.9075379764459863,2.8268326346323778
1.5261587076527672,0.9064968445956764,2.6464392296361408
1.5262480096222693,0.9060458696053385,2.4372485995222637
1.5261654601765506,0.9054438305859775,2.272980852265366
1.5259764612687816,0.9048764424264706,2.0591452877723175
1.5267418595178948,0.9049673304140365,1.8826103801559733
1.5265162746448124,0.9045025891096886,1.6894487494096615
1.5269061658839778,0.904177801012651,1.48885480792972
1.5270845830653268,0.9035341803863732,1.2803684206986279
1.5267770207953657,0.9029940840218336,1.0903900746502542
1.5263075519182712,0.9028260088559598,0.8862680952943582
1.5262656738288558,0.9022708921935518,0.6864782709028375
1.525689876886172,0.9022486433390707,0.47745579376762604
1.5252151137355523,0.9023038727718801,0.2642588802682698
1.5251132746600897,0.9020604850618991,0.07005113077818988
1.5247275821817945,0.9014922662471418,-0.13392651754728446
1.5244569386814906,0.9016478014135454,-0.3316491535839588
1.5237979535966308,0.9013641872169341,-0.5247394933561429
1.5241292326387843,0.902190471264871,-0.7151369230529416
1.524343818278891,0.9028503184746498,-0.9254944500001103
1.523730623554729,0.9027690163834111,-1.1207702464950344
1.523541929117235,0.9028254648385567,-1.3068380134413713
1.523323061430019,0.9029511361793429,-1.5046842950487782
1.5227291743282971,0.90331773033922,-1.7006115758465494
1.523339271387207,0.9032355012222286,-1.910803480909932
1.5234982097761314,0.9035912754587453,-2.09549510675465
1.5235468855444827,0.9042125881926191,-2.2782004354698278
1.5239611416576033,0.9043987519402555,-2.475949685889476
1.5246681576557024,0.9040930592843623,-2.665002747193365
1.5250456575662341,0.9038724791045067,-2.847838058643299
1.5252705471890937,0.9038902410193155,-3.0577349484713126
1.5255938135229898,0.9043539368561356,3.035894226270024
1.5263535551393619,0.9046431646404045,2.838786149813265
1.5269492504970155,0.9047637324438972,2.633499992107998
1.5268513775773347,0.9040711001981149,2.413667072396129
1.5269035028015499,0.9037148762166809,2.224303592513489
1.526959104058448,0.9032747823915355,2.0237012550523623
1.5262691542343558,0.9026189173400265,1.8447190750730722
1.5261510370894795,0.9022538822266691,1.6352295097465606
1.5264505632319953,0.9018428984754875,1.431975721615324
1.5264135035522313,0.9014270837920697,1.2184273906873582
1.5263380342388422,0.9010941964261064,1.0196797044375112
1.5261708927525173,0.9005130039815266,0.804276113323579
1.526052196882187,0.9001183887233943,0.6132186565313198
1.5259987776353103,0.8995798457775193,0.39190219543151394
1.5259034701869942,0.8997227546601126,0.20449836302710167
1.5255479746119285,0.8994499494615884,0.011206661779215763
1.5251089549122536,0.8990226428930254,-0.18247440682786578
1.5248900582175045,0.8997653257015545,-0.40545236327300277
1.5243446161573393,0.9000834119458025,-0.6011013048622973
1.5243150963295926,0.9006858959041136,-0.8286043613720596
1.524537069462119,0.9012132803520918,-1.0240088392746967
1.5250211979091883,0.901670315178201,-1.2187429612227028
1.5246162247644126,0.9017776864791707,-1.417700077254293
1.5248210948615255,0.9023024681490538,-1.6033469307480854
1.5250364631987707,0.9030482434552654,-1.8122577312362886
1.525516219866862,0.9032473472928544,-2.0101641801519383
1.5257481300769729,0.9036644440717785,-2.1990043258086835
1.5261282596685157,0.9039190609431272,-2.400828891865304
1.5269896672263952,0.9033528490146184,-2.5999960341133357
1.5275797037995686,0.9031542845683294,-2.8143370359717856
1.528414186156624,0.902687831107333,-3.0269953866317936
1.5288904718552563,0.9024433599194113,3.050409607225156
1.5293359223369603,0.9022390135226315,2.849850855754186
1.5292266872021953,0.9015088303597628,2.6393778613520245
1.5295523179299577,0.9015081845849624,2.453197981022868
1.530132489464597,0.9014986409723549,2.2912240850605015
1.530023033659499,0.9009862723720687,2.0830478719293954
1.5295275082868094,0.9005009803487689,1.8980943829599617
1.5296778547398384,0.8998835082169608,1.6932706673590676
1.5292708253347462,0.8994643128787266,1.5057301079187635
1.5286496497483746,0.8988587759688844,1.2921573459170255
1.5284918175387292,0.898523042153342,1.1098381813146414
1.5282781695565955,0.8982121577786496,0.9503086711357762
1.5278689315577865,0.8979742557659841,0.7236732274846844
1.5272682098355945,0.8983238054110108,0.5361663031955309
1.5272081421916912,0.8978682441433324,0.32283617660607705
1.5271186281326443,0.8974608492785928,0.12054541931924323
1.5267139025668448,0.8977390870605882,-0.08783551117219184
1.5262266551253827,0.8977886241091864,-0.30650456082334976
1.52580171207053,0.897734381995886,-0.5195743304988155
1.5253677888776058,0.8977860892395696,-0.7303537049056996
1.5252162287209867,0.8981181047421043,-0.9189380105473202
1.5250963506742372,0.898628685946365,-1.1243740240780007
1.5254286419119505,0.8990021963554697,-1.3115573980496487
1.5258591284464467,0.8995763828931757,-1.5054318766326107
