-2.1832806280165973,0.1793260654332549,1.6212351563203677
-2.1835592950703995,0.17936788501442405,1.5835559727529058
-2.183775159244045,0.17936978141512142,1.5831014751834025
-2.1842796195680885,0.17934057450115368,1.5762022511059628
-2.1849873656715486,0.17926964121985717,1.557565617282649
-2.185048366368141,0.1792536031269725,1.5548496930962405
-2.1850641873929675,0.17924702318672564,1.5536223455669755
-2.1850689123973126,0.17924372904948982,1.552844303459343
-2.1850749620446064,0.17924288292772522,1.55306250799446
-2.185076888916389,0.17924194960239478,1.552864976638013
-2.185078517999155,0.17924131526642162,1.5527406882255406
-2.185080098442276,0.17924080206399312,1.5526466738362812
-2.1850816809659297,0.1792403359903598,1.5525647265365323
-2.185083271710138,0.17923988690506873,1.5524875011206332
-2.1850848687799886,0.17923944254513904,1.5524120334565088
-2.185086470089649,0.1792389979136455,1.552337125966575
-2.185088074401845,0.17923855096166383,1.5522622936448822
-2.1850896811008353,0.17923810083467606,1.552187338983711
-2.1850912899056225,0.17923764716144158,1.5521121804778624
-2.185092900695547,0.17923718976591577,1.55203678341613
-2.185094513422278,0.17923672855063852,1.5519611319466058
-2.1850961280690093,0.17923626344955979,1.5518852178007847
-2.1850977446323916,0.17923579440895793,1.5518090357407779
-2.185099363114766,0.17923532137972156,1.5517325817210115
-2.185100983520911,0.17923484431422534,1.5516558521456583
-2.185102605856642,0.17923436316506053,1.551578843568311
-2.1850868635129905,0.1792300317968099,1.5486975275594559
-2.1850865524813856,0.1792295607089575,1.5486554834040323
-2.185087645206717,0.17922899166376038,1.5485898089529393
-2.1850891430767,0.17922837232419445,1.5485109873515261
-2.1850907535743853,0.17922772864283426,1.5484267713118232
-2.1850923953378025,0.17922707132665078,1.5483401645975026
-2.1850940464886293,0.1792264047406518,1.5482523390941167
-2.185095701482066,0.1792257306302581,1.5481637539425501
-2.1850973590714964,0.17922504966246067,1.5480745879348692
-2.1849561936713227,0.17922947344111617,1.5504856988063838
-2.1847949280194925,0.17924305016096329,1.5546375611339631
-2.184956144323233,0.17901902009471216,1.3781576132345132
-2.184973123024804,0.1785461303298691,1.1708589304542718
-2.185606990283965,0.17835181729099872,0.9703576979577984
-2.186127361135121,0.1784410654206677,0.7475263498962809
-2.186509823503721,0.17831917947532538,0.5255926705959096
-2.186496135433732,0.17795144244523295,0.3435737719813657
-2.186617233504696,0.1775114126017334,0.14772745027215434
-2.1870499571760766,0.17743752923782252,-0.04638954935411747
-2.1872819404595285,0.1777592690857328,-0.24889021062316447
-2.1879139836852413,0.17816922111191358,-0.4377996501091305
-2.187989556638673,0.17814695500029634,-0.623181539317977
-2.1881755867231245,0.1784276902139597,-0.827033486192028
-2.1880761412711007,0.1790915026830724,-1.0334647816138487
-2.1883460945280726,0.1792107997320942,-1.2232264660658307
-2.188267298095525,0.17946081598797242,-1.409154877207278
-2.1884804534971423,0.17971791511153548,-1.591994927527892
-2.188797236843935,0.18013039520197527,-1.7882092552608955
-2.1881086107602434,0.18028617470790043,-2.000793191166383
-2.187993806071272,0.18076443291616318,-2.248994607207554
-2.1869995824216546,0.18024330456176213,-2.4562886410194085
-2.18651375763358,0.18006079539919195,-2.657568084275192
-2.1863202610967067,0.17991196594893133,-2.84392386454118
-2.185907476339586,0.18007384999178333,-3.0387937811625774
-2.1854288082638957,0.17974091410147308,3.043022195946522
-2.18530443021723,0.17925476278104507,2.844644776776552
-2.1848904090772767,0.17876651832666574,2.655223340806457
-2.1844545249062115,0.1784259490147678,2.464329054002026
-2.183657670083796,0.17859559857734952,2.2820983002727133
-2.1846366256334564,0.17752779191969886,2.1127819448388307
-2.184971258428665,0.17706278871343475,1.905933780341693
-2.1849049342064,0.17688334220340649,1.7206921394212118
-2.1852395066843577,0.17652052849462002,1.5323877606645286
-2.185497212352578,0.1761738235278919,1.3176903007522232
-2.1861164089406206,0.17593608146581974,1.11489895683512
-2.1866253118011523,0.1757477912837826,0.8962940753969423
-2.1872840851996442,0.176010464223136,0.7050458008112952
-2.1882897855317123,0.17675242252260331,0.4855034020643845
-2.188951087191213,0.17751228478259118,0.29076652159093574
-2.1893730170581547,0.17812178757596045,0.10899493662512486
-2.189717184122859,0.17766116131469867,-0.08412767203386419
-2.1900791171459906,0.17769086306715742,-0.2957376945436766
-2.1902340279358654,0.17800873026051542,-0.5112271834458485
-2.1906333157721765,0.17820089766148767,-0.7040241787463993
-2.1910130839518605,0.1784143664972609,-0.8879066224141436
-2.191167265092768,0.17871568039265023,-1.039923744234586
-2.19031447569095,0.17947003832491404,-1.238320913675873
-2.1907118817161475,0.1801234414087581,-1.439282168318519
-2.190735868657654,0.18051059113163062,-1.6277586795641115
-2.190254413929324,0.1808574450566262,-1.8448573779247048
-2.189665260328956,0.18127109895638316,-2.0627827379454113
-2.189271355265489,0.18137202028697008,-2.2600615107432596
-2.1882498371150985,0.18077067285983042,-2.474219084206668
-2.1877111732927856,0.18075782977717111,-2.6796386022123806
-2.1872056267108273,0.1803986109021775,-2.8754102310499996
-2.1866907203512733,0.180110584306338,-3.079306741120475
-2.186342441411608,0.17971499390128837,3.003660946888484
-2.1860261269915906,0.1795627366433453,2.8078322125510438
-2.1859959430164855,0.17904190298585312,2.61417957263382
-2.1859172267585176,0.17817127988518572,2.439121932833557
-2.185019768674021,0.1783241100250289,2.241495443806252
-2.184607721647459,0.17832298482509729,2.0498621259013228
-2.184309794080001,0.17796520463309745,1.8660250923631392
-2.184735376945385,0.17745533674991257,1.6593874200033376
-2.1849798290053792,0.17696163430584347,1.466890131632539
-2.185209754553472,0.1765100586805509,1.260798958317299
-2.186431281564129,0.17649882930578323,1.0434842362433356
-2.1869978692067997,0.1762427375964315,0.8495794853248432
-2.187415821926684,0.17616131802117158,0.6364108301413588
-2.188120308005197,0.17643155912441505,0.43748181653262147
-2.1885492578411467,0.17650368699012703,0.24738377608868647
-2.1889705158634576,0.17700449319812575,0.04784353310591833
-2.1892870572592393,0.17695212269744584,-0.1514894760759892
-2.1895107023546507,0.1768765646031386,-0.359500617320408
-2.1897368098496544,0.1773212132330192,-0.5725246094574991
-2.1896913154017454,0.17804698707296443,-0.774607195668071
-2.1896875088214007,0.17855775416008587,-0.9879555662549134
-2.189071634970658,0.17893266306385205,-1.1691008194133523
-2.189604113088572,0.17962246449723004,-1.3583429779501661
-2.1895322618379005,0.18011258698617374,-1.5650244602938066
-2.189358100644269,0.18045225500974443,-1.7427844134439041
-2.189425177174468,0.18094006834744528,-1.9387540351649468
-2.18853629455741,0.18094591848097513,-2.157766632516794
-2.187765124637952,0.1807852423259474,-2.3487310385944733
-2.187580791764837,0.18115256760843607,-2.5641931835457616
-2.186983110377992,0.1808698123219703,-2.755926740696785
-2.1864989487248985,0.1803642318139708,-2.9667844137512476
-2.1860683478719665,0.1804363899504997,3.118424731372779
-2.185682411500728,0.180655244982649,2.899467351319926
-2.1854420700233663,0.18041278525897325,2.6964046048238623
-2.185154329923465,0.18025903784402708,2.4973242928068973
-2.184956571305871,0.1797720754317016,2.290808077424528
-2.1851952506511263,0.179259760028227,2.094512729642241
-2.185356514782337,0.1787579068359955,1.893924869115793
-2.1852378722012658,0.1785005779503066,1.686401988962217
-2.185655406233661,0.17796149696663757,1.4961675390852436
-2.185783221552139,0.1776054978993907,1.2944365397134006
-2.1860735812761267,0.17732981518664842,1.0856609104552546
-2.1864782826544618,0.1771981107929751,0.8960949421453873
-2.1872332284809404,0.17745096585540915,0.6864037363025955
-2.187307400379652,0.17686694361274996,0.4797069156239199
-2.18782357254131,0.1771355320001531,0.2905419072329703
-2.1879897290368007,0.17703160287087574,0.09516498875522983
-2.188244720766825,0.1768354462762824,-0.0876266219548852
-2.188593034478511,0.17686418278939628,-0.30429538713148624
-2.1886403399682997,0.17733716859526188,-0.5132298211762788
-2.1884533724601214,0.1782194381758275,-0.7013158171081241
-2.1887902596524564,0.17837602380976184,-0.8965473198720539
-2.188729428643888,0.1787950923210563,-1.0988375137621738
-2.189169745986349,0.17912825916592062,-1.2985359923943478
-2.1896598530019826,0.1794257785471922,-1.4892031792528289
-2.1898658360556915,0.17987249887793125,-1.6931734414917883
-2.190045742324766,0.1804936599806395,-1.9074008157600897
-2.1892726346618954,0.18045124643295177,-2.1145177112584785
-2.18836187897602,0.18033743479650624,-2.316532739697933
-2.1877092432095724,0.18012768889627062,-2.5294103667259744
-2.1873947370105395,0.18039782724931863,-2.74817040858482
-2.187310036779157,0.18050545393188216,-2.954828508361814
-2.1871110672995084,0.18084404908362936,-3.133873178982742
-2.1867219103193007,0.18118269223030983,2.9459828622983704
-2.1865207744009627,0.1803805654780045,2.744840075228287
-2.1861018067989497,0.18015415671360138,2.531546635888354
-2.1856858711762177,0.17994585700112223,2.316060334311408
-2.185620382587826,0.17949495844562435,2.1033406999511652
-2.18530646519877,0.17944262767885968,1.918458956856764
-2.185083199514139,0.17909239291194679,1.7279842564813102
-2.184903480016589,0.17883167128202318,1.5384679039239808
-2.184932050680848,0.17846086196853228,1.320847832093981
-2.1856973305475265,0.17824625060089946,1.0951144460531599
-2.18627165073591,0.17808544974033053,0.8939515453140797
-2.1865020463131244,0.17760848816888836,0.7005526303035745
-2.1867767815764636,0.1773591850446258,0.5047109811779427
-2.1868643619788095,0.17698419446772626,0.3060382638350735
-2.1874010494070655,0.17709020163035688,0.09444575491695859
-2.187704077058345,0.17737290234873737,-0.09140737653586917
-2.18810816105314,0.17711959415897968,-0.288747061975675
-2.188095826641371,0.17841739928055506,-0.4843368966487718
-2.1887088533577352,0.17847023485529753,-0.6906758871089391
-2.1880417343698686,0.17964666338123142,-0.874790837743559
-2.1880827837828165,0.17993547840997406,-1.0653072925390994
-2.1884335775597528,0.18005670266553328,-1.2644073542942353
-2.1882434758427913,0.1804735305107097,-1.451736894993884
-2.188503054950932,0.1807770923007395,-1.6337045948042972
-2.188915851179941,0.18104320959803338,-1.850623628984369
-2.189001739259945,0.1811400395622833,-2.049857198985376
-2.188717477460586,0.18132905297178156,-2.2352340570282148
-2.1882690257959125,0.18162242137520623,-2.423287709111269
-2.1878904214105956,0.18175543916446865,-2.601690147630495
-2.1873549232126837,0.1810664494083878,-2.8088945407491055
-2.1868576484549416,0.18076595123731762,-2.994972022842045
-2.1863523076639515,0.18078921793730005,3.085571802547443
-2.186108177301251,0.18032840159798294,2.858564195182776
-2.186058961535377,0.17971187715368936,2.649332251687736
-2.1862732616190033,0.17892867109209842,2.458475899498069
-2.186385908225398,0.17805223310737778,2.2529016190942115
-2.1861452827499153,0.17774304495527338,2.0482069827438147
-2.1858710501331253,0.1775180596729948,1.8678431931664434
-2.186107546273291,0.17678775728608162,1.663169858882437
-2.1863534132829336,0.17645213137986365,1.4713336041512743
-2.186162185480635,0.1760084927154303,1.2564580878165952
-2.1865761404694832,0.17598406255652047,1.0517534168831972
-2.1872616113604804,0.17600770576065433,0.8520787767683833
-2.1873940889692034,0.17559977569652357,0.6323006954469448
-2.1873756723609215,0.17508041603370617,0.4325053835197886
-2.1875057410647645,0.1747680806744801,0.2354057588853916
