-1.4705355395159914,-1.092113911275572,1.6222333366571124
-1.470842800850243,-1.0920695835183398,1.583650263383992
-1.471175537009783,-1.092084892638473,1.579308176108978
-1.4717377848366717,-1.0921177879162494,1.5725205293650582
-1.472196297966252,-1.092174283652698,1.5581044181496675
-1.472081865784127,-1.0921743434062008,1.5604998622775728
-1.472242819614644,-1.092186928315272,1.5556025060606546
-1.4722928354717966,-1.092195186059347,1.5541999813043108
-1.472307236427475,-1.0921997504690846,1.5530548598681129
-1.4723106175423055,-1.0922008249554507,1.5532268730660597
-1.4723116755526708,-1.0922017405214572,1.553039145054887
-1.4723121755581958,-1.0922023096433557,1.5529390267248464
-1.4723125599804427,-1.0922027185033123,1.5528794704794544
-1.4723129354940532,-1.0922030544401047,1.552838279720627
-1.4723133201010241,-1.0922033575613406,1.5528054086251892
-1.4723137122530703,-1.092203646126515,1.552776333781572
-1.4723141084857547,-1.092203928521708,1.5527489855735837
-1.472314506291121,-1.092204208610618,1.5527224168797404
-1.472314904205855,-1.0922044881383959,1.5526962021452226
-1.4723153014687171,-1.092204767893699,1.5526701498276376
-1.4723156977028313,-1.092205048233377,1.5526441737141554
-1.472316092725346,-1.092205329319442,1.5526182350220987
-1.4723164864472238,-1.0922056112260208,1.5525923163330824
-1.472316878823658,-1.0922058939876085,1.552566409853834
-1.4723172698303735,-1.0922061776208292,1.5525405121279579
-1.4723176594525322,-1.0922064621342489,1.552514621653422
-1.4723185453901853,-1.0922119471181855,1.5492886944567095
-1.4723175403310733,-1.092213231626616,1.5490529515840104
-1.4723169830420662,-1.0922140291036175,1.5489397267615086
-1.472316730460826,-1.0922146131082082,1.5488772037324545
-1.4723166386289477,-1.0922150966030246,1.5488399286357388
-1.4723166498221751,-1.0922155233903101,1.5488162701557524
-1.4723166939576524,-1.092215942723157,1.5487930146201019
-1.4723167459336937,-1.09221635776451,1.548770995053098
-1.472316800514862,-1.0922167713549318,1.5487495510869949
-1.4723168551687722,-1.0922171847865785,1.5487283814988932
-1.472316908695795,-1.0922175986457288,1.5487073499598714
-1.4723169605353594,-1.0922180131985482,1.5486863947372536
-1.472602138784433,-1.0925492053750325,1.3548734976759578
-1.4731212212793423,-1.093011668343885,1.165216165929202
-1.4736600740632406,-1.0933547532134678,0.9486512639468321
-1.474089373441176,-1.0934662927596948,0.748953293613685
-1.4748183040475793,-1.0930698822111349,0.5455932356318152
-1.4751582370632565,-1.0932216488958826,0.33096041598940756
-1.4758205745878377,-1.093451924146492,0.13149102829099865
-1.4762127889692493,-1.0930751155603808,-0.06229152061829904
-1.4765714907194933,-1.0927399868555374,-0.283935512637724
-1.4769029388226635,-1.092691497073442,-0.4916134828684265
-1.476821470640949,-1.0914528571430266,-0.6677281309631923
-1.476960032154535,-1.090869014484224,-0.8886284498066315
-1.477269971280777,-1.0906529749556917,-1.0822840842249593
-1.476858470938926,-1.0900256975972464,-1.2662085492618937
-1.4771919376571598,-1.089376901953593,-1.460569070399421
-1.4772509726508283,-1.0889533215434617,-1.6475878228005707
-1.4767287195527887,-1.0886781299660142,-1.8363982082616093
-1.4765720466337635,-1.0879469820366245,-2.020233564743786
-1.4758598527117315,-1.0879142073224495,-2.222513224177471
-1.4750808118049787,-1.0882929338461202,-2.4081909486447657
-1.4745889986770977,-1.0883630417779002,-2.605256938374791
-1.4740791920896574,-1.0889467414219336,-2.780861642436403
-1.4742668687039595,-1.088387699547195,-2.969725022626778
-1.4739711978618986,-1.0878467110951433,3.1164932045169156
-1.4735069480432015,-1.0878189819388715,2.911557471299635
-1.4731695974862753,-1.0879413107322609,2.7248038776646224
-1.4732751756695097,-1.0887365186147488,2.5642795140514525
-1.4738287237411314,-1.0898192214631737,2.3620075508006413
-1.4733796105057337,-1.0899982406623205,2.1590035817952584
-1.4729437083399592,-1.090460456416986,1.9818855893474454
-1.473369613443743,-1.0912685035340015,1.7668313472655346
-1.4732448777273146,-1.0915638814944528,1.584555683159571
-1.4733235829583236,-1.0917957462739696,1.379001428974855
-1.473634012300078,-1.092363531249476,1.1608112744147732
-1.4741250337130611,-1.0923732904698018,0.9399901459728193
-1.4746607286554294,-1.0925023929054525,0.7340312015273893
-1.4752006761574459,-1.0923197331119086,0.5535509078764254
-1.4758454753396173,-1.0922174118406238,0.3746196011478373
-1.4767549071169417,-1.0909214537268321,0.1694651290972226
-1.477029267053176,-1.0912916077955415,-0.024598197906762088
-1.477460798593528,-1.0917841658329788,-0.23385078965143463
-1.4776558715976742,-1.0910892686454718,-0.45120453497909235
-1.4778409661811454,-1.0909631565294122,-0.6071736399754328
-1.477395618190694,-1.089911296850228,-0.8084832063042331
-1.4772133682753907,-1.0892271579098363,-1.0261498563588465
-1.4772517540446681,-1.0887791264508848,-1.2337193453303432
-1.4772745479394067,-1.0887386850371639,-1.427341688392688
-1.477933157288709,-1.0884809796266686,-1.6041532039609945
-1.4784413150425195,-1.088064514311845,-1.8021434690178653
-1.4781699514012347,-1.088014402486452,-2.0028889702543755
-1.4773299045676922,-1.0878568616056685,-2.200430157314685
-1.4774498256986177,-1.087184778690471,-2.3680637582932462
-1.4771525471607927,-1.0869588778134438,-2.5433875422423906
-1.477007899320286,-1.0869595232564762,-2.735136486583391
-1.4767993304866431,-1.0868571037079329,-2.9243575892147957
-1.476360678509212,-1.0870583217322713,-3.117557442187887
-1.4759834989011997,-1.0871954595760067,2.9687933535068667
-1.4758853154096734,-1.0878983050589097,2.750259262566948
-1.4757119499025242,-1.0882766522612644,2.544160838411054
-1.4750513332466286,-1.0880252354728053,2.352505985704227
-1.4745260971544614,-1.0882499640528522,2.1214726090179514
-1.4750145037799554,-1.088910316956483,1.9036817082419528
-1.4746865803924591,-1.0893179319073971,1.7007861208248833
-1.4745798280981683,-1.0896840369741565,1.5027055230219886
-1.4747707604369833,-1.0900741977824941,1.29184805247955
-1.4753744797565562,-1.0905201644313072,1.099469800249558
-1.4757000209180138,-1.090890300770619,0.9051698713740688
-1.4765947077500217,-1.0904598457561907,0.7290661889079091
-1.4769903675290852,-1.0904056884227116,0.5558085036877516
-1.4770844152125715,-1.090719930786722,0.3598553849779544
-1.4771321682961764,-1.0908963019267917,0.16315579351600426
-1.4775926678450617,-1.0906742096096007,-0.029127506606292188
-1.4779380616684772,-1.090322372300951,-0.23139611620583173
-1.478193034831515,-1.0897784952617262,-0.43064491717501957
-1.477883542257345,-1.0888288797750667,-0.6357130539074567
-1.4779056679987312,-1.0882539401803144,-0.8142387450019993
-1.4775878844832693,-1.087631802603504,-1.02422138076566
-1.4776554081832363,-1.086798280948455,-1.21391603459644
-1.477849107748898,-1.0865265028671742,-1.4004320080753117
-1.4778849026198084,-1.0861726557281834,-1.5976375860068461
-1.4783048998111692,-1.085727039613928,-1.8081190501506872
-1.478061035576597,-1.0851542380544117,-2.022132652403523
-1.4776069160923655,-1.084970678281432,-2.203183622108472
-1.4773841208191936,-1.0846205432026228,-2.392467362490459
-1.4768282732402227,-1.0845035014391755,-2.6075845688465087
-1.475971322463559,-1.0854226856313016,-2.7873006742808633
-1.4750598775132104,-1.085321357344095,-2.9760878859249535
-1.4745600299955774,-1.0851801923001771,3.107991312665913
-1.4742977930373673,-1.0850571011289178,2.9253340647726733
-1.4741378324376753,-1.085678141999731,2.720147238021536
-1.4736792142504327,-1.085597432824207,2.5385813625700386
-1.4736239211392885,-1.0861191935935848,2.338213100042199
-1.47366970832754,-1.0866608748517443,2.12598713719416
-1.4727790853940628,-1.0865528974181675,1.9418812300155788
-1.4732768652434676,-1.0870315161187958,1.7247276607433246
-1.4729222132001452,-1.0875570613391994,1.5443780276024643
-1.4733464307862862,-1.0878460087663455,1.3397642284003317
-1.4735603215330542,-1.0878814491653346,1.1383012809945625
-1.4735104555450733,-1.0882755663377508,0.9406998533753455
-1.474423848108417,-1.0879366098338592,0.7348707272525126
-1.4750428840464187,-1.0876931514082004,0.5283439203634421
-1.4751735666957215,-1.0881472050674252,0.33682940033559366
-1.4755914159335346,-1.0881480413750462,0.12994732542134338
-1.4759511259338758,-1.0881365910488978,-0.0673125922729822
-1.476374425594182,-1.0883969147464834,-0.27026231411761387
-1.4762467041640797,-1.0877560544266298,-0.48030597135272746
-1.4766954842028976,-1.0874826152202448,-0.668451211351642
-1.4765823692279996,-1.0869550435934763,-0.8591775314954766
-1.4763583925324724,-1.0863730052786391,-1.058732188340165
-1.4764840860495185,-1.0863439586343573,-1.247608256928678
-1.476334950271796,-1.0856384258571448,-1.4365802494029183
-1.4767844280588924,-1.0852572675511662,-1.6349947990565288
-1.4767776636065841,-1.084851620764508,-1.8390306314663911
-1.476595894161986,-1.0845672436301783,-2.0559582379120047
-1.4757645423375099,-1.0847765830705032,-2.2700194922928554
-1.4753766860697495,-1.0845249168786857,-2.4481686931978857
-1.474994522498597,-1.0844883308784403,-2.653413361598311
-1.474916882819713,-1.084273698617499,-2.8575664750182073
-1.4747115591482611,-1.08392406383096,-3.063646809490835
-1.4743064427164865,-1.0837613936247608,3.029316814780098
-1.4741722223338516,-1.0845982838799226,2.8488293821821906
-1.474038341299228,-1.0853260607637223,2.6769813977035986
-1.473885940210668,-1.085871978456151,2.478957174976188
-1.4735977405284157,-1.086142066795868,2.2701033808182993
-1.4741470704738662,-1.0869523012443794,2.0717051036486347
-1.4736890706642576,-1.0872680403342658,1.8757987131453724
-1.4736956916414141,-1.0875208188356702,1.6710508995302635
-1.4734008499875406,-1.087769627671946,1.4907905345864687
-1.4735860559680112,-1.0881073689453273,1.300631097697503
-1.474355739025912,-1.0882149868809514,1.079670025415724
-1.4746773050269588,-1.088557380852309,0.8723393093676421
-1.4749185005298124,-1.0888209199155718,0.689295093403421
-1.4757390864428217,-1.088378077984831,0.48479440860756895
-1.476593050593874,-1.0886980701959919,0.29483682856723803
-1.4770568210455741,-1.088174132883035,0.0993878409448363
-1.477455486984336,-1.0884188615860397,-0.10189331210129944
-1.478128154618395,-1.0887631824190338,-0.31059020646815994
-1.4782829649063496,-1.0883136972431269,-0.5059536789365695
-1.4781699269645416,-1.0874661525319684,-0.7007847852279976
-1.4783492412339032,-1.087176878909851,-0.8994998097960297
-1.478346197502695,-1.0867795313654978,-1.0885779163642748
-1.4783674891436782,-1.0861920585276188,-1.2804953564715926
-1.4783540826602013,-1.0857519313445314,-1.4660559835594282
-1.4779606186511471,-1.0853720053272655,-1.654094830268552
-1.4777617044591471,-1.084947438727304,-1.8652197556244399
-1.4772794329313577,-1.0847195205273994,-2.062264932949678
-1.4769391067085413,-1.0844824818199053,-2.233595204265582
-1.4763940053178597,-1.0843872699056927,-2.4472983123527783
-1.4761494348553534,-1.084076577240303,-2.6541310444408435
-1.4757106820442867,-1.0840252484471877,-2.853737021187705
-1.475668012287038,-1.0836791503706904,-3.04742837334477
-1.4753452173796546,-1.0832071130050416,3.047301622218475
-1.4748658545695499,-1.0831014981685245,2.8254504981418447
-1.4743790998980422,-1.0833393479465807,2.600704302512097
-1.4749119121036474,-1.0843148873697268,2.424552091230599
-1.4746265905174238,-1.0846314517121909,2.2219498351909843
-1.4741857985960398,-1.0846358846544704,2.0341631476673356
-1.4738975094771483,-1.084807431816307,1.8448448221380214
-1.473538547650891,-1.0850737803050505,1.641758784438944
-1.4734361990630556,-1.0855143724714233,1.4279459543632511
-1.4730347374367538,-1.0861761842740203,1.2135353959841486
-1.4731149716439491,-1.0863771409764662,1.0056205992229181
-1.4730944729191362,-1.086863863807481,0.8198943638202516
