0.032014427667962836,-1.4535484522756081,1.5906836705572127
0.03098129417342803,-1.4536203123020328,1.569755289957899
0.030140636190499087,-1.4536280246611761,1.5673161718766633
0.030710797621150233,-1.453645483317929,1.5595880565925144
0.03136224834471859,-1.4536302771107878,1.5690122187428654
0.03139512128449042,-1.45363603590791,1.5665525771217537
0.03140106362081277,-1.4536370271446362,1.5666961706163576
0.03140263430941258,-1.453637824742597,1.5664965241482647
0.03140242240570602,-1.4536382510212618,1.5663826290955656
0.03140163426011284,-1.4536385129480325,1.5663073331804689
0.03140065550627917,-1.453638702288822,1.5662491743136848
0.03139962269850896,-1.4536388600193484,1.5661984742197015
0.03139856559929284,-1.4536390039960962,1.5661510182482492
0.031397497361974926,-1.45363914203529,1.5661049628525316
0.031396423783029564,-1.4536392775591733,1.5660595013314904
0.03139534741544171,-1.4536394120667187,1.566014280686609
0.03139426938319682,-1.4536395462150922,1.5659691464621328
0.031393190181360706,-1.4536396802930172,1.565924031088391
0.031392110028487824,-1.453639814427965,1.565878905019113
0.03139102902165433,-1.4536399486768448,1.5658337553479125
0.03138994720461862,-1.453640083065694,1.5657885764508541
0.031388864597754015,-1.4536402176070542,1.565743365890837
0.03138778121120307,-1.4536403523075743,1.5656981226256759
0.03138669705063227,-1.4536404871713362,1.5656528462241914
0.03138561211976906,-1.4536406222013167,1.5656075365223294
0.031384526421516776,-1.4536407574000203,1.565562193473584
0.031385386646762374,-1.453641733928721,1.56493111600645
0.031384594216581255,-1.4536419475588473,1.5648667578333688
0.031383616210612,-1.4536421177158307,1.5648137478867892
0.031382568386320836,-1.4536422701134437,1.5647648680582107
0.03138149414606877,-1.4536424148237315,1.5647177895086637
0.031380409312370586,-1.4536425562775688,1.5646714859555961
0.0313793198580548,-1.4536426964239673,1.5646255051909355
0.03137822811291703,-1.4536428361202647,1.5645796483274375
0.03137713501277126,-1.453642975744182,1.5645338280179117
0.03163866860221429,-1.453959745366802,1.3884501820417827
0.03207050457124208,-1.4546558412441304,1.1903020815658274
0.03173224420924344,-1.454726195713708,0.9811071297532752
0.0310044384949974,-1.4546692453534553,0.7897667352007034
0.03034352377842517,-1.4545694383459224,0.5618428568717505
0.029766005246247007,-1.454734502709652,0.3813047498414453
0.0292640965118191,-1.4543887665010176,0.17901550899946594
0.02893714313665417,-1.4544657139013464,-0.0036068987164170883
0.02852951516821283,-1.4548313269509552,-0.1961317701133646
0.028467860643527878,-1.4539275603186972,-0.38283504828000176
0.02803623855457086,-1.4531681109778483,-0.5945853498443863
0.027820098607516167,-1.4526291451854054,-0.8060777672421583
0.027477050235395067,-1.4525319521712736,-0.9974686714263797
0.028136204476406423,-1.4517887473701174,-1.179085007628789
0.028220820548196742,-1.4513961067065622,-1.3628951878868703
0.027923125991628675,-1.4510806514289625,-1.5599820712218289
0.027723314588438134,-1.4506444185247256,-1.7601443557260046
0.027935984249739712,-1.4502815384159133,-1.9815009807277075
0.028217050321660823,-1.4500432641402852,-2.1885884090957135
0.028709802926915943,-1.4498749780926605,-2.4078861449035758
0.029475179699923575,-1.4502404875264012,-2.619048393711121
0.03000669138407769,-1.4502040364399613,-2.816359583464084
0.030158487517182545,-1.4499266271345452,-3.0206688395916563
0.030469919173827895,-1.4494117417552288,3.065313641426875
0.030965291201614488,-1.4495735926093334,2.8465367439070253
0.031185188602069248,-1.4501615110029515,2.636147733599875
0.03144325566426126,-1.4506443892295329,2.4437445022701763
0.03170323511277769,-1.4509976669679363,2.22454885692568
0.0322529473102245,-1.4510934264028836,2.013912200078319
0.03242773511442246,-1.4513723873771545,1.809633414566419
0.032187711512333315,-1.451692457065996,1.612969294346892
0.03243295267554329,-1.4519931613050487,1.4278064523030702
0.03212304635536623,-1.4523298635517974,1.2138323187546758
0.031842773418353176,-1.4526499662348058,1.01035535517775
0.030986271950048584,-1.4526010539616905,0.7899499473006443
0.030340415221738904,-1.452480314789079,0.5665714791950915
0.030178669447567658,-1.4529196273523308,0.3601950609818268
0.029821662949343145,-1.4525773069349897,0.17010436498419312
0.02936637036334386,-1.4527648312652606,-0.025926435743640536
0.029106033082719914,-1.4525326298055785,-0.21961660656366852
0.028833154548948185,-1.4516262704424054,-0.4470327479167468
0.02877231597125006,-1.451276990168517,-0.6476896532046279
0.02825919390840493,-1.451131813569746,-0.855558145411
0.028176939035997977,-1.4506873765156674,-1.0581896421702477
0.028305493442146567,-1.4501560172473875,-1.2854287822166917
0.02784758700114913,-1.44985163233051,-1.5006382882115432
0.027574689446853155,-1.4494560202835869,-1.7046480743890535
0.028171968478817918,-1.4487554782020697,-1.898877575161186
0.02885690482138199,-1.4481231332052458,-2.09157336097366
0.029387261146290346,-1.44795937163853,-2.2904396507994984
0.030009627760584887,-1.4479969103902544,-2.499546786557937
0.030493984051157347,-1.448027913643647,-2.707834749231477
0.030989250441973034,-1.448363236236989,-2.906291640865257
0.03142626302792333,-1.4487984627779082,-3.1052622578691373
0.03181063347670075,-1.4486002282375285,2.976706642722235
0.032168636060206514,-1.448946178953042,2.747724139488717
0.0323626907491961,-1.4492327952715396,2.571936240497248
0.0325003331881647,-1.4495397302552755,2.3828241865836435
0.03241960603130681,-1.4501977800159394,2.1767239356291324
0.03220596467184433,-1.4508392893157904,1.9906427218703968
0.031816070721924335,-1.451395487362421,1.7984581331019645
0.031680904296297954,-1.451753344826991,1.6073568775105653
0.032102685986585944,-1.4521428630203685,1.4065046464895725
0.031706076528870135,-1.4522179378522122,1.1878480381804837
0.03097591113347416,-1.4523894853611061,0.991767510958274
0.0304817754148304,-1.4526268975105099,0.7815640825459967
0.030137044864661924,-1.4528529449241419,0.5754615800231263
0.029677037092639524,-1.4529701471864966,0.35756569890176
0.029172265996266718,-1.4522826776545408,0.1516788562910696
0.028667784636081852,-1.4520661361954643,-0.03996094833083885
0.02838032252767706,-1.4518631405965794,-0.24194332067226043
0.02857198922057483,-1.4508875101072214,-0.4364749738821028
0.028513163543040277,-1.4501681861769478,-0.6558303707916157
0.028593002984310726,-1.449594306394636,-0.8707175581641474
0.027871660460993593,-1.4496045148258165,-1.0828762513350232
0.027623584662965186,-1.4495476324923777,-1.26682051354697
0.027534877873389447,-1.4493719024086271,-1.4483077934057615
0.02709055914290354,-1.4491514744501184,-1.630051291534674
0.026678796793651913,-1.4487472154812109,-1.8380677980837052
0.026760126278085092,-1.4483836859641248,-2.069172756837536
0.02760705487518511,-1.4484015349724297,-2.2582011376590083
0.028275289450828373,-1.448581725169078,-2.4562028338364628
0.029044916258105184,-1.4491730371081768,-2.6217718969464165
0.029607915039183846,-1.4495319682685823,-2.8198543704413557
0.029965476299835734,-1.4494124791013832,-3.044772891175284
0.030429838417757923,-1.4488244560981653,3.0346179009309893
0.031002898626969602,-1.448710041072814,2.8314190904291294
0.03127327053092623,-1.449169513667768,2.6245138417790823
0.03151520370935939,-1.449310034119024,2.4661128053421915
0.03169399060442486,-1.4496444242525528,2.280302752709829
0.031667676625102774,-1.4502469828914495,2.0628707905774926
0.0318820416934837,-1.4505665174843394,1.856103255623341
0.03149235420283536,-1.4510028433789972,1.6683409293996165
0.03125575107895818,-1.4514186640500606,1.4695452365421373
0.03103838106255652,-1.4517710920033389,1.2472145095612739
0.030103822358960627,-1.451741159823909,1.0322919854526926
0.030545662301543663,-1.4525979534183833,0.8118445233829041
0.03022038063584676,-1.4526950469823268,0.617478705320274
0.029864761689929457,-1.452592122494384,0.40421343066585996
0.029750128163006633,-1.452748890406432,0.21629526699925244
0.029239796621414196,-1.4528122585347996,0.020988191653900683
0.028787746957211736,-1.4529312324023675,-0.17728682215039138
0.028384882307287234,-1.4526406471048445,-0.36853579780959844
0.028475276826612234,-1.4518934494939897,-0.5616042403853505
0.027936962140920316,-1.4519161941497347,-0.7211513998440822
0.027926224254558513,-1.4514147345976236,-0.9231307821139921
0.027876559492498097,-1.4508240948208375,-1.1206751413402283
0.02857237404635383,-1.4503061843525897,-1.3190664646993955
0.0284236414761401,-1.4499660017957052,-1.531063942678888
0.02814457689410059,-1.4496082663323389,-1.725208100364333
0.028831876519933075,-1.4492108791577667,-1.917345683763889
0.02935804877750627,-1.4492421585511777,-2.124556925849954
0.029863613922688208,-1.448953056046724,-2.330563110340672
0.030820561213256173,-1.4494292367231876,-2.5484039680180577
0.03145561208306534,-1.449945682935583,-2.754577518557816
0.03241000858948366,-1.4504203243569183,-2.9655195807181935
0.032834392407249634,-1.450681724865434,3.1116320313874346
0.03305201306195603,-1.450901241196838,2.912337185746451
0.03331528663535636,-1.451434737620155,2.6857130436923615
0.03345744169464683,-1.452046104070364,2.481103579684967
0.033396763851797004,-1.4525933002306248,2.3015910673590105
0.033137487846767635,-1.4532227640336257,2.0953835087273216
0.03354848783410495,-1.453474838592657,1.885596284140763
0.033757310253545746,-1.45382068423718,1.7007022184164842
0.03366173398846412,-1.4542635545869533,1.5058843773291537
0.0337250419171318,-1.4545782852979006,1.310325888950307
0.03338212892724974,-1.4547568664008197,1.098325850373583
0.03247602941695519,-1.4546201676633164,0.8701878545352778
0.032285378814449754,-1.4550396649382624,0.6693806463640517
0.031542039233711724,-1.4547142185477344,0.4456813863577181
0.03114035453767896,-1.4546092718219883,0.26167155905604805
0.03118192100681357,-1.4551705636410142,0.07456108671823801
0.030811060993148322,-1.4554876009764255,-0.12978775917410484
0.03071062515357869,-1.455328444004829,-0.3344264815673913
0.03071364147108305,-1.4546325752992364,-0.546536799458341
0.030589084291999056,-1.4539822386603112,-0.7380870064649879
0.03041089749344164,-1.4535331874234791,-0.9213560047788977
0.02947232009327538,-1.4538342252337826,-1.088695428662142
0.029174854385593137,-1.453701749294112,-1.2722601987623163
0.029052738559519006,-1.4531362419015916,-1.4721534315215417
0.029364979820326913,-1.4527553175151486,-1.6568211314963317
0.029454203981384163,-1.4523257160690222,-1.8549210432826633
0.030174349126047065,-1.4524221169007374,-2.0416583099872114
0.03086257649440988,-1.4522866842487931,-2.2654581130388243
0.03127889423457563,-1.4522005197360148,-2.4810650909771073
0.03126582690382197,-1.451876456377131,-2.673077825272578
0.03155834729421052,-1.4517696715074788,-2.861888078153235
0.03210929440206079,-1.4520360768235614,-3.066875474165452
0.032522710803721135,-1.4522170458637487,3.0362992643080533
0.03291114612061891,-1.4526952799891535,2.839632599267463
0.0329122695897722,-1.453217389420444,2.639002974822442
0.033319132037095155,-1.4533393530257541,2.418183219493119
0.03375058431892262,-1.4534067638903028,2.2014460539744274
0.033568552976651414,-1.453831638184533,1.9999786564329072
0.03328005754358517,-1.4543671097786657,1.8201074573437324
0.033046568324698836,-1.4547746709110447,1.6246364297751348
0.03318680094308757,-1.4551526246848958,1.427154044564804
0.03323386140952873,-1.4558496807006287,1.2268327961487149
0.03305160741657151,-1.4560395171430591,1.0392476204852548
0.03255825463581945,-1.4561998094931903,0.8378703984353331
0.0322307649070462,-1.4562740112228445,0.6392725983358797
0.03200421548299037,-1.4564069792554537,0.431919596654853
0.03205290488254768,-1.4568204197359174,0.23870992445485506
0.031802437909628285,-1.4568945278689722,0.0528489078709408
0.03133985013718476,-1.457139989452964,-0.15579497118583513
0.030556828977086756,-1.4566396377680508,-0.34301546727521703
