0.1673701857726577,-0.8763693167577142,1.625278747389257
0.16757299909116039,-0.8763600568407572,1.5760584800042061
0.16745430643269163,-0.876323352918312,1.5995470664534255
0.16737249116610603,-0.87632399146776,1.593975828580213
0.16742996493072676,-0.8763215662090549,1.5944060569250014
0.16768639125008936,-0.8763195520410008,1.6028219571730082
0.16767052663748183,-0.8763223696022924,1.6019006771482178
0.16766333654907511,-0.8763228875537874,1.6026983340055163
0.16766269092307737,-0.8763240698906343,1.6024166775873858
0.16766259912161857,-0.876324756530971,1.6025404496022808
0.16766311444148335,-0.8763254210369886,1.6026435898572375
0.16766389455489789,-0.8763260783314013,1.6027378699191555
0.16766479006063228,-0.8763267348601239,1.6028285390202934
0.16766573570318413,-0.8763273934631822,1.6029178919847666
0.16766670296168415,-0.8763280554017011,1.6030069342974538
0.16766767936462676,-0.8763287212456466,1.6030961083257251
0.16766865945533643,-0.8763293912625244,1.6031856104110007
0.1676696408439017,-0.8763300655875659,1.6032755294024272
0.16767062248138145,-0.8763307442982462,1.603365907200576
0.16767160390525165,-0.8763314274469184,1.60345676522351
0.1676725849094612,-0.8763321150751049,1.6035481159782285
0.1676735654001377,-0.876332807219762,1.6036399681211122
0.16767454533246526,-0.876333503916024,1.6037323286719911
0.167675524683087,-0.8763342051984073,1.6038252039830831
0.1676765034380161,-0.8763349111013415,1.6039186001639651
0.16767748158736095,-0.876335621659402,1.6040125232682425
0.16759815847675189,-0.8763392109781794,1.6076734215017294
0.16753563975596705,-0.8763475265753335,1.6073565806443726
0.16749512469372604,-0.8763526488332583,1.6081093620740974
0.1674612331633112,-0.8763585150698702,1.6092355620874896
0.16742429466883524,-0.8763639153452094,1.6105555880549844
0.16738599107846464,-0.876369223823494,1.612198938734165
0.16734300510198472,-0.8763768627331283,1.6138735376707039
0.16714507391680014,-0.8766445559377258,1.4509280226337704
0.16691667181335407,-0.8771379108419047,1.2417734107970595
0.16708785519893396,-0.877549638152124,1.032556325572025
0.1664409815057099,-0.8773933419475339,0.8200496814790994
0.16571554991756188,-0.8771641522179625,0.6063671371230442
0.16547997071154238,-0.8768833936855636,0.4069269830001533
0.1653976250205557,-0.8771471747348113,0.21590320132473023
0.16509016921424013,-0.8774314164828076,0.017540066619890403
0.16466463065387252,-0.8776802857320033,-0.19381740889036736
0.16428463769539428,-0.8770828080630908,-0.41931658744189426
0.16432417183712014,-0.876472910003102,-0.638421091112887
0.16439279773238555,-0.8759604086714732,-0.8345117652220165
0.16504719308099847,-0.8749256055481398,-1.049999439048701
0.1650277053237031,-0.8747369333986761,-1.2405759877249989
0.16496296447050168,-0.8744387900346213,-1.4454439382799447
0.16468844437360056,-0.8741077938705112,-1.639339154424921
0.16441316574261738,-0.8736983568882752,-1.8574596741013503
0.16459466713453605,-0.8734612904811409,-2.0526249764357076
0.16557851543039095,-0.8737194536649661,-2.23018063854175
0.16564295263033604,-0.8731391398787901,-2.436089780793791
0.16593004906096884,-0.8729438565735576,-2.6261123237739095
0.1663836677230977,-0.8730393672642035,-2.84761832585096
0.16656480534608803,-0.8727810249345561,-3.0532325518783177
0.16706416583054187,-0.8726845656660766,3.026503377481878
0.1672321834039169,-0.8728319595046459,2.8345337458000452
0.1672068433737323,-0.8734478771304038,2.636936333138648
0.16737528219537245,-0.8739238152617502,2.4112640503284184
0.16739315469853117,-0.8742881429457449,2.21645331191586
0.16740554121758255,-0.8751352972176808,2.024074109797117
0.1671648723201341,-0.8757289430128172,1.8433513381497504
0.16700772376037118,-0.8757791734770343,1.6555402658054053
0.16742032995603226,-0.8761349459855592,1.4584058261532669
0.16757373448199384,-0.8763686222320198,1.2468696561184904
0.1666428562251104,-0.8764124470529197,1.0666030062860472
0.16655380115552612,-0.876709393670974,0.8611388949055447
0.16536957265769966,-0.8758842254906505,0.6844219014417592
0.16428626913736472,-0.874797213406309,0.5075503918205385
0.16374501695704835,-0.8743338150275849,0.3057414944464619
0.1635087143855208,-0.8748733635592786,0.11211019018952421
0.16304909590608044,-0.8744401023340974,-0.08643650205378524
0.16278610384560993,-0.8741894980831909,-0.3004765790618025
0.16266532822617358,-0.8735734091331372,-0.519773603156632
0.1626294504083003,-0.8728852163358256,-0.7305136200737695
0.1623438771578776,-0.8727242355524862,-0.930140136926088
0.16264570471544987,-0.8719160443273782,-1.1405484772379482
0.16286386305318612,-0.8711064060739465,-1.3408770855881893
0.1631031119122426,-0.8710113479510935,-1.518201658779984
0.16272439973551991,-0.8706456873580674,-1.7277457335627855
0.1629657336828775,-0.8701305662611771,-1.9371343923143327
0.16328661971962327,-0.8697194177868589,-2.1749737681885972
0.16345487231932707,-0.8690643105833439,-2.3643902229206577
0.16404697219880046,-0.8691644659560749,-2.5694067401160243
0.1643412183399999,-0.8686445649992293,-2.7906661022921457
0.16473794566489072,-0.8688609669548842,-3.000815291642933
0.165174530623596,-0.868762690827049,3.0738588248635206
0.16556894717321402,-0.8691392574300363,2.8703659660841794
0.16589546965367735,-0.8694703250695694,2.668235809710214
0.16626015785825649,-0.8695639537405437,2.4879528945132563
0.16677962958459538,-0.8696770707804585,2.2988829929086316
0.16661869953250633,-0.8701237398397887,2.1030614069749993
0.16564096784288115,-0.8711168631317373,1.8981079133232237
0.16510584806464493,-0.8718475253612282,1.7018240008186234
0.1658703745611403,-0.8721110733127759,1.4991697855926394
0.1662797041244911,-0.8726645397804959,1.2916526777636848
0.16671387828484957,-0.8737990474081514,1.096492871373212
0.16564640042366383,-0.8733224997069106,0.9236708044894434
0.1657865605953746,-0.8740048647993512,0.7337501029965943
0.16512578191193775,-0.8735987930943278,0.5468321172274115
0.16522060720735457,-0.8739335267137508,0.36534120300598943
0.1650461416299643,-0.8741056700335084,0.17802970734751147
0.16491160265321386,-0.8743908887559655,-0.00794186693883326
0.1644646928088472,-0.874786725952344,-0.21463249102208373
0.1641612445633756,-0.874648524955398,-0.4017703608667483
0.16361681588794388,-0.8747768939560824,-0.6005018343482666
0.16312449602930293,-0.8746357691420197,-0.7941084729359336
0.16305607797601787,-0.8741772780384784,-0.9899635063697335
0.16321755986289488,-0.8735522848518735,-1.1699372421713408
0.16348679734879815,-0.8730845010890723,-1.3593399428483222
0.16320961694109637,-0.8728694038420528,-1.5630766324643552
0.16332891888014234,-0.8725727012946124,-1.7602147346124408
0.16325666993538074,-0.8721064141895588,-1.9111339331526838
0.16384431006698286,-0.8717469529631141,-2.1167236233049973
0.1646124696040361,-0.8720089681060694,-2.3054749305034514
0.16524329609584973,-0.872195976195646,-2.495013434534279
0.16591684058047249,-0.8728176354034797,-2.687372318900604
0.1660245003787245,-0.8726666184164401,-2.889110789703119
0.16647446244832254,-0.8722661076385688,-3.084517842550519
0.1667138671035972,-0.8720788663136503,3.0000709700281427
0.16713850567836014,-0.8720455317347344,2.7829703560050536
0.16694047379698104,-0.8726151402489608,2.591163808213006
0.16733478474722666,-0.8728054411228741,2.3852108006094603
0.1674673392323432,-0.8733107314096469,2.1538972122935447
0.16721666731886722,-0.8737048253731029,1.9546700044303642
0.16767879554054668,-0.8738039927338277,1.7629543924088689
0.16719988881760847,-0.8743558240240245,1.5614186747829508
0.16717625867936117,-0.8747389306230836,1.3578387336483082
0.16736937056370116,-0.8752368847254518,1.1694899196817152
0.16751385642707659,-0.8757696807235033,0.9674354995933553
0.16650398025359264,-0.8753632625365041,0.7610119997066953
0.1663742909053417,-0.8757731632878509,0.5507777331691549
0.16558078484723224,-0.8746284403657352,0.3718089871347212
0.16509355314575938,-0.8744569138331316,0.17629316947537288
0.16474020820530633,-0.8744060439869674,-0.02630584530499296
0.16435241534603934,-0.8741795862631394,-0.2225274126206365
0.16397538359147842,-0.8737711928530625,-0.4443017565556608
0.163826803771094,-0.8733840996695406,-0.6530893162895349
0.16356247660131853,-0.8730844305678662,-0.8162970216238616
0.1636421776144568,-0.872515109849247,-1.0138024723440366
0.163370349088473,-0.8720100841780035,-1.2165143549959998
0.16302597457722243,-0.8717198163675103,-1.4364546615406386
0.16284800707389008,-0.8713319255102118,-1.6388729601467522
0.1633517342603253,-0.8710478598634838,-1.8470295524883482
0.16348622860944517,-0.8703383792588378,-2.048008714373834
0.16375197538208952,-0.8700428905055052,-2.2571613645405835
0.16402123053240583,-0.8697143095298588,-2.4678156616205387
0.16462267609589823,-0.8699457527872692,-2.6766617882623
0.16509324496809696,-0.8700551921618259,-2.872940116727504
0.1654193798439296,-0.8700721480771153,-3.0687856433726295
0.16568281958884593,-0.8699952806762079,3.0155089538247433
0.16604721744093195,-0.869910816231946,2.8223805715320927
0.16668299801224093,-0.8696630162611823,2.6279312419223184
0.16682466636707569,-0.8701135619452607,2.4127065042451865
0.16642507321741198,-0.8709351079935094,2.1734632368972253
0.16696448172237016,-0.8710776962426549,1.9424279071177362
0.16715509677033402,-0.8710694936135769,1.7552253070996786
0.16713286351583714,-0.8714597701773561,1.5614203148158021
0.16719535487789713,-0.8718551965057628,1.3521748085178544
0.1667574663280726,-0.8720923142461746,1.1531605020625326
0.16574289173127882,-0.871844599685951,0.9343169027680737
0.16444871454795953,-0.8710820716591239,0.7666453749930648
0.16436275618017607,-0.8715824827876985,0.5702436829659462
0.1637319790839873,-0.8711126290158208,0.36433356671029515
0.16342123652732662,-0.8713315443707167,0.1381021009372158
0.16292930899925745,-0.8710011563491964,-0.052119321112198636
0.16249218004895175,-0.8708131992183283,-0.24191434570827744
0.16200361372438518,-0.8707040862117859,-0.4290630204795648
0.16172918445986925,-0.8704314386960993,-0.633037699992785
0.16058773257255898,-0.8711967638024793,-0.7880851147657532
0.16100442868228076,-0.870279352069197,-1.0065297870804866
0.16060493621868588,-0.8702266652086106,-1.208099678056538
0.16056007417338375,-0.8701374033566781,-1.3958338810756483
0.15990228880527171,-0.8698674059398466,-1.5864525523414197
0.16021769685411963,-0.8694471088055943,-1.7713227952366726
0.160523610838965,-0.8693703053521785,-1.9652387618144007
0.1611099635688479,-0.8694994963146091,-2.1572775851934223
0.161827884684278,-0.8696144512039453,-2.358996448532486
0.1621871823839295,-0.8694813592051206,-2.5555966594641784
0.1621589463726815,-0.8690153015754792,-2.7470494221727546
0.16251617564777654,-0.8690346343142078,-2.9337359297745875
0.1626658497599591,-0.8685592475319038,-3.130534816530635
0.16259273132384663,-0.8680123163968477,2.9515095093729613
0.16308789291688333,-0.8680128589457987,2.7539258243504965
0.16309322899583842,-0.8683160457778029,2.570247584026857
0.16301897313198876,-0.8687709862749656,2.3509587189596335
0.16330163979011791,-0.869007726971037,2.141076828665978
0.1635071575117209,-0.8693908666383114,1.9512490704416288
0.1628525430696501,-0.8699322655275074,1.762402832340769
0.163070823627308,-0.8702283450409919,1.5533469563204787
0.16341161169439591,-0.8706719727169506,1.3486439708084712
0.1628292137129549,-0.87110305513181,1.132468594479861
0.16238040346354007,-0.8711497428851893,0.9423818222900446
0.1618500220964752,-0.8711659476754672,0.7385603901229719
0.16117729069544737,-0.8709091968583952,0.5270910205362518
0.16071783036241122,-0.8706271335289728,0.3028215294584102
0.16028580631655767,-0.8706926294964552,0.11330424165037561
0.1598484560406718,-0.8704548080722238,-0.08533151315642631
0.1594144351895214,-0.8704239280409332,-0.29246650144692127
0.15922445179132438,-0.8698491816607896,-0.4875511394724463
