-0.8385309165438017,1.1154390809179455,1.6217165575623864
-0.8384987464009598,1.1154230499651294,1.5741420737769567
-0.8387860879085124,1.1154565449811868,1.5900345861259817
-0.8390179903438213,1.115443510641146,1.573745252134629
-0.8391558436006707,1.1154430204699117,1.5705213209136482
-0.8394166319693559,1.1154321022808864,1.5623119954305054
-0.8396295636308536,1.115419878672407,1.5564939737740995
-0.8394028893377701,1.1154173426330856,1.5613311599358268
-0.8393172791147271,1.115412717167358,1.561938404003911
-0.8393314312258513,1.1154136400259835,1.5627323693420467
-0.8393469512101693,1.1154138191199046,1.5627550405694122
-0.8393519758984783,1.1154138808290803,1.5628026800205914
-0.8393532737217284,1.1154139150260038,1.5628500757393768
-0.8393532284312903,1.1154139425647058,1.562891690955364
-0.8393526922222085,1.115413969183965,1.5629282220335912
-0.8393519756677517,1.115413996204224,1.5629614426712424
-0.839351192187095,1.1154140236826366,1.562992745511043
-0.8393503833872822,1.1154140514328605,1.563023006319126
-0.8393495646188622,1.1154140792857299,1.5630527262287321
-0.8393487410970912,1.115414107119527,1.5630821511023585
-0.8393479147528561,1.1154141348929596,1.5631114032217517
-0.8393470869721388,1.1154141625723037,1.563140589545616
-0.8393462582127583,1.1154141901319696,1.563169761133545
-0.8393454286357026,1.1154142175598616,1.5631989426269841
-0.8393445982971144,1.1154142448507558,1.5632281458049502
-0.8393437672162011,1.1154142720028444,1.5632573762210735
-0.8393502971295034,1.1154124782892934,1.5618538144574892
-0.839354577362784,1.1154127079448215,1.5616138160722202
-0.8393556302802875,1.1154128358641608,1.561529200316123
-0.8393553452494472,1.1154129164212043,1.5615064466487534
-0.8393547043386564,1.1154129730662279,1.561510168326732
-0.8393539663484916,1.1154130208279227,1.5615276549786221
-0.8393531845957912,1.1154130645099058,1.5615513049513519
-0.8393523828021161,1.1154131062382184,1.5615777212302284
-0.8393515715467894,1.1154131469618138,1.5616053879492096
-0.8391393690498392,1.1150607113113808,1.391374338588785
-0.8396652963693427,1.114782924554612,1.1914935140349157
-0.8402009116881802,1.114864871315519,0.9838948199647756
-0.8407917762196746,1.114744384210265,0.7844660191029501
-0.8410818573573975,1.1145850544773517,0.5921875859091781
-0.8412699440085822,1.1141736106972098,0.3923003306184911
-0.8422914553126625,1.1144940740953955,0.20188680966739955
-0.8426068503711157,1.1146455054068802,0.008677708140385699
-0.8426263768214224,1.1141112050527995,-0.19125827041747553
-0.8431308765368879,1.1142545287432826,-0.38431834625923106
-0.8432245932745107,1.1147775796782369,-0.5770828537145215
-0.8436743212652745,1.114846358205169,-0.760423684523559
-0.8430178243740138,1.1159203989088502,-0.9548765714006843
-0.8430977377075975,1.116050369273192,-1.1162422737406548
-0.8431578979208001,1.116625841277973,-1.2944826800101725
-0.8433164416872496,1.117074003348361,-1.4803731303611942
-0.8434466995953878,1.1174478917295991,-1.6819189869036937
-0.8433145764891681,1.1178167229978877,-1.8990901500718742
-0.8429754161326601,1.1180860936785812,-2.1069523416361085
-0.8427292825786449,1.1183742218933335,-2.3054534381744722
-0.8427611372024405,1.119058885340884,-2.50860031459803
-0.8419730516193668,1.1187924260085396,-2.721765111994649
-0.8414578058730091,1.1184857119488556,-2.904649276845627
-0.8410506277514641,1.118398422065671,-3.10067577112406
-0.8406849174474237,1.118369948459857,2.977980240703358
-0.8407213952943665,1.1184686678680866,2.7847473491172923
-0.8399504152679341,1.118738807578784,2.593429158349784
-0.8395365845260772,1.1188367307403095,2.4115251291640574
-0.839706363616817,1.1182711294271388,2.2062186324023174
-0.839313517744083,1.1181368174766495,2.0259533478970035
-0.839874693018961,1.1176339964780506,1.82931022852986
-0.8399542792584019,1.1174313114882393,1.640173675251879
-0.840181791856704,1.1170556319115825,1.4334087249911782
-0.8411400261126847,1.1167775018147708,1.2230023759615896
-0.8415965992242237,1.1164232130185245,1.015284930670492
-0.8422970134325054,1.1165006334016918,0.7979644437999269
-0.8425670998753095,1.1163599730101672,0.6044123246847064
-0.8429786661837785,1.1162433215537177,0.3792083807432801
-0.8433444556707621,1.1158695188462484,0.1821611908268872
-0.8439682203518929,1.1159697430645659,-0.009873709082526345
-0.8444115534976191,1.1160646082529955,-0.20853323720140376
-0.8446540588420357,1.1164366523442892,-0.4067201196509663
-0.8450232730373081,1.1165201492432162,-0.5968045684297137
-0.8448136028076728,1.1173759375346946,-0.7860136543694939
-0.8452178577982705,1.1174248965439562,-0.9409821928198453
-0.8446217936323716,1.1181592067373065,-1.1483849569902798
-0.8436666470413394,1.1187485663349686,-1.3243503734095732
-0.8439572996476854,1.1190066161136327,-1.5071335957710164
-0.8436717470036453,1.1193845946413543,-1.7068706594462033
-0.8434393905177765,1.1197592937119272,-1.8934352681646225
-0.8432086005565048,1.119870234611727,-2.0876206895421103
-0.842827578188669,1.1201727355720397,-2.3247966861931872
-0.8420436767636582,1.1196131530256481,-2.5014330780929446
-0.8417108956139376,1.119779361115194,-2.691647152069422
-0.8416410048759055,1.1200174137362375,-2.8911880695015544
-0.8411332801842807,1.119936663911188,-3.0766803618178127
-0.8407478923267216,1.1199228921796731,3.011649134384333
-0.8402612864485297,1.1200215436935128,2.815969329591241
-0.8398610979611957,1.11967006141764,2.5927319091113668
-0.8394790390683035,1.1196744058900312,2.393235585785441
-0.8393181485676428,1.1192631196155214,2.201346078427371
-0.8398567002257689,1.1184242812090457,1.9887345848028324
-0.8398698783466296,1.1179960017836261,1.7711270246637771
-0.8394785779392828,1.1177175005540703,1.5665545653190451
-0.8392834842290011,1.1173469098551727,1.3721211525662003
-0.8398020071696081,1.1170191383409,1.1690875870914699
-0.839844718817057,1.1168907421154242,0.9773742092751042
-0.8406012939837668,1.1169639282297559,0.7736469552559424
-0.840867792781041,1.116642040781966,0.5909124381369066
-0.84120345563411,1.1163890004576638,0.39358473646635134
-0.8412596338545181,1.116602371842018,0.21444981815538083
-0.8413744941218542,1.1163406407186915,0.02312365900640527
-0.841619959889132,1.1160080657277167,-0.18301655347906742
-0.8420966887039634,1.1158392043529386,-0.4110203744648686
-0.8425277849267452,1.1159143230385777,-0.6200492903363198
-0.8423901806382356,1.1165189776170548,-0.8070916150585024
-0.8423605853873576,1.1170380097507804,-1.028930583101484
-0.8433953560473872,1.1168715329568482,-1.2255618966770485
-0.8431248473031936,1.1171263316365874,-1.4108208098879753
-0.8433356549399594,1.117526312458578,-1.594507258023156
-0.8432297505598904,1.1178577252534299,-1.7864591850392904
-0.8435571626454882,1.1183994967024817,-1.9889676332299
-0.8433155010862274,1.118799198942666,-2.162275481745143
-0.8434993387742376,1.1193710596969197,-2.33849372598958
-0.8428652629159128,1.1191621653209538,-2.546739674563191
-0.8427208858219326,1.1193891378098655,-2.7538173882596215
-0.8421481536593445,1.1196784492607774,-2.9320617143754912
-0.8417174337444363,1.1194776713534347,-3.1313851517708624
-0.8413285325799872,1.119706454226898,2.950663189562219
-0.8409541607275526,1.119616450662707,2.742585545998292
-0.8406830080115713,1.1189958921647716,2.550080403517644
-0.8404715787981838,1.118662770212646,2.3404171208633273
-0.840955266472241,1.1177543958155687,2.1041255421180307
-0.8401519847974087,1.117522762407815,1.9028044248534939
-0.8403385442387316,1.1172134303151182,1.7246308019010306
-0.8400798854252771,1.117098162757794,1.5338174439239647
-0.8398923246875901,1.116760651008,1.3287098218789923
-0.839966423817771,1.1166445324952428,1.1445005698029203
-0.8405334057136619,1.1164880464896574,0.9318291513824027
-0.8409483016958933,1.1161781578290793,0.705767867779869
-0.8412512803737482,1.115722462697285,0.4819749756219442
-0.8417010324647568,1.1163978342251641,0.27709603447606657
-0.8417931481706055,1.1158978106135806,0.0826908863927985
-0.8421580972260192,1.116210169729808,-0.12010055236954623
-0.8425126647236642,1.1166227710079497,-0.34428323720419907
-0.8431648482865463,1.1166233237988787,-0.5344590916871684
-0.8439188008321754,1.1161984683794741,-0.7346317372688477
-0.8428319821308295,1.1174501617451207,-0.9064850065973865
-0.8428307256290866,1.1179275745034216,-1.1274581047791938
-0.8421370574577873,1.1182263450543715,-1.3186868861754324
-0.8423930382942081,1.1183514434159432,-1.5099854996425859
-0.8428065506143289,1.1186338588195566,-1.6963348384336576
-0.8424541665116226,1.1189652059837585,-1.8711342555541814
-0.8416484718401115,1.1188121061816387,-2.062146969572752
-0.8418760624372886,1.1194489912380192,-2.2547607485111083
-0.8412030139605223,1.1193216797858743,-2.463360939483005
-0.8411219393809608,1.1195382397629885,-2.6369039733326276
-0.8410274770201471,1.1201591667661235,-2.8456244865683757
-0.8408121468443653,1.1198331722863468,-3.0320425508031135
-0.8405187590073399,1.1201297694659278,3.066777929293174
-0.8400953471539392,1.1204802188162744,2.860257269850737
-0.8396700300409827,1.1202448179102742,2.6423974340832856
-0.8393035057519204,1.1201274316834158,2.440637550027258
-0.8390785873123079,1.119759659339777,2.2453643149410607
-0.8390185964849356,1.1194778474073275,2.054781955952287
-0.8387946099671122,1.1194518058851421,1.8591084971289116
-0.8387136641864558,1.119204439252334,1.6556238012186308
-0.8388013023327653,1.118856709245808,1.4638830929518247
-0.8385024118200659,1.1184189169925578,1.2424056258460456
-0.8389051574231142,1.118029203299469,1.0351356422611666
-0.8400271169551919,1.1186417902554375,0.8447876710634261
-0.84030873341389,1.1185150033751583,0.6600977170821001
-0.8409453067822534,1.118639720269373,0.47459236132683824
-0.8413052989459203,1.1186869750946549,0.2649703414595633
-0.8417074437677654,1.1190140939219027,0.06936268215064288
-0.8420651730823698,1.1185911141071836,-0.13166209236427479
-0.8429261812765325,1.1187945107975859,-0.33350353316635073
-0.8431206401520557,1.119366298663965,-0.5336568809631581
-0.8432206781573437,1.119995898860808,-0.7515011735743105
-0.8431632139153392,1.1206829782999,-0.9753422630941458
-0.842972718500583,1.121193447520896,-1.1895607708401241
-0.8425343627280794,1.1216416739375996,-1.3903938054344278
-0.8423590039174165,1.1221076320496353,-1.5858622956457369
-0.842139237634092,1.122436147866224,-1.7822022648929199
-0.8422378429136927,1.1224500691040509,-1.9528208532166769
-0.841897370463477,1.1228000531710212,-2.148245351591203
-0.8409041764699873,1.1224316856907592,-2.349393261580042
-0.8406396769920713,1.1226916760714092,-2.5426565064550357
-0.8403373062965744,1.1229190581850725,-2.7432293276294537
-0.839828205295188,1.1233532784220028,-2.9292944184936833
-0.8391510696558858,1.122982995023329,-3.131171953490234
-0.8388567522561403,1.122721964019308,2.9679800926073505
-0.8382133517705411,1.1221022025865448,2.7813663726543356
-0.8378472189414278,1.121635035496213,2.580766107297796
-0.8376331464262949,1.1213211332318396,2.381968799389679
-0.8372138360398351,1.121199377924243,2.1734474529788503
-0.8371480639527425,1.1207785457155401,1.984591725655336
-0.8375745396023013,1.120632354517223,1.7962577560741397
-0.8374483473170402,1.1204406116287389,1.600035820151877
-0.8369053593440967,1.120036539974246,1.398303787201555
-0.8376400272141061,1.119784344451048,1.1858844774499426
-0.8380795559537757,1.1197639392266312,0.9803943910486626
-0.8385324767522639,1.1196320279577325,0.7780774827063573
-0.8393926306631556,1.1201174765266995,0.5727278877978038
-0.8400109590404888,1.1207623949893077,0.3849555053201867
-0.840125079513324,1.120614677243382,0.19013610898757274
