-0.9104095431988877,0.11455474352693591,1.6148326261125288
-0.9105991645472465,0.11476639541903833,1.5839963982750638
-0.9108375142108104,0.11478771479841644,1.584041832887336
-0.9112607639395713,0.1147646281884269,1.5766303268700854
-0.9118465061390978,0.114705082295433,1.5591755842898098
-0.9118927327257987,0.11468857008753125,1.556806493866318
-0.9118843498616208,0.11469340268954659,1.558127353005844
-0.9119564305104316,0.11467976442693198,1.5540431374625343
-0.9119777933816687,0.11467491294927315,1.553223656614137
-0.9119943495086795,0.11467093275215284,1.552706660214505
-0.9119989573319175,0.11466861546364783,1.5521748524489596
-0.9120005082118453,0.11466730972014412,1.5518947183928358
-0.9120015456499218,0.11466647501574248,1.5517291944953138
-0.912002621996488,0.11466585773496864,1.5516158093415313
-0.9120038039885519,0.11466533998983497,1.5515262358373219
-0.9120050629162499,0.11466486686292615,1.5514475006832522
-0.9120063673824624,0.11466441273701315,1.5513736218892376
-0.9120076973453519,0.11466396564267087,1.5513018273119616
-0.9120090418484383,0.11466351997358398,1.5512308273645024
-0.9120103953079971,0.11466307309201726,1.5511600199326883
-0.9120117549865175,0.11466262374559176,1.551089122483743
-0.912013119576509,0.11466217132843459,1.551018001266843
-0.9120144884687188,0.11466171553625427,1.5509465918474437
-0.9120158613893479,0.11466125620528217,1.5508748620858597
-0.9120172382242997,0.11466079323705584,1.5508027948751275
-0.9120186189351934,0.11466032656328703,1.550730380087581
-0.9120116929740841,0.11465654137058331,1.5478971603300624
-0.9120064443978187,0.11465608488245567,1.5478984655291477
-0.9120048792844451,0.11465563056977333,1.5478860781736237
-0.9120043953373539,0.11465517544423381,1.547867771713556
-0.9120042244628931,0.1146547208709757,1.5478481095999403
-0.9120041436623019,0.11465426645636229,1.5478282280024982
-0.9120040878537877,0.11465381172861541,1.5478083717482654
-0.9120040379093974,0.11465335638938111,1.547788573972059
-0.9122227719796427,0.11439055752581768,1.363030686471618
-0.912449098595967,0.11407368091371724,1.1533094657056042
-0.912829540349584,0.11383930996791759,0.9298096468557911
-0.9133204126134463,0.11386838250270027,0.7293476398171981
-0.9136364731900185,0.11371645781443904,0.5229110127272728
-0.9142550310400647,0.11432681768868616,0.3234103032660384
-0.9151270472935877,0.11460097894810418,0.12481235981880685
-0.9154705189868848,0.11447752089431663,-0.06444935030778724
-0.9158274881552401,0.11492198946643094,-0.281710639460805
-0.9156479161261845,0.11576339466432513,-0.49563992042854016
-0.9156237201922769,0.11626525946396365,-0.6788168855267827
-0.9158322813328492,0.11658546882606656,-0.8582685606860005
-0.9163020456097357,0.11649077264940068,-1.0495638015871214
-0.9166336351693409,0.11654960428778922,-1.23861942928596
-0.9170485547013663,0.11657825032730185,-1.4357378166905284
-0.917539260558105,0.11693740899782115,-1.622167972158137
-0.9181932776920988,0.11727552522292176,-1.844482138755873
-0.9179836576049029,0.11786132681695834,-2.043917316905491
-0.9180645298407002,0.11831417744524764,-2.2336059521141305
-0.9173383174929476,0.11811579075954166,-2.438671918776449
-0.9168247068243275,0.11822847894517699,-2.6594159787961136
-0.9167828582204604,0.11841780295869844,-2.858236123968686
-0.9164058929205525,0.11803770898776803,-3.0460542194761486
-0.9159916347617735,0.11804907675954056,3.0355013478526525
-0.9155227024220254,0.11759725655300299,2.818964056990551
-0.915127174698972,0.11727276470283741,2.6358180475474935
-0.9148097843296336,0.11680939747525292,2.4304335895573894
-0.9149013486006706,0.11621455827754999,2.2161616160101842
-0.9144493747203759,0.11626474612617921,2.021699031283461
-0.913937969063266,0.11623641019133647,1.823333350616489
-0.9132489138587827,0.11605523195415883,1.6269210263238454
-0.9128439030600083,0.11564681375252271,1.4334256969375727
-0.9133072147754483,0.11539191091615965,1.2334307122985095
-0.9139137869936216,0.11505358490572021,1.007837153360709
-0.9145803087336185,0.1150355429322502,0.7978546870691573
-0.9151903178887866,0.115334114083803,0.634345868879285
-0.9156113561709615,0.11546605335065276,0.4310534043354255
-0.9163115231762511,0.11612030595099489,0.24674703579473536
-0.9168584739545864,0.11629174161111537,0.05542493146257482
-0.9172103612450906,0.11652890956340788,-0.13554344762723616
-0.9177587435005926,0.11645932616590134,-0.34753464422621383
-0.9178865672851626,0.11660491027498016,-0.5202685112541586
-0.918231917963403,0.11711467624811621,-0.7226710469627092
-0.9184913572462833,0.11739397178888301,-0.9239350683303351
-0.9180501673717248,0.11810020756529871,-1.1176979934035365
-0.9180258519686196,0.11879788745929631,-1.3207064418949501
-0.9179469514074998,0.11918119436121438,-1.506955602096777
-0.9175928547990473,0.11963712948420552,-1.710833255358151
-0.9171937108331336,0.11957924843885821,-1.9191617531280174
-0.9172388688008133,0.12009000407840895,-2.1155559733854563
-0.9172182018123547,0.12071658836379905,-2.291609874256573
-0.9168077053950099,0.12094794598463529,-2.499538119156777
-0.9160949324276283,0.1207429886232539,-2.675187003382081
-0.9156690468773039,0.12036792285943544,-2.851199319819037
-0.9150742577621451,0.1202157268149587,-3.0513893379966985
-0.9146020991821736,0.11999328170875508,3.0283317896665127
-0.9140159856371112,0.11985569357763554,2.8184581251099043
-0.913752284362322,0.11961332543047186,2.618553274786704
-0.9132818921200091,0.11963605113344652,2.4377919265889467
-0.912782183076827,0.11947875378186447,2.248837291949697
-0.9128507898840771,0.11899125641515278,2.0313850839764944
-0.9127204236636473,0.1187003578399146,1.8343763079512183
-0.912966074066198,0.11826887231326838,1.6306749240104772
-0.9124447349490424,0.11778223554434686,1.4339967619680118
-0.9129982918020774,0.11754519830494632,1.2367046505774772
-0.9126850112831512,0.11686565595754893,1.0331598811789513
-0.913459815492266,0.11693173837811012,0.849554177605328
-0.9142558725047906,0.11732518616150675,0.6591437641355018
-0.9146273793230995,0.11733330291947854,0.4576207496247601
-0.915431406748554,0.11735124846792193,0.26704837479514393
-0.9163937546847243,0.11756933264528076,0.08528028455548749
-0.9167860837464662,0.11794998014183897,-0.11536734373564382
-0.9170999286940521,0.11864653252481737,-0.3348592839178521
-0.9171708660932157,0.11915678857284899,-0.5215154874837286
-0.9175612296789311,0.11946569834280489,-0.7244153566279039
-0.9179149904824369,0.11988086636957324,-0.9838167574244586
-0.9175783546856614,0.12078260832585792,-1.1868514089944937
-0.9174765021737838,0.1215804435131985,-1.38621827773017
-0.9173476626667473,0.1219879273831019,-1.5705658873100565
-0.9169033869431866,0.12237981872137692,-1.7749412640914783
-0.9169885791739755,0.12297158524339391,-1.984835226567036
-0.9163980007510573,0.1231043538935477,-2.213838237396489
-0.9159415893837709,0.12321659935873898,-2.4391731678124393
-0.9162702417678042,0.12421668880231652,-2.6284885010023245
-0.9158262252532243,0.12412052292452944,-2.853802646257443
-0.9154952676326237,0.12433825607663765,-3.052775578254946
-0.9151701422517168,0.12421190478254575,3.0313804256564354
-0.9148450981607832,0.12389744792320456,2.8171761236973016
-0.9148261160433964,0.12318447449277325,2.6131317451688214
-0.9148063910737716,0.12259864024894597,2.4294138887350214
-0.9150958277405981,0.12182499410794512,2.2333850814382825
-0.9155170764339751,0.12112032510266149,2.0282604783129505
-0.9157145800756467,0.12052044356662767,1.8082754772394583
-0.9159559692020798,0.12004000740466497,1.6081489247181073
-0.9156242872374606,0.11963361605267082,1.4168964166022855
-0.91590085128736,0.11906852181092667,1.2151297280032365
-0.9161092743519902,0.11856572166838093,0.9916866648742413
-0.9164418492791672,0.11850040674228916,0.789419631181212
-0.9173035143881625,0.11908341412219697,0.5975763206646159
-0.9173212421205655,0.11847909902886707,0.39989537250592805
-0.9174036427248009,0.1180246155347612,0.2043059811422386
-0.9178160049588385,0.11780168261858483,0.007243220256803459
-0.91834285333523,0.11819112394553596,-0.1988596726098305
-0.9187531230439592,0.1185087127622463,-0.39340557708978025
-0.9191749883619484,0.11860016724974469,-0.582774186669734
-0.9193608182088554,0.11902847217456052,-0.7953786044990581
-0.9191517376588229,0.11974038363346197,-1.0033859703260057
-0.9192170907297263,0.12027400573624399,-1.200473496778317
-0.9193369995635947,0.12067092485855035,-1.37994847729182
-0.9191667549956756,0.12114213622965488,-1.5809541167583037
-0.9188787503009265,0.1214977315324457,-1.7877320304184081
-0.918197765250021,0.12154189362067169,-1.9991753630465952
-0.9170477104809871,0.1211598721396786,-2.1929365116751924
-0.916680234680528,0.12128224478833502,-2.398086424119553
-0.916447484715438,0.1214761958363987,-2.584028867903297
-0.9162251015869808,0.12198154189214802,-2.799569597704205
-0.9157257185940381,0.12230874433578817,-3.0160820746990034
-0.9152030063933222,0.12217378263975522,3.0690786107010424
-0.9148809703562534,0.12153290452964033,2.86230698966576
-0.9147516726706184,0.12096986640130493,2.662032538118273
-0.914568317137419,0.12039066975197854,2.423487656066395
-0.9150162383701436,0.11953578897224762,2.2288976174953548
-0.9152112343738072,0.11899387906600198,2.0304782604034237
-0.9150617937772088,0.11899624548783025,1.8427705511794272
-0.9147708809165187,0.11855067223723974,1.6433240918843288
-0.914522508638739,0.11816249849523804,1.441119721459603
-0.9151120408425125,0.11796535959158919,1.2354368901447117
-0.9157423364226109,0.11804830232375907,1.0482104464622044
-0.916166051976164,0.11786688267100569,0.8437978354267582
-0.916404853932805,0.11737204815857367,0.6198562107990903
-0.9169463254138631,0.11745496311828188,0.44176197656636945
-0.9177506984301453,0.11804490372642894,0.2334002657671933
-0.9179618579562894,0.11768457759370621,0.04550809129033212
-0.9183500550966639,0.11783604059111795,-0.1504587151336579
-0.9185451425830542,0.11845813184994779,-0.3509244144799679
-0.9189164790174795,0.11881543730235944,-0.5788929035183128
-0.9187720813924263,0.11964509242430307,-0.7633288686753835
-0.9188050257712498,0.12014705505124416,-0.9606562866727885
-0.91879520904232,0.12028311281635107,-1.1463109460016123
-0.9189358892071177,0.12059211503679085,-1.336914114083872
-0.9189234374921486,0.12124766100079885,-1.5248166278181707
-0.9186418455178305,0.12162591557152205,-1.7066184291726454
-0.9179728496013214,0.12207595873978587,-1.894026237769204
-0.9180661195901141,0.12235748190196195,-2.0966431694892855
-0.918020128276586,0.12267965001976165,-2.2866937181199
-0.9178694011711519,0.12319449443341697,-2.4724613903076964
-0.9169479987449782,0.12241678319263888,-2.6505716302932716
-0.916531422118283,0.12197173249134154,-2.84781718083899
-0.9163552490278806,0.12224955604508722,-3.0500202102398855
-0.9159977956003511,0.12259317640318074,3.0314954483049363
-0.9154959309071037,0.12282124975893156,2.8210813720290133
-0.9156126492023868,0.12204537066835602,2.638266212891361
-0.9156437336295683,0.12130227265547565,2.4634730451616207
-0.9158074612982827,0.12059935387715996,2.260481862846171
-0.9160066958716245,0.11997693237662224,2.090815543731277
-0.9164451793303647,0.11944543808288219,1.8867907526433063
-0.9165498996495208,0.11920313007490903,1.6972476222939228
-0.9165507228292279,0.11892569524775912,1.521251341602163
-0.9166829524491146,0.11856800777265208,1.3107206329607963
-0.9172802148654067,0.11846682768058002,1.0972225033929504
-0.9175917105506506,0.11797546385796198,0.8749382770969425
-0.9180557608663472,0.11802675848149193,0.7083091713894081
-0.9183709393114836,0.11774810590479302,0.4927559120854099
-0.9190110243664777,0.11813985053740822,0.2788996110184657
-0.9193453813316641,0.11785077512950326,0.10110832138853852
-0.9198028416941227,0.1181932323792221,-0.08047103375610831
-0.9203249061703879,0.11859040885296661,-0.2671029245592036
