-0.17072927253673717,0.21389724276510153,1.6257062824081194
-0.17094400232874218,0.2139504026434394,1.5647456904741397
-0.17154866934609272,0.21398670053520608,1.5743305562441665
-0.17220092255363673,0.21393051677336708,1.5592203001411054
-0.17228281034170234,0.21392205271837963,1.5581396302461645
-0.172107573745447,0.21393528703965695,1.5629349493787081
-0.17212426085573682,0.21393863465635193,1.562419583794961
-0.17210165793968873,0.2139401078686652,1.5630333515367452
-0.1721273880822079,0.21393848438742089,1.5624213706696297
-0.1721036675837475,0.2139398111516,1.5630046653225083
-0.17212902433322042,0.21393813072223936,1.5623797307491414
-0.17210515495715634,0.21393943251681433,1.5629578968198863
-0.172130455012096,0.21393774408235677,1.5623309320418861
-0.172106561121285,0.2139390406788733,1.5629083217494668
-0.17213185344600318,0.21393735182326395,1.5622810203511637
-0.17210795429903694,0.21393864627990514,1.5628583074775013
-0.17213324646945405,0.21393695817497618,1.5622309317977219
-0.1721093450509251,0.21393825096124527,1.562808220437309
-0.17213463823563876,0.21393656378573114,1.5621808111846707
-0.1721107350107644,0.2139378549701756,1.5627581172144696
-0.17213602938639888,0.21393616874896867,1.562130680774949
-0.1721121244303049,0.21393745833799982,1.5627080064083319
-0.17213742001987745,0.21393577307213968,1.5620805438509882
-0.1721135133472724,0.2139370610625141,1.5626578891834684
-0.1721388101500012,0.2139353767493244,1.562030400752925
-0.1721149017662207,0.21393666313627518,1.5626077655507706
-0.17214118042424703,0.2139312828772275,1.560833662026851
-0.1721366110128496,0.21393134433965633,1.5608909309270254
-0.17212249245160346,0.21393153055653688,1.5611359601674195
-0.17211203686812815,0.21393171968911476,1.5612907032174006
-0.17211949649695119,0.2139315184611735,1.5612395988878462
-0.17211383217963636,0.21393182931592858,1.561345124436439
-0.17210349635863606,0.21393208627499016,1.5615773392706784
-0.17180148153566424,0.21351900420349115,1.377176174403063
-0.17125731413911932,0.21277983800949735,1.1653796974946988
-0.17152678002850713,0.2125403365530183,0.9637870770767275
-0.1711667448547645,0.21164241191002423,0.7756352387832013
-0.1716443979175913,0.2115870923249048,0.5625703063639564
-0.17253587475206097,0.21222163696135474,0.37976556264128863
-0.1729759111804986,0.21253918086660847,0.1812428596526336
-0.17343449495906724,0.2125086281779232,-0.010873980295857247
-0.17384559474917896,0.2129056063351992,-0.22565639221156475
-0.17408757891386878,0.21339517868665853,-0.45365967358099335
-0.17422712038304336,0.21422085408429464,-0.6732078503026522
-0.17454241556933986,0.21442497508398942,-0.86852576437657
-0.1745980201460892,0.21487539304740705,-1.0604512304412417
-0.17472346080020235,0.2153178645165123,-1.2866006982044025
-0.1747378698326956,0.21552924095305673,-1.4827131360224812
-0.17523199711821233,0.2159043522888117,-1.6822579396226793
-0.17543905080872796,0.21636013523338893,-1.8834019351614635
-0.1752797566476958,0.21652529118471245,-2.075119658219082
-0.17463036454792147,0.21677966355206943,-2.2531064374289733
-0.1742314036144032,0.2169234232224,-2.4648175372528143
-0.1736872414570077,0.2166045312731425,-2.6503453242721458
-0.1734009025784474,0.2169075877132306,-2.8692177289793857
-0.173029674155005,0.216361347924778,-3.0606419737134103
-0.17272219624337037,0.21695828904935874,3.031280817843063
-0.1722170116804486,0.2172091695077828,2.830704997456501
-0.17179598869489474,0.21750013975637617,2.6172952754169287
-0.17205101003931778,0.21666108570950834,2.410591996899027
-0.17183383076277445,0.21632877500600287,2.214190423369841
-0.17234535672052845,0.21553227922783946,2.0136185403571667
-0.172312591467747,0.21544849218468148,1.8246592854588681
-0.1717911781622756,0.21512555724355165,1.6293153163971483
-0.17218277630206885,0.21470960654749394,1.4285589615114287
-0.17256179120141638,0.21464597325942283,1.1951652451289163
-0.1732372727142774,0.2148227703406791,0.9940690926418645
-0.17383305429276455,0.21466986644588806,0.7644858228590058
-0.17413337709184346,0.21435276207371562,0.5551563699606248
-0.1746174334095731,0.21450755556471637,0.32391253872257014
-0.1756026817990496,0.21473753397838372,0.12808721566113665
-0.17598519037067184,0.21487672179996342,-0.0717217399129467
-0.17629703242078212,0.21531154478590508,-0.2940040496464317
-0.17703787312570454,0.21476530530499868,-0.48033258816591856
-0.1781705671152268,0.21398561178295725,-0.658324116856727
-0.17860352614829428,0.21426569093354184,-0.846549776424918
-0.178355738005793,0.2148557310097599,-1.0258396265995184
-0.17872889663816915,0.21532727696070017,-1.1902938817158994
-0.1786587553229583,0.2159028123293091,-1.370891170816666
-0.17832013995275925,0.21649998106202717,-1.5627657564461106
-0.1783621560567347,0.21688381610926363,-1.7702497579255683
-0.17830965026236836,0.21721530768801603,-1.9732589235970515
-0.17779675945825826,0.21749284574316394,-2.172396715647493
-0.17768255578335573,0.21787450402705175,-2.366832474914824
-0.17669433843206003,0.21711690111344564,-2.54781973151544
-0.17608543427709805,0.21696118476032158,-2.7364201396733523
-0.1759116180028155,0.21723089687611016,-2.918149379271781
-0.1750884466839512,0.21655341825001237,-3.112527046218272
-0.17468407495227276,0.21626878550958406,2.967291179977813
-0.17452962675286535,0.21589830351732273,2.7497367159170474
-0.1734839296242824,0.21636050196398776,2.555088249397015
-0.1733338638945869,0.215921456194422,2.3578017944703733
-0.17327077291747303,0.21559297270527705,2.1502833359141196
-0.17294161564167168,0.2152155529410819,1.9334650422164839
-0.1729796440571907,0.21491758589416837,1.7388645331595507
-0.17263004622958783,0.2146699323829125,1.5447046473353554
-0.172526218505081,0.2142183505980297,1.3362573680513048
-0.1729024359863314,0.21406509576195154,1.1315340963236906
-0.17371779815609423,0.2140678629839189,0.922328040909394
-0.17450624187827554,0.2144372147981157,0.7420525502063363
-0.17449845232832215,0.21372225222470317,0.5431865360817966
-0.17458973966375685,0.21335430635281447,0.35249899241655036
-0.174605631522244,0.21291791068029672,0.16628981455174702
-0.17491493988262835,0.21265410004313462,-0.024569858177908913
-0.17541882891487817,0.21212633846682005,-0.21122267843000644
-0.17577407789493102,0.21263502364516426,-0.37316343191171736
-0.17640630254975642,0.21252249679317115,-0.5887109448418317
-0.1767287478737512,0.2126766503613284,-0.7975756182447538
-0.17677809486170348,0.21310489399328955,-1.0079872664585179
-0.176343940064771,0.2136316106286853,-1.218162271208476
-0.17587438671117614,0.21401135929654796,-1.4215864671178797
-0.1763387019391283,0.2143473368772663,-1.6202014036196966
-0.17630530843965894,0.21466339903746948,-1.8213162917669175
-0.17604038464973293,0.21500284446653126,-2.021099867195262
-0.17602385104152832,0.2154457708580804,-2.2383479875721983
-0.17503983494001352,0.21491273911598235,-2.4607750554129466
-0.1749978324957467,0.2155517686941274,-2.653544189602279
-0.1742707038777783,0.21493077795455107,-2.8399142182568644
-0.1737188438325169,0.21515553223291822,-3.031589213284077
-0.17331496928336015,0.21528666556486484,3.054204517249331
-0.17308592751710827,0.21507215692305237,2.8454981981263074
-0.17328707545265723,0.21395063702709508,2.658496323428734
-0.17321811611419524,0.21327410455525986,2.445772091294851
-0.17349900551578815,0.21259135570219084,2.237299891437098
-0.17362925423132392,0.2120823589162191,2.0421589100268656
-0.17416802347535665,0.21143955293777825,1.8224149359605428
-0.17437462108774546,0.21108956281460944,1.6307033353129639
-0.1740177050417992,0.21071321372488017,1.4278344029117658
-0.17450402190863437,0.21042716631721042,1.2107594586104484
-0.1746047462055961,0.20990207345272283,1.0282052647520288
-0.1750220035039812,0.20988152318764242,0.8393993691793861
-0.1747568399491792,0.20901725444549923,0.6997922062111307
-0.1752495635276426,0.2089610261552664,0.500639281570386
-0.17589151173274647,0.20935128282479046,0.3158138514681318
-0.17632504313141373,0.20971275059718805,0.10070547496360614
-0.17658808619209906,0.20934090601876942,-0.08126467117252201
-0.1767591958472631,0.20973802383070875,-0.26640831258602027
-0.17707568199979035,0.2099522863133236,-0.4297588682359856
-0.17730473938890745,0.21030414761104269,-0.6384346931522766
-0.17726461046670625,0.21089792277941505,-0.8410630104091673
-0.1780411885473887,0.21066233233674325,-1.0351897825368743
-0.17817091378486344,0.21095765527888055,-1.2340299864859527
-0.1778743897751099,0.21135311107579943,-1.4474864123973874
-0.1778353642384711,0.21160808650262425,-1.6417786458370462
-0.17795048311942652,0.21208917656056034,-1.8124200130399206
-0.1777483144958683,0.21267608392225362,-2.0090041936009695
-0.17712344173869163,0.21290603035923636,-2.1980477500161446
-0.17695847795717207,0.21331678827080375,-2.379279090880673
-0.17616251947132036,0.21283219946167198,-2.578529634322721
-0.17612916703615022,0.2131777190646005,-2.7552019751679535
-0.17588352660526432,0.21336883751407743,-2.9551958898566677
-0.1754627703051429,0.21361587699233422,3.1272492469086197
-0.17499765793705702,0.21342140080690475,2.9259281446367407
-0.1749835251449752,0.212685454354128,2.7232126557734304
-0.17499137154660183,0.21196706059198087,2.541924370973744
-0.17536868017947016,0.21118432592982359,2.376830422525036
-0.17589042984541486,0.21028698114426705,2.188666615553314
-0.17653077760859862,0.20950972386530145,1.9850713375198905
-0.17589644458621434,0.2095784608927711,1.7901227269934623
-0.17586601073385352,0.20937978939155255,1.6112821699795687
-0.1758020396831116,0.20900168470773206,1.4091332985175284
-0.17580300975008076,0.20880753289374734,1.228386975154935
-0.17633258430379792,0.2084755192642017,1.0192320872142469
-0.17663585871299559,0.20815748300854126,0.7887348739079076
-0.17693039351514883,0.20775658138700712,0.5730169472782474
-0.1773496853568195,0.2077803392732585,0.3606960769461825
-0.17787542173480556,0.20792864443060846,0.13408881393977148
-0.17824315597314033,0.20815625351793723,-0.05761388298878007
-0.17867527647251052,0.20810521520327976,-0.2597501688629948
-0.17897429867079137,0.20867923616444095,-0.47582591093619553
-0.17911079741428113,0.20902080331710637,-0.6856477414544517
-0.17917355785142083,0.20946109881770056,-0.859412966123513
-0.17918090286200858,0.2099627608337188,-1.0894061495297258
-0.17958929884293998,0.209960312652924,-1.2815861728714777
-0.17930133592515843,0.2103757599073262,-1.495520246353023
-0.17986538488306408,0.2107339606687632,-1.697053183659424
-0.1797255883290225,0.21096812807932627,-1.8872214978079964
-0.1793269389549126,0.2113307873633677,-2.11884566223894
-0.17876033786984696,0.21126200853625504,-2.308464756820892
-0.17813254700559844,0.21099532751055153,-2.506850679690638
-0.17796858757853143,0.21132789046193826,-2.703259810289644
-0.17784219576343313,0.21152958106386044,-2.898298378325139
-0.17721022232038755,0.21124694121681653,-3.103205032007965
-0.17683073642423486,0.21159916389917532,2.970579083481398
-0.17636388514473295,0.21111785477622827,2.7824874158572173
-0.17613514145358788,0.21081153204073871,2.5835926148185733
-0.17579869095892123,0.2105770901473624,2.3746768475049573
-0.17668519444328962,0.2094155987240142,2.1695301950068298
-0.17673242952351134,0.2090196716998644,1.9621484711100878
-0.17648378257945957,0.20896055471429292,1.7604183891857044
-0.17699372840687402,0.20823386102992614,1.560839990382143
-0.1773346322649753,0.2079114070287279,1.370158285683462
-0.17783641757409596,0.20746826070097593,1.1534783823458492
-0.17850650561207845,0.20767298801252165,0.9841270516877103
-0.17914268204400383,0.20757170538979794,0.7600100228920034
-0.17945500505608836,0.20736201443015204,0.5612014766086517
-0.18025087056188124,0.20754533122517582,0.37178416246709717
-0.18081893935766685,0.2077931986030098,0.15792967201501562
-0.18117411297002256,0.2078366486999779,-0.040187969744781324
-0.18156671035789662,0.207846171181964,-0.23398754924976484
-0.18174524487095217,0.20831062315968013,-0.45050653337280055
