-0.8230538302828051,-1.7099460358451821,1.58590586281261
-0.8239968321151224,-1.7099927497681333,1.5707111523101562
-0.8247579474637795,-1.7099993879420463,1.5674350192784594
-0.8244858409359079,-1.7100048431217885,1.5649784799907192
-0.8240488914077729,-1.7099875128123885,1.574781826292976
-0.822948270964499,-1.7100038409279994,1.5690052430059906
-0.8231043120806665,-1.7100102046240533,1.565662777698019
-0.8232067174539183,-1.7100110040803644,1.5657472851712733
-0.8232386542430878,-1.7100115324148568,1.5655815950295702
-0.8232485357769911,-1.7100117643128003,1.565509897049725
-0.8232517910097754,-1.7100118894434697,1.5654714313294404
-0.82325307890946,-1.7100119762433652,1.565444484623069
-0.8232537917488152,-1.7100120488104456,1.56542165418814
-0.8232543375087485,-1.7100121159100585,1.5654003504852403
-0.8232548352129442,-1.710012180864403,1.5653796308696832
-0.8232553194180711,-1.7100122449851074,1.5653591370138238
-0.8232558000876791,-1.7100123088088428,1.5653387270416033
-0.8232562800632915,-1.7100123725616725,1.565318342789183
-0.8232567601408805,-1.7100124363410387,1.5652979597445686
-0.8232572405366073,-1.7100125001897564,1.5652775673627912
-0.823257721305832,-1.7100125641270036,1.5652571610406076
-0.8232582024609744,-1.7100126281615955,1.5652367387485613
-0.823258684003778,-1.710012692297762,1.5652162995870003
-0.8232591659337178,-1.710012756537695,1.5651958431562771
-0.8232596482499973,-1.7100128208826753,1.565175369279455
-0.8232601309519125,-1.7100128853335783,1.5651548778793916
-0.8232607222232796,-1.7100138581255024,1.5645208150850007
-0.8232610465176609,-1.7100140525975784,1.5644682942239767
-0.8232614593811711,-1.710014176788695,1.564433902082294
-0.8232619158410128,-1.7100142704981847,1.5644068615735838
-0.8232623922505702,-1.7100143505182555,1.5643831281085825
-0.8232628778947942,-1.710014424427546,1.5643608782556448
-0.8232633679166528,-1.7100144956482077,1.5643392888631888
-0.8232638601148948,-1.7100145657257864,1.5643179883029392
-0.8232643534922818,-1.7100146353585208,1.5642968087885138
-0.8232648475970742,-1.7100147048620666,1.5642756745655222
-0.8232653422245088,-1.7100147743793297,1.5642545514326682
-0.8234465351814777,-1.7102778361217141,1.3803215722199678
-0.8234483775885747,-1.7108229224051155,1.1609980194957799
-0.8240748100326962,-1.710869176947627,0.9640441641181584
-0.8248480935043506,-1.7108704898548335,0.7334349319337691
-0.8252241667749342,-1.7108732459095806,0.5481580897640219
-0.8255791732499831,-1.7105514937568023,0.3365656747177376
-0.8261111612655843,-1.7109367609472164,0.16356536841775912
-0.8264389182805644,-1.7108928548040236,-0.03153961337144772
-0.8268171742492236,-1.711083443360871,-0.22165569017637768
-0.8271876477756067,-1.7108301191830186,-0.4440484505869301
-0.8273557957696878,-1.7103945098557918,-0.6526054604813906
-0.8272569964125092,-1.709743505208788,-0.8719660761698419
-0.8271407645642673,-1.709202744921108,-1.1002116017064016
-0.8273396623910965,-1.7089742420800356,-1.2980783135305614
-0.8268972789395651,-1.708298945377857,-1.485956057499358
-0.8267534949847477,-1.7079345000506883,-1.6684136219347407
-0.8263536243894827,-1.707568160999536,-1.8924170001584402
-0.825557841534739,-1.7076437134264393,-2.0999249309330383
-0.8253301650311962,-1.7073574404208398,-2.2752221131391823
-0.8244745929383176,-1.7076887661209557,-2.4291424860441753
-0.8232026296854719,-1.708847644281515,-2.636679848841582
-0.8227585966299266,-1.7089735731784506,-2.852344457901142
-0.8222511237930916,-1.7090146621009084,-3.0459224489074415
-0.821893058154941,-1.7084111147323657,3.0352847403579992
-0.8217381971666446,-1.7089772774589407,2.846019695681652
-0.8215984585269903,-1.7097452616384536,2.659345773807599
-0.8214581053811394,-1.7101787329461953,2.4725069255596863
-0.8222137015692785,-1.7114439919515607,2.2798403428109797
-0.8222332987719497,-1.71203828094095,2.063012006025735
-0.8227399777106144,-1.7126330612675,1.8374277333525049
-0.8228559565007849,-1.7129073831417871,1.6463427695446806
-0.8224904714913585,-1.7133133613505698,1.458384648010338
-0.822116617937191,-1.713745251293758,1.245902406884221
-0.8227052397748056,-1.7139079096178447,1.019725453930844
-0.8230347290638153,-1.7140192858542578,0.806539698512365
-0.823758999733558,-1.7134849547939197,0.6326040005376415
-0.8244747057099417,-1.7131732424336341,0.4314423428479067
-0.8248327843489061,-1.7132259125142393,0.21428377595704737
-0.8252498976022284,-1.7128399965419996,0.008301006763360373
-0.8256618969878138,-1.7128475536510535,-0.20435995500297754
-0.8258661992153576,-1.7127818204476215,-0.40725868086817646
-0.8259913173204527,-1.7120567776128583,-0.6243532810441024
-0.825949080186871,-1.7114475545878385,-0.8331628317655124
-0.8259085401631073,-1.7108758720236728,-1.0517042685497544
-0.8254618821663369,-1.7101548595902043,-1.2557533959416103
-0.8244571449814054,-1.7096314996879172,-1.4770887015151148
-0.8245817136231609,-1.709222288316175,-1.6701035495225294
-0.824457231604214,-1.7087939771321052,-1.8679254372711096
-0.8241886240321125,-1.708448631648992,-2.0898515831434903
-0.823786684503173,-1.7082852354716742,-2.295687326672734
-0.8234949440524824,-1.7081861365577846,-2.471637649879546
-0.8229234758644952,-1.7085278973856244,-2.6597099636222454
-0.8222360890812023,-1.7088205380204935,-2.8321212003296865
-0.8215752039697157,-1.708609937843934,-3.0179420591535897
-0.8211755645593732,-1.708513820242636,3.076230059828597
-0.820650921663788,-1.7083974113705764,2.8780615464712382
-0.8201205536789182,-1.7082694832633465,2.6696542065759186
-0.8200322572607728,-1.7090197290137938,2.4471446329584374
-0.8197603435236538,-1.7093324685882634,2.2486656558328915
-0.8189758477909422,-1.7091765507029124,2.0524363200471036
-0.8189874051765527,-1.7092134256533904,1.8472134332883823
-0.8181392414225342,-1.7095081352852044,1.6510075108438222
-0.8180824115031039,-1.7097863319766533,1.4643654588519404
-0.81844615930338,-1.7099261801732009,1.2576072270710015
-0.8181184320442448,-1.7109661567453955,1.0782441702117698
-0.8186092064576829,-1.7110370947204065,0.9003253566607324
-0.8188905487417633,-1.7114868791589868,0.6942486836758887
-0.8199857829226793,-1.7104871793015943,0.4959897790652847
-0.8203084440040526,-1.7104606165242129,0.29376347620327314
-0.8206141606255491,-1.7103441742905108,0.11121015898714605
-0.8209255706276248,-1.710527459244369,-0.07807339764894797
-0.8212960548616862,-1.7101461552344945,-0.28519744902443134
-0.8212616338508261,-1.7093466789251606,-0.4784231038834615
-0.8209436542472345,-1.7084680037994244,-0.6557775234361741
-0.8202156617265308,-1.707178589211453,-0.8475333776937185
-0.820521976246551,-1.7069365755557804,-1.0433690469966739
-0.8202735179766344,-1.706443586059051,-1.2301888275865591
-0.8197809719626973,-1.7060643592320224,-1.4431966122683435
-0.8197504908370399,-1.7056913471120754,-1.6443149853631271
-0.8200554874623586,-1.7052525548613708,-1.853775408627927
-0.819734944680558,-1.7046936659267562,-2.04519641583099
-0.8197502067338948,-1.7041153329873995,-2.259113724946566
-0.8188366838222569,-1.7042586478476656,-2.483591411115055
-0.8184743704769377,-1.7042818039014775,-2.678819459298357
-0.818062633759914,-1.7043883353630755,-2.894533331732345
-0.8178771642921763,-1.7040015722800064,-3.093024805134941
-0.8174904914942441,-1.7039696706018634,2.9959534525570666
-0.8169983672543923,-1.703740227274999,2.788963448622857
-0.8168885077116008,-1.704130830796506,2.595281556439681
-0.8163167780551199,-1.7040065284930024,2.423502821423979
-0.817081497627346,-1.7050218212615367,2.2377095414943717
-0.8171772659238371,-1.7056437642705788,2.029417318963553
-0.8170978188416943,-1.7059631447114798,1.829620848002103
-0.8175188124621322,-1.7064408533944218,1.617805776833675
-0.8178890204386049,-1.7068245505237634,1.4244795972076778
-0.8179240538733725,-1.7072168754243917,1.2149027751320611
-0.8186950053659869,-1.707376523803728,1.0173127001701008
-0.8192596913208819,-1.7074804271622679,0.7888679654506525
-0.8200325615568834,-1.7071672567512772,0.5803122789806312
-0.8208230379126182,-1.706781429512379,0.3978151169469666
-0.8210123747163114,-1.7071029109759934,0.19846450177506653
-0.821235248978663,-1.7073948650226576,0.005798166291538038
-0.8213220188523112,-1.7077089757620614,-0.2057046682189374
-0.8217965735836178,-1.7080657454720671,-0.41897191442355447
-0.8218300021008765,-1.707474586924336,-0.6149706982841183
-0.822045195991902,-1.706959017648362,-0.8034088252152318
-0.8223057750600029,-1.7066012916464994,-0.993424732183852
-0.8219486469961064,-1.7061661292086563,-1.1901915368411458
-0.8223208698920739,-1.7061512885534331,-1.3781146776079596
-0.8225701632121083,-1.705878269074818,-1.5756561418410628
-0.8225583293417553,-1.70552691432701,-1.7789621926198866
-0.8228736677103754,-1.704687563568164,-1.9741944476519186
-0.8218806260488839,-1.7046644350518565,-2.2097003852182056
-0.8225226742916644,-1.7035048955377659,-2.3710148260721944
-0.8221426737814093,-1.7035409787652476,-2.5743340909673518
-0.8213980557957941,-1.7039770579064901,-2.758734654644428
-0.8208903516201703,-1.704571974795305,-2.973357565352062
-0.8206477327588565,-1.7043049050394103,3.107773053012874
-0.8202187709381027,-1.7042356820854974,2.9024095835784682
-0.8196536991946046,-1.7042652038913872,2.705105622013523
-0.8194171017404637,-1.7046103183377324,2.4883458621563097
-0.8187319358961863,-1.7045352015200537,2.2931810163702115
-0.8190200089974736,-1.7052066496489466,2.078064329916596
-0.81882216284884,-1.7051499451365197,1.8947668827988058
-0.8185383177281783,-1.7051256139719284,1.6936423386655346
-0.8180404975248908,-1.7055732859388955,1.5029580419797082
-0.8177766300143557,-1.7059621149771431,1.3018974454198005
-0.8176968889658758,-1.7064335121458838,1.1086465009173523
-0.8179960066846298,-1.7069048145452936,0.9072429619801256
-0.8186100535604157,-1.7069456284982436,0.6844765304471134
-0.8188795485875907,-1.7071666703506114,0.5027943429586879
-0.8190523433160687,-1.7068750426379935,0.3192432641108619
-0.8193938957668381,-1.706891928573515,0.10796490478931872
-0.8198256893290112,-1.7068571422297591,-0.08631360614172938
-0.8204297327644962,-1.706800471304522,-0.28870835588542637
-0.820639666526937,-1.7063016244833276,-0.5034657824830189
-0.8212395890252493,-1.7063818627028946,-0.6883683954356609
-0.8218871533468181,-1.7065554279205781,-0.875852938241282
-0.8225547721649512,-1.706585855510964,-1.0816527575585508
-0.8227376058806546,-1.7062643952734469,-1.26562797377204
-0.8225107014628353,-1.7055746381277863,-1.4532875003997312
-0.8222447156502226,-1.705201765882974,-1.6553164018262325
-0.8222895197600819,-1.7048129510742993,-1.8577090866147636
-0.8216389808750884,-1.704631083270961,-2.033353369515051
-0.8212955248826032,-1.704157720533955,-2.2433810454064482
-0.8206094087116483,-1.7041941907664042,-2.4608242018008974
-0.8199846848271959,-1.7045553769169817,-2.6655928262812694
-0.8198457828073147,-1.7041466701975339,-2.867647076732876
-0.8195003511386239,-1.7036829471981758,-3.079070023367684
-0.8190533577843992,-1.7039381713804693,2.9946270846887373
-0.8186658835253601,-1.7043590075753512,2.786633701312592
-0.8184927168369329,-1.7045743141370646,2.5946914526900544
-0.8181426947853041,-1.7049822954476213,2.414117969137557
-0.818105995531466,-1.7055371276127522,2.2025326207563314
-0.8180476474161245,-1.7058963453557385,1.9949151451844969
-0.8178678656339198,-1.7063749395800736,1.8106169823719858
-0.8182474867637991,-1.7068692705144881,1.6180397831077393
-0.8184330508225978,-1.7071412570873428,1.4226367663003243
-0.8182810836171461,-1.7075652964636399,1.2143247519225495
-0.8189180162669744,-1.7077950781567546,1.0016663642290344
-0.8194516237458539,-1.7079787477485187,0.7935591851905953
-0.820419382882077,-1.7073050414081528,0.5987276208691056
-0.8211699405716054,-1.706718143261029,0.3866251910209558
-0.8216207270329384,-1.7064472908592094,0.18375132186148246
