0.6826706716847432,1.496558137538515,1.6095535286231997
0.683055200870543,1.4965083797790133,1.5541788441740463
0.6834677565316464,1.4965389034403322,1.5674045120897897
0.6845542826783947,1.4965415453349384,1.5694025927680313
0.6843143469100178,1.496538013106243,1.5682984592005054
0.6842263151824496,1.496536335160148,1.5678471997434047
0.6841981470697859,1.4965355698557574,1.5676369338297862
0.6841889141999434,1.49653518503614,1.56752754793731
0.6841854366081104,1.496534952104098,1.5674578359798947
0.6841836794181392,1.4965347800507676,1.56740370283047
0.6841824305313828,1.4965346327910425,1.5673557875893909
0.6841813295965193,1.4965344957742501,1.5673103942809432
0.6841802705575007,1.496534363016301,1.5672660308597492
0.6841776258195156,1.4965350654699412,1.5678074189062587
0.6841779052928004,1.496534181264971,1.5671976192725223
0.6841754336566594,1.4965348409925878,1.5677276720455628
0.6841757787076033,1.4965339387741665,1.5671136890281008
0.6841733292189285,1.4965345908267773,1.567641831261673
0.6841736816437434,1.496533684713383,1.567027004705389
0.6841712342747966,1.4965343353518623,1.5675546979881263
0.6841715861684475,1.4965334280727058,1.5669396754433034
0.6841691380585774,1.4965340785036587,1.5674672032745123
0.6841694882060086,1.4965331705816578,1.566852109878265
0.684167038895641,1.4965338210332955,1.5673795270590438
0.6841673870966338,1.496532912565484,1.5667643870079677
0.6841649365063041,1.4965335630772056,1.5672917041859618
0.6841652827313535,1.4965326540784687,1.5666765222327053
0.6841644353742591,1.4965324692639426,1.5666186582667794
0.6841634578649323,1.4965323155441426,1.5665693076343448
0.6841624304431533,1.496532174227106,1.5665228472158226
0.6841613842118012,1.496532038299672,1.5664776421408322
0.6841603303464695,1.496531904669867,1.5664329714164151
0.6844466471608429,1.4962118308756576,1.391429330388169
0.6847078040351764,1.4955930801297188,1.189803346134152
0.6842568699982191,1.4953910878150836,1.0087339395578527
0.6833108410936336,1.4956043874798122,0.8224230238554853
0.6831428948826203,1.495147751770397,0.5854045806147842
0.6829223052769658,1.4950342931849454,0.39822108731362194
0.6825647643634266,1.4950845634791512,0.1965200175591982
0.6822262830476739,1.4952874839828305,0.004441394436003325
0.6818622463535605,1.495240189588244,-0.1974894661919359
0.6814772685721545,1.4954168795022573,-0.4227664511540372
0.6814857924906191,1.496098692550727,-0.6211561784833076
0.6816200843585618,1.4968259775220831,-0.83021631101392
0.6820502945149393,1.4975242628776062,-1.031716900241406
0.6828740412968749,1.4983074749706629,-1.20482955786585
0.6835350543335368,1.49891191155153,-1.3945018990355582
0.6837410678624555,1.4993607113411764,-1.5950085079509388
0.6837698232841288,1.4996427849151062,-1.776411658083486
0.6835094296829604,1.5002528288873782,-1.9945697252297327
0.6841090264810131,1.5002254039990557,-2.1669429181483664
0.6844479145646276,1.5004163901161778,-2.357953003739934
0.6851348615932964,1.5001568892262882,-2.5833159868830062
0.6852505164483577,1.5005265814366593,-2.7821968125086856
0.685213561240334,1.5008070509898783,-2.9820335421917923
0.6856100914336547,1.5008158607788762,3.097035023806223
0.6860302957936896,1.5010299908478058,2.884525497741355
0.6867594229593488,1.5013127198947085,2.66711193418099
0.6873592802753675,1.501415772572833,2.487956972011445
0.6873254723803045,1.5007579490786105,2.290355221689995
0.6875292432224565,1.5004563868453387,2.0814876709888908
0.6874843298692865,1.5001525540623857,1.9001143521370267
0.6882356220523927,1.499998290124152,1.7090193470215593
0.6880974101498833,1.4995813112076373,1.518832341220773
0.687760237846704,1.4995063683255243,1.3377330010562845
0.6874623983822734,1.499079855602914,1.1476662857333382
0.6871745096696529,1.4989397829045026,0.9525465718793972
0.686792909632162,1.4986830364274493,0.7616456822393468
0.6865913278464068,1.4983788066697061,0.5554861398720655
0.6862813108152089,1.4983042196405292,0.3788037414473391
0.6856826286892542,1.49925454957951,0.17061424264777425
0.6853561330750353,1.499044860468621,-0.031906855491550486
0.6848735629789522,1.4988610152186228,-0.21442624559548676
0.6846219010209611,1.4993782240832878,-0.40752487080291616
0.6845768727970696,1.4998157855575658,-0.6262615007584929
0.6844565083123887,1.5002693244013419,-0.8316779443837786
0.6834759752258224,1.5000588946289304,-1.0193103424428933
0.6836349580006593,1.5004853162291012,-1.2273471072333697
0.6833937081558167,1.5008556836350202,-1.422975868089247
0.683059149946542,1.5011178541750612,-1.60903058292146
0.6828151279177462,1.5015232627837254,-1.8032714694220144
0.6830023952130581,1.5018201773259157,-2.0213993280427194
0.6828981396149507,1.5024679727870187,-2.2153070579208305
0.6832707529773145,1.502520568347275,-2.4344616188020223
0.6831558652005099,1.5032553520652454,-2.6291434324691014
0.6834163017767306,1.5033610916057158,-2.825506251940398
0.6838987893766006,1.5030044897727606,-3.0339800145684075
0.6842677616700396,1.5031188572343768,3.0474460512722117
0.6846667499556612,1.5028656127902573,2.8181491651999555
0.6847076919471431,1.5021054486366925,2.616424086525843
0.6848192539172431,1.5015554609196995,2.4039134638888777
0.6842308711888401,1.500518325277947,2.195106160363509
0.6832608793693852,1.4994282339527036,2.000393795225293
0.6830670790306578,1.4986822782718594,1.8047822615728553
0.6835269333451768,1.4982699236709436,1.6136858253600945
0.6831562257966722,1.4980295098158953,1.4214826687813102
0.6830402681702598,1.4976335623778152,1.1969752619029808
0.6829140962843427,1.4974362950183733,1.0109007625049504
0.6818772703947684,1.4977510110814511,0.7973702098952088
0.6816235444261243,1.4974180660956098,0.5917828779842057
0.6812451932844503,1.4972739903832846,0.4037547596304389
0.6806106881702472,1.4980896811307451,0.22623796576299593
0.6802032075257097,1.498011964248223,0.037449311560554394
0.6798223077952484,1.4976456664507336,-0.16199971468877059
0.6794882708283159,1.4978857377854913,-0.35260872506405255
0.6794717142771504,1.4980952169812427,-0.554713423621832
0.6789332054017004,1.498063796841672,-0.7320440157561737
0.678452648543718,1.498132147315183,-0.9151575465061489
0.6784398818822582,1.4986827019380087,-1.1203415631545501
0.6786192363479044,1.499201312244721,-1.3206508318153936
0.6785697338872557,1.4995207232753789,-1.5179548058902281
0.6784756748427656,1.4999138575441868,-1.7096503596922574
0.6787922563438867,1.500078227018054,-1.9308650803602612
0.679068857539203,1.5004188443693594,-2.135536006161249
0.6791667124104482,1.5010845181580283,-2.3471221284227117
0.6798951777990482,1.5008148622229183,-2.5438604559207105
0.6805721029299818,1.5004633904630986,-2.748597127908904
0.6805907262948083,1.5005927564436683,-2.9293433850922788
0.6809415345497621,1.5009254310130213,-3.120977572667211
0.681337458155007,1.5014035323116872,2.9736413031776507
0.6812310510530685,1.5005185873425495,2.751134480466557
0.6818236088742535,1.500606706008728,2.5482892746099255
0.6817339319148206,1.500036429241832,2.380226904395452
0.6824908739726596,1.5000456510873599,2.1586428286287553
0.683030067257762,1.5000692191100136,1.9560045724426263
0.6831722225366867,1.4995743506342039,1.7692804010357484
0.6830539948964703,1.4989780461400783,1.5855074637168174
0.6825482743967792,1.4986582956598906,1.3908724694849939
0.6824843755334744,1.4982049734437453,1.164978628904307
0.6818135203028624,1.4982022080917106,0.9645023800287836
0.681340235627823,1.4980593288956976,0.7750097472857472
0.6805167015277862,1.4983187059746377,0.5773676594541802
0.6796752169875044,1.4987313709633163,0.3695128277480651
0.6791907834129953,1.499060719641638,0.18682054020938044
0.6787544545835077,1.4992143644238543,-0.02286292105725998
0.6783026803970869,1.499315623616641,-0.23270845055151532
0.6779282181402244,1.4995543454421147,-0.4687781264183652
0.6773771152945591,1.4996177905473767,-0.6684688001416346
0.6776639671165523,1.5003062782929673,-0.8555831237783748
0.6778779096729416,1.5009377064686775,-1.0601985965256184
0.6787282700705068,1.5017306462788205,-1.2620409350942055
0.6786279441461625,1.502022931432813,-1.4456344285128448
0.6782125095509706,1.50235866002209,-1.643669146056419
0.6784100457231753,1.5025283051919407,-1.8413153981677017
0.6782521204121941,1.5028700668923625,-2.0359950444580446
0.6789487835369773,1.5030872586233117,-2.2421207454331844
0.6790269624026503,1.5036280186857256,-2.4079542122915165
0.6798354167286108,1.5031387218460706,-2.5973100024453175
0.6807552019794461,1.5022440334164282,-2.810436392020534
0.6811942655658729,1.5024512547521942,-2.9956783916667047
0.6817375077847098,1.5021270419815798,3.0905541626493984
0.6820819174513574,1.5017142660485439,2.882219264033058
0.6822285621351827,1.5011521748587966,2.6713407612327913
0.6824531005331448,1.5006063285885614,2.4452673554722293
0.6822728779855288,1.499836536580416,2.25519606204129
0.6818160835988555,1.4991110748861953,2.080536718777626
0.681916452876972,1.4991725925184567,1.8957118398257666
0.6823941160110403,1.498962563678758,1.707245120521488
0.6826077130348711,1.498593962053295,1.522649340577479
0.6828269040526311,1.4981356429726846,1.3154765958132975
0.6829362856185285,1.4973095453032257,1.100643922800366
0.6824881832812458,1.497104911922574,0.9130046273415386
0.6821815339579531,1.4966829007353313,0.7138437343652339
0.6814468395749725,1.4969883102080153,0.5308296763896128
0.6808948276003416,1.496946186243059,0.3440644105883434
0.6805082202564045,1.4972426659637603,0.13392594004363872
0.6802357537568495,1.496695792467032,-0.046940254021478715
0.6797740165504959,1.4968818590176671,-0.24323677313516395
0.6792259043875757,1.4971114884216394,-0.4687728788036654
0.6790456336255953,1.497626804224811,-0.6848885935643312
0.6789705928643455,1.4980540025111944,-0.8811664407041611
0.6790435026397839,1.4984603202241302,-1.0765817988186228
0.6794414131726743,1.4989983561685474,-1.2833872569815066
0.6791366667230839,1.4992958999621888,-1.4816387257390522
0.6788945975946906,1.499662491831955,-1.6776855646700357
0.6790957836115783,1.4999238642385564,-1.8920151321963392
0.6789582420341607,1.5004131944642753,-2.0916217334417655
0.6788294237163894,1.501225598477049,-2.2969141885256428
0.6793157324538756,1.5013983245374494,-2.48646401539839
0.679548668596135,1.5017688589408216,-2.7121564202645554
0.6799598559113276,1.5016813602075396,-2.9248019867213473
0.6803370601368609,1.5019837883790998,-3.141004587412543
0.6805652697944718,1.5021446964716534,2.9417117272273874
0.6808392344861423,1.5014728839429725,2.7288040330874743
0.6811197180328883,1.5011700739073381,2.5245112844007136
0.680825975227382,1.5002405989000234,2.311246261645881
0.6811009717827199,1.4999704056886922,2.106532531082975
0.6814932345016609,1.4999896494719875,1.9073565451456247
0.6814058150327834,1.4996562515680354,1.7182824390879796
0.6818413719192832,1.4993692807945458,1.5209009184369198
0.681959439901775,1.4989528063472932,1.3169418870865761
0.6816002715329426,1.4989325683964319,1.1229653646358955
0.6804497144093716,1.4991540526451272,0.9311115587673489
0.6806420974323285,1.4984967935736444,0.7569274074305039
0.6807966139845184,1.4976331621071453,0.5702327586156394
0.6801022016214379,1.4980371054389656,0.36312618055630624
0.6797388706301746,1.4981951814515109,0.17909299186346656
0.679217498816399,1.4978798617033247,-0.007501607999164842
0.6788759292349618,1.4978036976638396,-0.18988509375890877
0.6783935952684041,1.497605443977865,-0.38919244974413114
0.6777123183824018,1.4973868096234553,-0.5595858685325178
