1.8912179679160241,-0.3642264324950976,1.6216296294491466
1.891361124997691,-0.36411207710430654,1.575545795572219
1.8918229440509677,-0.3641094569894688,1.5845653227381344
1.8917588752607368,-0.3641159553161847,1.5825873457585882
1.891736247120886,-0.3641180280615411,1.5821273995198848
1.8917275371655167,-0.36411883396494465,1.581974023575117
1.891724561766094,-0.36411916052957793,1.5819324046519956
1.8917237685125876,-0.3641193064148745,1.5819319255300006
1.891723801252171,-0.36411938477635586,1.581946360079126
1.8917241457025058,-0.3641194381550302,1.581966136108904
1.8917246075888499,-0.3641194824609238,1.5819878072567743
1.8917251137473805,-0.36411952361690675,1.5820101500359154
1.8917256367083577,-0.3641195638174885,1.5820327374322636
1.8917261661925997,-0.36411960387173037,1.5820554237235587
1.8917266983684178,-0.36411964407652897,1.582078160737202
1.8917272318139478,-0.36411968454060056,1.582100933311738
1.8917277660044192,-0.3641197253040271,1.5821237370742467
1.891728300747453,-0.3641197663820849,1.5821465709939337
1.891728835973137,-0.3641198077811875,1.5821694349843083
1.8917293716563854,-0.3641198495046306,1.5821923291778393
1.891729907788376,-0.36411989155463736,1.582215253730445
1.8917304443661367,-0.3641199339330746,1.5822382087815774
1.891730981388771,-0.3641199766416987,1.582261194453775
1.8917315188561057,-0.3641200196822386,1.5822842108588855
1.8917320567682103,-0.36412006305642125,1.582307258103064
1.8917325951252375,-0.36412010676598067,1.5823303362896328
1.891744429678602,-0.3641170734007806,1.5845134355568182
1.8917542052720784,-0.3641162279042517,1.5848983965012686
1.8917585479566104,-0.3641159358870045,1.5850746844839527
1.8917606806201335,-0.3641158710509426,1.5851644559233404
1.892040773954992,-0.3645007739540271,1.4154218160154153
1.8915373642952025,-0.36456300506091427,1.20455458951276
1.8909974079127567,-0.3641571493688278,1.0180501620288238
1.8900164001362842,-0.3638170286196088,0.8430509057170574
1.8897136369719334,-0.3639707680675699,0.653039664032733
1.8896598751483327,-0.3646434703326416,0.4453145681140411
1.8888993544381034,-0.3638557291498521,0.2561694315760423
1.8882737366077151,-0.36315232794289853,0.06150130388310434
1.8879182853291039,-0.3630448039255619,-0.13378953578052966
1.8875594576301205,-0.36259047083368257,-0.3590660232873345
1.8874591961865488,-0.36211219608588746,-0.5707747302350674
1.887464642406053,-0.3613503379271372,-0.7788046233120131
1.8875097259033096,-0.36091999016883175,-0.9692811194724307
1.887096493920526,-0.36077297242606154,-1.167918838691367
1.8869135066151737,-0.36066706813480914,-1.3393045000099608
1.8869694751892463,-0.3600010833749293,-1.5359962037129227
1.887384740321101,-0.35964655926113315,-1.7422969507297454
1.8876737009283047,-0.3593373379677588,-1.9582944810250509
1.8884526661975563,-0.35928828265710994,-2.1697761757218346
1.8884208755038032,-0.35846089310775464,-2.3736410633870966
1.888560321214558,-0.35795877766013723,-2.558394924819384
1.8892417624444424,-0.3578336422789734,-2.7365166586206517
1.889628660121571,-0.35767186738205153,-2.927783869029357
1.8903243969612475,-0.3578822629576721,-3.1234642343727406
1.8907059134117656,-0.3579936156583484,2.962123630788535
1.8910050216770722,-0.35856563222153626,2.7615023198039337
1.891931473710245,-0.3580248913343857,2.5977505940288097
1.8917785137889456,-0.35867570480956856,2.4024578164074133
1.8921011779908758,-0.35897525017333975,2.192149948611204
1.8917784860956697,-0.3594361440329435,1.9859621983508826
1.8918794362784528,-0.3600163231458077,1.7687499143818988
1.8915861484125147,-0.36042029465014747,1.563570188855896
1.8921266250660767,-0.3608500634112371,1.3641233273048994
1.8916401064412323,-0.3610829712941779,1.145429970881799
1.8911028427568088,-0.3610951686994568,0.9410961930212999
1.890595253654368,-0.3611812388427276,0.7406027261000993
1.8899707112564517,-0.3608510163436705,0.5721871260466022
1.8895296333005394,-0.360804439891704,0.3677265265879528
1.8894620450222406,-0.36114110149120005,0.16689559303724222
1.8890918225451725,-0.36145848408294395,-0.02722410539554848
1.888640632780884,-0.3618990505060706,-0.22133159105656683
1.8879940997179898,-0.36227822896478895,-0.4126481269413142
1.8878789331611843,-0.362002813336932,-0.6078332829133618
1.8879272515548977,-0.3614883214944621,-0.7965922062705151
1.8872447366199776,-0.3615619979504198,-0.9517671162662551
1.887156377682542,-0.36112789681448265,-1.1677863724962283
1.887014014868416,-0.3608616922621464,-1.363072380053021
1.8874883944792231,-0.3605381718546198,-1.5478031539873094
1.887215711417283,-0.3602326777838548,-1.7398414292589408
1.8875723133091815,-0.3601298725915543,-1.9340185792358213
1.8881827155411515,-0.3601603276873503,-2.134631031298672
1.8891155534265425,-0.36033192643651496,-2.3369318250559847
1.8897144143287756,-0.36044027245597704,-2.524601883483103
1.890368371401809,-0.36055878411333386,-2.7515052835121363
1.8904821147274191,-0.36042919769909,-2.9433928612693743
1.8908438824584064,-0.3604411792626421,3.1304772479417657
1.891275865243071,-0.36025421958850057,2.9396479924965804
1.891674112123939,-0.3608106045474782,2.7482933279227546
1.8917909086255784,-0.3612477180428258,2.5434896424699396
1.8922596774239868,-0.36137161601690554,2.3257710046564095
1.8915478506033678,-0.3622781038161719,2.112699714907037
1.8918320109645934,-0.36269734249223123,1.9353732450043453
1.8914793574781186,-0.3632421297622499,1.7230446471462966
1.8915786221804207,-0.36351855766993507,1.5321398295792437
1.8913325841690196,-0.3638637067797394,1.3291104314152533
1.891000782555488,-0.36429045668879867,1.1132298878655849
1.8902898332533986,-0.3643407049045832,0.9259233017743564
1.889931930387552,-0.3646585076333946,0.7427094880040839
1.888983872792086,-0.3641218991843335,0.5456776416937649
1.8886327570626806,-0.3641141911126284,0.34852439591330714
1.888480806136463,-0.36402448915419827,0.16221152042108936
1.88824881722066,-0.3643876439931674,-0.024514891288135627
1.8879497550312738,-0.3645524540898805,-0.23267127824447914
1.887662458980401,-0.3645420720457162,-0.4329861200551144
1.8876493696673693,-0.3633929752334965,-0.6194984722283163
1.8878226579159936,-0.3627570584198186,-0.8104011628237086
1.8878637984718567,-0.3622999221852452,-1.0225989804108406
1.8888500868498812,-0.361537667611013,-1.2062177185348406
1.888428663380166,-0.3612123146620503,-1.4114760808380205
1.8883030775272711,-0.3607860213285396,-1.6083608532455593
1.887967804209214,-0.3604166584554987,-1.8058101216723732
1.8886290333814446,-0.3602081851701436,-2.0308288705563164
1.8889054231489035,-0.3598906446700059,-2.2359763740828087
1.8892501581384984,-0.3596802524021706,-2.442488628494749
1.8894274169003744,-0.3591227700562216,-2.669264890386388
1.8897432713547786,-0.35864434564993375,-2.8567177464688633
1.8898987887477017,-0.3581361463841683,-3.0509091068032737
1.8902852879666374,-0.35754989985649377,3.0479419407358885
1.8906357149976543,-0.35772850863516387,2.8347247273536245
1.8905466633656616,-0.3582333958702971,2.6414465818814223
1.8902700392575822,-0.3592210636013351,2.4374984896808667
1.8905260561890005,-0.3595319467648945,2.232204182898622
1.8894029603386053,-0.36069736253001206,2.060886511967124
1.8892392502839384,-0.3610476572554766,1.877971108195742
1.889527329184199,-0.36173085083537754,1.698189671225207
1.8891221265563645,-0.36208676071389356,1.512968070079004
1.8890651655516557,-0.36220952904174775,1.3178215184514541
1.8890398790765195,-0.36242351902439995,1.1243907346896587
1.888458183807558,-0.362371540774075,0.9475697085127627
1.887787961808922,-0.3620837321360874,0.7576192408802677
1.8871709956154854,-0.3619086784357209,0.5783469771070825
1.8868548659244442,-0.3621998296815546,0.3599902599552423
1.8863404584754946,-0.3620438097248131,0.1388966357414512
1.885990702996696,-0.3621370591935421,-0.06429853323056256
1.8855143684096711,-0.36232941904490074,-0.2598603843774686
1.8853597970831368,-0.36157278909249757,-0.4347148621961487
1.8857963631917591,-0.36049449768624225,-0.6314244944049222
1.885017099919766,-0.360604802529987,-0.8373999733216901
1.8847764955939386,-0.3604951048092694,-1.0313197121243995
1.884308454015851,-0.36029369192393085,-1.2060395886922848
1.884325845418651,-0.360321336230122,-1.3971606403500703
1.8843802185481546,-0.3598900101855662,-1.5900267426509818
1.8846559832325434,-0.3595428376657409,-1.793121664682937
1.885426086292353,-0.3593598337724078,-2.0138060536579356
1.8856629988489864,-0.35915617019092777,-2.2015337476152887
1.8859777900579031,-0.35883599551883794,-2.4248586026581864
1.8868247930371753,-0.3590928339985838,-2.614513032463497
1.887099509796498,-0.3588208388502703,-2.8395084771267287
1.887754322877622,-0.359236079412537,-3.058884123806112
1.8881630662260525,-0.3591092046622397,3.0331165373430014
1.8886873990751276,-0.3589346559092255,2.829908605244819
1.8890353306233143,-0.35944430041810477,2.61640827164623
1.889289918434945,-0.3596977252490452,2.4441253575722452
1.8891106908952042,-0.3603835232543996,2.2448094294027645
1.8883569808340765,-0.3613707819724785,2.0640117501718342
1.8880584409458778,-0.3618090850397384,1.8504932398082445
1.888156703210217,-0.3622074215526779,1.6491374527129492
1.8882223829470333,-0.362602402881427,1.443815334657446
1.8875415896184022,-0.3628531100431821,1.2332769967777353
1.8865841659695353,-0.36293119819596525,1.0272476211306811
1.8866917745960667,-0.3636177714043222,0.8441423318794846
1.88621783491807,-0.3638104827706453,0.6446437942124865
1.8858575643711502,-0.36400665856863784,0.4578099379518462
1.8851832795900039,-0.3636190934753773,0.2619805005299186
1.8841698511518854,-0.3632499257029055,0.07630929617781448
1.8837249521121562,-0.3628598745983697,-0.13460053787829104
1.8834971758098997,-0.36219817819910594,-0.3451789299559989
1.8831514872276707,-0.3621111195777619,-0.5595412121429628
1.8831478029218995,-0.3613428182273121,-0.7843355727194635
1.8832970651171939,-0.3607317751605068,-0.9817708984691582
1.8833365564100757,-0.3601118086757529,-1.1856652201661988
1.884042717316466,-0.35947236235656865,-1.3628971625290256
1.883994395851083,-0.3593223918791279,-1.5539803414333562
1.883716658682251,-0.35894046103988625,-1.75284617742917
1.8838340965455693,-0.3585298547200428,-1.965117733090348
1.8838346605504102,-0.35797648038650376,-2.156582617329655
1.8845567703316648,-0.35799195716188353,-2.3660394908522075
1.8850245225489328,-0.35793689747323004,-2.571145297507195
1.8853822150630903,-0.35809095888120485,-2.775480721936725
1.8860636891153504,-0.35852107514912285,-2.982096428772769
1.8864368979611417,-0.3584485777357689,3.105928865265125
1.8865930055287923,-0.35875630292426036,2.8970791177195174
1.8865124033977583,-0.3599912095591814,2.6953270948858363
1.8868001805763988,-0.36034804440463264,2.5075342389572937
1.8866039134057953,-0.3610808940390347,2.3130164329427405
1.8866137178204438,-0.3615661822608457,2.0931214821857944
1.8861751509052886,-0.3622757744694052,1.8754447833392827
1.8862313428622863,-0.3627559190027149,1.6807574770084617
1.885953527426434,-0.36319848674768834,1.4777401728404538
1.8851776995558938,-0.3634714934011925,1.2792622998532925
1.8857291428163994,-0.36414335617829924,1.0361068920625232
1.8847678940157278,-0.3638681354490077,0.8383006893994319
1.8844847768023132,-0.3642224452995977,0.6281227358070238
1.8839809673638765,-0.3643256156236381,0.4240014976921084
1.8833570442861105,-0.3636598604659534,0.24252688001378364
1.8832253306975182,-0.36430773097359076,0.056770202055832664
1.8827666905343676,-0.36457674682643565,-0.12815559300416163
1.8822816527480382,-0.36488334453952403,-0.33428678717115723
1.8818824485973076,-0.36456671710585814,-0.5379280100754827
1.8814923516790578,-0.36430899171192355,-0.7807540980139123
1.8811471624774545,-0.36398231810444304,-0.9744948742633279
