0.08555667059764566,-0.09506389518470303,1.6470244281837294
0.08575678886155237,-0.09514538504731791,1.5442514838597514
0.08584380896064492,-0.09504841956457033,1.5832678731472178
0.08601496179689254,-0.09507198884053004,1.568200650575622
0.08645205185470924,-0.09508690423135009,1.5609370107214906
0.08742282833502023,-0.09508376838960332,1.568117496927262
0.08766331578116121,-0.09508516028738247,1.5685918185840362
0.08775480723535216,-0.09508567692518595,1.5689613171693078
0.08779069626927846,-0.09508588740821278,1.5692167650332585
0.08780483039079187,-0.09508597337166656,1.569366702493376
0.08781047248992928,-0.09508600314386705,1.5694484617350986
0.08781285121803402,-0.09508600838572391,1.5694942291588574
0.08781398834964028,-0.095086003163003,1.5695227380371268
0.08781465659131461,-0.09508599355524731,1.5695434179236658
0.08781514888063131,-0.09508598213614192,1.5695606727141562
0.08781557553842023,-0.0950859699766825,1.5695764673806847
0.08781597786191352,-0.09508595751615896,1.5695916518267352
0.08781637122028134,-0.0950859449325541,1.5696065853340464
0.08781676130000082,-0.09508593229721805,1.569621417096844
0.08781715019248523,-0.09508591963848775,1.5696362081782427
0.08781753866216638,-0.09508590696752335,1.5696509832688503
0.0878179269866343,-0.09508589428868636,1.569665752248802
0.08781831526598337,-0.09508588160366892,1.5696805190356515
0.0878187035360421,-0.09508586891312237,1.5696952851701091
0.08781909180953008,-0.09508585621729533,1.5697100512537843
0.0878194800909195,-0.09508584351628141,1.5697248175202148
0.08781986838177319,-0.09508583081011489,1.5697395840595099
0.08782025668263263,-0.0950858180988075,1.5697543509064098
0.08782064499368918,-0.09508580538236265,1.5697691180744087
0.08782103331500662,-0.09508579266078038,1.5697838855689288
0.08782142164661257,-0.09508577993405952,1.569798653392197
0.08782180998852257,-0.09508576720219847,1.5698134215452075
0.08782219834074392,-0.09508575446519574,1.5698281900288495
0.08804243693783856,-0.09543688002896751,1.3941700775526045
0.08770011388097056,-0.09582213093212542,1.1947734317104077
0.08689861508683436,-0.09588202565444395,1.0114391440075134
0.08609804154570384,-0.09574030626504978,0.8032347308736567
0.08501156550611871,-0.09501196154048995,0.5863469323654841
0.08468394952040545,-0.09525306851248085,0.3614611941527629
0.08412924534224311,-0.09537776637928728,0.1320739511011026
0.083727093008533,-0.09503677018471855,-0.06427896166897987
0.08328600737223507,-0.09457277560737155,-0.2837879882713338
0.08283322775358513,-0.09430592909106764,-0.5033216998082487
0.08292494513469142,-0.09365090817061678,-0.7254524936169129
0.08318781086954731,-0.09301146987481057,-0.8939323399209391
0.08305256875349894,-0.09273269575284467,-1.0971579632550894
0.08297206032070585,-0.09234928189661593,-1.2903058412304056
0.08295866013742333,-0.09184199539784338,-1.4822546492560886
0.08327389225489154,-0.09136719253905665,-1.677981898541388
0.08365254457415519,-0.09102687906032687,-1.8727994818228693
0.08360880922778227,-0.09059200849869445,-2.0793393254950376
0.0846846196147269,-0.09074665289011673,-2.3069878844306695
0.0847983866866387,-0.09023496135850356,-2.5023285322487103
0.08528429188397185,-0.09028426813401114,-2.717816623770566
0.08561429554597215,-0.09045496581591138,-2.898735508967345
0.08565262324253567,-0.09013899294058905,-3.0875597745377887
0.08607643461676052,-0.08972328990984403,2.980946792560907
0.0864248084634451,-0.0898262098508584,2.7620520513820495
0.08652497775100076,-0.09068795470141673,2.545245830754337
0.08708841718397271,-0.09070264176137394,2.3729065272451746
0.08786258118716207,-0.09044179208845524,2.188767856524208
0.08804002885472482,-0.09090995000956775,1.9930973392041822
0.08802161841057839,-0.09134727889692194,1.783355815376508
0.08813472251097756,-0.0916140127443894,1.5805419197720858
0.08827818782572648,-0.09195100575544676,1.3705745488144387
0.08831646415732923,-0.09245064322997527,1.1836178468066236
0.08765008031742734,-0.09251721880040648,0.9735880446611286
0.08703548340406521,-0.0923904905619842,0.7784560692169705
0.08637571133720177,-0.09228897240844271,0.5605663795393808
0.0864534790167992,-0.09295922506879438,0.3679257434817878
0.0855120831007191,-0.0923403274944712,0.14821231541083604
0.08519533297369593,-0.09224571602699612,-0.050328241726278346
0.08496892952503543,-0.09208663869715074,-0.2490283359021463
0.08463701585518475,-0.09132859330367556,-0.4476980857727207
0.08458698123137276,-0.09074532918379076,-0.6481635347668184
0.08504234256901329,-0.08973249279325855,-0.8829972103145599
0.08519545505284182,-0.08907865850240948,-1.0921221360071514
0.08491200348071283,-0.08900074789405181,-1.3039404755626558
0.08500557214855392,-0.08877069495998477,-1.498329960373898
0.08467190819344417,-0.08846896444175939,-1.6828500601752703
0.08497459448855377,-0.08794627358116763,-1.8824592751759401
0.08540390143516947,-0.08767002099832064,-2.0638514755560795
0.08577897370293307,-0.08736156401277859,-2.2682503912631553
0.08611643529324835,-0.08699986318882992,-2.480398326526041
0.08668257091648786,-0.08721650882337188,-2.685010461106207
0.0868127231565749,-0.08714179196334833,-2.8719914261095085
0.08701926191846371,-0.0866484330266727,-3.0573697751291644
0.08729867489796928,-0.08633644086419195,3.0380554385017335
0.08794072238230839,-0.08642454599320584,2.8344940040313227
0.0881321764254734,-0.08675637168177251,2.6244327641408365
0.08831140797361119,-0.08724689511624473,2.420118519596814
0.08850992862546908,-0.08776351286034549,2.220942071635068
0.0887736840822864,-0.08792812191636812,2.0031213689114375
0.08863279586986865,-0.08877877969729575,1.7934069759023183
0.08884611837926688,-0.08922500888940745,1.5892626360000628
0.08892679327817207,-0.08960030113553423,1.3832295417776113
0.0882656273040105,-0.08952377966721155,1.1804735510580437
0.08834587885778834,-0.09013130851100451,0.9809345667234688
0.08771673413536259,-0.09027939658537196,0.7664492683896698
0.08733202321364295,-0.09049938466031443,0.563246605706962
0.08665233402472633,-0.09012861836661858,0.3603312952871354
0.08592868644266816,-0.08956176719794279,0.15202973494443467
0.08541288879954737,-0.08949290677228575,-0.045506267777842245
0.08499715941117286,-0.08973119948095407,-0.25602701500521124
0.08472805182632574,-0.08946001986007435,-0.4496903456946807
0.0847797132455644,-0.08895316532171592,-0.6558234462793396
0.08498226125471085,-0.08830217793271272,-0.8633345558435824
0.08580414614074774,-0.08736995862863696,-1.0723376841547008
0.08600191996488281,-0.08657570478470691,-1.2612995633771928
0.08619930609463305,-0.08568488353990937,-1.453550918560528
0.08647742572609378,-0.08507049142748069,-1.6421060335946964
0.08680717166782942,-0.08467842752144564,-1.83081847559945
0.08691512656729199,-0.08446844732099716,-2.0343527645077435
0.08786426144439924,-0.08450509068225107,-2.223002694488222
0.08853998227263506,-0.08459102144967147,-2.4426666224395204
0.0891811971652763,-0.08474122450289671,-2.6300193753607015
0.08964955136954471,-0.08508996720321689,-2.8298845553355947
0.09011628977884399,-0.08538637918008125,-3.0250271744241015
0.0903248738400255,-0.08559399415735953,3.0682925825883363
0.09022628234566873,-0.08590217744144954,2.881283590307833
0.09108342640064247,-0.08598838978867374,2.685097985444653
0.09178629691886403,-0.08573279215753857,2.4894879401425833
0.09161792536584416,-0.0864656323497454,2.310146603774037
0.09181893744113248,-0.08662983288488203,2.0886598862180183
0.09222283729651708,-0.08695366252514056,1.8871273483449655
0.09187113887047453,-0.08736718350329895,1.692120377549079
0.09156837205342067,-0.08809966017360589,1.4942862221811388
0.091363598961766,-0.0884503892881206,1.2976617920144924
0.09064755795064734,-0.08864975440086927,1.094389555914862
0.09024971037298614,-0.08892873672004634,0.9080174880793166
0.08948733227857632,-0.08889098205166324,0.7120989244647197
0.08894179582399339,-0.08888378212707874,0.5013418901319896
0.08888829435687959,-0.0894056596207474,0.2877611847786985
0.08866425834499386,-0.08974577894429348,0.10616314400131416
0.08822262896468949,-0.08997619571737073,-0.08934213807085364
0.08792818621312334,-0.08911159681288322,-0.3116214856081484
0.08768153979317952,-0.08854355011865228,-0.5556364444557955
0.0870435450251908,-0.08844071900545045,-0.7827524379819298
0.08713513593719732,-0.08782409898992877,-0.9620311434024112
0.08711797633264715,-0.08729374539131605,-1.1464069470672078
0.08711698155033253,-0.08678658697589241,-1.3318493836302636
0.08749552131900437,-0.08649401801579644,-1.535507679781726
0.08769209012027822,-0.08614515753179418,-1.7374398031868046
0.08719979506100091,-0.08569436307234671,-1.9354572669848016
0.08784089640627815,-0.08548256124732453,-2.1615464868420173
0.08873850482822655,-0.08589235877363853,-2.3511781209521687
0.08936243382792004,-0.08608699633043368,-2.5544008730630665
0.08948960973674136,-0.08568648736612046,-2.7532390997844627
0.09029190175480521,-0.0861175173761885,-2.9510911530140076
0.09057159553834428,-0.08577214087823024,3.1394429244899067
0.09111190284494726,-0.08552308546121373,2.94039743033074
0.09150778529257622,-0.08552746640793164,2.7454385341329233
0.0915363754813001,-0.08544889911454678,2.5550465100134305
0.09169079418269603,-0.08597646122655378,2.3438907625346928
0.09149490343352852,-0.08656629957469213,2.15682615973354
0.09065507686750064,-0.08738412683196937,1.9539334008329803
0.09015091883156448,-0.08805227201527034,1.747127696254101
0.09047119041359114,-0.08822506479439798,1.552042622621681
0.09059202079929185,-0.0887975465893942,1.361764605875224
0.09042765006088985,-0.08916388495325815,1.1580308935592512
0.09011581547753328,-0.08963162357242951,0.9532571341753154
0.08958927167699172,-0.08957408740359979,0.7477907321355435
0.08908670448115025,-0.0895264970292002,0.5361241686067307
0.08821643552685722,-0.0885280700907204,0.3426084637347943
0.08779477494942924,-0.08845664804614625,0.13797173269946142
0.08739906133368666,-0.08851136011645822,-0.06080335778070068
0.08684360575753924,-0.08824876751394395,-0.28128674504116435
0.08690440162817963,-0.0879351069649564,-0.4875180530535959
0.08636987458643407,-0.08816588782256292,-0.677611221036695
0.08587603109385114,-0.08815951412321153,-0.870730624196051
0.08582567212182894,-0.08770863082529329,-1.0781856260351745
0.08626473345247362,-0.08701029295739315,-1.283027955908853
0.0865363593106432,-0.08642986017591318,-1.4844717019678293
0.08657377524919041,-0.08610033504170878,-1.6863364184207243
0.08679519852837513,-0.08562930502969526,-1.8805268731836917
0.08721513058098375,-0.08511626408070004,-2.098044707399339
0.088089870333077,-0.0851742105107615,-2.311249927103834
0.08896691443790096,-0.08550508182742052,-2.498979560867471
0.08943962248934129,-0.08553850286815678,-2.713990008589683
0.09031805614226779,-0.0858423470942232,-2.906637723124123
0.09062939953531263,-0.0856965315621408,-3.1083343782539656
0.09096511564710603,-0.0858013178161038,2.980608486897355
0.09106987930089118,-0.08698600027112012,2.7960726171752808
0.0913783968561191,-0.08707832183702018,2.6099221651299827
0.09111692420133655,-0.08824281447725608,2.4108729776993996
0.09135809768314901,-0.08844628875376993,2.2324119731912995
0.09172300664385147,-0.08862025134803868,2.045646732199378
0.0911098893956231,-0.08922192794659621,1.8532766528845297
0.09073093251932905,-0.08969224161401243,1.6468647942187915
0.09077401552026554,-0.089977334870206,1.450502841431372
0.0908478097240064,-0.09042481526085408,1.2317398910175528
0.09026271407032306,-0.09061197495250667,1.0452133611486407
0.09030505432890255,-0.09096783626968719,0.8696766538394426
0.08961056003825997,-0.09077580981673233,0.6586423529366114
0.08905607472705375,-0.09041194398734026,0.47449535041699487
0.08862666805180132,-0.09037738007787775,0.25668075426752024
0.08828804792376288,-0.09056326227423632,0.03489727738933341
0.08788321247892757,-0.0908826169794156,-0.17188359103525547
0.08765517046758345,-0.09038301959432787,-0.37613306656521756
0.08787214985978621,-0.08965295044835908,-0.5696227778113099
0.08780224013994738,-0.08893205195540142,-0.7534455809100241
