0.5863485161026335,-0.215627304269497,1.6181760049657734
0.5864376828279929,-0.2156286297165201,1.5888797007038715
0.586337908006147,-0.2156890406421798,1.5576684704157553
0.5860281092414271,-0.2156636672168853,1.5684854537060613
0.5849797650196465,-0.2156539073135007,1.5737102415752702
0.58488067594485,-0.21565856039227732,1.5687678214044387
0.5848873360546473,-0.21566102718454466,1.5651053618099517
0.5849038571221847,-0.21566006576416247,1.5661783940807965
0.5849090863902348,-0.21565971072651616,1.5664578215221336
0.5849115342117187,-0.21565955867401715,1.566590743714747
0.5849128985349104,-0.21565948956181932,1.5666609414146266
0.5849138316983391,-0.21565945468450554,1.5667037683938714
0.5849145926248174,-0.21565943403358426,1.5667346074610573
0.5849152845950071,-0.21565941931693183,1.5667601821602277
0.5849159488924701,-0.2156594070808054,1.5667834403555245
0.5849166020446258,-0.21565939588051972,1.5668056776492911
0.5849172506770569,-0.2156593851093651,1.5668274646359572
0.5849178974494053,-0.21565937451157022,1.5668490530643904
0.5849185434307689,-0.2156593639789044,1.566870554186948
0.5849191890515006,-0.21565935346540185,1.5668920172391463
0.5849198344850816,-0.21565934295147157,1.5669134640384137
0.5849204798015357,-0.2156593324287356,1.5669349042630736
0.5849211250291537,-0.21565932189360046,1.566956342209948
0.5849217701793626,-0.21565931134452113,1.5669777797873428
0.5849224152567603,-0.21565930078083287,1.5669992178422312
0.5849230602631773,-0.21565929020225014,1.5670206567496303
0.5849459990207658,-0.21566000114745149,1.565545897162176
0.5849558987933995,-0.2156595306581193,1.5656526657182963
0.584960477769612,-0.21565932060843487,1.565717233239548
0.584962773813682,-0.21565922191521592,1.5657604250278934
0.584964109518061,-0.21565917130612508,1.5657929713837724
0.5847639409547795,-0.21596565786044308,1.3965905717632399
0.5842975521057877,-0.21624269934670576,1.1921846182229694
0.5844153250210953,-0.2168606081284217,0.9932776600843527
0.5844910068582166,-0.21758873675045165,0.7749374808404367
0.5843954888033861,-0.21801619816951698,0.5870333493666187
0.5839525190678854,-0.21774258203651556,0.3773084961688171
0.5837224230507447,-0.21806086546298478,0.19126136566950727
0.5833195085732384,-0.21868514720022802,-0.010400042389339762
0.5827280025943978,-0.21891896624259027,-0.2087255002145656
0.5823530917993733,-0.21867705570942156,-0.4275085005093249
0.5817834416063942,-0.21851865601696902,-0.6372583788582189
0.5810132921460458,-0.2187826587513852,-0.8022089181682379
0.5803599661240479,-0.21877695732272676,-0.9846873702965104
0.581056623965899,-0.21793415751507725,-1.1930674266210421
0.5807855451472091,-0.21712948201587684,-1.3787819053365455
0.5811503121031557,-0.2165027519490535,-1.5760450880450383
0.580918832850465,-0.21613633263377832,-1.780131634956542
0.5810150573146584,-0.2157069763816634,-1.9943781716429267
0.5813684540928558,-0.21522314478685156,-2.193864271904466
0.5816282574601669,-0.21482148961906286,-2.377015003372315
0.5820114933781811,-0.21474146542369815,-2.5685377355614043
0.5823000093348278,-0.21461108525756906,-2.750329891267118
0.5829010429571517,-0.21542296876769465,-2.9461558224664515
0.5831783708298776,-0.21529589390165935,3.139326323155121
0.5835784617283439,-0.21497030453369348,2.927092121276216
0.5840154755751199,-0.21479272596134472,2.722757308942039
0.5841057195398754,-0.21535618122926525,2.513803147988342
0.584228657124969,-0.21572466257787037,2.3055097350282208
0.5846722878217344,-0.21594666148981365,2.1129727387094643
0.5840253405594733,-0.21702799593690947,1.9150745951030148
0.5838744890514576,-0.21750258719253712,1.7012444709283643
0.5840145506235279,-0.21787136947285818,1.4956749057095209
0.5838927540101667,-0.21818905956682869,1.277960278257465
0.5832959233590587,-0.21830637264172847,1.0731219455146668
0.5825924628040781,-0.21833806761103458,0.861216139882043
0.5819397380635594,-0.21823442829525697,0.6569753343109065
0.5813141375694836,-0.2177981390624079,0.4786608150247831
0.580442170374474,-0.2174064077061652,0.2934299805530363
0.5802950725498803,-0.21764756893224793,0.09870851950873774
0.5798253004804782,-0.2177683698709184,-0.10015240764860316
0.5794927442322143,-0.21740635553995527,-0.3086550505967188
0.5789208380794674,-0.21776093188739445,-0.51845512357373
0.5781623441540391,-0.21807317028669648,-0.7064914261198141
0.5788224775091246,-0.21701765081299418,-0.9217347896255913
0.5792021831104431,-0.2163777088723244,-1.1075214426087168
0.5799098187330728,-0.21549454303892948,-1.312501248882512
0.5801808069251109,-0.21505815994677582,-1.5184883326330187
0.5801369948752554,-0.21460464764997186,-1.7277256127762937
0.5801175692432193,-0.21450202240604352,-1.9215338753704843
0.5808742230728575,-0.21437949513826648,-2.1443310545482213
0.5809852751091145,-0.2140301818492555,-2.3544081628469864
0.581644015670391,-0.21428501105544936,-2.5606845563774163
0.5826224674368667,-0.21514089824293967,-2.7375138295702355
0.5828842787073069,-0.21502697381071004,-2.951996619479422
0.5832208306002198,-0.2146455804080179,3.141013174869073
0.5836634839934546,-0.21435941532244718,2.9274350955568393
0.5837821747269922,-0.21519299322259164,2.7262085023332334
0.583989219904174,-0.21587712272084134,2.5193799349901824
0.5840624265328999,-0.21651604578934866,2.307439856696848
0.5833859092241933,-0.21736162471988266,2.1569862333343353
0.5840352394334327,-0.21746063101270358,1.9768742627979532
0.5840596491430027,-0.21831937640940588,1.7858476422401228
0.5838024186397648,-0.2187839516446074,1.5710073866905023
0.5837457857765149,-0.21914152372477314,1.3496612527234453
0.5836325383554517,-0.21952491493819895,1.1412366576942217
0.5831362887208907,-0.21974657901483502,0.9495233694302171
0.5824340366455117,-0.2195985148722833,0.7384985701970186
0.5822617501773774,-0.21982541426644586,0.5365456443718026
0.5819476345018445,-0.22016882561308587,0.31761331234086226
0.5816948516179998,-0.2202968052561478,0.11875960613791674
0.5811142423821144,-0.22013661531430748,-0.08186244690601584
0.5807789604851115,-0.2194554482092475,-0.30457061415456693
0.5802284666869116,-0.2197537595756305,-0.5175956789645737
0.5804098060472634,-0.2188305377378514,-0.69857876533211
0.5800947071136944,-0.21841682889406652,-0.9060530264376474
0.5800305450860717,-0.21791116427740229,-1.11516698709067
0.5797125796547375,-0.21701111440639168,-1.3109659898833739
0.5799664741484928,-0.21632635446093845,-1.5042784993653104
0.5805153383711336,-0.21581004197433004,-1.7045044468907675
0.581222754592202,-0.2155276264839467,-1.9187945235213775
0.5814600852912128,-0.21560701234402965,-2.1153006806640686
0.5817514564046066,-0.21518815373561548,-2.3075507326530036
0.5818232386487906,-0.21475767674753454,-2.4531158111951936
0.5827580359443505,-0.215308838455993,-2.6560250264378227
0.5833066968759913,-0.21586620997238526,-2.8663136821777915
0.5832642104999115,-0.2155338415838077,-3.060615310000657
0.5836457528329821,-0.2149206510170577,3.0238121467612
0.5839672840347274,-0.21522391709647498,2.807839683605717
0.5846108963521087,-0.21436918424554924,2.6118073820235423
0.5848395795189741,-0.21464439655229206,2.4201426639440475
0.5847054445734894,-0.21518137061539055,2.2320753197019174
0.5838737604178196,-0.21599123363529046,2.048153616987213
0.5834655153228276,-0.21650412866775495,1.8378912244252448
0.5831240652773597,-0.21716611072732583,1.6276447878046199
0.5830260811435749,-0.21761680304191922,1.4156699580345324
0.5829512531161611,-0.21815395154486364,1.213485824421025
0.5823455014641595,-0.21818125848377862,1.0249975931989672
0.5816506707790724,-0.21809735539163344,0.8329207023446579
0.58074826275715,-0.21758040619204436,0.6328331102891497
0.5800030799467553,-0.2167478528519369,0.4695611676964682
0.5797748414152507,-0.21710163063923088,0.26680453916289437
0.5794362592082531,-0.21718697157251507,0.06627815805463066
0.5790161230718817,-0.21694626792021393,-0.13623736783731935
0.5788990450506885,-0.2167661454210249,-0.342625109452137
0.5788112409983339,-0.21613732554397003,-0.5557312517162994
0.5787703435437199,-0.2157024691967261,-0.7581807850195282
0.5794104101472694,-0.21469783335989265,-0.9510722230825375
0.5793385365753275,-0.2142534945989189,-1.1767864689192888
0.5796605939760936,-0.213419872141044,-1.3622888744787287
0.579985771001583,-0.21322547293202532,-1.5375732288603798
0.5795242151674854,-0.21290841413549577,-1.7247973952542277
0.5800739140316818,-0.21255559858754886,-1.9183045726276489
0.5804375838399203,-0.212593057868327,-2.106079839773924
0.5814030576015746,-0.2128886148720805,-2.3073976612939098
0.5820013137882944,-0.2128368340572559,-2.52767738538177
0.5820887278195053,-0.21247641941391568,-2.712760176395957
0.5828626799856916,-0.21194473783405993,-2.886933851608821
0.5839786194974326,-0.21203471586212783,-3.0669516947555833
0.5844106971936233,-0.21240770445997895,3.0135743194112115
0.584769005312682,-0.21262081675672734,2.818421416812434
0.5846883276931841,-0.2133843320022551,2.619112756433131
0.5847603650735955,-0.21397626953354826,2.3977274590925584
0.5849667500744731,-0.2141973229809588,2.1954408777123957
0.5854100657823755,-0.2144492707173964,1.9618101166444015
0.5853670261090295,-0.21443206747175864,1.7633720882291504
0.586070836934473,-0.21458117055327736,1.5793656346130438
0.5863804349099525,-0.21494682918738411,1.3754794827629702
0.586778246196082,-0.2154119295655819,1.1649241732144655
0.5857394424825164,-0.21539840876453495,0.9326370847158576
0.5853912247921359,-0.21550702524558593,0.7495506893709043
0.5846951037735155,-0.2150266315142424,0.5802924920577258
0.584867902518505,-0.21587784189141954,0.36700907400919713
0.58475914959972,-0.21609730710180847,0.16703692617727814
0.5844616306775684,-0.21632206231545076,-0.027275874785175114
0.584137384955533,-0.21673754020645408,-0.23191101036727818
0.584284588275898,-0.21626723488746066,-0.427313152603901
0.5838358649074056,-0.21593242341609062,-0.5945369575911995
0.5841371924257277,-0.2150949335312078,-0.7842214429222131
0.5843850743778631,-0.21451011295528793,-0.9785197556806358
0.5841100175666573,-0.21418185792755715,-1.176815366895908
0.5843784438945914,-0.2137204808558204,-1.3782699060180148
0.5845234800287247,-0.21315079300328948,-1.5821089259127348
0.5842907514240415,-0.2128273493031413,-1.7634876089255929
0.5847699798135017,-0.2125613879167108,-1.9729243209820673
0.5850195819859185,-0.2122913092983171,-2.182560936307461
0.5852823007219348,-0.2118829893642758,-2.391782059681922
0.5855324700030989,-0.21153543717229764,-2.5984545523188696
0.586147056466395,-0.2118229313514343,-2.817934530520837
0.5868793470940928,-0.21267703040501948,-3.0014715454016065
0.5872924931664655,-0.2128886255208709,3.0924906475908474
0.587743133915191,-0.21295997191969074,2.881173902974111
0.5878618441070441,-0.21309872653047446,2.6842649368878853
0.5878750781349728,-0.21394809651173227,2.472343966564126
0.5878508834752868,-0.21451363931548165,2.2700263292657645
0.5876430052208651,-0.21509123829418994,2.0607743842485213
0.58719506175367,-0.215867592134826,1.8767846810243785
0.586225509243167,-0.21641002262247708,1.6901467914535608
0.586678433717231,-0.21664507204201328,1.496903529438566
0.5859190915644614,-0.21691022703686752,1.2973026300639245
0.5860789463097502,-0.21760910122370314,1.091644866789294
0.5860310567865514,-0.21814112764080434,0.900972830203815
0.5854877329283581,-0.21819145976240958,0.6878002076348039
0.5843937588784799,-0.21713111069404178,0.494614488513655
0.5841766557022635,-0.2176928227302217,0.3058884255510757
0.5833732586899374,-0.21740450101831332,0.12379838821401747
0.582996064047441,-0.21759041198200554,-0.06624018997347542
0.582684624337364,-0.2169558013237608,-0.27397191423628775
0.5831451585828664,-0.2156333745785504,-0.47767126727568077
0.582958180717129,-0.21505694864182537,-0.6837742277622716
0.5826356805307673,-0.21481227158724212,-0.898945589421891
