-2.149411176980619,0.6996477475631944,1.6205279427084662
-2.149232373950089,0.6996900773602603,1.572307092387388
-2.148868439072233,0.6997145889737495,1.5949172316870732
-2.14891775505123,0.6997058240115944,1.590226244986293
-2.1489438291151237,0.6997034024420393,1.589890077299491
-2.1489482825959105,0.6997022640229181,1.5894428545994257
-2.1489452777961753,0.6997017965968023,1.5891508095435771
-2.148939320044775,0.699701599413058,1.5889230338789102
-2.1489322504662005,0.6997015102917988,1.5887230183905778
-2.1489250272521905,0.69970144556544,1.5885767703683578
-2.1489220772238142,0.6997013512761167,1.5885691376503754
-2.1489202593073187,0.6997012126755039,1.5885972453913644
-2.1489188533102572,0.699701059619955,1.5886409664443508
-2.148917595212114,0.6997009013983895,1.5886915814686742
-2.14891638918028,0.6997007407298933,1.5887452638796526
-2.148915200881633,0.6997005782920301,1.5888003464794342
-2.14891401821325,0.699700414184047,1.5888561073614103
-2.1489128369979142,0.6997002483706728,1.5889122357835908
-2.1489116558357564,0.6997000808021465,1.5889685989005156
-2.148910474278208,0.6996999114388611,1.5890251404924118
-2.148909292192389,0.6996997402517168,1.5890818372195665
-2.148908109545356,0.6996995672183945,1.5891386798064489
-2.148906926333464,0.6996993923202908,1.5891956649794194
-2.1489057425604585,0.6996992155406498,1.5892527920234791
-2.1489045582313007,0.6996990368635544,1.5893100613163258
-2.1489033733507483,0.6996988562734148,1.5893674737055021
-2.148916263384573,0.699701027032571,1.592448150575312
-2.1489133403792606,0.6997009138248149,1.5925822185858018
-2.1489114492034282,0.6997006898244408,1.592674766042104
-2.148909985174001,0.6997004182680672,1.592750907267753
-2.1489087006547574,0.6997001251703893,1.5928203809305592
-2.1489074915019133,0.6996998214112795,1.5928872217384122
-2.1489063139161027,0.6996995115334986,1.5929531021368009
-2.148905149487027,0.699699197424999,1.5930187158684115
-2.148903990483655,0.6996988798616682,1.593084351295876
-2.1489028336645393,0.6996985591536863,1.5931501289624719
-2.1489016776745022,0.6996982354162236,1.5932160999878748
-2.1489005219503756,0.6996979086827486,1.5932822868007241
-2.1490206669134646,0.6993840090023116,1.4115014470785603
-2.149577447489633,0.69892290664341,1.209658426340051
-2.1503719116089703,0.6990411592850709,1.0120720986938174
-2.150204120188102,0.698272664487592,0.8468239113715873
-2.151037385271572,0.6985100703499862,0.6220932178176253
-2.1513071784609683,0.6983090389056922,0.39410965663401903
-2.1514991113346857,0.6980850933829069,0.1988314515881257
-2.1516600817105624,0.698152952667566,0.013584981445264993
-2.152077554250491,0.6978029484557923,-0.18079864843428575
-2.1525207366383716,0.6975255237211834,-0.38663080308293174
-2.1523871190063044,0.6981758714925899,-0.5784734277199327
-2.1530873330271323,0.6981728766429531,-0.7775330486881431
-2.152928645760817,0.6987943684697454,-0.9770579601806406
-2.153094013240209,0.6991599673682424,-1.2044732757913088
-2.1529904521089986,0.6994397132025699,-1.4123256005467006
-2.1535083592068633,0.6996489533605237,-1.5981251123931415
-2.1535306784636785,0.6999992119345937,-1.8079048969239402
-2.1526654610992515,0.7002492519219947,-2.032189855255267
-2.1514532844227467,0.6998343338826315,-2.214095163208109
-2.151377682421775,0.7003866730866665,-2.431724470943255
-2.15086695945575,0.7002873871012139,-2.638236093180199
-2.150817868067752,0.7006731620985278,-2.836645439794443
-2.150453553772507,0.7008033476783664,-3.0298791520359853
-2.1500794464529123,0.701075439079428,3.052352120043115
-2.149743361276354,0.7012758859587037,2.860808605091477
-2.149463103105296,0.7008607719484626,2.6352636475961835
-2.148683164888772,0.7011530700593464,2.461996450762467
-2.1484158853547077,0.7010992246395413,2.271706059193193
-2.1489596286583232,0.7003700611016445,2.089460936499462
-2.1492306820561784,0.7000670553826361,1.8977546301611559
-2.1490515200166853,0.6998466768469654,1.6940848063013971
-2.1492876594762818,0.6994929442281669,1.5115694263458668
-2.149451070469353,0.6989795985323369,1.3032543654984423
-2.150102204009356,0.6988651882955146,1.0829006259703675
-2.150739880130896,0.6984562109548705,0.8867476651446224
-2.1517642062209856,0.6989119221697677,0.702296156608091
-2.1522674729706774,0.6989284168250506,0.4934002388542039
-2.1529474033322837,0.6988845217556087,0.3074239729766643
-2.1534514022311506,0.6990544703640001,0.10951167753574513
-2.15378216976938,0.698665056639642,-0.09377281254550081
-2.1541838174743684,0.6984964837824322,-0.2949937333235909
-2.1543761567181963,0.6991946687591006,-0.48298879293546454
-2.154811730704798,0.6995136608617767,-0.692171283120472
-2.1549825024948515,0.6999588557841702,-0.8906483789448545
-2.1549013455913126,0.7005371538215128,-1.056468209110457
-2.1541842568908884,0.7016140812896555,-1.2497815937258239
-2.154266896729126,0.7020458238958992,-1.4413878919358831
-2.154387277046748,0.7024189775597808,-1.6433169944420012
-2.1543932392272356,0.7028098013736032,-1.8405767603013476
-2.1541152541198176,0.7030786209921123,-2.059470836618076
-2.1536797208318266,0.7030814476715653,-2.255532444716057
-2.1537212364792238,0.7037122056908608,-2.4517067829356405
-2.153194136058775,0.7038024207097107,-2.6808633957833465
-2.1525784503411955,0.7029464267059651,-2.8708610151902008
-2.152172553895762,0.7027950401105723,-3.076192631789059
-2.15177836858985,0.7031480405251676,2.9980418323303617
-2.151312854268937,0.7033787977555698,2.7838678215484887
-2.150588362241154,0.7035395036666048,2.57485144914916
-2.150515141402863,0.7029399782836498,2.352567385315122
-2.1507407554072304,0.7021400040751173,2.139304176659024
-2.1508827026074018,0.7017764490886812,1.9484132147611901
-2.150594672985071,0.7018219565142664,1.756958141834487
-2.1501160315583316,0.7015170657835014,1.5583372534906055
-2.14988475134019,0.7011908667291467,1.3634435195756456
-2.150749395799113,0.7008195131642309,1.1681390575467832
-2.1507694115245632,0.7003611268117532,0.9834481511082924
-2.1512734182996995,0.7004513518342655,0.8200377190115307
-2.1521378772649307,0.7008685505222504,0.6222189912480991
-2.152406635069293,0.700509281447023,0.4235487925188093
-2.1530844104719655,0.7008332976061511,0.22102472026902326
-2.153777656056871,0.7011265456544934,0.028265182506403277
-2.1541805384371964,0.700686570326798,-0.17022670202351037
-2.154366124603647,0.7015285675335914,-0.38350338769225806
-2.1545298745376638,0.702099289664822,-0.5815374568068614
-2.154229051761699,0.7030281871798585,-0.7688716535252025
-2.153951739782513,0.7037872316740463,-0.9808512748803692
-2.1536865626526667,0.7043852305953092,-1.1990400880959915
-2.153465025610131,0.7050670352039697,-1.3981302933082906
-2.153502727914595,0.7053692046754181,-1.5904566715820705
-2.1534817421095385,0.705775824768532,-1.805115833101772
-2.1534344671699177,0.705811608413553,-2.0114785786211673
-2.1531667097746428,0.7059456699449854,-2.198325641596749
-2.1521616503632983,0.705608193904718,-2.426741931573971
-2.1514323231851065,0.7054595932764501,-2.6225018364362183
-2.1510009400542587,0.7053341823041759,-2.8196849967960924
-2.1505899861604374,0.704533995499864,-3.0102614266014673
-2.150246089524636,0.704967702471563,3.072991975899029
-2.150033994531421,0.7048165671121718,2.870436038696112
-2.149650071499346,0.7046981391093845,2.6557779230576513
-2.149923880252766,0.7035808447119801,2.44086793854019
-2.1495236363292554,0.7033006693624102,2.2369405866775343
-2.1494126504745172,0.7027812558195247,2.038402992400407
-2.1499096747849684,0.7021517269718096,1.829448451241604
-2.1498347158473265,0.7017333671301933,1.616753708339386
-2.150115349558561,0.7013310027360796,1.410186187521178
-2.150154938642133,0.7009187070278319,1.2176187521630573
-2.150841855555392,0.7007809993703712,1.0058780103036264
-2.1517073360475143,0.7010199221440915,0.8145556972262393
-2.1524543579186664,0.701381785366972,0.6417193000348577
-2.1524883231687215,0.7008324212205518,0.42284031354341317
-2.1533689128817652,0.7006478942792904,0.21585143782420982
-2.1539827970990726,0.70098836327332,0.024937242630305848
-2.1543508738213917,0.7010003593001539,-0.1599397602494701
-2.1544198631424734,0.7020217979515391,-0.37005095546039246
-2.1545855123892546,0.7027004101109253,-0.5814852501626948
-2.1546220207782945,0.7032866475440367,-0.7640539389686634
-2.154754091195502,0.7036469832013684,-0.9580385755560418
-2.154984552141184,0.7039370806250705,-1.1463774780682892
-2.155126054938789,0.7043482609665265,-1.3526057467584751
-2.1553406230483954,0.7046471492865924,-1.5572970868200946
-2.155138138612893,0.7050366891366497,-1.756062200508689
-2.154212127063412,0.7051216447481351,-1.9562996694666248
-2.1540102911577925,0.7057341018840525,-2.1886594235638177
-2.1537658136493123,0.706059441909461,-2.430089913377791
-2.1534942001464437,0.7063443551335583,-2.6326309979473868
-2.15243814768002,0.7049569587521268,-2.8195145093115443
-2.152124306852176,0.70483611273687,-3.0216764503525866
-2.151858824122669,0.705146863024118,3.0739419064386886
-2.1515004563192712,0.7053997048556317,2.873545570544495
-2.151117361966474,0.7051497762331095,2.650967866668784
-2.151150703819329,0.7046390256635194,2.4887829621433823
-2.1507818896309363,0.7043969114461193,2.2758100060346447
-2.1515944898475423,0.7036093246640717,2.0792856339523507
-2.151395239223678,0.703143291270577,1.8656571691614412
-2.151541240348523,0.7029109953213343,1.667540726737164
-2.1513876461200243,0.7025707584040124,1.4752163351878413
-2.1509737761824654,0.7022806333137034,1.263833720681734
-2.1515825068928365,0.701619044937761,1.0592849923526686
-2.1521103610449965,0.7015427432440645,0.8570096677867504
-2.1528752760359735,0.7017913656497348,0.6544272173326706
-2.1538270696646316,0.7023502996075484,0.4502528631991278
-2.1543042995206934,0.7023013735286158,0.24586077053099936
-2.1549987416390906,0.7027155124367557,0.04417193366022128
-2.1553741306042693,0.7029126193690428,-0.156112645342379
-2.1554344506429515,0.7032348178995256,-0.3653212760438433
-2.1554621954887963,0.7041294148100974,-0.5548553717767978
-2.1557736382416586,0.7042225393310311,-0.7503868806026002
-2.1556471607439955,0.7048536174295736,-0.9675089148679805
-2.155899781314662,0.7049505960638308,-1.1627142907845656
-2.1559192752766982,0.7053783039353809,-1.3494607972351902
-2.156077970191271,0.7057062591533191,-1.5369981649108682
-2.1561484986349537,0.7061097627353803,-1.739759681103492
-2.155693755606109,0.7067244336143029,-1.929701531905774
-2.1556559393146664,0.7074155516834981,-2.125968340037911
-2.1554610361893403,0.7074682219418421,-2.323062326684279
-2.1549740472338015,0.7073842030146713,-2.5026401458625127
-2.1542633160813263,0.7069249890923527,-2.722495590301698
-2.1540052449552793,0.7073013185014647,-2.9277081463966645
-2.153473663156001,0.7075147797928373,-3.1244510870114874
-2.153064482526189,0.7072423905973213,2.9586305657470002
-2.1528504838750604,0.7066210946845454,2.745164394267989
-2.1528058943211046,0.7061447006232193,2.5482725518420133
-2.1528796468989575,0.7055139265028448,2.3256358173833322
-2.1528342429390754,0.7050909944873223,2.117893828402687
-2.1526032317020807,0.7046818897331435,1.9284225508040276
-2.1527216727777247,0.7043375635317032,1.7231063631179284
-2.1527647130298635,0.7039181995193368,1.5185014305787066
-2.1528232798527593,0.7034665063159494,1.2933963954346523
-2.1525215624306626,0.7028646226714049,1.0757813186115022
-2.1534948019243525,0.7029777269679207,0.8820531484452383
-2.1540035589121063,0.7028473737747786,0.6865881163103713
-2.154717526212769,0.7033087876611933,0.4789205308967323
-2.1552300343351147,0.703931997428266,0.2794244731425948
