-0.2855483584873147,0.5514263795787651,1.6120713846756984
-0.28539828160229697,0.551430092395385,1.6051305774174442
-0.2855132997857547,0.5514212911689005,1.5993272828451153
-0.28565343174669094,0.5514105796391569,1.5935955746919401
-0.285652640257163,0.5514085441130774,1.5926217491943566
-0.2855176419448543,0.5513809787589586,1.5832314938724883
-0.2854738446426601,0.5513767353507312,1.5817301131085142
-0.28540012149190724,0.5513724102337714,1.579012062639262
-0.2853881756521248,0.551371880648807,1.5789782309256393
-0.28538352059190225,0.5513713661972788,1.578702471274183
-0.2853677189655979,0.5513706361779931,1.578221339889296
-0.28533067904254916,0.5513691609479784,1.577214874719666
-0.2853951111579935,0.5513719769688796,1.5793285117559699
-0.28541229221583153,0.5513720233647348,1.5792488916060987
-0.285420767118429,0.5513723304759262,1.579465163031535
-0.285437930509599,0.5513729052682895,1.5798908439649533
-0.2854735448158768,0.5513741047686697,1.5807948112026589
-0.2855507147073767,0.5513766634620949,1.5827937588321106
-0.28554100305074726,0.5513757960718064,1.5819598361524883
-0.28548275833825676,0.5513738508611674,1.580449223466866
-0.2855292334384277,0.5513758855448793,1.58219693184569
-0.2854829867297006,0.5513736573148277,1.5803577666015143
-0.2855214613813183,0.551375473244994,1.581915083919184
-0.2854580584714191,0.5513726351838976,1.5796303701367316
-0.28545935747930506,0.5513732041529142,1.5802150631281962
-0.28549186870859866,0.5513741928003074,1.5809976449523198
-0.28588462811112136,0.5513877948204725,1.5933681740425212
-0.28609684019276166,0.551411723036846,1.60236871644849
-0.28614084916527244,0.5514256628798074,1.605968242366215
-0.28614952696406437,0.5514344199765785,1.607867261212662
-0.28614206841345374,0.5514392585932854,1.6084099082433065
-0.28613635304832424,0.5514426668463757,1.6086243760701011
-0.28619847370768764,0.5511121388262753,1.4267125041247959
-0.28656772147819254,0.5503218858364869,1.2222486092603861
-0.28679340244817436,0.5501832122280813,1.0299102651859122
-0.28708283435510595,0.5497920265380637,0.8416243792928652
-0.28772417181798254,0.5500466451662969,0.6792162592258402
-0.28804830640494755,0.5498243547854228,0.47313500638571143
-0.28868850283216396,0.5500385864141291,0.25354416063149293
-0.2890556021903315,0.5503840641597761,0.04861717922131412
-0.28957109559882455,0.5500153647372388,-0.15622364058769714
-0.2901946459965807,0.5499854484634831,-0.3630842253916583
-0.290613035754732,0.5503096060128541,-0.5546667995261725
-0.29050625789107604,0.5510736901732933,-0.7589580031527493
-0.2907834217176886,0.5513663206868242,-0.9469736312981166
-0.2907676854415619,0.5519749142607571,-1.1663470481341642
-0.29061456047777606,0.5523254202261361,-1.373123192920425
-0.29051107159911954,0.5529888386419927,-1.5627440583452337
-0.290191223495363,0.5533348110890517,-1.7391468259874312
-0.29014717596953726,0.5537165878556923,-1.939785497208968
-0.29022858987660866,0.5542187407532828,-2.14907931960032
-0.289601419351263,0.5539960947265353,-2.3441637328733624
-0.28973822088800205,0.5546627510321156,-2.53341872931778
-0.28900862941249966,0.5539979228988395,-2.7402456733060934
-0.28852086245511377,0.5539206938712746,-2.929925164472553
-0.28806134388012916,0.5539419876923923,-3.1370330239609787
-0.2877094836527604,0.5538509490450736,2.935142595047355
-0.28720510942972133,0.5539745705265479,2.712364648037009
-0.2869172784626113,0.5536002356991486,2.510855129838184
-0.28659223567676706,0.5533568070767878,2.309067348423637
-0.2859409735502677,0.5534755295912769,2.126980339660524
-0.28607284444389125,0.5531724837408363,1.9442123604802424
-0.2867158943340382,0.5526312334456253,1.7443602745343914
-0.2866249259952442,0.5520661761666219,1.556555996865264
-0.28635888328971754,0.5516216637168329,1.3426113894335359
-0.2863377053409318,0.5510203534999438,1.1546757804270356
-0.2864639086433429,0.5507987741055601,0.9892713860573614
-0.28653586367843176,0.5503447041553584,0.8076659966328735
-0.2872663597420539,0.5506567619719976,0.6098676074929253
-0.28776814457159955,0.5509087779800971,0.4395559953875731
-0.28832149779059524,0.5508951205185393,0.23671987290100163
-0.28907884834614794,0.5514901099073555,0.030139097289958516
-0.2894368579781704,0.5514843887036338,-0.15489983510311084
-0.28984030499909674,0.5518530326132123,-0.3572002009295284
-0.2901255924928162,0.5524320749154711,-0.5394619787860442
-0.2898784415820669,0.5533584305608362,-0.7497867627541277
-0.2897936846189755,0.5540082689419616,-0.9432912214534173
-0.2893353602056186,0.5546273230861077,-1.1413640448713123
-0.2894249055623113,0.5548477547529023,-1.3444446879502545
-0.28961365694037794,0.5550631928060819,-1.5368434219725697
-0.28938008094678797,0.5553941399517063,-1.7344591182079563
-0.28936922261080866,0.555813707609774,-1.9368390462838871
-0.2883789445036852,0.5555906549611858,-2.149779722598011
-0.28824206017557774,0.5560618861448452,-2.319957490007649
-0.2880198788100262,0.5564523151454759,-2.507124372568258
-0.28738785929527716,0.5563189495088547,-2.714465832943473
-0.28693977017017874,0.556130896092069,-2.9134128953410627
-0.2865871672573242,0.5556939532782079,-3.1047481337666016
-0.2862942345800447,0.5557067492090154,2.983240651333673
-0.2858732597198309,0.5557428141048296,2.7721159290906208
-0.28574223728930115,0.5550018341329175,2.55981008436836
-0.2855455487500314,0.5547540194957363,2.3484521262564266
-0.285756280181141,0.554151671439867,2.1483867382537425
-0.28516101524940507,0.5540173141392761,1.9567344380391183
-0.2856915435172458,0.5530948688335058,1.7573465894121374
-0.2858692871573838,0.5527333139771925,1.5656815765179863
-0.28569164237818895,0.5526263616937207,1.37032606032883
-0.28587124836118344,0.5527938434937327,1.1600219149985014
-0.285719869319747,0.5523004096278571,0.9675953417822749
-0.286374931626421,0.5523124262070659,0.7617301630840789
-0.2868271145466596,0.5521352647041626,0.5661628961362077
-0.2875162065074875,0.552108759296745,0.3663482963860672
-0.28795906664205634,0.5523958251260755,0.16090886367019638
-0.28832969788873436,0.5521857845139236,-0.04209427278420605
-0.28869529150661194,0.5526183040738056,-0.2513019076406767
-0.28895363848115607,0.5529704837098676,-0.4551969651408353
-0.2887762456409836,0.5536912712027323,-0.6610387187587365
-0.2883326828540593,0.5546275644310786,-0.8717738271038594
-0.28819947336823787,0.5552635364786533,-1.0901153157409453
-0.28785733341181396,0.5555262878873765,-1.271761255658798
-0.2879324003602578,0.5561316402017746,-1.4581825055215292
-0.2880299026381204,0.5564973329017641,-1.6443515249111773
-0.28806058078459784,0.5566113723406787,-1.8735912184578054
-0.2882029278891543,0.5567329926105598,-2.070487816037767
-0.28856616179941375,0.5574404471078931,-2.262866348725462
-0.28821194632109126,0.557538416708567,-2.457919380082973
-0.28831191220217606,0.5580737514623964,-2.6468793114007583
-0.28826925984739915,0.5584448943898559,-2.8333007614501873
-0.2883061908931483,0.5593871117636235,-3.0186890493543097
-0.2879836209108442,0.5599952731064964,3.0740077710945237
-0.28761204427397113,0.5598558831160517,2.8553045611695493
-0.2869450616963836,0.5605301245253252,2.671147026173512
-0.28613598738109675,0.5607626662561244,2.4828527266511857
-0.2860886527811206,0.5602516235042772,2.294341126767678
-0.28617802979884877,0.5596643901241131,2.09569084946408
-0.28605546123275155,0.5594126816772885,1.8866859790709203
-0.28611503288177703,0.55901819009407,1.6817348570970416
-0.28563153955430765,0.558680398193853,1.4911773387677283
-0.2854396740512065,0.5585797233454648,1.2996326794245938
-0.2853692767238872,0.5581514201343667,1.0905860743852356
-0.2861663992516548,0.5578311111810923,0.8913479929177714
-0.2863958070126395,0.557427670291955,0.6967516156890228
-0.2867273756498723,0.5575203584318541,0.5198494969130764
-0.2873190262499796,0.5576707484868089,0.33343504142149133
-0.28741453664381306,0.5571187822455542,0.12729959118001571
-0.287954898164945,0.5574225350602788,-0.0730988256488473
-0.2881154308830046,0.5577757164873838,-0.28669989885921177
-0.2882256002601148,0.5581680293406233,-0.48243428217098716
-0.28864531169495244,0.5582202798273119,-0.7002385476447079
-0.28786346140185076,0.559304863276376,-0.877729326017112
-0.28816030403282694,0.5595554687498854,-1.0857061950879232
-0.2877930188338442,0.5601187694579421,-1.306968164813074
-0.28788599325017994,0.5605376214821628,-1.510641156244947
-0.2880164247549645,0.5609853973087784,-1.7108316307932607
-0.287542622687204,0.5614789237554225,-1.8898493279656385
-0.28756305135230326,0.5620530604686739,-2.0751653987694896
-0.28738057993796284,0.5623396361700196,-2.267777962757824
-0.2866255682908969,0.5619982482077229,-2.4578271034584427
-0.2860868941491882,0.5617433901780421,-2.662011268683921
-0.28576586920996255,0.5614437129218577,-2.8511615605006564
-0.28596332714828276,0.5615980093746464,-3.0332995429918834
-0.28566778997576997,0.56180945730545,3.0465244680008206
-0.2852826930202859,0.5620452040653042,2.8536038561521972
-0.28498785861929327,0.5619735647024832,2.6403625661198427
-0.28468709564886946,0.5617051313914478,2.4394803871244295
-0.2851248144687453,0.5608027036060317,2.2155168124283557
-0.28580936674397484,0.5600924681128775,2.041227964609706
-0.28586447840333723,0.5596433640118494,1.8627770921003974
-0.28540836516178236,0.5594439983694001,1.6598208266822856
-0.2850681136978525,0.559150239923533,1.4654624652447796
-0.28533499048498995,0.5589556002893034,1.2503449710502337
-0.28449153702200475,0.5579468300707017,1.0395333594659215
-0.28532573498858493,0.558106775227775,0.8667585974812096
-0.285689146936537,0.5579937514911532,0.6796766251355657
-0.28639613567888744,0.5585205793268893,0.4742219370010597
-0.2867145802832761,0.5585086494569423,0.291475075728579
-0.2868027938230078,0.5580217300229481,0.10159624804351873
-0.28724736705786735,0.557817177590406,-0.08637657721333077
-0.2875112514002772,0.5583807267258121,-0.2936599661805431
-0.28787512101385043,0.5587053180750693,-0.4884313696755742
-0.28854038742252425,0.558239421541421,-0.6709172581779709
-0.28877898721844525,0.5586689748434844,-0.882060109959595
-0.28804075507631355,0.5595607074634826,-1.068325218999543
-0.2882739703849301,0.5599936687039413,-1.2495843553729826
-0.2882365730268329,0.5604438187573081,-1.4555101334631446
-0.28791724150769304,0.5608777027934011,-1.6620519808242016
-0.2878222289070561,0.5613971610856866,-1.8726981589852476
-0.28739396858996286,0.5615970460473557,-2.0789539206909584
-0.28665118616871127,0.5618433579278859,-2.2702093861006065
-0.28612591665481235,0.561791267244863,-2.435631298900453
-0.2854055877352385,0.5613745138681484,-2.629632173884167
-0.2854162837722259,0.5618078171793021,-2.823809248423378
-0.2851486032897491,0.5619195853790853,-3.0311573724511605
-0.284789438134867,0.5620797883701519,3.045769851486391
-0.28452654417160383,0.5614771384224938,2.837265435348945
-0.28426884525389956,0.560726719633099,2.6175194028408746
-0.2835713805280152,0.5605375570530904,2.4285868597079228
-0.28297930442617125,0.5605660065787375,2.228487681275933
-0.2826519264110455,0.5604516498116033,2.0225698828552328
-0.282274512329373,0.560381106568907,1.8249907265995662
-0.2821166569667828,0.5601470687295902,1.6315523231850109
-0.28206919559764965,0.5597916613014661,1.4365594860330562
-0.28246573058896346,0.5593928008292655,1.2473810460572392
-0.28280307174391517,0.5585370378176221,1.043141610174772
-0.28281042087737307,0.5581112902801987,0.8653072940643853
-0.28309759452912714,0.5578502976607871,0.6941095810321909
-0.283841984161987,0.5582483316918245,0.48065770327376184
-0.28416477661912565,0.557898961205483,0.26660219888830994
-0.28416905142734145,0.5572270991869527,0.06936461431375535
-0.284531190161036,0.5567638267015098,-0.1284117795060668
-0.28489326185477276,0.556996720786463,-0.33589295637108235
