-1.095900178420277,1.6537942613830643,1.6227155646493392
-1.0958178910990757,1.6538179449319725,1.5822666903063438
-1.0961361291919425,1.6538281685946221,1.5790902592980234
-1.0963079905205417,1.6538210067303152,1.5709262272120164
-1.0964800473716982,1.6538446494709687,1.565019871389166
-1.0967368147398686,1.6538206410395144,1.5596853448432353
-1.0969078202515845,1.6538036038068404,1.5575340680092977
-1.0969317369850218,1.6538016242247895,1.557571123677335
-1.0969806685381565,1.653798075695785,1.5570204586036587
-1.0970004714749353,1.653796534108078,1.5567575390648094
-1.0970359852864913,1.6537974096013157,1.5574085076234037
-1.0970299621777868,1.6537968869953392,1.5571129932867878
-1.097024063387848,1.6537964491579216,1.5569166633830354
-1.0970204222932378,1.6537961233309357,1.556773795198523
-1.0970457561712725,1.6537974483361726,1.5574561338450883
-1.0970352090745423,1.653797066118362,1.5571573593090169
-1.0970271848022803,1.6537966552056556,1.5569483176793482
-1.0970224886351603,1.6537963187209341,1.5567923348545132
-1.0970472777003695,1.653797624504401,1.557464137316739
-1.0970362059776682,1.6537972142151247,1.5571522319110767
-1.0970280799715904,1.6537967896681114,1.5569383092291986
-1.0970233097271782,1.6537964437669281,1.5567789103536407
-1.0970480498592727,1.6537977434620812,1.557448332292944
-1.0970369026783475,1.6537973268841837,1.5571339097866934
-1.0970287662134564,1.6537968994028314,1.5569190423955386
-1.097023986160833,1.6537965516881286,1.556759003421807
-1.0969880605625093,1.653793305555733,1.548549498597818
-1.0969829995902394,1.6537914864618022,1.5458807657664588
-1.0969835679975901,1.6537908863709563,1.5446752780917337
-1.096985155420595,1.6537909802883122,1.5441461477238791
-1.096986618674135,1.6537914147131696,1.54391956344878
-1.0969878304872605,1.6537920070913719,1.5438267359815931
-1.096988867294412,1.6537926700108767,1.5437921467561093
-1.096989806685962,1.6537933635910664,1.5437826672809756
-1.0969906969165542,1.6537940700947236,1.543783929084422
-1.096991563636589,1.6537947817537133,1.5437897471736934
-1.0971430778024205,1.653436600882319,1.3392533908746846
-1.0973527491573352,1.653090882023677,1.1437049335535434
-1.097489445016436,1.6527545281848097,0.9096746444886702
-1.0984477751394361,1.6531038021535378,0.713550347378985
-1.0993325148796957,1.6536707697357487,0.5411828481766624
-1.100218940039036,1.654782795958389,0.3430958184646798
-1.1006132253075438,1.654914659575491,0.14809567497797943
-1.1009953012827223,1.654928646244571,-0.05551408784289549
-1.101362297815373,1.6549018899730215,-0.258291917384232
-1.1019203478531694,1.6545218774937933,-0.46078696480373493
-1.102615061642345,1.6543995391175421,-0.6514447510188055
-1.1025682921338924,1.6550156077694693,-0.8631956003393115
-1.1030093426579757,1.6550731817547812,-1.0592719272158848
-1.103456060373742,1.6551384085416763,-1.2542839811625173
-1.103055717618707,1.6557853180925832,-1.4437574074046566
-1.1032541508983766,1.6561317556800217,-1.6337877973877428
-1.1031315910862218,1.656535280870071,-1.8489007420279187
-1.102162467303196,1.6566109127776287,-2.0487138914884713
-1.1012355392278985,1.656461743843102,-2.2056882652272853
-1.1003661864596552,1.656189725512585,-2.417749288893073
-1.099516851507706,1.6556131760106385,-2.5937607560971507
-1.0990968229601545,1.6554502493846226,-2.8130375734399307
-1.098642769976257,1.6555238269543777,-3.0282394111254565
-1.0982967588779557,1.6554594852585727,3.057373166534555
-1.0979718686681303,1.6552184078688372,2.860673330243102
-1.0977453062190479,1.6548225242714163,2.6317522659702033
-1.0977310756907173,1.6543394907550646,2.4172132511250646
-1.0977085503562662,1.6536581116210973,2.20302645221419
-1.0976144804529384,1.6534613470558308,2.0155589721587255
-1.098163848787918,1.6531089298111248,1.8257207310096812
-1.0980113083368266,1.6529499864311914,1.6367855889474658
-1.0974981601657834,1.6526132238091387,1.4414469124674458
-1.097727939388592,1.6524264781935012,1.237960487807183
-1.0980323888558277,1.6521098185844976,1.029669199337135
-1.0987395705063587,1.6519309485335578,0.8057365651769546
-1.0993024745944329,1.652097448067781,0.613419619179242
-1.0998658732494657,1.6525203174894836,0.43076885536311327
-1.1005047028565533,1.6526259579818259,0.2151453451394149
-1.100917880918082,1.6528660426859576,0.014243278261704774
-1.1015053592360526,1.6532066564799792,-0.19894372845949707
-1.1020620582321232,1.652923079882575,-0.4058221833647849
-1.1018042252197995,1.654237878716521,-0.6222447767999332
-1.1022442837391107,1.654475626804924,-0.8280863662618585
-1.1023990980474359,1.6549405340991696,-1.0162871335647556
-1.102094320999992,1.6553509790107874,-1.2163788103962607
-1.1025061700545917,1.6555553657461775,-1.4183573371389646
-1.1021715730060448,1.6558590667761082,-1.6155567549892205
-1.1023610132666333,1.6562715510359491,-1.8161609381185124
-1.1011026849981418,1.656278688293878,-2.019984899310883
-1.1008523172804678,1.6564210147551044,-2.206848221158444
-1.0998588016457866,1.6560111072259165,-2.4203158495687527
-1.0996668937467173,1.6564866031105672,-2.639232910859832
-1.099309030348128,1.656327821945398,-2.823752717147876
-1.098628678618291,1.655444811513723,-3.0328988402626704
-1.0982590424313592,1.655857970317303,3.0544095131983715
-1.0981137200472424,1.6554871198428738,2.839460266344325
-1.0979411822491176,1.6558816991855034,2.642255880279135
-1.0975050268407502,1.6558359758744052,2.454463957599896
-1.0974889933870076,1.6554018613409707,2.2637321673230058
-1.0974301895518241,1.6551731579083555,2.0682550211732837
-1.0976018335243305,1.6542232646144805,1.8759343132103616
-1.0978996128593568,1.6535921212939564,1.6764412996656315
-1.0974610409523011,1.6532763492443616,1.468003438682556
-1.0972907401652363,1.653038072322885,1.2700019715355122
-1.097363755091703,1.652802250287333,1.0520118133510232
-1.0978719387887728,1.6527134109349992,0.8483540349217441
-1.0979695301308072,1.652333162880627,0.6382003645207434
-1.0986110687151425,1.6524439706958975,0.4105841174310034
-1.098545455463142,1.65232247596994,0.2121660239634669
-1.0987557482203092,1.651815315092744,0.02068342311918319
-1.099318803236202,1.6516467937576178,-0.16847424314917883
-1.099605100435081,1.651982007635575,-0.36468748323402483
-1.0999651382350537,1.6521855058063182,-0.5773993253779713
-1.1001114078378142,1.6524852147027207,-0.7876601562963412
-1.10057589827088,1.6526227990298803,-0.991420399977199
-1.1003460392626054,1.6531333799342653,-1.1829738845345839
-1.1000480230665228,1.6533999858300799,-1.3700808192973999
-1.1000463140671546,1.6536840914900086,-1.5645035886952146
-1.1006952797616751,1.654140371654252,-1.7595920211749523
-1.1001357405131376,1.6543371056186778,-1.9657444253910499
-1.0998038697304082,1.6546242130991677,-2.1750370217516477
-1.0988465596567973,1.6542675259853514,-2.3605466678161857
-1.0980287216605946,1.6538077248427019,-2.5628632163310123
-1.0974364238236654,1.6536845211315232,-2.791680238017298
-1.0969496346031689,1.6533312550299177,-2.9983231211151455
-1.0966280053411552,1.6534007948296188,3.0912045055951696
-1.0960788216119683,1.6536345714547174,2.899002667349795
-1.095995807169063,1.6527859938587177,2.6925598697062547
-1.0956256853410893,1.6522570357150084,2.4880019001074007
-1.0957700366350422,1.6515835074918765,2.3157027911743535
-1.0949092599986516,1.6518696277547276,2.1149507170348802
-1.0946224038226,1.6518498902260834,1.9331136200239019
-1.0943978521661504,1.6517125910324548,1.7334884957124697
-1.09402100959144,1.651392344218849,1.5268545802167404
-1.0938504446477098,1.6509714166507803,1.3249335870008438
-1.0938367735557473,1.6506191229040963,1.1155796836159362
-1.094527919164708,1.650931340473843,0.9347851983898923
-1.0955075941127395,1.6513403936750108,0.7252309546951298
-1.0962562194507406,1.651683549307602,0.5038778017341337
-1.0962145444051952,1.651306413027873,0.3073153622805569
-1.0968104296612988,1.6518267151123478,0.10733193528082029
-1.0971264898772686,1.6514523832553716,-0.09442178380768483
-1.0976047541160308,1.6511755859334771,-0.3092338193175187
-1.0980552956267624,1.6509530248409943,-0.5234617054879072
-1.0979448925014783,1.651682196457327,-0.7328415309085139
-1.0978349539856738,1.6523281231322193,-0.9480348571592732
-1.0977935470793014,1.6528550438153629,-1.1204995155815471
-1.0975711878409882,1.653616497648103,-1.325667001384118
-1.097738933463985,1.6539780278300997,-1.5437728072944847
-1.09769605723673,1.654406114115263,-1.756239630140439
-1.0977013466769223,1.6550260871044389,-1.9642883768665902
-1.0978197654030202,1.6558790533338197,-2.128921785516768
-1.0976773652797405,1.6561656356810652,-2.3299296690029783
-1.0972783746803123,1.6563018354557364,-2.5234157709317264
-1.0971279378760501,1.656540531208883,-2.7322585968732733
-1.0968792050436005,1.6569152958841706,-2.923089014680618
-1.0967753499280521,1.6569684404436984,-3.11184368810175
-1.0963931386694596,1.657263984726949,2.96661517167511
-1.0961298455118644,1.6574656326978783,2.781439394783071
-1.0955997945429496,1.656861003528896,2.5866485998555038
-1.0954006820166327,1.6564490190742005,2.404065080716778
-1.0950113775167283,1.6562152960009546,2.2003015775195283
-1.0949016973039718,1.6558270150030965,1.988279404583328
-1.094552616711634,1.6554614050460854,1.7833592536613607
-1.0940311481709248,1.6553237788531618,1.596691777206585
-1.0938399012911904,1.6549941845118332,1.3822326132659777
-1.0938597621050414,1.6549831243586972,1.1815468226713937
-1.0944207888551938,1.654708258710386,0.9592307150768874
-1.0947061538087028,1.654366659107861,0.7572772204747231
-1.0950359381133281,1.6539560326638085,0.5677279633305227
-1.095413977926756,1.6540824175951905,0.36417476836117985
-1.0958721397357392,1.654251859353244,0.17057709896952514
-1.09639067663493,1.6544140539074585,-0.02485191698299331
-1.0967353889742004,1.6547610336722895,-0.22767465088072247
-1.0972764228094396,1.6552877208935453,-0.42445160079911753
-1.0972324617855975,1.6556231967751305,-0.6305191314305705
-1.0971191811015388,1.6561322747127494,-0.8160094898618396
-1.0976722198633724,1.656202626344161,-1.000153849819304
-1.0979556882156798,1.6565549586522221,-1.1885785821476587
-1.0983647249581356,1.6569030265633031,-1.3906916183543236
-1.098440177499178,1.6573422768163648,-1.5916903972029484
-1.0984734654836399,1.6578096075893645,-1.7831243739517575
-1.0981128739439039,1.6581582611055323,-2.009086478574652
-1.0976189702690378,1.6582345171173856,-2.190048065432567
-1.096874518680566,1.65800233294035,-2.39384860693845
-1.0961272830986708,1.6575921789466217,-2.59343514190839
-1.0963014627117993,1.6579228468102112,-2.7855722454542082
-1.0957864277880718,1.6581934877536921,-2.9763877860207413
-1.0955878877362473,1.6585904577702408,3.111753529771202
-1.0950665614314967,1.6588794168748902,2.9157387851002654
-1.094695268598101,1.6586357689644031,2.6995519540448085
-1.0945507211208194,1.6584598309937568,2.4742110880182513
-1.0949265831203585,1.6576437245633906,2.260999921564417
-1.0941647817092792,1.6576490302950306,2.0778985334513003
-1.0941275039422718,1.6572616476015525,1.8611221965128821
-1.0944231510266855,1.6567673952876298,1.6346960849007026
-1.0942129354166847,1.6564343652212545,1.43218548127677
-1.094353320332936,1.6560736234534035,1.2137036069407205
-1.0943711904051285,1.6555187536942513,1.0163172444039041
-1.0943479909416238,1.6550597595472867,0.8211634959857581
-1.0948459623930138,1.6548766560232275,0.5955762542221331
-1.0948583156148521,1.654474226456221,0.4026318595405069
-1.0952433219646898,1.6543831563449276,0.22240228610890808
-1.0956586833510948,1.6543448464387016,0.006715839442084788
-1.0960511267833144,1.6543480704861149,-0.19111645376048428
