1.053091672350658,0.6926536223075803,1.6222592573382184
1.0527751322971262,0.6926981416138509,1.5836519169963943
1.052428955116888,0.6926798197973641,1.5789002303850708
1.0518280427256448,0.6926419347063208,1.5710301135067652
1.0514277281547273,0.6925907854512758,1.5581238514272844
1.0515790161769885,0.6925960903927301,1.5619084598803494
1.0513755762294072,0.6925788035033936,1.555708944095027
1.051328922606082,0.6925707601837363,1.5543792439055617
1.0513154775751952,0.6925663075064638,1.5532649152026097
1.0513123611713415,0.6925652887103122,1.5534502373625068
1.0513108174112245,0.6925632180567842,1.5525684990655448
1.0513108780115425,0.69256357875886,1.553107445749416
1.0513105635702509,0.6925633216809778,1.553085252119719
1.0513101758401973,0.6925630581030457,1.5530600645691037
1.0513097680989651,0.6925627922446,1.5530344254977388
1.0513093554511161,0.6925625248607098,1.553008594449336
1.0513089423284445,0.6925622563111274,1.5529826813061036
1.0513085300098393,0.6925619867641389,1.5529567341725727
1.05130811885595,0.6925617162967055,1.5529307743380547
1.0513077089663647,0.6925614449430928,1.5529048113166748
1.0513073003694482,0.6925611727178566,1.5528788494097783
1.0513068930755873,0.692560899626527,1.552852890597961
1.0513064870913573,0.6925606256705243,1.552826935824631
1.0513060824229254,0.6925603508494043,1.5528009855683966
1.051305679076675,0.6925600751618801,1.5527750400993554
1.0513052770592122,0.6925597986062847,1.5527490995938409
1.051304365842785,0.6925543261018106,1.5495233459846447
1.051305330812423,0.6925530519277142,1.5492872974588796
1.0513058585571604,0.6925522646426192,1.5491737993259105
1.051306085372485,0.6925516907423832,1.5491110079664148
1.0510180041683854,0.692222235743512,1.3555139826779168
1.0503517751696523,0.691769052905381,1.1415553304977077
1.0502294964948167,0.6912008156348142,0.9589653485952598
1.0494993806066086,0.6914317277632548,0.7487520619409619
1.0493113015165247,0.691196998723688,0.5340241470893481
1.0490582521588503,0.6909403665286014,0.3400662906591783
1.0483352086933344,0.6908482806584748,0.15872383863869108
1.0478677670471082,0.6912123736496152,-0.041777589501029375
1.04746917043368,0.6912152142298944,-0.2570259122202477
1.0471606930012216,0.6916918909073455,-0.44582050034856946
1.0468276969681984,0.6921729070326559,-0.6465302002054838
1.0470477125225477,0.6930022636402107,-0.8615355215585767
1.047099645437018,0.6934339325056535,-1.0482228894580423
1.0476743604173355,0.6940374979665667,-1.244282410544994
1.0480299813069907,0.6944626139741661,-1.4446921590795039
1.0481083990696034,0.6948889853942579,-1.6462189962212348
1.048276600756203,0.6952585723548975,-1.8536221203801118
1.0490319876482475,0.695410653488133,-2.065779057509648
1.0496221282051426,0.69552760572413,-2.2744617874574264
1.0500295990622905,0.6956152860126261,-2.4953937976443847
1.0508190377972007,0.6950956307708207,-2.6910599585397983
1.0511077153190282,0.6952029190036928,-2.897927148282986
1.0512202911488306,0.6952307470665585,-3.078260265702426
1.051518647534123,0.6954707888506443,3.0136929575674025
1.0521282015009743,0.6959799483175976,2.7899366631213987
1.0522004750205742,0.6954415701815287,2.60697159070256
1.0522882859414155,0.6949496057129774,2.394517809564598
1.0521776301334356,0.6943351736411474,2.207777260295787
1.05157267866815,0.6935817257498613,2.006699380628978
1.0515716289634611,0.6929989976542498,1.7831921378906137
1.0514423035696172,0.6923351613015819,1.5919316462910214
1.0509384164884905,0.6919278477198824,1.3869411771386717
1.0501915851461674,0.6917330978030585,1.1925491755300262
1.0496677659876208,0.6917159116322522,0.9807010950939803
1.0494095523259448,0.6914510099051239,0.7660778085862591
1.0492810755423227,0.6909108154910872,0.572422672172252
1.0484730595463179,0.6913826808721607,0.38382185038222016
1.0481686776749715,0.6915205014313159,0.18161440813106838
1.0478651547230897,0.6915149218240032,-0.021277272268078018
1.0477995427762619,0.6912219048630649,-0.2304497965796683
1.046924729696199,0.6911512097939837,-0.42497050160055755
1.0466189960575019,0.691383553481042,-0.6107882549582495
1.0465079367675938,0.6918143579780272,-0.8176640677802398
1.0465692762389744,0.6925263722051523,-1.0064671277101793
1.046488579081041,0.6928679497038498,-1.2039724587869438
1.0465293137887126,0.6933431244572155,-1.4058030767379401
1.0464913160950813,0.693684873102284,-1.6072816486128763
1.0463213897976016,0.6940376692570775,-1.817987531865398
1.0471438234872188,0.6940329554015452,-2.0332152296071944
1.047372606189598,0.6942330642728819,-2.249976580466585
1.0475980515355072,0.6945260819221695,-2.461097373284759
1.0482513140076113,0.6942563457155718,-2.662432956309544
1.0484181283932135,0.6943912521182928,-2.867643354521428
1.048905615543627,0.693659771180752,-3.0581429401216558
1.0493029689548907,0.6936210149978891,3.0280242054429216
1.0496214694555792,0.6933303091226175,2.829132938885182
1.0500441072857445,0.6928245095090261,2.633526112101803
1.0505565219565955,0.6923545681963009,2.446577849506939
1.0499845547557507,0.6914156697395407,2.254145468454702
1.0502358695854626,0.6912180570422587,2.091467133708903
1.0496042603867644,0.6905445298999551,1.884265959264095
1.049232419080711,0.6899408238745383,1.6672270429213276
1.0487448079033312,0.6895210721227661,1.4779808157634322
1.0481350617695686,0.6892687230974798,1.261379689149305
1.0474904469198283,0.6889761149874154,1.0326765738919164
1.0468251060156084,0.6890964384487283,0.8208511320860712
1.0467580134900085,0.6885771665540698,0.636691082178086
1.0458723977598352,0.6892441665098981,0.44223952828396373
1.0451104288838657,0.6899078235266256,0.2516011844799881
1.0446504251274844,0.6897713860545476,0.05523402727358328
1.0442529436916415,0.6898564342023102,-0.13699796700734412
1.0439053621286813,0.6904095547359977,-0.3709761736867315
1.043461046290713,0.6906242084144715,-0.546958292518674
1.043270681499883,0.690991710940129,-0.7217409940084374
1.0425155247371691,0.6908802909698502,-0.9176868154788533
1.0430996750794903,0.691693495245055,-1.0912436264437273
1.0432720743798285,0.6921100116752592,-1.292398503802456
1.0430803526486558,0.6924226584637829,-1.4960469534185856
1.0426357405488935,0.6928437060858805,-1.702598141992669
1.0430008667850383,0.6931619930346082,-1.9010854773464778
1.0434266239555858,0.6932596333882716,-2.090676599487238
1.0443210343934928,0.6928170890363194,-2.2864033379007127
1.044403427914181,0.6932911195334017,-2.4713566944206553
1.0445996150064245,0.6935367623348812,-2.666811419737075
1.0452804892765835,0.6931572623644409,-2.8730784183784657
1.0451515770832744,0.6935468232155497,-3.057777573878029
1.0455145982296061,0.6940607120831057,3.029191938818981
1.045907794774646,0.6944013356083159,2.8203563979840354
1.0458876632690564,0.6939400016054347,2.592657912921019
1.0455326621147154,0.6930302357338892,2.398999993899963
1.0448386602002055,0.692046512383267,2.2086325241241935
1.0452553758655878,0.6919209011755167,2.0181883944437984
1.0454810523078812,0.6918053424328557,1.8146130643611122
1.0456148566439036,0.6915975594094308,1.6322733425870821
1.0461192918717088,0.6911934837808426,1.4322883919439446
1.0458847167084768,0.6909167835087762,1.2293669552788393
1.04536408229503,0.6906462511606412,1.017159583489539
1.0452138635768953,0.6902043183861919,0.8188062407732588
1.0453264499274246,0.6894251245608375,0.6578148336295642
1.0444374108663765,0.6902603611870056,0.4846476512646235
1.0443431635199516,0.6896657563950465,0.28086209073136936
1.0438757471008033,0.6896419809576979,0.08416038884080457
1.0435242856992766,0.6893339529069714,-0.10989954116614437
1.0432851692996512,0.6897944541391979,-0.3214018047816538
1.043140121084455,0.6902680446733929,-0.5401649655677748
1.0433973520731754,0.6912080121342781,-0.7171343753705623
1.0435952401086426,0.6919204583898694,-0.9251370353263785
1.0439804569885003,0.692400780755164,-1.1293416699702263
1.0438182209092173,0.6924811261640124,-1.3290033485812964
1.043342148128535,0.692519245270498,-1.5137859520626795
1.0431220689007683,0.69283549900653,-1.7039921051979687
1.043243053812029,0.6931580358233643,-1.914476166325836
1.0439329231459706,0.6933001454347092,-2.095739667957884
1.0444696912047207,0.6932955545900125,-2.3049525665414836
1.0444967260069038,0.6938390675135316,-2.4985740044545417
1.0449668018759222,0.6938414378874528,-2.693682354190422
1.04571601510443,0.693599577951659,-2.8765652385015064
1.046101742890096,0.693629436601209,-3.061378546019372
1.0464481081941386,0.6939811791298198,3.0204176345429246
1.0468228354760865,0.694044490297426,2.8026186473393047
1.046996966703706,0.6934254001297391,2.5809784993033786
1.0470031271180151,0.692992846305277,2.381759515205546
1.046637470989498,0.6921144483111198,2.1945420838926606
1.0466786098930125,0.6917173644750186,2.009681800361614
1.0467220119948317,0.6912221176210944,1.7944114443350327
1.047405565365878,0.6911503673279604,1.6044763761651026
1.047108578304898,0.6909410724783034,1.4218293790241725
1.04643367907695,0.690677590670504,1.2179349288878139
1.0466870885092028,0.6898724099064574,1.0259743636591736
1.0460829925154138,0.6900045161426401,0.8206939984528504
1.0457492988904127,0.6899528704017035,0.6391876098516206
1.045572528864045,0.6896771035811298,0.4362996555955284
1.0452155028206358,0.6896355590448114,0.24533453461022983
1.0450072449110712,0.6894022908671322,0.056330406965975306
1.0445769679548236,0.6888607453326375,-0.1438508196448583
1.0442786247588374,0.6886335671332009,-0.3585179573050679
1.0441211742088792,0.6894387430101471,-0.5586137000708892
1.044080211583182,0.6900486379408469,-0.7424706248335766
1.0439565256355312,0.6905435291142601,-0.9389122397062325
1.0442709805382042,0.6909940211987913,-1.1397282538175924
1.044180831886957,0.6910397884299034,-1.318228516552285
1.0438923924644654,0.6912850628318976,-1.5118602692303245
1.0441384286635456,0.6917370446717804,-1.716935489226256
1.0445964534803065,0.6917337175881051,-1.9183722755945996
1.0445093561336476,0.6921396159600919,-2.114846841187494
1.04473162082792,0.6925184669475138,-2.3294567203291865
1.045574024585789,0.6919382489175685,-2.518624191083613
1.046072448163482,0.6917353553612885,-2.7188854181597844
1.0467149209828166,0.6914032601162649,-2.9047233864911752
1.0470712692325372,0.6913230330239593,-3.092409290645495
1.0474492887688274,0.6913834877880369,2.985823750682223
1.0479744449000483,0.6913305378033842,2.76230132755222
1.0485016103741984,0.6912646552544673,2.5328608672992674
1.0486775541244229,0.6907643766343822,2.3242743368413166
1.0485026497333925,0.6900079350485187,2.1145065031052144
1.0488343861159375,0.6899839391598763,1.9588447415326304
1.0489918155485023,0.6896709621756566,1.7564649840375883
1.0487173351273498,0.6887951357783938,1.5680410678165557
1.0483682921586936,0.6884395660289202,1.3585751314745715
1.0481091202756914,0.6877804427446145,1.1603228064377271
1.047848207959251,0.6872965133458375,0.9554069370009403
1.0478683808858424,0.6867913973307878,0.7535871174871144
1.0472160483518191,0.6871930958030481,0.5556784703046157
1.0467234004678598,0.6875027484076729,0.3420899397597399
1.0461531897927197,0.6880976421914633,0.14006860384274844
1.045819541771881,0.6878223229642424,-0.06232995939607005
1.0455860364650724,0.6880013212310581,-0.25842220794779314
1.045446022568377,0.6881647610863021,-0.4672410435687884
1.0448771436129036,0.6880710425084737,-0.6821116548107056
1.0444602785668824,0.6881705332805464,-0.8716806701354182
1.0441036294725152,0.6884571118012913,-1.061815745013056
