-2.0195191290105146,0.4306317888029827,1.6192139287757896
-2.019705456318678,0.4307111226820788,1.6028490727676872
-2.0191984807016095,0.4306879903374479,1.5837784157435644
-2.019192368555544,0.4306914186020339,1.5869281908049262
-2.019177854661597,0.4306908324156411,1.5859069013141458
-2.0193369041304994,0.43067473073889356,1.587335466518691
-2.0195656337088095,0.4306825167912557,1.5939393833778495
-2.0199115212538756,0.4306999181391212,1.5816495859082031
-2.0204145629702253,0.43069286144384084,1.5737368749735965
-2.0208432756355736,0.43065376094750424,1.563994664775373
-2.0211871816301947,0.4306018161203841,1.5499358037866873
-2.021249636861151,0.43058798571063156,1.5478350853482277
-2.0212682007802094,0.4305814220519383,1.5465831371901437
-2.021273880182075,0.43057787954953114,1.5458102834770522
-2.021280429680214,0.4305766520868486,1.546010470804412
-2.0212826483406565,0.43057525600081953,1.545783902981704
-2.02128455329771,0.430574128723772,1.5456260317403734
-2.0212863932273155,0.43057310410595967,1.5454956981346668
-2.0212882252393283,0.4305721139848636,1.5453757715440701
-2.0212900605836586,0.4305711310109034,1.5452594696259596
-2.021291900304755,0.43057014418471623,1.5451441038979339
-2.0212937438083873,0.43056914902888554,1.5450286034916358
-2.021295590569144,0.43056814365893314,1.5449125363879996
-2.021297440301872,0.43056712721767076,1.5447957226732856
-2.021299292879665,0.43056609925275613,1.5446780817539696
-2.02130114825709,0.4305650594696386,1.5445595720074126
-2.0212795743804604,0.43055842788847243,1.5405478054118475
-2.0212789136238123,0.4305571676001581,1.5404500833371528
-2.0212800967721787,0.4305558021034714,1.5403247123135368
-2.0212818192396607,0.43055437255855794,1.5401829091754105
-2.021283692524401,0.4305529045915748,1.5400337784424614
-2.0212856090459237,0.4305514089007913,1.5398807587634484
-2.0212875400844785,0.43054988976801034,1.539725154716979
-2.021289478486114,0.43054834874816944,1.5395674535204569
-2.021291422739827,0.4305467862414091,1.5394078232066648
-2.0212933727195534,0.4305452021618848,1.5392463060956683
-2.0212953285299373,0.43054359620278004,1.5390828906380993
-2.0212972902906525,0.4305419679556025,1.5389175425956512
-2.021172422413894,0.43019502533334636,1.352963738591177
-2.021158006726349,0.4298486597722784,1.1549095634573874
-2.021770462368108,0.4295653048913506,0.9396457024133539
-2.0227628417653545,0.43002403428980435,0.7274500220963463
-2.023252107264703,0.4302343820777322,0.5579017896352952
-2.023737720753321,0.4303554559829361,0.344854771246242
-2.0242181696089614,0.4309273993535107,0.1402060652214867
-2.024599794507196,0.4308222545090126,-0.05221786948303498
-2.0250205228438585,0.4311794833497638,-0.2781610547100026
-2.0252903198759435,0.43164649089590856,-0.4919882415487845
-2.025659171763248,0.432016137438165,-0.671753902973447
-2.026108159051196,0.43227532718511213,-0.8897685174555593
-2.0260925551989253,0.4326870250219196,-1.0756847450480673
-2.026647341529865,0.4326805081546821,-1.2349199800702215
-2.0261833842186503,0.4333911486911298,-1.4431930934222268
-2.026749970218778,0.4337523331268846,-1.6416683427982735
-2.026210759710727,0.4340318529122545,-1.842962910555875
-2.0257319499514463,0.434237849659367,-2.045801945176455
-2.0254529097946485,0.43447283843964557,-2.268195882237455
-2.0253133848775406,0.4350595714831036,-2.486889747638271
-2.024667728748755,0.4349017274709227,-2.713354391810858
-2.0239917870465307,0.4345602923806652,-2.9163209796227068
-2.0235880852382007,0.43444089976047207,-3.1210991645716595
-2.0232720988390493,0.43394094559954866,2.965095127394729
-2.0227680753054993,0.43380519947721713,2.7632639209394743
-2.022293695987806,0.4334217426211766,2.546609056110843
-2.0219176090556226,0.4332673692695322,2.33620212894584
-2.021636339936492,0.43292906788603813,2.169794381850379
-2.0216996227861688,0.4325303365278422,1.9677546585228145
-2.021499055948021,0.4318366694146404,1.7454653180986737
-2.0217424183011254,0.4314638904949666,1.5559217385489383
-2.022420951043765,0.43116619544681556,1.3671078450978302
-2.0226140988908017,0.43085998739874865,1.1711678921590405
-2.0232934638914566,0.43077188922318416,0.9743234639816383
-2.0239741349723555,0.43084479168711204,0.7649377606168966
-2.024547721727709,0.4311664460668523,0.579758293693173
-2.0250870745827223,0.43141644096715054,0.35890594275295157
-2.0255674977657603,0.4314467562832369,0.16127037973084946
-2.0259088508455196,0.4315208535067125,-0.03963383231652546
-2.026325750990132,0.4320160314428113,-0.2501821360440379
-2.026771824107174,0.4320771286273439,-0.45867333188652204
-2.026974510846367,0.4324926485881579,-0.6825813536372642
-2.027001646290636,0.43307501752985783,-0.8772543932440885
-2.026569868208667,0.4337903998258277,-1.065424073198512
-2.026955093380123,0.43410075252324226,-1.2671193705804074
-2.0264884593348005,0.4343682178393019,-1.4641374717440343
-2.026996640626337,0.4347087916434172,-1.6585644305061649
-2.026837055873269,0.43505384708758205,-1.8550041346030604
-2.026698486412699,0.435237354583449,-2.068232299977057
-2.0262735571636026,0.4354117771042078,-2.2604099929701116
-2.025854304772418,0.43563901960345475,-2.4883598397365034
-2.0254501083782337,0.4356527142580324,-2.670072043110508
-2.0253357234700733,0.4358901915544369,-2.865698279451547
-2.024548811258956,0.43551920072324507,-3.0417231350662868
-2.024122442237732,0.4354857361955947,3.0373158729945082
-2.0236580126606043,0.4355469355599674,2.819284159914894
-2.0234124568290985,0.43535959975476246,2.6045645113880576
-2.022759758148404,0.4352550109564074,2.401176569801411
-2.0226018207483634,0.4348972243068956,2.2053357812777032
-2.0229085947777627,0.4344184963690395,2.001983640502805
-2.02273960781419,0.43451417377422874,1.8112721266954948
-2.022242189350062,0.43417497619434064,1.5988222028100751
-2.022335598259766,0.4338341574520716,1.3996885427808312
-2.0225262883816875,0.43333713350851544,1.17489403525174
-2.023202575367624,0.43340943286751515,0.9741584715770955
-2.0236272756584897,0.43320810060519427,0.7513972498806522
-2.0240499397428833,0.43336947996811315,0.5670452013159062
-2.024546205171661,0.43354923939957507,0.36535071420380155
-2.024580435322237,0.43315587416841744,0.1713785228413747
-2.024997629179134,0.43346323125309527,-0.026339863890096432
-2.0254106036388118,0.4335722352510442,-0.24140557820886635
-2.0261836730656797,0.4337985069804989,-0.44925012763007544
-2.0267757444891084,0.43375705827555944,-0.6267832399176547
-2.0268748208762677,0.4343396276042765,-0.8446002879846097
-2.0272937560776074,0.4345417359204541,-1.0394597127558478
-2.027565433415897,0.4346334431202936,-1.259040575263782
-2.0276532376223027,0.4351352628901419,-1.480805651425607
-2.0282395372680977,0.43554578023257584,-1.665658011693299
-2.027689319697624,0.4358124077390241,-1.8668674453731977
-2.0279031786471533,0.4362364839644195,-2.0920617684363503
-2.0272981451321455,0.43621259754542885,-2.2994090777534213
-2.0265498594187155,0.4360349825092018,-2.503406208291885
-2.0260264292273114,0.43634782352429585,-2.6873828398051294
-2.0252166882641274,0.4353357265849933,-2.876761438338614
-2.0247192243673364,0.4352553929652675,-3.0586368497976393
-2.0244583668839233,0.43529483732293694,3.0321714988941606
-2.023986942033131,0.43564991092632765,2.8297977299117627
-2.023873728829452,0.4352666060887241,2.6242183044302907
-2.023707594901455,0.43473097969734387,2.4558386672197248
-2.023260344097633,0.43448270126301713,2.233441835701059
-2.023485546097049,0.4339470588504341,2.024722710298956
-2.023750728515803,0.43321212586549784,1.8016585344086051
-2.023434365430818,0.432721866826238,1.5970356854656387
-2.0235662888987966,0.432477666149569,1.4078735906954731
-2.0243488208796103,0.4323383540107376,1.206837842134371
-2.0255526897542735,0.4323972595137012,1.0113697339145606
-2.0258124152048627,0.4320487862250463,0.820461335462255
-2.026689374030786,0.43236782057126566,0.6211214928898475
-2.0269533143582605,0.43234413629900587,0.4494129693452395
-2.027100287716426,0.4321266021949815,0.2451606881830978
-2.0276794883186375,0.4322986569669961,0.04435214341342653
-2.0280619648886025,0.4320433208680226,-0.1573594963573218
-2.029000733782539,0.43196534366347594,-0.36336722913884295
-2.029373146568171,0.4323945801751916,-0.5510216985122831
-2.029213090034166,0.43299238373326815,-0.7536309627369441
-2.028939652602955,0.4335720128020774,-0.9405990060952245
-2.0293486027867087,0.4336555667010597,-1.1259809895178692
-2.028912593169405,0.4341754865773027,-1.304760193251205
-2.0292251833530393,0.43454707428517864,-1.5238530785043654
-2.0292933509951023,0.43506239639316235,-1.7221510606307429
-2.0292825305459887,0.43530506215983084,-1.923032967366675
-2.0283177802743366,0.43524922629069235,-2.1120168424271677
-2.0276228904854823,0.4350909842827362,-2.302639879019294
-2.0278011509562486,0.435888355290472,-2.490235462524732
-2.0275428675552982,0.43603095953717846,-2.681038286972736
-2.026685412407803,0.4353671461386518,-2.8936228377760447
-2.026482692395256,0.4358280115569265,-3.092295059712594
-2.0260878198453685,0.43643972999104563,2.9827760872120788
-2.025591827567584,0.4360572279282504,2.788630852680009
-2.0252804250875296,0.4359212620247815,2.6023932534058822
-2.024729756674509,0.4359597731992236,2.4162043848531995
-2.025047145463645,0.4353248365168301,2.242978669809072
-2.025191882337408,0.4349532084800102,2.0413926467967722
-2.0248818280205696,0.4348816880847989,1.8478169133988172
-2.0246274387497,0.43476889443186584,1.655808494254246
-2.0243422198772,0.434410142023741,1.4545898534756423
-2.024432960709417,0.43405389593998606,1.23122634768289
-2.025165141389434,0.4339689981100291,1.0123777533074816
-2.0256930707176575,0.4338484741684595,0.8028092497754249
-2.0262333682211815,0.4338053013223945,0.625911714856065
-2.026409218932165,0.4338905464925507,0.43547567283990596
-2.0266293298655738,0.4337650632555621,0.23081471503289847
-2.0268145753508517,0.433463795537425,0.0357844760720888
-2.02711986963925,0.43311741426761313,-0.18051506173554957
-2.0273956942702815,0.43337002425854887,-0.37460974942828107
-2.027586526849014,0.4340813276640745,-0.5979395218207022
-2.028024503170621,0.4341854278374385,-0.7839018335464824
-2.0278607371723023,0.43476496645770674,-0.9996222507139246
-2.0275523101073785,0.4353371425614335,-1.211528499379258
-2.027621919009511,0.435474399559893,-1.4139132114384119
-2.02804576272695,0.43574266503123704,-1.6050731911070653
-2.0280734978893595,0.4357177665005861,-1.7850944983235484
-2.0273788111317366,0.4360236725655437,-1.992951398116304
-2.0267515655219586,0.43607717593916534,-2.2092799625107973
-2.0266756942043433,0.4363387007949615,-2.3986544688730413
-2.026095073254501,0.43613685927438794,-2.59923920297608
-2.0258824732333225,0.43636687915710287,-2.791066236933374
-2.0254415244529937,0.4362025738817686,-3.0197591782468507
-2.0251867925138467,0.43676635141474507,3.076651659099702
-2.0246585011828415,0.4369286217328721,2.8649225487591545
-2.024761093966659,0.4360902298708894,2.6780008553885506
-2.0246578611811374,0.4354953788161474,2.4721048947521007
-2.0244796225330015,0.4350979402343617,2.2409530425491186
-2.02459812833506,0.43478772545576744,2.046970361980632
-2.0249383570661337,0.4343344945605728,1.8413368567990904
-2.0249143276975228,0.43355936072280127,1.6517822233618082
-2.0252441189489128,0.4331219878848137,1.4444374566463056
-2.025786187466896,0.432917429124424,1.237681677328474
-2.025979414437682,0.4329276530316156,1.0546038993884699
-2.0263042645666687,0.4326998194424704,0.8491202691671909
-2.026859977411422,0.4328791568648264,0.6611715852010758
-2.027560463621699,0.43343204621425746,0.46437829102535216
-2.028176509814387,0.43361411499511904,0.274467908974553
