-1.4702315102136552,0.6473093384208507,1.6202564959148056
-1.470107968494205,0.6473525421057559,1.571004643253623
-1.469712402637512,0.6473880285083973,1.5922078475735497
-1.469608722385147,0.647378666046362,1.5940434061319397
-1.4696409756528777,0.6473745522425294,1.5928094840200346
-1.4696483046317672,0.6473728488263786,1.592144140086713
-1.4696452949746581,0.6473721468148619,1.5917222106430118
-1.4696399604018393,0.6473723248154704,1.5919078706760712
-1.4696288207473018,0.6473717466124771,1.5911367128187297
-1.469628560925358,0.6473719145607343,1.5916266530787821
-1.4696266758028351,0.6473716710882612,1.591663552120615
-1.4696252305874222,0.6473714090397998,1.5917156328952662
-1.4696239432384484,0.6473711398146048,1.5917746233791632
-1.4696202766403317,0.6473704463560859,1.5913161797178077
-1.469621827746851,0.6473705813567209,1.5918896212745888
-1.4696179875176347,0.6473699022880242,1.5914391572531956
-1.4696194664934568,0.6473700397563851,1.5920160024852645
-1.4696155962440385,0.6473693589070927,1.591567168006089
-1.4696170623127618,0.6473694920865689,1.5921449323983847
-1.4696131863190196,0.6473688066545433,1.5916967201015078
-1.4696146496852076,0.6473689343144278,1.592274991495214
-1.469610772133012,0.6473682437434418,1.5918272385830603
-1.4696097967039006,0.6473679441179722,1.5918848805475938
-1.4696086801067307,0.6473676559470727,1.5919472249228972
-1.469607507060255,0.6473673706747007,1.5920114609159786
-1.469606310922114,0.6473670849137663,1.5920765918196897
-1.4696216863789158,0.6473695321619218,1.5956880203720891
-1.469618308026931,0.6473693109275228,1.5958434791432679
-1.4696162254715721,0.6473689491722391,1.5959520934444695
-1.469614681827738,0.6473685265828937,1.5960423409668265
-1.4696133656177692,0.6473680760158564,1.5961252095029004
-1.469612145486005,0.6473676112310632,1.5962052402156153
-1.4696109660483936,0.6473671379767323,1.5962843110781135
-1.469609803974489,0.6473666586385775,1.596363199663821
-1.4696086494511083,0.6473661741914426,1.5964422291075107
-1.4696074983610201,0.6473656850183994,1.5965215350384911
-1.4694854902928023,0.6470746932215585,1.4264931280986792
-1.4700828763695792,0.646801537763019,1.225560250320059
-1.470257179656499,0.6465078741571695,1.0243210851542275
-1.4708720491002116,0.6467584507365852,0.8526058068640399
-1.4717983986114687,0.6470369235790978,0.6229864982217271
-1.4724967429140907,0.6474243973128019,0.40550229364067886
-1.473010626101591,0.6477845475165093,0.17951370408936476
-1.4733935090760322,0.6481098662866703,-0.014870104646961086
-1.4736854148839893,0.6484346209192271,-0.2219990015263557
-1.4739721443690246,0.6486029031485998,-0.43339960804630256
-1.4741299674168118,0.6492060215750245,-0.6359331502516288
-1.4748048172181796,0.6490745173134201,-0.8263002831313503
-1.4748707023802328,0.6496183292498788,-1.0345994786132187
-1.4746429192335642,0.650252770997466,-1.2234373640743341
-1.4742044736971058,0.6507362753950855,-1.4287009487345395
-1.4744084079707718,0.6510106701897224,-1.6181770672965345
-1.473816850714208,0.6512598671203204,-1.8179163864221195
-1.4730366618159858,0.6512940481790689,-2.0192335667806462
-1.4727633751057236,0.6518188064735176,-2.225414358660966
-1.4725982679788387,0.6522370554922525,-2.452093575243603
-1.4722992795011278,0.6525728156376617,-2.6600791786536853
-1.4721003398036496,0.6527455057903867,-2.871457681636907
-1.4721459142358009,0.6532950892926221,-3.0631133579929815
-1.471834618869122,0.6536279918785521,3.034151437586983
-1.4714178001887448,0.6538988637357983,2.8277167571895965
-1.47156221466445,0.6530835476066539,2.641675428629105
-1.471486424404269,0.6524596413841224,2.4380314322250136
-1.4708820599570174,0.6525009513248445,2.2449409901297273
-1.470642903245184,0.6521078819609182,2.0567635756426954
-1.471048209648327,0.6515005924501913,1.837231125955171
-1.4715230766792893,0.6512193691013848,1.6538079143685043
-1.4715834201843088,0.6508991959494613,1.4604051246378387
-1.4720125503514447,0.6507712768247217,1.2525225534870195
-1.472697641849712,0.6506058781008064,1.028120175085845
-1.4726114518395497,0.6500855849030431,0.8291500151364727
-1.472627645277887,0.6494350342123416,0.6160530549710316
-1.4726491921640816,0.6491284143200357,0.4216317479661929
-1.4727215504863602,0.6487175339449275,0.22416674347710655
-1.4731810109552048,0.6485164986508455,0.02070436218997559
-1.4735533498496047,0.6481811183389604,-0.17465978247995553
-1.473782228714703,0.6486430758588402,-0.3949584492277213
-1.474080390027125,0.6487621690583688,-0.6027204906732136
-1.4740694414197233,0.6494233089513821,-0.8117224800876
-1.4741308523123164,0.6498994811677314,-0.9958980129686233
-1.473993188945257,0.6505832765903838,-1.2080746548024865
-1.4737636137303423,0.6511142051504512,-1.3913318305023672
-1.4734377831152452,0.6517125123906231,-1.5930208272790314
-1.4731099792210125,0.6520829625554904,-1.8003923271865794
-1.4726528445409865,0.6522488236352896,-1.9951492112800953
-1.4720211999488655,0.652260338803844,-2.19464967639657
-1.4716133919642043,0.652554241378893,-2.417102628945457
-1.4709478752686846,0.6522413377694389,-2.58937159002481
-1.4704533715822072,0.6518571928965112,-2.7960726556222286
-1.4703115201006998,0.6518740199176283,-2.9760215561098007
-1.470057451044655,0.6523619849889587,3.110443101560641
-1.469769552148865,0.652363147550856,2.9243218593161155
-1.4695361314376203,0.6515209918521672,2.697561459995734
-1.4696013128899656,0.6508608981996266,2.498044655320221
-1.4691202648560182,0.6508198665161715,2.2790364531689695
-1.469079414451357,0.650480542424446,2.083175095567697
-1.4693733265950149,0.6501276873650021,1.8695880933258782
-1.4692838429790733,0.6497452258274259,1.6702769602511907
-1.4687645827847449,0.6494444241252514,1.488465149984851
-1.4691663652955356,0.6493625171767873,1.284477107394583
-1.4693653575123768,0.6487643355986961,1.0922354034919586
-1.46967986567616,0.6484340772725546,0.8914483782736337
-1.4703335479277075,0.6485355353373282,0.6652955449346271
-1.470663644229866,0.6482038687765136,0.4522907865288955
-1.4706585987894334,0.6482483518856684,0.26265543080315834
-1.4707050206888264,0.6479474138256418,0.08584239539691801
-1.4711018224011385,0.6475594694187724,-0.11624176385652875
-1.4713689591144858,0.6481054169049654,-0.31537845386277075
-1.471732757148851,0.6481780561462163,-0.5465835053654057
-1.4718970616904155,0.6487982333387617,-0.7154373621006193
-1.4718973736193524,0.6492515620261256,-0.9253831472868281
-1.4724789935760727,0.6494380246022214,-1.117971431312208
-1.4722619032641533,0.6500428288431864,-1.3056995278585477
-1.4719462754613404,0.6503596923804769,-1.5069309612626676
-1.4721875225208587,0.650662673405047,-1.7075499400249863
-1.4721688470306034,0.6507566414315377,-1.8995158652815853
-1.4716104105961894,0.6511303396655623,-2.1144379547764762
-1.4710523022187518,0.6509510583033458,-2.323110679957248
-1.4702886042741898,0.650782383666619,-2.5386545875469277
-1.4696322826930261,0.6499473606006566,-2.7138575655000694
-1.4693623249951906,0.6501404699490956,-2.9094731198984665
-1.4689573726702854,0.650342288507379,-3.0855533638315866
-1.4685425531547431,0.6503060607727729,3.000646589485482
-1.4680502168126308,0.6504309555478744,2.7892827425901645
-1.467612820126513,0.649737495689021,2.6044372290626305
-1.4675022726404559,0.6493723370452658,2.4023478819850483
-1.4676204975948475,0.6489370970653932,2.2195621958116325
-1.4679830548149493,0.6481378693038312,2.0083556376722282
-1.468658889157431,0.6474321783456691,1.8084708980724908
-1.4683693753935239,0.6468544267158213,1.6158626332498158
-1.4686080271761437,0.64641875160337,1.4182198011682905
-1.468505927231961,0.6461372516711711,1.2154821668523315
-1.4690462155969983,0.6461237071233873,1.0230752705585884
-1.4698274661039095,0.6463431111736228,0.8280728211359119
-1.4701094171972116,0.6460869559677954,0.6293442280155604
-1.4703496561071854,0.6457382822024703,0.4090145966800153
-1.4708683381241712,0.646719472240475,0.2277021413338633
-1.4710388685915718,0.6462681601937513,0.02973141768178746
-1.471364236646691,0.6460485925217225,-0.15811888566814633
-1.4718885408412226,0.6459424495439362,-0.36015158084121474
-1.4720242611310284,0.6462348382204262,-0.5492983507175629
-1.4723338008088651,0.646808085028984,-0.7493557661251381
-1.4726873236175473,0.6470473286261529,-0.9552717688891607
-1.473272056758262,0.6471412677495686,-1.1598860530302477
-1.4731274583550087,0.647431771429251,-1.3610050532187612
-1.4730772947358888,0.6477876794768124,-1.5726769423128923
-1.473446362848324,0.6482663487826295,-1.7873992771769869
-1.4732387118975352,0.6486109255860134,-2.0192879400237005
-1.4730474735614751,0.6489782707259811,-2.2345189967166834
-1.4724956923129313,0.6489723782886185,-2.4089083601225028
-1.472346273831567,0.6492820564814468,-2.600969123414844
-1.471675275819825,0.6488907223701453,-2.783162495116648
-1.471549394194623,0.6490877272126415,-2.9898303479409627
-1.471128152182483,0.6494285109248765,3.0946146906262744
-1.4707236318362344,0.6498437291938864,2.8918397497708623
-1.4707727248186906,0.6484280572188817,2.697675315687741
-1.4707582657452627,0.6478313448871971,2.5045558518010105
-1.4702079345583607,0.6476336300238417,2.2847867412891474
-1.470349485261074,0.6470958859078719,2.081730212933734
-1.4706031584247155,0.6464919757532926,1.8735567036701108
-1.4712549822882517,0.6460377490047045,1.6969767767523314
-1.4715041394918573,0.6456925115128535,1.496298309707903
-1.4715729958387556,0.6453415588219756,1.3048638412858784
-1.4721008034082943,0.6450622239117737,1.0880786545969832
-1.472827869953376,0.6451618201658913,0.887011521871549
-1.4730273950697599,0.644961334609555,0.6978703974327645
-1.4734133560145066,0.6447864811516701,0.48731534126499765
-1.473736180305471,0.6445986069843721,0.30901415377491787
-1.4742127611252536,0.6454740344567163,0.11146105711560335
-1.4745032593066074,0.6453926179374786,-0.07921486019312292
-1.4748972771185624,0.645272777267025,-0.2722219712340598
-1.4751084583084015,0.6458390892485567,-0.48648254397753765
-1.4754064104665126,0.6463476949592298,-0.7135311306618651
-1.475420715183012,0.6467862466655405,-0.8999421980729959
-1.4750404472002312,0.6473350703161194,-1.1008582690267774
-1.4750009669432593,0.6482917759382143,-1.2821611139231226
-1.474942129783871,0.6490702140171742,-1.4672522122249048
-1.474545946759527,0.6496501413309236,-1.6624858889227723
-1.4743390847623679,0.6498402978123577,-1.8663601882139056
-1.4735798881041353,0.6499571261259035,-2.093170150823213
-1.472631050076649,0.6497042878351746,-2.3113392469068406
-1.4721180881300386,0.6496904693484454,-2.524013666807289
-1.4715455740616457,0.6497506863426321,-2.723380946477061
-1.471594302446425,0.6502149049578375,-2.91716237821362
-1.4710949051475821,0.6503424531341465,-3.114044661230308
-1.4707605064252693,0.6503263306984968,3.002804910149289
-1.4710274825954532,0.6500473967802448,2.7986015055578863
-1.4704503361322332,0.6500044071839989,2.591407743410319
-1.4701827033420403,0.6496974481326735,2.3955361188500364
-1.4710712871932,0.6485720345551363,2.207789539255657
-1.471014195574716,0.6481097770459558,1.9952551544309054
-1.470707684481499,0.6476251491567734,1.8125371217938764
-1.470531320700828,0.647425044522457,1.6160031306303428
-1.470920828373718,0.647039153194974,1.4241796055143765
-1.4714914545014424,0.6467453569797277,1.201816246536792
-1.472255503541844,0.6467913685707715,0.9769980594071428
-1.4729637553038224,0.646788259099123,0.7500423486140338
-1.4732505469842518,0.6466300805207785,0.5409626098262099
-1.4733665566843799,0.6463129267074608,0.33892371270803323
-1.4735589895437573,0.6458529254676256,0.15771000197198526
-1.4739085527221598,0.6457905985964986,-0.03773016817064649
