-0.8269758067643949,-0.640674195772891,1.6214766641318887
-0.8269562839884218,-0.640636025343964,1.5526392127759236
-0.8272394793917992,-0.6405831050831516,1.5659154851457786
-0.8273807897424688,-0.6405960395733359,1.5570755241066658
-0.8275510268015637,-0.6406068733040226,1.5510484596739187
-0.827530192886617,-0.6406124627746396,1.551594121189559
-0.8275130518264211,-0.6406156300885671,1.5520921088326958
-0.8274987054121102,-0.6406172420050166,1.5525691218820223
-0.8274857968177487,-0.6406181761017777,1.5530299107142793
-0.827474109754564,-0.6406188139096292,1.553468166116284
-0.8274956523937532,-0.6406185296045125,1.5521824547795062
-0.8274935431525338,-0.6406182948598381,1.5527720780324392
-0.8274819821412773,-0.6406186900156488,1.553196991916506
-0.8274713153430473,-0.6406190826557318,1.5536012334203786
-0.8274937767535698,-0.6406186205691053,1.5522860831119596
-0.8274926581527716,-0.6406183465189719,1.5528387510523627
-0.8274818486560321,-0.640618703450129,1.5532321582085578
-0.8274718432901873,-0.6406190628074689,1.5536063719336113
-0.8274949166145525,-0.6406185208410888,1.5522735088248742
-0.8274944476415715,-0.6406182446086537,1.552799644827785
-0.8274842187652772,-0.6406185848747383,1.5531673404373447
-0.8274747202941232,-0.6406189181084094,1.5535293026518369
-0.8274981125127711,-0.6406183172301144,1.552182375690366
-0.8274981411678785,-0.6406180427550153,1.5526855531088277
-0.8274883838128159,-0.6406183660769232,1.553041084873343
-0.8274791263565712,-0.640618682526348,1.55339873139742
-0.8275391936079489,-0.6406155047436974,1.5475520176772315
-0.827568259844509,-0.6406077022766342,1.5491705991083522
-0.8277771154526131,-0.640605655958666,1.5444320594561558
-0.8278416757712326,-0.6406076819277131,1.5409578622829376
-0.8278596864232454,-0.640608153222512,1.539850709545228
-0.8278674407282903,-0.6406075656354316,1.5394157118813743
-0.8278711774678713,-0.6406065349551513,1.539262235526303
-0.8278733666059606,-0.640605324669123,1.5392255035975675
-0.8278749582705974,-0.6406040440137678,1.5392369588910029
-0.827876316546243,-0.64060273788769,1.5392681830791317
-0.8275922813315836,-0.6410983912886807,1.345356209079707
-0.8282197045154523,-0.6414943526444065,1.1484090958947155
-0.828609796494879,-0.6416065526832343,0.9486343765176153
-0.8297280816227237,-0.6412305592464175,0.7737656773216448
-0.830227587927486,-0.6412178048753601,0.5878509585409547
-0.8304338356803592,-0.6414441264731925,0.39944316687851933
-0.8309465030298202,-0.6411527592040692,0.1913692929075595
-0.8311362420243003,-0.641872127259841,-0.010191578123886932
-0.8314682755699974,-0.6420361920454574,-0.19945987759727146
-0.8317386681680806,-0.6423695094277657,-0.40513488337729575
-0.832005532115591,-0.6424906760195456,-0.5984893797607289
-0.8322027059101937,-0.6421846776249583,-0.8163193859431809
-0.8316493903554856,-0.6410777923267463,-1.0276063257867667
-0.8315364144108118,-0.6406576656226263,-1.2039503750189557
-0.8314390498644084,-0.6399597813115704,-1.4064861838646776
-0.83165955363781,-0.6395884342141324,-1.5944259636153952
-0.8314626394349168,-0.6392106965541615,-1.7926082183910417
-0.831036808138178,-0.6385008344485745,-2.0118145699388643
-0.8307130206805676,-0.6385472124931459,-2.2068798097951925
-0.8304007588075538,-0.6383003324139321,-2.4086524493754577
-0.8294722122296098,-0.6390314275444573,-2.5894258215437995
-0.8290838603739595,-0.6394465493754408,-2.8032493718013463
-0.8289917040233425,-0.6391987696926518,-3.0074883887575496
-0.8287213103437318,-0.6388061743996459,3.0893601876368915
-0.8283855323575402,-0.6388499854706303,2.8822639830411854
-0.8282180979824326,-0.6392920837729624,2.6689634715447568
-0.8285926987730019,-0.6405854497651738,2.467458031529173
-0.8281105589692751,-0.6405950734419936,2.263251564442667
-0.8277665042149506,-0.6407394031130195,2.0704840215177756
-0.8282042192238169,-0.6412423847497085,1.8805066474254362
-0.8274839660261334,-0.641413330234664,1.6977066160580778
-0.8270716451316389,-0.6417673344551389,1.492618578328978
-0.8272247645147671,-0.6421439037224335,1.2791951466729605
-0.8277069783552514,-0.6421839226546079,1.0782957440681666
-0.8287745609429915,-0.6419247382354082,0.9166454947526437
-0.8292353141533692,-0.6418564772553735,0.7328423879114367
-0.8295398719409679,-0.6420829528120325,0.5411953916514683
-0.830176158471069,-0.6415018468239312,0.3294870202245002
-0.8304560170143441,-0.6413245467913846,0.13612533675255253
-0.8307623695866826,-0.6416685674564422,-0.06482456047739585
-0.8311291840415139,-0.6417366944359353,-0.2684364568378148
-0.8312856291521143,-0.6413765633727249,-0.47075031505833953
-0.8317723668621532,-0.6411185047710037,-0.6908365247414728
-0.8315095917071004,-0.6403115544731293,-0.9012354721768202
-0.8312131659730764,-0.6397934754857169,-1.0849070869090751
-0.8307276226437176,-0.6392499979064374,-1.273065244313017
-0.8305458752997407,-0.6388255806322642,-1.47184529577059
-0.8303843256117547,-0.6384026478013611,-1.6768107521198807
-0.8301114046537919,-0.6381352120336565,-1.8745494556584128
-0.829732753587616,-0.637602034159771,-2.1025773931723424
-0.8293725092546065,-0.6373757398719039,-2.2985546264044148
-0.8289004867126676,-0.6373143916095705,-2.506554226650768
-0.8284825429774181,-0.6372973130566602,-2.6997279873440148
-0.8277869570886082,-0.6376298158302514,-2.8995481019415097
-0.8272443919829849,-0.6379721689618533,-3.0964071192758493
-0.8267957294776959,-0.6381324472368275,2.9808023066033185
-0.8265252522148709,-0.6383070300961987,2.7800763523994916
-0.8265159081238381,-0.6388315081141661,2.577736304037975
-0.8262433093223486,-0.6389733938923564,2.3752991653862163
-0.8256693884375601,-0.6390689834850193,2.1765033641908227
-0.8264090155352957,-0.6399095370256082,1.9831432868371435
-0.8266162896019779,-0.6402897439640346,1.7901261847505416
-0.8261636720985981,-0.64046112170237,1.5951345187092625
-0.8260775095563027,-0.640857986839399,1.3938318929912297
-0.8263184205617149,-0.6410348295182436,1.1856582454273181
-0.8264768619577894,-0.6414834252428714,0.9735774200435006
-0.8264633141875745,-0.6420478358654002,0.7753273131274715
-0.826969447112224,-0.6420267902294142,0.5849409178952371
-0.8274812537204521,-0.6419823408135259,0.3824402269188394
-0.8280791472381365,-0.6415445629953249,0.19923919352547298
-0.8284606164305178,-0.6411630155409078,0.007239118142393199
-0.8289549902950049,-0.641489689984295,-0.19903480896712425
-0.8292270400774567,-0.6411828000768246,-0.39583415348529605
-0.8293087888402945,-0.6404987613137868,-0.6060639748779265
-0.8297854102295259,-0.6404069385032758,-0.8040373227705594
-0.8303134282364523,-0.6402293096650536,-0.9773555074092265
-0.8297309351441045,-0.6393594389882117,-1.1703980078934269
-0.8298659064157424,-0.6391291092352097,-1.380664598155045
-0.8295791870892363,-0.6385090255151612,-1.5791498292568902
-0.8293774051726596,-0.638131916018239,-1.7815068614716618
-0.8292196713305472,-0.6376369562577434,-1.9907849262140853
-0.8285434340450026,-0.6375176574517328,-2.194113418516153
-0.8277748781662059,-0.6376851086026625,-2.4084620926920706
-0.8269175585611851,-0.638233757194876,-2.6153522549334354
-0.8267143065789201,-0.6379407092708763,-2.815450644079609
-0.8261553959320961,-0.6379885565914818,-3.003411191220019
-0.8257392760239034,-0.6380832398227105,3.0739133454668237
-0.8254263699242099,-0.6385152786624713,2.869435439206435
-0.8256711889493211,-0.6389390969839593,2.660013271100286
-0.82571182694783,-0.6396974689081038,2.483819356398296
-0.8255315349515713,-0.6401413311666295,2.2637916233239195
-0.8256261374657459,-0.6407564699439925,2.045417506992426
-0.8259070652892757,-0.64126910077669,1.847179289821149
-0.8260007143017801,-0.641648461775011,1.6477212251892315
-0.8262698516196133,-0.6420596114333734,1.4518687764106808
-0.8260441066729687,-0.6421043385600649,1.2442065317311684
-0.8263096866997985,-0.6423765675235111,1.0461334527312633
-0.8271631263549215,-0.6421459618855906,0.8309444716333247
-0.8274709580633816,-0.6423394511749658,0.6449595298138188
-0.8278204983774785,-0.6423814578007302,0.44070198554133855
-0.8282064838230905,-0.6422306418147511,0.23611985506402047
-0.8283109378095691,-0.642441716859108,0.05210284323184731
-0.8284300453755511,-0.6428196943862715,-0.13608825399498137
-0.8290504482867189,-0.6432205724832886,-0.3486289707470505
-0.8295871726400034,-0.6434373801610528,-0.5553459903974494
-0.8295542046457081,-0.6427902089157507,-0.7272261268041206
-0.829261248797719,-0.6421156337126067,-0.9097928487370274
-0.8290285652989102,-0.6415484130696597,-1.09770274304781
-0.8288253418465503,-0.640976182615335,-1.2907356139069748
-0.8281020414849461,-0.6403372442952004,-1.4928190457628276
-0.8282348989540421,-0.6399830143747863,-1.6894787534212026
-0.8277702270703612,-0.639641106142063,-1.9059395323084087
-0.8273293460020439,-0.6393848466583175,-2.113085318079104
-0.826602950710143,-0.6395263654398003,-2.308338077971226
-0.8258385936379382,-0.6397873684568943,-2.510348822516232
-0.8252902087212701,-0.6397401573905261,-2.699285292804491
-0.8251879827312689,-0.6395411972166434,-2.9013511270234664
-0.8248688968156882,-0.6402586246730244,-3.0867828819942473
-0.8244833918924149,-0.6400889483523103,2.9927844055496577
-0.8238953786544715,-0.6396992755715953,2.773819158067032
-0.8244897974185491,-0.6404597440396463,2.580957417673813
-0.8239927497549412,-0.6406479235615539,2.3955770802534557
-0.8241668022411643,-0.6413368105969013,2.1962998586393185
-0.8248668347959437,-0.642395541573306,2.017135891599259
-0.824657724485902,-0.6422053787879992,1.837163887243182
-0.8249192807077138,-0.6431141739560735,1.6317226123830602
-0.8252183015107792,-0.6434749302976043,1.452711857646661
-0.825774292641736,-0.6437045075461205,1.242294561122713
-0.8261780466576459,-0.6441853945465115,1.04623159815082
-0.8267511943010577,-0.6442018840951216,0.8661447713313352
-0.8265771404536354,-0.645031686996372,0.6655770304969385
-0.8267187001484593,-0.6454601965251691,0.45154481128536855
-0.8269356387706062,-0.6456407228116087,0.27172235083800284
-0.8271114483924268,-0.6454898240503969,0.07566747760405836
-0.8274345905421595,-0.6459892631890208,-0.12224781473628567
-0.8277002172215729,-0.6457484472567747,-0.32181810177332104
-0.8279142450208526,-0.6452385317428447,-0.4998110401539443
-0.828385400722295,-0.6449849759357154,-0.7087140528917611
-0.8282596895181421,-0.6441780094042815,-0.9190825256676548
-0.8287719506020734,-0.6440940638595426,-1.1175236202067478
-0.8293061801123963,-0.6439932868272954,-1.317822711434637
-0.8292752100248252,-0.6435378363441981,-1.5012036844727248
-0.8295885523211396,-0.6433014649581911,-1.6963075009914208
-0.829864309565153,-0.6429406163867543,-1.8986453513987085
-0.8296533696910421,-0.6430543444056629,-2.1120659887396873
-0.8289888721676041,-0.642988795031548,-2.298984485407134
-0.828190883817367,-0.6432784388333634,-2.506439006168609
-0.8275644745766662,-0.6435104872334801,-2.7116358536807637
-0.8274225882017536,-0.6431442735358106,-2.909486535798479
-0.8271235416740707,-0.6428046382445237,-3.104373479042735
-0.8266833903599989,-0.6424593897977167,2.9656047538416446
-0.8263188808252601,-0.6427569509735092,2.765439367782751
-0.8261061868125091,-0.6430673675031559,2.560318388893465
-0.8258740483579887,-0.6434241249235382,2.3752823066870836
-0.8255483496303103,-0.6436570756506534,2.191735603684321
-0.8259192305626993,-0.6442915511973516,2.0115277165863
-0.826638324053221,-0.6450624767276221,1.8007971140021202
-0.826609139082361,-0.6454338952492666,1.606935249486027
-0.8262858294471574,-0.6457018055502267,1.432896393334871
-0.8268135052555097,-0.6459595691106369,1.218561997709178
-0.827170511734462,-0.6463097790555233,1.028901729592187
-0.8273314760711064,-0.6467456985987169,0.8234010672722999
-0.8276941194648054,-0.6469137281231601,0.6133627517755599
-0.8281427220706035,-0.6470824577967897,0.3931548352672692
-0.8282571678001145,-0.6471740313812357,0.18295717307677017
