-1.825599523951348,-0.387589439445712,1.6199703713332303
-1.8254974670700057,-0.3875468229455699,1.5697768639250342
-1.8253391826202952,-0.3875193565770443,1.582716153215117
-1.8248746246066523,-0.38750901213783795,1.5983009529236745
-1.8249171123426513,-0.38751697897035375,1.5947745416381844
-1.824938716582233,-0.3875194944911721,1.59433044065229
-1.8249389392547426,-0.38752071169698554,1.593720281991717
-1.824932189901205,-0.38752121535158035,1.5932920863719244
-1.8249227200215514,-0.3875214278680212,1.5929431984292384
-1.8249153851882847,-0.38752164347889323,1.5927409923124602
-1.8249137106812299,-0.3875219760231937,1.5927533817703232
-1.8249123501530837,-0.3875223040699528,1.5927979203026625
-1.824911096698325,-0.3875226293233948,1.5928561657569984
-1.8249098745292134,-0.38752295415774496,1.59292038975165
-1.824908660091572,-0.38752328023626476,1.5929872945937662
-1.8249074467303346,-0.38752360852444906,1.5930554788298257
-1.8249062329155976,-0.3875239395408888,1.5931243494505865
-1.8249050185005329,-0.38752427355724123,1.593193657039395
-1.8249038036196583,-0.3875246107187386,1.5932632978206969
-1.8249025884092736,-0.387524951108895,1.5933332296155662
-1.8249013729613077,-0.38752529478211495,1.5934034362519836
-1.8249001573316255,-0.38752564177948007,1.5934739125295714
-1.8248989415542742,-0.3875259921361855,1.593544657881267
-1.824897725651625,-0.3875263458849719,1.5936156737066716
-1.8248965096402499,-0.38752670305768916,1.5936869622525656
-1.8248952935340197,-0.3875270636859999,1.5937585261436948
-1.824910682666306,-0.3875247211823243,1.5973764213418227
-1.8249072436032714,-0.38752502756271734,1.5975404955899901
-1.824905138600012,-0.3875254814808414,1.5976574251587181
-1.824903591433993,-0.38752599986146374,1.5977559712221165
-1.8249022806580006,-0.38752654837343775,1.5978471933587
-1.8249010702862598,-0.3875271126087353,1.5979356600866943
-1.8248999028162927,-0.387527686540975,1.5980232614414016
-1.8248987539623887,-0.3875282676704029,1.5981107807357742
-1.8248976134878616,-0.38752885498057543,1.5981985443287543
-1.8248964770925196,-0.3875294480787013,1.598286690117796
-1.8248953429822048,-0.387530046834247,1.5983752783926466
-1.8245307847537566,-0.3878261688061263,1.4360816774274476
-1.824410331870843,-0.38807275868742724,1.223451058841888
-1.8243216754055134,-0.38822824868183203,1.0280249681760725
-1.824335730600729,-0.388683698214556,0.8849987443601847
-1.8253031292908002,-0.38808123949242423,0.6981574833942604
-1.8262767901967447,-0.3871726925396232,0.5085899090396403
-1.8261115021792673,-0.38776520651842483,0.306064851578781
-1.8266167461027454,-0.3875453349261738,0.10999247282689265
-1.8268469892551014,-0.3877465048175533,-0.08187383134389904
-1.8271829755959188,-0.38711394801201454,-0.28224175772856236
-1.8277301902505376,-0.38703644597424736,-0.5003506334630852
-1.8277350292933583,-0.386251351137459,-0.7133147374238373
-1.8280328679076507,-0.3859537565012603,-0.9313186056748726
-1.8278263300510529,-0.38543291691752823,-1.151755338893038
-1.82792628427803,-0.38531345869294337,-1.3310781492129264
-1.8281792597723556,-0.3849890812546403,-1.522338634572086
-1.82843120182422,-0.38466330467417353,-1.7100923757180697
-1.8280694584273371,-0.384298476270327,-1.9205736181259312
-1.8277869203476904,-0.3839873709876163,-2.1402134797955275
-1.827126843005569,-0.3840592108833643,-2.3331455096152203
-1.82653030999188,-0.3841374264607449,-2.519901209667866
-1.8259716781961066,-0.38413852585641584,-2.724357602429984
-1.8255669874117175,-0.38421322770684985,-2.923283623191752
-1.8250338852772645,-0.38442670078190233,-3.1302631125757654
-1.8245907693180243,-0.3846654644062873,2.948044116136412
-1.824376793362533,-0.3852995479237408,2.750986915855211
-1.8238915096853234,-0.38526259006100544,2.537574407392057
-1.8233712791723053,-0.38526894462846584,2.333552543418249
-1.824174126119169,-0.3862247605203433,2.110038522703707
-1.8241674477526584,-0.38657609456727426,1.891785314917959
-1.8237203183508306,-0.3868608878179608,1.716977228333816
-1.8240672722622433,-0.3873603176945053,1.5115902926233853
-1.8242883934046488,-0.38746500571984477,1.3232613267659177
-1.824506252791986,-0.3877116316668438,1.1258659009362508
-1.8250823834573908,-0.38787186502217996,0.9203736856830491
-1.8259338140672994,-0.3873304625384792,0.7299535492471758
-1.8263488230934608,-0.3874503336063296,0.5344655093344075
-1.8269528279676361,-0.38698645461266895,0.33648493314386596
-1.8273720045600894,-0.38683018208563197,0.1363768264101933
-1.8277163439100712,-0.38681579331696686,-0.06142065865577187
-1.8280541121297136,-0.3866981416474395,-0.2692308649277123
-1.8282091953868123,-0.38630940296439914,-0.4851613934004407
-1.8284604170545864,-0.38582654044783854,-0.6985263367858843
-1.8287389312369395,-0.3855353102585644,-0.8964978360591975
-1.8286238156580237,-0.38509512074163266,-1.0950887829838691
-1.828186227693209,-0.38461987449308577,-1.3106746271122138
-1.828248150167075,-0.3842724088345785,-1.520940908841374
-1.8284413573883669,-0.3838627862015915,-1.7226355478229929
-1.8279003352021865,-0.38375336044057445,-1.930444658473165
-1.8280448444451618,-0.3832457940892948,-2.1300089188494553
-1.8278914035567575,-0.3829416087559231,-2.314490222684902
-1.8270305170744139,-0.3834406222640291,-2.5050388252019684
-1.8267158139765722,-0.3832951756563868,-2.703593026306988
-1.826279971499015,-0.38343391532237203,-2.909840154582991
-1.8260425811704375,-0.38348493150210405,-3.0990177679664033
-1.8256484873761836,-0.38314131298049686,2.9963222019208664
-1.825246856571939,-0.38329925259823594,2.7865020737176454
-1.824587976315925,-0.38327112407323954,2.5936225638472226
-1.824236311066242,-0.38363883305954616,2.3789305523003135
-1.824582683281683,-0.3844142125853908,2.181028562715053
-1.8249000786149696,-0.384895032487399,1.9674912909689923
-1.8247291713503289,-0.38500963056930715,1.7796988994663925
-1.8240567708965285,-0.38514941653523793,1.5835792662489772
-1.8237782307722825,-0.3857487611385845,1.3883576902208363
-1.8242185852764867,-0.38600823099742093,1.1713216617615123
-1.8248363947102437,-0.38615374475950665,0.9825036337633007
-1.824821510083469,-0.3867015900384356,0.7683717246665148
-1.8253487734633869,-0.38675149268580566,0.5648451511897965
-1.8258553587105137,-0.3861918666346432,0.3468622753771597
-1.8261933314314753,-0.3861541179037894,0.16431141969747867
-1.8266632679815502,-0.3856694146654445,-0.046512419444557966
-1.8270347864335288,-0.38539223610588547,-0.25959761776399737
-1.8274582954806482,-0.38530713433086006,-0.4609867033532626
-1.828421440174441,-0.3857680494177296,-0.653530825524024
-1.8285942380815625,-0.38536859034931575,-0.8530670383736367
-1.8292609315718444,-0.3853896951334732,-1.0167212720712724
-1.82915133421853,-0.3849695750913077,-1.2141246811294466
-1.8286345976125007,-0.384580762069072,-1.3848134514715373
-1.8290745614604438,-0.3843055511378109,-1.579519953269563
-1.8288125338439483,-0.38384658449140374,-1.783513762525731
-1.8282188371698345,-0.3835584890890469,-2.0143788916407197
-1.827453261431631,-0.38340177441094,-2.2199411346784217
-1.8268775537054631,-0.3834874539544164,-2.3982413564860767
-1.8264093771273424,-0.3833248080840596,-2.619097792748206
-1.825283362453763,-0.3842738622137388,-2.8372426206422205
-1.8248576977893727,-0.3838884406721986,-3.0441740911476898
-1.8244509914745937,-0.38400568738084767,3.031420402557024
-1.8240107892044217,-0.3838317662638953,2.853797882768124
-1.8240937942730513,-0.38459087564349653,2.6361307163590797
-1.8240201878766815,-0.38477259228733784,2.439807581197
-1.8241257616380802,-0.3854636698039442,2.2389286775129653
-1.824140917198707,-0.3858768066264204,2.0325572549593693
-1.824157987647559,-0.38618549819304204,1.8319448669469556
-1.8243836162918179,-0.3865318951128444,1.632440493863515
-1.8242248827890712,-0.3868385918914928,1.4375487060806336
-1.8240881031456573,-0.3871888914225771,1.2299755271405937
-1.824562227114062,-0.38727777735820235,1.0253497881603848
-1.8246944236154903,-0.38760417011118947,0.8378238455720137
-1.824996220282243,-0.3879035035084792,0.6267310026989861
-1.8262111948673083,-0.38650229357801497,0.44654442523991106
-1.8263615210441018,-0.3868320839864552,0.2543477658644515
-1.8270875770351074,-0.38630582374563155,0.051523774942355244
-1.8274315256203708,-0.3863952430101548,-0.15482815976388595
-1.8278211379887614,-0.3862259741969584,-0.3656270976453067
-1.8275599090485082,-0.38541084188549707,-0.5784624155263264
-1.8275856354719087,-0.3847948917991885,-0.7851475306858106
-1.8275172113706522,-0.3841399977060376,-0.9560418459334048
-1.8274987167979728,-0.3839369297649471,-1.1445981394850495
-1.8278555859027337,-0.3838380586068254,-1.3412725097626512
-1.827487507744507,-0.3831362792435472,-1.5428907025531797
-1.8272851784885984,-0.38279734223271,-1.7429436269561807
-1.826639738677568,-0.3827617551092839,-1.9320148586755677
-1.8261848768550375,-0.38233265940934996,-2.12115157157624
-1.8256198326425639,-0.38269479200510415,-2.30555465943323
-1.8255086135396377,-0.3820568787811247,-2.5132955420526595
-1.8250276520570032,-0.3818117506653925,-2.688097249360518
-1.8245918794479283,-0.3826048899567243,-2.877372825242242
-1.8242290840497375,-0.38280537175301255,-3.0613167292463483
-1.8237982876508652,-0.3829406927656916,3.01236685357
-1.8232782301295694,-0.38261807286788746,2.779579839623912
-1.8230586755102,-0.3831291196836285,2.553877938752003
-1.8226515967943608,-0.3832823858697317,2.3490158284650127
-1.8228330334903944,-0.3838910638539622,2.1714048058566204
-1.8231193729010788,-0.384756256230969,1.9779596305813165
-1.8230784506433964,-0.38489807921928704,1.7808771926611875
-1.82294824112914,-0.38547933232724707,1.5958028407035056
-1.823448308054927,-0.38586313086133645,1.4011078361317515
-1.8231384180505328,-0.3864240588937332,1.181642601806157
-1.82337710430132,-0.38689379401109225,0.9812708113898697
-1.8239514764734024,-0.3869096347279207,0.7779444014105437
-1.8242036245963407,-0.3872386797157335,0.5948428519900929
-1.8245276061715066,-0.38717900492799595,0.3877816144001373
-1.824801231913987,-0.387436487042214,0.1945542257041205
-1.8250990739139807,-0.3877148683602047,-0.0018103626929635809
-1.8255490490739226,-0.38761504110903355,-0.2109633952928873
-1.826244908870219,-0.38774854774350054,-0.4154679854594515
-1.8270375152779175,-0.3880871552087431,-0.6372596826342437
-1.8275769834410482,-0.38782989657285105,-0.8369822613545943
-1.828375103604367,-0.38794261117773,-1.0379915553258534
-1.828773301120025,-0.3879544501036354,-1.2350662927209046
-1.8294025351039052,-0.387796015114849,-1.44260693015612
-1.8294763023135945,-0.38744945596729324,-1.6475099238521165
-1.8290808887223753,-0.3869049014080196,-1.8477377993921191
-1.8292406793765672,-0.38611257872578425,-2.0362163758578418
-1.829158544191986,-0.38579696530457197,-2.230147172162936
-1.8283839845249057,-0.3859714714284725,-2.4219986480001987
-1.827864801544163,-0.38607707239781974,-2.627723441564307
-1.8273076537797666,-0.3863989081528899,-2.814054744060749
-1.8270058172101402,-0.386246657870359,-3.0141205906336674
-1.8267529567796046,-0.3859401269565595,3.0888791771305577
-1.8265413879480772,-0.3857990076737994,2.909352372779957
-1.8261702047888129,-0.38596023996159634,2.696906506647059
-1.8258884326546476,-0.3865630745320726,2.4967586884389443
-1.8263212117379883,-0.3875343232637186,2.3080857942642963
-1.8268008197399062,-0.3884739333744502,2.132278289103549
-1.8266772193749328,-0.3886550456528021,1.932483576001237
-1.8266489361389748,-0.38906559823847187,1.726543843923357
-1.8264407696228155,-0.3893327533707756,1.5302110747393467
-1.8261116276721923,-0.3897299667735025,1.3209794003780764
-1.8264489751140252,-0.3900594251446835,1.1066366360774447
-1.8268901545189786,-0.39049534363657523,0.9083020826975284
-1.8269995947335773,-0.39090284077540266,0.6990651522734894
-1.8276896664150293,-0.390499853985668,0.5244671746923365
-1.8280450037582374,-0.39067584627078816,0.3359333646254276
