0.7484402224425676,-1.7754120492656205,1.5860399147701183
0.7476401193435123,-1.7754446732060762,1.5757786108406773
0.7477215966831532,-1.7754711590000196,1.5632741624385096
0.7484856854628826,-1.7754679562675355,1.5666362177620583
0.7485594162406587,-1.7754699967999632,1.5659033600264158
0.7485801601722011,-1.7754707606587434,1.5657311845562165
0.7485855821916012,-1.7754711817998556,1.5656255423141068
0.7485864609673887,-1.7754714456885932,1.5655523006324648
0.7485859887845978,-1.7754716379524609,1.5654945210556845
0.7485850875134762,-1.7754717973704497,1.5654440931480227
0.7485840842601486,-1.7754719422813174,1.5653969867388677
0.7485830456662643,-1.7754720808392552,1.5653513491683204
0.7485819942255302,-1.775472216675005,1.5653063495733037
0.7485809377007436,-1.7754723514028357,1.5652616163796866
0.7485798788597448,-1.7754724857398385,1.5652169840811898
0.7485788187247933,-1.7754726200048332,1.5651723791750494
0.748577757687537,-1.7754727543401239,1.5651277690969219
0.748576695903857,-1.7754728888098763,1.56508313945649
0.7485756334385504,-1.7754730234436964,1.5650384839193061
0.748574570320139,-1.7754731582559222,1.5649937997173464
0.7485735065623665,-1.7754732932541548,1.5649490856609432
0.7485724421728148,-1.7754734284430318,1.5649043412585015
0.7485713771564901,-1.7754735638258932,1.5648595663273788
0.748570311517312,-1.7754736994055191,1.5648147608216736
0.7485692452587549,-1.775473835184457,1.5647699247561855
0.7485681783841228,-1.7754739711651621,1.5647250581729002
0.7485689003022915,-1.7754749267403593,1.5641110807905607
0.7485681542728629,-1.7754751473469486,1.5640462599994711
0.7485672080617214,-1.7754753218437533,1.563993132087968
0.7485661860745009,-1.775475477079245,1.5639444521388648
0.7485651351733151,-1.7754756239086285,1.563897734823893
0.7485640726716519,-1.7754757671513992,1.563851873637777
0.7485630051934433,-1.7754759089468126,1.5638063763848078
0.7485619353568195,-1.7754760502445008,1.563761024543751
0.7485608642270586,-1.7754761914666515,1.563715721242657
0.748686827171911,-1.7757961457536737,1.3809266172163583
0.7482684122352389,-1.7760159894100358,1.17465109032092
0.747802469924034,-1.7762348305426081,0.9496915587728468
0.7473920112960238,-1.7762261719949353,0.7562578581422045
0.7467050414958102,-1.7760059954834408,0.559117127143011
0.7459616031491274,-1.7751700529224361,0.3584504308380695
0.7455883824078385,-1.7749102364615972,0.16087755985491814
0.7451338843695957,-1.774864656086985,-0.04252062470048813
0.7448739459107253,-1.7747107208059565,-0.23743908847865555
0.7445572059311355,-1.7741714378864437,-0.45605054582169885
0.7442249117653665,-1.773930407395927,-0.6830593199239724
0.7440123341616033,-1.7736148967562526,-0.8867469727575843
0.7435563964798435,-1.7734358261142487,-1.09604055424237
0.7434848009085994,-1.772865893466597,-1.289974842821362
0.7435723480590068,-1.7719861547830422,-1.4680117500373675
0.7436087361985091,-1.7715750008037534,-1.6688053384219008
0.743806429878075,-1.7709660224401758,-1.8690037418766199
0.7444734178377221,-1.7710085073257655,-2.0608325276124067
0.7452411089091565,-1.7710695141154376,-2.296860230925346
0.7458124699601588,-1.7710227836179937,-2.5012268977872303
0.7460389840008224,-1.770759228121547,-2.699635004394468
0.7461900140140092,-1.770609413451778,-2.914903840712855
0.7465459640652936,-1.7704904025756332,-3.1084501749889744
0.7469086249375505,-1.7705364330248738,2.9843142175535458
0.7472520788144085,-1.770851918353034,2.7808913092491085
0.7469288934940677,-1.771983705845947,2.5977729458649566
0.7470618867441406,-1.772542858372558,2.3948349951321886
0.7466729250453165,-1.7733525651724433,2.1736365291937223
0.7466200018168403,-1.7735884583679495,1.9831334866244787
0.7465654288556318,-1.7737969753603597,1.7885242572358973
0.7469104635781758,-1.7741284849413068,1.593016763479775
0.7470979045269712,-1.7745186693012371,1.394435352265056
0.7467860432746664,-1.7749567332793956,1.1647892558925623
0.746333674588257,-1.775475790305595,0.9725025224532418
0.7458854184708453,-1.77563339215632,0.7416546099611906
0.7455268972216721,-1.7756403625076196,0.5316728026422801
0.7453945262783235,-1.7757604484292724,0.3512474267133367
0.7448920976651074,-1.775148268741332,0.13372796687937338
0.7444975454167226,-1.774590337485252,-0.05527122957878247
0.7440878772184487,-1.7746252961034532,-0.2660840323146461
0.7438127966788948,-1.7738920946833387,-0.47884903117860295
0.7432122447703571,-1.7738235988406983,-0.7018906320267836
0.7426420948150827,-1.7739678826836347,-0.8812691218560754
0.7422118617313956,-1.773895267939156,-1.083274252824302
0.7432205101902132,-1.773051492995678,-1.2945513054295343
0.7436506086167108,-1.7723264088098736,-1.4932836120825028
0.7438062876018968,-1.7718341029498221,-1.6923201989390122
0.7442803885853215,-1.7717017039627403,-1.8953663495783077
0.7447429843578717,-1.771637992505365,-2.1145551167508936
0.7451702695485592,-1.771483499718081,-2.3171126770343675
0.7461363613712403,-1.7720996537444624,-2.5279251268723573
0.7469227769432395,-1.7727755519367387,-2.729362647732653
0.7471692616712733,-1.772658008261788,-2.9627912930398232
0.7476685360374377,-1.7728379309671483,3.12088507194518
0.7481237219881901,-1.772760952086217,2.9099891699338385
0.748478091785149,-1.7730534450452258,2.7081610343717175
0.748552258875942,-1.7736156057307162,2.4727354462712587
0.7489213858229643,-1.7738392163011447,2.2818888647289963
0.7483802080592157,-1.7745693613134619,2.1092591681420716
0.7481127267690627,-1.7752182063002215,1.898095111134079
0.7482367043629159,-1.7756794296331084,1.7098598579847581
0.7483229173934356,-1.7759073979200575,1.5190555209725134
0.7483326695321616,-1.7763641541700468,1.3245837935642906
0.7482443782065863,-1.7767075661509797,1.1212291072946547
0.7484971236066476,-1.7775233485064246,0.930870442314545
0.7484592253342491,-1.7779050525136717,0.7255520727062474
0.7479601232220994,-1.7779354999877905,0.48733342372417243
0.7474565274807282,-1.7778535473307566,0.27801473064753923
0.7471686560249978,-1.7781509581800872,0.08183078069294338
0.7467652433875739,-1.7784461774989209,-0.12487954854030638
0.746547749929444,-1.7777958085694383,-0.3281090950594276
0.747001477820561,-1.7760288565858506,-0.5015173580857488
0.74681922265839,-1.7755111643104908,-0.7141980647918403
0.7469759377629109,-1.7749687101932614,-0.892781024357323
0.7472596709382849,-1.7742486282240735,-1.0843439027844457
0.7468893344295215,-1.7740558684474745,-1.309714830151752
0.7472736935075125,-1.7732828309544977,-1.5210300650235824
0.7472937102688306,-1.7729159076060013,-1.6883098720085927
0.7476970550917614,-1.7726516318029502,-1.8850065673172702
0.7474102519823503,-1.7717713420265921,-2.0830430705435283
0.7477653768402434,-1.7717791314887108,-2.2849053847910414
0.7481786637075556,-1.7717146174536138,-2.4886405993783085
0.74858849238015,-1.7714228332790416,-2.7184612378797417
0.7492763953172349,-1.7716076488861912,-2.9244461724859963
0.7499505980681104,-1.7717590876970513,-3.1262721286675603
0.7503539984946507,-1.7713202704381963,2.959531495001413
0.7505542145868475,-1.7717556400397043,2.7548244856892867
0.7503536880629078,-1.7725465509603844,2.5346177630195568
0.7507450371447159,-1.7729178849685614,2.3191744085507335
0.75060039686287,-1.7734191840809352,2.1155451019692357
0.749692005067382,-1.7741562081498188,1.905220627520024
0.7503459620157075,-1.7743675209053662,1.7198370588329321
0.7503077886685338,-1.7748597407952613,1.5198921447367375
0.7497862622811928,-1.7751974714244156,1.310904231064536
0.7493987959118219,-1.7756157292410266,1.1180083761228383
0.7495269737544688,-1.7763508019847438,0.9027419284937619
0.7489755379808872,-1.7761942146866583,0.7018979259931054
0.7486474165454233,-1.7765575894234815,0.4630979293306029
0.747896509458135,-1.7761713011805447,0.250657424063466
0.747323599675827,-1.7764710399098225,0.04925062791263312
0.7469687230125382,-1.776087468445034,-0.14789691805134247
0.7462218614193353,-1.7762137775462354,-0.3539045721921336
0.7460441214008432,-1.776035610367395,-0.5550320211304283
0.7459581340077703,-1.77546432539244,-0.7530405236412837
0.7465110021468002,-1.7746375005863242,-0.927949784388591
0.7465659433849172,-1.7741678110025025,-1.126289914167631
0.746646200651694,-1.7742294619737626,-1.3075943068670721
0.7467966787644887,-1.7736540260009819,-1.5086619727345971
0.7470154665329833,-1.7732090996609953,-1.7115458550464273
0.7470498780582989,-1.772933095527213,-1.9005999136221094
0.7475307610353523,-1.773083341200536,-2.099648282721584
0.7474636943543488,-1.7723633505203864,-2.2915117460491685
0.7483226848127406,-1.772858086013095,-2.4850155133510516
0.7487768841667728,-1.7728628185476065,-2.7006968276791787
0.7491657835566844,-1.7731462960954494,-2.91787213651836
0.7493693326420644,-1.7728409577720017,-3.103052282264716
0.7498010278629814,-1.7730360628793829,2.9769610067945274
0.7498784682378965,-1.7728102790915994,2.7755470014776535
0.7499217560371647,-1.7732376780260817,2.5893432795127915
0.7500224981333993,-1.7736988500366435,2.383054080819435
0.7503594863044494,-1.7739998493157019,2.168930814646664
0.750215474435309,-1.774424090701288,1.9544641822793625
0.7503597140452889,-1.7745183817382815,1.766546354129256
0.7507178452775465,-1.774715359801447,1.5786967994412402
0.7509029011023242,-1.7749143297660197,1.379407747564661
0.7509971938457616,-1.7753419997040198,1.170225742753416
0.7505677744743213,-1.7755256808821838,0.9923700708405636
0.7506473675382337,-1.7761062318002585,0.80533424078684
0.7495353536577698,-1.775343336107408,0.6154275095979409
0.7489918758249033,-1.7751280590695235,0.4389833561331259
0.7487617484870543,-1.7751316819409477,0.23450148808920096
0.7486990510141094,-1.7750515011930676,0.04625315942565474
0.7483387466714134,-1.7755699588473932,-0.14721460987522578
0.7477679272010684,-1.7754505333095139,-0.36860974586205
0.7476459009393237,-1.775124007314512,-0.5699737090736352
0.7475081889313792,-1.774456581365979,-0.7986718601006366
0.7473198027095844,-1.7741989396463806,-0.9886779452817956
0.7470434091404053,-1.7740499272499992,-1.1800142085202168
0.7471658501877383,-1.7738893766828123,-1.3557649738532886
0.7466517537086566,-1.7737556817926674,-1.5542662507879403
0.7465268950507843,-1.7732763791874633,-1.7544074058838801
0.7463730153975642,-1.772824261515427,-1.9624566970327837
0.7466044390665095,-1.772669494020149,-2.158044485223451
0.7471440750968028,-1.7724656312178928,-2.3868928689345896
0.7477492476777355,-1.772677061363374,-2.604735144991671
0.7482940438593022,-1.77326266058834,-2.7845588379930826
0.7482467562673843,-1.7731516394289215,-2.9662088466203733
0.7485672934431389,-1.7727052648995498,3.129583843780032
0.7489599250779746,-1.7726007331077531,2.924000449379005
0.7489952795808456,-1.773460946566837,2.734619215449183
0.7489382078982632,-1.774285650700483,2.528998079297177
0.7490142024380836,-1.7747192631263498,2.3294123031171936
0.7493168066757756,-1.7749789521648904,2.1218276361671276
0.7493540139716639,-1.7752564941931837,1.9338316820896229
0.7496654285202933,-1.7755388983070788,1.7412397544571097
0.7496323390148706,-1.7761540692942455,1.547796002923779
0.7491130184420162,-1.7764740776411188,1.3362530875723801
0.7490639305744441,-1.7764302208960676,1.13462520116757
0.7491926033887734,-1.777120298783436,0.9756381720052958
0.7486883443222014,-1.7772755666408682,0.751796448883622
0.7483554718404866,-1.7774288499610729,0.5838547389051
0.7481153469272769,-1.7774911225433576,0.40533310947887796
0.7480553652648374,-1.7776798045435813,0.23116632703186987
0.7472835660714451,-1.7774059750844389,0.03626485796046011
0.746981221714572,-1.7773176379432087,-0.1531716565929341
0.7467662886799205,-1.7770834899414052,-0.35461995084287645
