-1.2532394594805716,-0.22899835381482955,1.6209447879438428
-1.253185886384885,-0.2288475188570917,1.5787466920085234
-1.2526478059078676,-0.22881838653536524,1.5838741001552437
-1.2524590779618159,-0.22882118614037644,1.5904439492694082
-1.2524832473033425,-0.228826076194707,1.5876431703405764
-1.2524868901634625,-0.22882737440471815,1.5871941413092567
-1.252483046698638,-0.228828106642974,1.5866410033763965
-1.2524760880309658,-0.22882845643498861,1.5862497154914776
-1.2524678618431497,-0.22882864692017338,1.5859268391736576
-1.252459118372322,-0.2288287705423157,1.5856324811358737
-1.2524501632831582,-0.22882886551563858,1.5853497889494068
-1.2524411198611598,-0.2288289477094066,1.5850716399938634
-1.2524320358968597,-0.22882902381138104,1.5847949411277842
-1.252422928445142,-0.22882909672287138,1.5845183118027253
-1.2524151604381555,-0.2288286983180319,1.5848243582079913
-1.2524069424583268,-0.22882920097585996,1.58405888427829
-1.2523993575373915,-0.22882882536824614,1.5843615104906015
-1.2523925789680648,-0.22882886455902152,1.5841772144959425
-1.2523859713784333,-0.22882892183872208,1.5839919452601219
-1.2523794117486335,-0.22882898386660216,1.5838057421931604
-1.252372858723699,-0.2288290466270537,1.5836186302867605
-1.252366297635968,-0.22882910893612868,1.5834306047940478
-1.2523597221433165,-0.22882917048052678,1.5832416203368045
-1.2523531287495437,-0.22882923123318877,1.5830516190920072
-1.2523465148061963,-0.22882929126229867,1.5828605337920107
-1.2523398779280719,-0.2288293506696516,1.5826682921214783
-1.2523352221631145,-0.2288281371114245,1.5840663883284056
-1.2523330014908365,-0.22882810093080372,1.5840779608674096
-1.252331847330609,-0.2288281340453715,1.5840962532467855
-1.252331052527707,-0.2288281906603629,1.5841171287744793
-1.252330377600037,-0.22882825535856263,1.584138973712403
-1.25232974338817,-0.22882832304651415,1.5841612386400798
-1.252329122690751,-0.22882839200112742,1.5841836981366435
-1.2523285061874978,-0.22882846164590945,1.5842062582901573
-1.252327890708897,-0.22882853179156185,1.5842288800737578
-1.2523272751871721,-0.22882860237800212,1.5842515473303767
-1.2522891450593239,-0.22914810546732198,1.417305491522624
-1.252667519375687,-0.22913460332889896,1.2088565479349018
-1.253715696779801,-0.22899387148398623,1.0454901513459145
-1.2536947827523965,-0.2293828980129692,0.8424492965287333
-1.2542488196085366,-0.22933371277237335,0.6449545321150288
-1.25464483977642,-0.22907716200925765,0.46539718618537174
-1.2546757241901452,-0.22949688503552226,0.2766030358126467
-1.2548053580154899,-0.22983122124533797,0.07755344970476824
-1.2551765956815781,-0.2302049679728106,-0.12305337914617542
-1.2553220692226932,-0.2298484491455733,-0.30699470967894044
-1.255375980665822,-0.22942243902968285,-0.494999368565358
-1.2555234946456406,-0.22916363025559908,-0.6785843910037649
-1.2550146759586462,-0.22820717418666822,-0.8572190117542934
-1.2549610924097645,-0.22791073815993232,-1.044811983130808
-1.2553495665355767,-0.22760691078835876,-1.2337118200103634
-1.2556276458815505,-0.22774330505705132,-1.4263818263732264
-1.2556077929886955,-0.22728227363467404,-1.610134888006884
-1.255569136566281,-0.2267735104539411,-1.8356590820206415
-1.2552615881100042,-0.22651028626539357,-2.058958988223765
-1.2547601745245072,-0.226205339302922,-2.260459611822783
-1.2546459811688893,-0.2258226347727749,-2.425276390137477
-1.2544900874201297,-0.22551447269349145,-2.602153861156569
-1.254338431929109,-0.22527295882248788,-2.8010435584597495
-1.2542414914925735,-0.2249632584766707,-2.9917575773644836
-1.2539221801657343,-0.22476080428048317,3.0887292044979433
-1.253490285285442,-0.22444817514683338,2.888437285493498
-1.253364468326229,-0.2246713446534347,2.703735317594462
-1.2527832390807845,-0.22483932810002907,2.5032625856141655
-1.2525578851952976,-0.2250566519705055,2.3136562177551787
-1.2522984389022136,-0.22528719022058336,2.095744766233622
-1.2522198017507944,-0.22568576156740353,1.851603759526005
-1.25199464298578,-0.22583808235068561,1.6649570533993618
-1.251444631698477,-0.22614848219703718,1.4772721182123116
-1.2519031648579844,-0.2264734414830491,1.2693821160675007
-1.2521482252437552,-0.2269523764281912,1.0625351455689325
-1.2522936227729262,-0.2273461812600186,0.8692965956287425
-1.252552287635947,-0.22754059266873153,0.6587896692189544
-1.2529884681216916,-0.22762556572568046,0.4552651902849772
-1.2531281368733913,-0.22795269358319625,0.2737180709202512
-1.253565572174895,-0.22797684201050114,0.07316281246601695
-1.2539746062916979,-0.22776087248310437,-0.11729757377593981
-1.2540150722205334,-0.22727929911695405,-0.3084190247162311
-1.2541952637973652,-0.2266428316482686,-0.5176539456746921
-1.2541608655269985,-0.22607398208922064,-0.7127816063830479
-1.2544047796046314,-0.2257304718473799,-0.9262604642204708
-1.2540644740027016,-0.22499178396060776,-1.144056203678361
-1.2541278082205842,-0.22445915717097648,-1.3430684788749043
-1.2544871612874071,-0.22390035096668218,-1.5373026131927854
-1.2540392868881962,-0.223555909789171,-1.7383560954902728
-1.2537536827117424,-0.2230390450215422,-1.9197298626715755
-1.2534463426720084,-0.22301285330618112,-2.1223823414964453
-1.252392529378856,-0.2234760636497788,-2.2869805467888007
-1.2519764381317404,-0.22342768253148684,-2.4809486166110517
-1.2513680104304807,-0.22310285756759746,-2.6642703798316894
-1.2512383070713342,-0.2231128719330772,-2.852171527184744
-1.2508602691985498,-0.2234794644738369,-3.0466210751836305
-1.2505236769366972,-0.22317982196548922,3.035411331092814
-1.2503555723988844,-0.2236482448402717,2.815112468535458
-1.2499291426999286,-0.2239238768022817,2.582703593568135
-1.250417731998831,-0.22521117960060716,2.401038168998629
-1.2503361051453068,-0.22566330453345668,2.1996057711965067
-1.2503874223477898,-0.2262524878649765,1.9849540107855437
-1.2497627480700675,-0.22639294267271842,1.780105361866955
-1.2497770771377883,-0.2267576475360709,1.5765204200513838
-1.2494492628994402,-0.2271065671365076,1.3736636996301608
-1.2492885795542317,-0.2274512824109357,1.1599891426757243
-1.2502283331129642,-0.22743453493491028,0.9482273245090646
-1.2508009974199321,-0.22737854647311517,0.752953705363063
-1.251258677295007,-0.2272962658840603,0.5447973891296011
-1.2516484011530444,-0.22744016751284218,0.3691355748246924
-1.2520794501413668,-0.22712748324961385,0.17249936372561178
-1.252416343801446,-0.2271536437261078,-0.00864216733618355
-1.2526860787791296,-0.2273819254336448,-0.21137188198659054
-1.2529888406469225,-0.22678630656262735,-0.4154746644429908
-1.2528991162795913,-0.2261930703190771,-0.6283583138198333
-1.253044654955028,-0.22593017948663416,-0.8464769998992275
-1.2530800585336048,-0.2256616540738937,-1.0114243845309538
-1.2532374458535962,-0.22530743442771906,-1.1963253081735707
-1.253441704938121,-0.22525635495801116,-1.3761853280318315
-1.2531833483629975,-0.22487482614171408,-1.5830926440536786
-1.253087629647709,-0.2245162974031927,-1.7874581272443397
-1.2525602495798611,-0.2242105296142888,-1.9879447368455678
-1.2521007339837475,-0.2241487006300699,-2.1891503004210797
-1.2522520800823511,-0.22367027210342244,-2.3808775236579063
-1.2518650574501076,-0.22338492132941903,-2.6017218789798675
-1.251264257741592,-0.2236663094621425,-2.825104522389646
-1.2508074856207063,-0.22408377505873958,-3.0208782084695285
-1.2504329781256596,-0.2236087155406598,3.0582809166116243
-1.2500466003704285,-0.2239340427174451,2.8479336111097986
-1.2498336031344703,-0.22439423516492804,2.6286671957897854
-1.2493446683550764,-0.22462178759265977,2.4461972058033257
-1.2491715383936448,-0.2249849782450257,2.2559723145709563
-1.2497966304941097,-0.2257733970964107,2.0610176034494354
-1.2496563454517513,-0.22640078701843308,1.8847970411472228
-1.2492619010247585,-0.22677113773042412,1.6933599828930417
-1.24917191918626,-0.22711738759256894,1.4953838881613202
-1.2496112345213624,-0.22744010222815575,1.281575654981355
-1.2499453416500914,-0.22767999554781915,1.0735671427561848
-1.2502142347495204,-0.22815990939511044,0.8858035377805226
-1.2504894057518094,-0.22846442549565624,0.6693865039859211
-1.2509559938855817,-0.22841488520872172,0.4982362791794152
-1.2516634739628447,-0.22809317042112476,0.2803198442922368
-1.2525072243106938,-0.22752746684713354,0.09457234668777297
-1.2528907283627064,-0.22769731966300316,-0.09261732647204823
-1.2535887744712293,-0.22833016325067518,-0.28490511043856814
-1.2536076555588385,-0.22758274901770797,-0.5022736475394969
-1.254360849098615,-0.2279219499200475,-0.7027108876120156
-1.2541181337096567,-0.22715544402510848,-0.9140035042458788
-1.2545353920178248,-0.22684315173326647,-1.123880552188263
-1.253548199710983,-0.2261412065318235,-1.3164009832571208
-1.2534283814033715,-0.2257791285794833,-1.5055770357567915
-1.2534557700822868,-0.22539384345966568,-1.6992879194017902
-1.252869623584095,-0.22501882430221412,-1.9179692648226283
-1.2522510268072131,-0.22498465243168456,-2.137446685031936
-1.2519725137605422,-0.2244261625412426,-2.3264860712815856
-1.2514644668021746,-0.22454589308226583,-2.5216466674457223
-1.2508921894591016,-0.22463935985908004,-2.741098448754113
-1.2508734867588627,-0.22486125840974383,-2.9191334042313715
-1.250830608320806,-0.22472259441186945,-3.1097093935515647
-1.2505174737879292,-0.22440613444729973,2.982925950360889
-1.2502831647882342,-0.22538325625066002,2.7682118242352303
-1.2501284914203596,-0.22605865095897082,2.5498813836829672
-1.2508020098031754,-0.22736745268749547,2.363338587605847
-1.251160465122471,-0.22821895281783836,2.142120566833643
-1.2514282550051634,-0.22869275786118143,1.9634995806952307
-1.2512308047317058,-0.22899648583223448,1.7598209746591134
-1.2514029577066177,-0.2293751108158649,1.571010718626764
-1.2514684778201066,-0.22978304255481086,1.3745310674292743
-1.251774217119733,-0.2304113279576279,1.1597226685453919
-1.2529800354210914,-0.22998080139634758,0.9740019839740169
-1.2535415558757845,-0.22988185336422443,0.745033979217367
-1.2532423255193599,-0.23086059652914523,0.5849552079527935
-1.2536190875577722,-0.23103419137676964,0.38401329396028455
-1.2538588829753547,-0.2310217450472423,0.17986029747747398
-1.2539556389402207,-0.2315475124173672,-0.008189145274397498
-1.254411115316487,-0.23196255087302836,-0.2282571892744741
-1.2550046677593905,-0.23159066349812896,-0.42323213882370403
-1.2550080154070014,-0.23081014996548324,-0.6297622951662091
-1.2555356522765846,-0.2308157292012271,-0.8538491369322033
-1.2551474020580708,-0.2303408724432652,-1.0412914233854662
-1.255620951352402,-0.2302238881318889,-1.2603170026662334
-1.255913937338855,-0.23000742912206248,-1.4446172417046284
-1.2562250346981254,-0.22968768700448855,-1.6514138967012355
-1.2564496972627064,-0.2290500154819842,-1.8606986428229588
-1.2556950174292805,-0.22897883855482196,-2.0421636903508262
-1.2546175757831768,-0.22928486894531497,-2.24286781205509
-1.2535175493568587,-0.22984446778782633,-2.430854005202306
-1.2530626193276428,-0.2298124420148999,-2.6436986628569743
-1.2525697977678392,-0.23007705655075075,-2.840568466906888
-1.2520066469167852,-0.2305282182494162,-3.0488433691947283
-1.2516213426345224,-0.23106061735918854,3.0378808267240265
-1.2513949816802274,-0.23174653185111949,2.836793632242045
-1.2511866967879803,-0.23240748604558323,2.6211739374365544
-1.2513081434187998,-0.2333055570806457,2.433828662185819
-1.2511886469619287,-0.2335938187601087,2.2430619532082012
-1.251637065998957,-0.23432235865013926,2.034883056684783
-1.251691253706719,-0.23485804385630793,1.8212671007524073
-1.2518624929139002,-0.2352484081233472,1.627137741004056
-1.2520457341847677,-0.23557168503167056,1.4358975251167934
-1.2521033045758052,-0.23596668777938898,1.2173178631129429
-1.25239411374629,-0.2362108057701467,1.0025048320587377
-1.2529141508514992,-0.23639634521713995,0.7899720959163565
-1.2535739610394787,-0.23611501521997402,0.5753843273454652
-1.2538011501470974,-0.23649850809412074,0.35795507539207927
-1.254876258125066,-0.23586256320337257,0.16976571515918545
