0.7613896556011849,0.7181819853845334,1.5852369264696808
0.7608327588140928,0.7181381664797819,1.5656343203863248
0.7617986727761569,0.718134217824817,1.5641950184565616
0.7619573981491082,0.7181355183007105,1.5645221590652718
0.7619977637245314,0.7181360017808099,1.5646830196360177
0.7620084437729279,0.7181360965190314,1.5647086581305603
0.7620106804546293,0.7181360509474759,1.564689399964418
0.7620105304337011,0.7181359504237768,1.5646538934042928
0.7620096465136698,0.7181358280199611,1.564612274503542
0.7620086090859328,0.7181356963227842,1.5645682766186115
0.7620075301977267,0.7181355605212859,1.5645232699450486
0.7620064391911004,0.718135422823287,1.5644778189529793
0.7620053444312364,0.7181352841744858,1.5644321600399782
0.7620042482255933,0.7181351449816619,1.5643863934826172
0.7620031511756331,0.7181350054196958,1.5643405622417001
0.762002053422256,0.7181348655631117,1.5642946848686516
0.7620009549914466,0.7181347254428254,1.5642487694329006
0.7619998558851488,0.7181345850707441,1.5642028194762796
0.7619987561027618,0.7181344444504646,1.5641568365764034
0.7619976556450135,0.7181343035819373,1.5641108214566115
0.7619965545139724,0.7181341624635038,1.5640647744679614
0.7619954527125483,0.7181340210927865,1.5640186957993765
0.7619943502441104,0.718133879467078,1.5639725855691655
0.761993247112289,0.7181337375835126,1.5639264438651215
0.7619921433208522,0.7181335954391403,1.563880270762119
0.7619910388736721,0.7181334530309593,1.5638340663295964
0.7619915369181298,0.7181324715720504,1.5632076328195437
0.7619907828444383,0.7181322492701482,1.5631427903806276
0.7619898068128717,0.7181320702236489,1.5630890351221043
0.762153638140541,0.7178243942935068,1.3883503532093455
0.7619442112488348,0.7175557859308356,1.1747269675636949
0.7621357326442585,0.7168078060931627,0.9757608831789847
0.7615139039177018,0.7168406335629129,0.7781699987361225
0.7611236785114426,0.7166045920750002,0.5673341880372118
0.7604333209432089,0.7170427504668535,0.34365327923246264
0.7597475307958881,0.7166805712539014,0.15628867106598018
0.759320367401971,0.7168963448717786,-0.02516461617012411
0.758710199184479,0.7167915025690177,-0.2276387466548944
0.758329103965689,0.7165255720474087,-0.42762037211201975
0.7575635416492907,0.7164435506788016,-0.643314012053967
0.7576090766758682,0.7169537283580396,-0.8315633529015999
0.7579497557130283,0.7177994208217853,-1.042057558209155
0.7574602196405196,0.718171459394994,-1.210718149912231
0.7577538717476715,0.7186583071241787,-1.404072890830384
0.7574081022553737,0.7189621916660991,-1.5959691137805385
0.7575859265973937,0.7192653931511526,-1.7878162277825191
0.7579446976008998,0.7195840748401915,-1.9899396958767643
0.7585486265885528,0.719579095782584,-2.1683545448968466
0.7584571675591429,0.7203576404862583,-2.3585727008057833
0.7592394071924393,0.7198453692604047,-2.5537851403294
0.7595744008508845,0.7199078915602809,-2.7524342390789207
0.7601165505681093,0.7195534945972903,-2.926274095562181
0.7604475012120473,0.7192111023780431,-3.118312453249228
0.7608561846412722,0.7196720975048645,2.9649793956339097
0.7613641554560997,0.7202334230115696,2.7493942931607274
0.7616885692007536,0.7198135024812677,2.5605949699087147
0.7615342402384843,0.7190153480152995,2.343980506197455
0.761465797188805,0.7184080338445272,2.1167617308497912
0.7606137090190229,0.7175126987812391,1.9194498837202136
0.7608548871466262,0.7172469430771937,1.733195628582628
0.7609877821130339,0.7168933483474679,1.5336514369493859
0.7615253765205985,0.7165298381298187,1.3282156668773288
0.761595833843015,0.7159125772723254,1.1023788874694957
0.7610833341505593,0.7155247456940969,0.8411937097776041
0.7604458595450189,0.7155829077452883,0.635232302855877
0.7597621514520931,0.7159694243432,0.4406654037754875
0.7593346833326633,0.7160987060523464,0.24569872500992013
0.7588715774536234,0.7164701021896619,0.05273369753038264
0.7586815089202992,0.716190243273655,-0.13359267346870904
0.7584971846114256,0.7158699181073572,-0.3343149086981966
0.7582849715156557,0.7164062587058235,-0.5243075383155681
0.7581102460302014,0.7168314889091857,-0.7415085083324079
0.7580098154195968,0.7172138748978218,-0.9543826135023241
0.7575465567842443,0.7174321989521796,-1.1851650375700722
0.7575248227418749,0.7179300229311691,-1.3923853977358904
0.7578166720672792,0.7185921694986844,-1.5809337815239042
0.758242803522655,0.7189965692960212,-1.7899361447967082
0.7586090882813875,0.7193933777167866,-1.9755686228801772
0.7587745796963704,0.7195917713520565,-2.186717325108204
0.7589185525483562,0.720159474406058,-2.3945239449058437
0.7594134024940465,0.7202269760559777,-2.5832053644058606
0.7600674938932658,0.7197323158986741,-2.783919048325045
0.7605908871908044,0.7196246491184096,-2.9793937186955737
0.7610802167829567,0.7196506293437104,3.1049366543973833
0.7616244267957336,0.7190271558487229,2.8990147054573505
0.7618722777171995,0.7187617305879426,2.7131958946597363
0.7623775489978547,0.7187311807471566,2.521097492445341
0.7625280469484563,0.7182044884595526,2.3226850771263403
0.7619072627934055,0.717424946560972,2.1283677430174794
0.7620401507133298,0.7168883498672662,1.941483835523705
0.761511887117641,0.7164079561336759,1.7323701497681807
0.7619701375173096,0.7161669651029305,1.5370964477628803
0.7623416414411592,0.7158021547815984,1.3535159683718283
0.7627242163091321,0.7151196901258391,1.150481340548531
0.7623006776556407,0.7146959265624954,0.9673113863092498
0.7616135484377998,0.7147297562819225,0.7604789160610362
0.7612052066457403,0.7145150419977323,0.556419415346305
0.760628593028984,0.7147980600606983,0.3334232307720237
0.7601708610625899,0.714728628840525,0.15599543206620978
0.7597843427752615,0.7143306181629613,-0.035395178319021635
0.7592501423688723,0.7140634278419936,-0.235282874781056
0.7588494518307886,0.7143126821835777,-0.44800425619657835
0.7589062832255337,0.7148318783919071,-0.6355959410576795
0.7586579608408881,0.715209758949172,-0.8495529952921105
0.7592446383704226,0.7160122624376878,-1.0390030439373998
0.75903257034105,0.7161138501515976,-1.238304370464326
0.7590808785894462,0.7163547225977915,-1.4352764507866278
0.7585764684552383,0.7166602248392213,-1.6395815158521234
0.7582626954401455,0.7170432361715294,-1.8379193616206844
0.7592932067969381,0.7170420084335811,-2.0288029429564767
0.7602111405417961,0.7167781652067572,-2.227988644150491
0.7607971400833001,0.7167853030639254,-2.4294691854052948
0.7616919976429306,0.7159882230531042,-2.628476842599588
0.7618646259471964,0.7163497920223808,-2.8252874889168678
0.7619952722979376,0.7166406452994093,-3.024917922257802
0.7622964553199479,0.7168465163547192,3.0625732595764084
0.7628475427368205,0.7173408241809984,2.8477009260110586
0.7632066636003808,0.7166917842251571,2.6535603444756446
0.763695330608996,0.71671511465924,2.471082296161983
0.7638330849629961,0.7162589216199666,2.272807108474758
0.7643279193987502,0.7162618093285569,2.070388301206218
0.7642634687471617,0.7158392091207928,1.9013315556436732
0.7640759954432924,0.7153308378658564,1.712560436895018
0.763680103376617,0.7149673371194648,1.522386617945541
0.763521078295849,0.714661448352978,1.3193175011261948
0.7629526504780568,0.7143683557571089,1.1195151732117854
0.762647199344325,0.7140901100091905,0.9291384596305253
0.7621710128812017,0.7139886235221248,0.730947813969441
0.7622383693444102,0.713073927673053,0.5391400158524995
0.7616974202058685,0.7131754173541975,0.3316751427398311
0.7615454882582608,0.7128436127516218,0.13658814976058364
0.7611852544242255,0.7131056907489531,-0.05371863112034507
0.7610528223170995,0.7131176307068615,-0.25204880854496065
0.760833816531675,0.7134919272504398,-0.4386882133746386
0.7610162404504969,0.7144195090120306,-0.6424603722664501
0.761581201787412,0.7154285929628315,-0.8485616790810739
0.7621131619593049,0.7161687645110034,-1.0377889525540058
0.7625644773537525,0.7166997559515058,-1.2505880986379667
0.7625017264703221,0.7166496186705503,-1.438076190443736
0.7621201840222628,0.7169366196249822,-1.6316233207262831
0.761837364361907,0.717414211178748,-1.850500414089566
0.7623851963442597,0.7177541147584664,-2.0695643833989874
0.7631884103206433,0.7174947833763062,-2.2510043412057463
0.7638658058896001,0.7173768243212796,-2.486305134976038
0.7641943078572571,0.7176264140496236,-2.682101745081082
0.764990020513245,0.717034161909686,-2.893586732696401
0.7653213203937228,0.7169927257715447,-3.0788187054432483
0.7656638115320274,0.7171388808601459,3.01561765776523
0.7661728017038247,0.7172310619042361,2.7980682687769383
0.7661468402590985,0.716228904612017,2.570260486561477
0.7668790317449926,0.7164981201019379,2.373687567417261
0.7668499814455603,0.7161128021525024,2.2110741520663333
0.7659378291054918,0.7152954116877341,2.0278673570075103
0.766192382651415,0.7151661591252061,1.8396021615142728
0.7662370477792118,0.7150774264238243,1.6523703297942347
0.7667476492196946,0.7146682895938886,1.4520395624305147
0.7666376571302703,0.7143214433030637,1.2534286617032817
0.765861129065257,0.7144209004844986,1.0620413217577076
0.7650013485688552,0.714517526871588,0.8514260695074818
0.7647463783095594,0.714255762547121,0.6626821991498285
0.763991701098462,0.7147215167832153,0.47234649187405353
0.7635565329761201,0.7149754060093494,0.24235788149584875
0.7630774705293764,0.7149804439553177,0.038394083701996415
0.7626445081107659,0.7152477592716486,-0.16186274526708172
0.7623997365238226,0.7151512315235331,-0.36688291156067027
0.762399556957091,0.7158077129883,-0.5671462224748572
0.7623110831091078,0.7164166293440628,-0.7551523304319253
0.7623939591190136,0.7171050536858117,-0.9283300248674519
0.7625098745641834,0.7175533838761938,-1.1401452060836816
0.7627776012060888,0.7180003962654352,-1.3329658408030425
0.7625506747221076,0.7182065253641253,-1.5267008079231357
0.7621772416724031,0.7186049706491255,-1.7294942921850178
0.762740882771239,0.7190168732532046,-1.9324747332141357
0.7633396840998777,0.7191164405839874,-2.115459677412143
0.7636515063944058,0.7193954830502883,-2.3346538738343923
0.7646317445209883,0.7187948842907739,-2.5464319200170418
0.7651936425825258,0.7184163157685374,-2.7467846183608255
0.7656434164741187,0.7186345993927888,-2.952339803272592
0.7660139530151069,0.718770833010279,-3.1339527864106023
0.7663348299023072,0.7189728079798428,2.948414456421291
0.7673259657887885,0.7182462941723402,2.776788013377505
0.7672724737479184,0.7179671456443921,2.5933822043183503
0.767437383984405,0.717536423025033,2.3953995436622817
0.7673390078279964,0.7168847239795804,2.203530304197328
0.7671511739836587,0.7164999375184046,2.000916099993908
0.7672105250714236,0.7161736735291749,1.8082534799226686
0.7674244172140906,0.7156729381833313,1.615806046262479
0.7671633366298978,0.7153198234299265,1.4330485884916109
0.7673594483847315,0.7149338024543448,1.2312480513769137
0.766924511207119,0.7151113737455763,1.0445303627265152
0.7666221491939378,0.7148252841604663,0.8366592219911597
0.7661425291910748,0.7146284596367807,0.6131388414871762
0.7656303870751262,0.7146107622000533,0.40688468841693554
0.7650536781473466,0.7154006818694923,0.19016675418742787
0.7647361527096236,0.7147775478030524,-0.01255740661854948
0.7643721335398428,0.7145073497628305,-0.22038910168783904
0.7641397355636277,0.7151339173691558,-0.4184924557135973
0.7641026676400943,0.7155725875061317,-0.6169691794866679
0.7635564695624211,0.7156995527138121,-0.8230995213587015
0.7633468534251939,0.7161211674713246,-1.0020322171320721
0.7638970309479535,0.7168020843991975,-1.1997164519092864
