-0.5391393745030659,-1.6247142291791759,1.6265163984110873
-0.5390361835400321,-1.6247534805646042,1.5693331341468653
-0.5390430885716775,-1.624740265379726,1.5790874463973825
-0.5394320577086519,-1.6247143863862041,1.588851061214478
-0.5396312167864767,-1.6246838943628357,1.5973975379930159
-0.5395474511182207,-1.6246786560205106,1.596838425256628
-0.5394892589784835,-1.6246746269781247,1.597487318332209
-0.5394644758213837,-1.6246731717054803,1.5977673655555744
-0.539453296185538,-1.6246728021908567,1.5979165494957537
-0.5394480502788719,-1.6246729072533137,1.5980115103959647
-0.5394454086011005,-1.6246732219228306,1.5980832471583808
-0.5394439129439556,-1.624673630189989,1.5981449509529158
-0.5394429221079347,-1.624674081023346,1.5982023631941564
-0.5394421536790837,-1.6246745519332297,1.5982580083681774
-0.5394414831842473,-1.624675033004492,1.5983130017380254
-0.539440855747436,-1.6246755198688188,1.5983678374229924
-0.5394402471731895,-1.6246760106059277,1.59842273508697
-0.5394396467928116,-1.6246765043761535,1.5984777930276217
-0.5394390499015808,-1.6246770008168845,1.5985330558734832
-0.5394384544242286,-1.624677499776139,1.5985885445314671
-0.5394378594447422,-1.6246780011949669,1.5986442694348293
-0.5394372645581389,-1.6246785050555415,1.598700236401952
-0.5394366695846919,-1.6246790113582517,1.5987564492272799
-0.5394310236827887,-1.6246794285109085,1.5983034645299419
-0.5394313093047306,-1.6246796308101235,1.5989714261019532
-0.5394280507420918,-1.624680278930716,1.5984607568355955
-0.5394823886846375,-1.6246824049169246,1.6024105296158428
-0.5395441539405511,-1.6246889646968772,1.6016751568307175
-0.5395855945984368,-1.6246939149879849,1.6019994139841607
-0.5396204908825698,-1.6246982007133626,1.6029044891828732
-0.5396528395610135,-1.624702557976747,1.6041738006840105
-0.5396916415506366,-1.6247076365198825,1.6056033100044602
-0.5397349072036381,-1.6247142322598085,1.6073378580069142
-0.5397169347815491,-1.624715975216074,1.6083950832374414
-0.53967538390024,-1.6247138733829574,1.6088148201587662
-0.5396552827396985,-1.624713738304768,1.6090773153837348
-0.5396450753774857,-1.624714505108041,1.609270770246248
-0.5399260373457748,-1.624952105241955,1.4486990146039478
-0.5395614566012666,-1.6254318214418193,1.2325403601830542
-0.5397679069097395,-1.6260029635498334,1.0026465689357729
-0.5396606379704013,-1.6266411348181118,0.8161296562594106
-0.5402398041819233,-1.6264942941733802,0.6076858699350944
-0.541020517848726,-1.6259929107600277,0.41792561437297754
-0.540896420149161,-1.6264543445318196,0.23752840425907287
-0.5412080290559034,-1.6265641775793673,0.04362643515125959
-0.5415768798747826,-1.6269138320979373,-0.15639613340466657
-0.5419608315992159,-1.6266262049324416,-0.374314845179359
-0.5418683562967243,-1.6256491048205284,-0.5713843842265005
-0.5417574635301469,-1.625179302060678,-0.7203872616087509
-0.5418165565736875,-1.6247014127565005,-0.9517047618189645
-0.5419298787975343,-1.6242408182799604,-1.1719235048709122
-0.5417848508434109,-1.6238512959796938,-1.3540989579735414
-0.5420531631641009,-1.6235820883608736,-1.5528684551717906
-0.5425141224966022,-1.623267759633962,-1.7497204082391749
-0.5421313601659408,-1.6230118989928775,-1.952256716787227
-0.5414710973100605,-1.6229214087952868,-2.158214687325455
-0.540843070447675,-1.6229767360605247,-2.3574419207064676
-0.5408612253656263,-1.6223175686301825,-2.554275858816656
-0.5402059009748165,-1.622524166765497,-2.772124292398328
-0.5396361033447477,-1.6228098197763863,-2.9735345522936556
-0.5393814983177261,-1.6227017175716147,3.10630119190768
-0.539096408422424,-1.6229105756599065,2.9213545101543668
-0.5385694999855932,-1.6228631904082331,2.7206100743914035
-0.5379615401405927,-1.6229612396653275,2.5173061069644396
-0.5382908520999037,-1.6238586942885422,2.326103490669474
-0.538731733867807,-1.62457424433003,2.1661060055719776
-0.5385546681070388,-1.6250593796175825,1.9826710164571253
-0.5381719597986766,-1.6258380243692012,1.7979906068746407
-0.5381117982476743,-1.6262162122633332,1.602850477006271
-0.5381926991572125,-1.6267156211797973,1.4074746413015196
-0.5383103528279007,-1.6270913092480197,1.2050076663940525
-0.538711806381167,-1.6272482585978956,0.9831615848721367
-0.5389174554010326,-1.6276210917871798,0.7795371579827289
-0.5392996135245551,-1.62772990374555,0.5793924224192591
-0.5391818156380022,-1.6284560045743817,0.36988380708764584
-0.5394177818311438,-1.628729532437102,0.17213620931427154
-0.5397830280856504,-1.6286028029323798,-0.027305176586679757
-0.5401267903493057,-1.628775161924528,-0.22572128578667763
-0.5402875876959216,-1.6280339398618828,-0.4462433758269511
-0.5407677261865822,-1.6279710786516293,-0.6537297350053135
-0.5412622528098365,-1.6277774425792078,-0.8527563936301437
-0.5418188204879562,-1.6277392951726426,-1.0172868095095324
-0.5410568582504807,-1.6268798227956027,-1.2140089519614317
-0.5410072089087663,-1.6264316852784666,-1.4193927243548707
-0.5409864947292423,-1.6260865333887413,-1.6082285871493134
-0.5406593297364413,-1.6256959596263583,-1.8430563752910327
-0.5402431570955659,-1.6247842146827463,-2.0354072216617305
-0.5399796076132046,-1.6243729616510652,-2.230754568671902
-0.5394771153983564,-1.6244915499434895,-2.438780731338336
-0.5390170406100113,-1.6242855664806048,-2.650160362166186
-0.538816438667768,-1.6240725468152781,-2.8613806499115557
-0.5384758378386345,-1.6248616635563267,-3.0529144170922975
-0.5380837754162529,-1.624517126338421,3.0290599861368115
-0.5376707480413827,-1.624606192702192,2.8270287814996253
-0.5369252231550616,-1.624523135247308,2.623595936653923
-0.5363553612443567,-1.624578158777368,2.4282805572456683
-0.5358241210998337,-1.6245109542943599,2.2606866504330982
-0.5354889680000686,-1.6246740935020916,2.0564660394812275
-0.5351123348004894,-1.6247151468894845,1.8595285114342055
-0.5352938942550307,-1.625109905268916,1.6662498142311775
-0.535222181950453,-1.625480144717734,1.4576446923544224
-0.5350802503887138,-1.6259957223445451,1.2541606518050228
-0.53558953882856,-1.6263274115848878,1.0656302509932005
-0.5355521997868249,-1.6268417842863165,0.8646956793161648
-0.5359332119624526,-1.6270771179215309,0.66428246942516
-0.5367079242983059,-1.6264944901300256,0.440677996093774
-0.5371538875524696,-1.626123359321975,0.23621271220575835
-0.537656247979565,-1.6256678949929513,0.036359704302162316
-0.5380079180349284,-1.62543816079761,-0.17140754874482772
-0.5381667690160221,-1.6247192441054288,-0.39095442110182027
-0.5383670811938767,-1.6242932759300786,-0.6076838560915255
-0.5390028731092704,-1.6243788585938408,-0.7928855885672419
-0.5396031678004618,-1.6245175048195895,-0.9863030791582088
-0.5404493590142802,-1.6246271770806338,-1.1864439867129013
-0.5401589467114238,-1.6241469449551855,-1.3908572954667402
-0.5403847064133303,-1.6236948907163427,-1.5926690290395604
-0.5403955745368616,-1.6233377044059913,-1.7858985559034881
-0.5395253855381654,-1.6234342033905989,-1.9851042394508225
-0.5388934991452036,-1.6231620569757306,-2.1866874576151143
-0.5383055679619347,-1.6231154042444416,-2.39086819814958
-0.5377252290042219,-1.623428081158183,-2.5969503690049645
-0.5373344881634837,-1.6232790477177137,-2.788045405634476
-0.5363909848782643,-1.6238176634593038,-2.9987711243552417
-0.535929657236689,-1.6238104989370719,3.0899811990641557
-0.5355539324662204,-1.623613863445301,2.8980158151964677
-0.5354731138506023,-1.6244705095771002,2.7009900031965657
-0.5351336123470495,-1.6248185191532796,2.511808554241441
-0.5347813007421348,-1.6250467011041823,2.3170108538386236
-0.5347853596312855,-1.625555990228809,2.101566621526817
-0.5343812581090169,-1.6261263131810273,1.9056018973212039
-0.5346405967478908,-1.6268407002231768,1.7066793302110368
-0.5342107670578375,-1.6272584005752033,1.507000043392497
-0.5347583714979665,-1.6274787245736442,1.2939275799203618
-0.5351517421018753,-1.6276922915163312,1.0727214613408842
-0.5358015138171278,-1.6277753173805507,0.8606414575522366
-0.5362937786084143,-1.627826659239297,0.6588122300539546
-0.5368935992815345,-1.627279034983214,0.4620682576103207
-0.5375384182502793,-1.6265690798355636,0.26122493554495185
-0.5386466148574778,-1.6262631684594548,0.08177122233253045
-0.5391068605085731,-1.6261349006707717,-0.09713555914162812
-0.5393984469740548,-1.6257022661541014,-0.2925216317352283
-0.5398566775290676,-1.625680387419664,-0.5267400567518876
-0.5396759331129312,-1.624820024203267,-0.7051705066945912
-0.5398642821389844,-1.6244945464705196,-0.907149281073905
-0.5397227064940008,-1.6239712519694633,-1.117253452382052
-0.5395081939807209,-1.6234124128416783,-1.3155078828100275
-0.5390326937694625,-1.6227928549374429,-1.5138010633151529
-0.5390673958593506,-1.6223705675517228,-1.7029860378589443
-0.5388949380631,-1.6220167422714804,-1.919497053358058
-0.5381328955886019,-1.6221755230886648,-2.088880471849243
-0.5377736537571555,-1.6219203558541169,-2.2946183261216304
-0.537089068332716,-1.6220628199569358,-2.517980958494953
-0.5366025855381856,-1.6221842271685254,-2.7423169640331624
-0.5363316954744576,-1.6222913366878817,-2.953241097680643
-0.536071584354847,-1.6216699752420516,3.133757542838986
-0.5356061450218665,-1.6216339426752724,2.9288756840089847
-0.5352879190367574,-1.622178302164912,2.71493627144332
-0.5354298530083282,-1.6227531571873806,2.5305575132833416
-0.5354646863714699,-1.623401359498924,2.3381947101519653
-0.5357932759268106,-1.6243063178031756,2.121355536377791
-0.5367610025176578,-1.62488830224887,1.9558544664709288
-0.5362409364485108,-1.6246918514887003,1.7666026076878256
-0.5360389142205262,-1.6250343294467215,1.572646243381507
-0.5361031455380734,-1.6253526876883977,1.381637414107035
-0.5366600206375484,-1.6259246561550817,1.1669442334426239
-0.5372299863706171,-1.6261677422169312,0.9763118390012219
-0.5379611246230166,-1.6261672513420231,0.7747950042196418
-0.5385075594655727,-1.6262365933933847,0.5749768764955722
-0.5394045107226151,-1.6256011148763674,0.35680224300918345
-0.5398119557565962,-1.625473748573421,0.17619053928058673
-0.5401738152790477,-1.625098414063025,-0.013889596911330482
-0.540482779115856,-1.624803719470555,-0.2235295269056425
-0.5407133158194249,-1.6244653406746679,-0.45393273805391643
-0.5414537767624896,-1.624819057892162,-0.6642222740494896
-0.5414209664023426,-1.624348632764526,-0.8538781337363794
-0.541075331554549,-1.623648099272427,-1.0428119176319812
-0.5407335552944301,-1.6228343103426794,-1.2271597715789022
-0.5415421942489284,-1.622793600633831,-1.438876750318417
-0.5415059921210061,-1.622418906850267,-1.640846307953929
-0.5411276828977317,-1.6223024442711687,-1.8411623198405496
-0.5409008730564488,-1.6213997393479789,-2.021926991343096
-0.5405712679609357,-1.6212986421031252,-2.217007338915263
-0.5402463948246327,-1.6209956927475817,-2.405682669521683
-0.5400364275708157,-1.620689588786647,-2.608196367812884
-0.5394738930958421,-1.6212690657289397,-2.8107958502466044
-0.5390736557625837,-1.6216923656976512,-2.9935419526854488
-0.538781618158809,-1.6213751457378551,3.09059160053033
-0.5383381187623288,-1.6210969038607272,2.8892253330763897
-0.537796183690771,-1.6208993609815916,2.646574486988564
-0.537413845797035,-1.620974843497421,2.4701043502955393
-0.5375342541979853,-1.621402560881491,2.3070802390485836
-0.5377080189885616,-1.6219259455461559,2.1137292369410687
-0.5375858887583207,-1.6222406891429935,1.9237165879060367
-0.5371795420842698,-1.6224752060622665,1.7323726307050624
-0.5371552066070493,-1.6228521858700413,1.532877314436939
-0.5374967477574942,-1.623195178357794,1.3144845279868629
-0.5372503998877736,-1.6235640164962786,1.1152121441905425
-0.5370661509186684,-1.6241193722513205,0.9015448003341927
-0.5380453438917496,-1.6237692151855527,0.7257024559134799
-0.53837087488819,-1.624058169228487,0.5145102210751091
-0.5392343947611026,-1.62296468716292,0.317644078183088
