0.8680617649147316,-0.126993462709358,1.5989086452102825
0.8689658214508043,-0.12702221528702987,1.5754570271429322
0.8694465102535055,-0.12703433423200555,1.5631986412463772
0.8693249525197652,-0.12702824232007198,1.5654305168757696
0.8692860308220067,-0.1270267927087233,1.565393632307657
0.869272516885832,-0.1270259610589514,1.5655609500738825
0.8692673481948019,-0.12702566043097901,1.5656140760261985
0.8692649198410706,-0.12702560129195195,1.5656133134431305
0.8692633852022019,-0.1270256500737057,1.5655880447530794
0.8692621477972249,-0.12702574679785875,1.5655517736708795
0.8692610116162527,-0.1270258647902516,1.5655105906013105
0.8692599106910506,-0.1270259922496307,1.5654672147247732
0.8692588221626635,-0.12702612397163063,1.565422852661586
0.8692577378468206,-0.12702625766636322,1.565378037748903
0.8692566547121165,-0.12702639232832363,1.5653330051238186
0.8692555715986487,-0.1270265275170951,1.5652878582837795
0.8692544880498907,-0.12702666304060986,1.5652426427437267
0.8692534038823454,-0.12702679881587106,1.565197378518138
0.8692523190215883,-0.12702693480776567,1.5651520744185903
0.8692512334378256,-0.12702707100220328,1.565106734338498
0.8692501471199021,-0.12702720739432868,1.5650613600135947
0.8692490600645659,-0.12702734398335025,1.5650159522334428
0.8692479722719673,-0.12702748077027337,1.5649705113728234
0.8692468837437546,-0.1270276177569042,1.5649250376252406
0.869245794482245,-0.12702775494541516,1.5648795311048116
0.8692447044900731,-0.12702789233815331,1.564833991891277
0.8692452096265066,-0.12702886559014112,1.5642076685166493
0.8692444514404265,-0.12702908222934403,1.564143269751072
0.8692434824733641,-0.1270292554219499,1.5640900720614301
0.8694487480271255,-0.1273464314378804,1.3886308417859892
0.8695866405605754,-0.12785406793628745,1.1879622550797388
0.8689240498502053,-0.12785298956646338,0.9823948228818795
0.8680119269531918,-0.12749733245846892,0.7800255680099106
0.8679235475173522,-0.1278932339731183,0.5828258748055318
0.8676287622668876,-0.12800566219182666,0.37871088465717295
0.8673670989808681,-0.1282763588167581,0.17818521139623003
0.8670482863418079,-0.12852580077822956,-0.0014761327744130515
0.8666068990316272,-0.12893118546075014,-0.2024587867427172
0.8662786678713481,-0.1284134889326579,-0.41126817400239746
0.8663668751506839,-0.12730915214601063,-0.6190599557810482
0.8661080806263228,-0.12685991001151975,-0.8356985687965011
0.8656029969220842,-0.12682086394912015,-1.01704613139193
0.8652157590207682,-0.12671724466649226,-1.2047004800167471
0.865428518575605,-0.12646926344590823,-1.401448317723678
0.8647883746077035,-0.12622245577399677,-1.5908794706116758
0.8643762529451928,-0.12579003329994412,-1.7949994011266222
0.8641282911896445,-0.12522701787058307,-2.0179720588135472
0.8644041985877137,-0.12483045650743002,-2.2094622452622947
0.864922440529609,-0.12484586060590569,-2.397205117962189
0.8651100790275937,-0.12456978341656536,-2.563099364373493
0.8655342741817447,-0.1248173524770869,-2.76426942623336
0.8658480269185794,-0.12478187603373216,-2.970693724756765
0.866280256817309,-0.12493479008715155,3.1092259448500195
0.8665796000266136,-0.12510989699202726,2.9055493444841285
0.8663226609289554,-0.12609569196589876,2.6914755915857214
0.8666753414880772,-0.1264340121218887,2.483661427587369
0.8664438266621022,-0.1271775070014881,2.2767235343128176
0.8659860706958461,-0.12780224439133178,2.0862520308264236
0.8661417758777318,-0.12810429971921777,1.864033488799508
0.8660905361992273,-0.1283812136952391,1.6558685983580403
0.8659655618885773,-0.1287130237127607,1.4652833988620546
0.865556472294692,-0.12903878570863647,1.2549073336707437
0.8659900947151846,-0.12963609352995834,1.0367187730071536
0.8653681883779986,-0.12962181706200895,0.8269096010044606
0.8651205073356397,-0.12993142282825323,0.6298162517696927
0.8644642285434931,-0.12961655743508949,0.4527751811442089
0.8639327657012977,-0.12913721488938015,0.2318851549429456
0.8635479731828117,-0.1289533930757097,0.03619664010274478
0.8632447017865087,-0.12911623334486785,-0.1551776148599742
0.8628585386881595,-0.12915174387358458,-0.3474414190970856
0.862706985346865,-0.12854633288139805,-0.5532632753048246
0.8620577523878381,-0.1284874066818308,-0.7671343484368297
0.8619214057487501,-0.12801352093969512,-0.9887596048997687
0.8622349311898254,-0.12719194363898723,-1.1913107271703223
0.8620305834198164,-0.12687988752121684,-1.4053416246929995
0.862022646040466,-0.12652869035524236,-1.602726002891941
0.862123091019504,-0.12614947685319144,-1.8060000200381368
0.8625068036827299,-0.12594043414093287,-2.0009867939456276
0.8637051043953959,-0.12617434486672133,-2.1782646327594097
0.8636097744177947,-0.12537738072095586,-2.400131802607115
0.8642058298791956,-0.12569020620742757,-2.602191106309966
0.8647578144563752,-0.1260071036619627,-2.797481718535223
0.8652900316401764,-0.12640979371647915,-3.020160005457486
0.8656382699284253,-0.12630872122974277,3.0662559425494194
0.8659242633811756,-0.1270777301600404,2.8640775808061845
0.8663081117249529,-0.1271264845302873,2.663784328943493
0.8662648565648976,-0.1276759447486173,2.4574285164844594
0.866600968566,-0.12771346386682206,2.288138285799631
0.8670249140136602,-0.1277923279173969,2.094214957061786
0.867136047262933,-0.12797748193161945,1.8972017102324141
0.8674391998745877,-0.12813168210138082,1.6980317393401987
0.8672093309893516,-0.12846467523384997,1.5014474588304176
0.8672418792802158,-0.1288062848986505,1.2911965797488156
0.8671614991845857,-0.12905401348560486,1.1194020513828864
0.8666483585013495,-0.12935539990978956,0.9409677897661706
0.8663615512461769,-0.12987371234616438,0.7103585849778703
0.8665047096712422,-0.13062323311974666,0.5132280839127668
0.8662633037115535,-0.13120296242968607,0.3245220917036386
0.8658460704462939,-0.13091323649299094,0.13262294905606725
0.8653736386281875,-0.1313377594842978,-0.06673732330748319
0.8647052886586892,-0.13127560939247984,-0.27224387088119695
0.8643505088376162,-0.1309621978214438,-0.47230670277609976
0.8637739929856922,-0.1311973323776307,-0.645039430702775
0.8629474186755375,-0.13133691549682586,-0.8081330890885803
0.8630835221952856,-0.13086722722358546,-0.9781211940539175
0.8634003659005084,-0.13033847364580767,-1.147030281118837
0.8628878760314387,-0.130120817081661,-1.3388108306442292
0.8633658044431975,-0.12971436189935448,-1.549127916937461
0.8637065804306194,-0.12938799970572604,-1.743389275687319
0.864064255051096,-0.12912435197936048,-1.9487751997199563
0.8642245162744443,-0.12878641032622257,-2.1419606732974006
0.8647340285856138,-0.12867650204247205,-2.346909387564489
0.8648293311977648,-0.12815441158658228,-2.5500797550849996
0.865448392506418,-0.1286179265536455,-2.7435072510729985
0.8653996920498487,-0.12782593053732763,-2.945771023229644
0.8655614722099786,-0.12770994608509795,-3.1324458106925936
0.865940872599134,-0.12736265982399517,2.954152896652699
0.8662059474660317,-0.12780325733881306,2.740574188189416
0.8662997552176972,-0.12839591885839718,2.5428445925745073
0.8662535877415709,-0.1292885284124447,2.3344628008416795
0.8662640138579679,-0.12987718858303343,2.130356355047817
0.8662641409984914,-0.13025554927985175,1.949534267594195
0.8655344950315528,-0.13079591259681986,1.7567184414639023
0.8654698245376321,-0.1311786053182926,1.556658396138868
0.8655767736955644,-0.13147352201564788,1.3663321852097743
0.865395541917806,-0.1317266062209278,1.1596843887034995
0.8642410871542368,-0.1315578105334678,0.9474311513408774
0.8639738850978697,-0.13181499761066234,0.7429524164028216
0.8638333858613748,-0.1320585293130178,0.5646318670314409
0.8634495344941397,-0.1321820866045397,0.3796164680030065
0.8628458860425984,-0.13147376807587782,0.16989838032361204
0.8625713213124679,-0.13162112641272541,-0.020208708158677407
0.8622314457616909,-0.13109769288415007,-0.22935055089074996
0.86168877441372,-0.13085613308152313,-0.40835095640492036
0.8616329357444669,-0.1303898869513657,-0.6014264206433344
0.8616381263708114,-0.1297424123813514,-0.8051192374161551
0.8615639381260617,-0.12941172750510982,-0.9966985421797941
0.8614295113843612,-0.12914563834283638,-1.1911897987221816
0.8611024500252481,-0.12907665105734237,-1.3932750427157619
0.8608508356177285,-0.1286629867843248,-1.5828500383208726
0.8608773647984351,-0.12819889088353698,-1.7949487516539813
0.8606020572904323,-0.1273062562833054,-1.9983449999388418
0.8603559157201992,-0.1268574700987945,-2.2097676406319673
0.8603114491170781,-0.12617996887033614,-2.406342354550048
0.861105701994206,-0.12657807902559806,-2.6221659762327816
0.8615151034014159,-0.12611169019000737,-2.8015691469111834
0.8617972740036025,-0.12576031897674947,-2.9989465760771425
0.8621485676423949,-0.12576734643428888,3.0997164461823736
0.8623763901262974,-0.1255709168626951,2.893215652578929
0.8628968337250769,-0.12562002050112409,2.700088313412008
0.8633835829048607,-0.1255845688537254,2.516495148679409
0.8629456140336589,-0.12660045537081308,2.3177389729995785
0.8629476434132185,-0.12711971276877013,2.0974482127911025
0.8628640199059731,-0.1274888528210818,1.8772515683914366
0.8629760549446251,-0.12751159472221912,1.6798412614223006
0.8635162730259485,-0.12772361448528452,1.4914197980402188
0.8634623921915807,-0.1282246768474792,1.2517021653685834
0.8631486625034219,-0.12872157264629022,1.0570797617591479
0.8627180063550118,-0.12901715020633178,0.8260465301629765
0.8620889315125564,-0.12883743376611706,0.6245053221886753
0.8616205883491569,-0.12862046949241113,0.44367699330903265
0.8614918358257565,-0.12866119470876813,0.25648816720494527
0.8612675727609733,-0.1288414144672009,0.06116820589798127
0.8609135270161822,-0.12912532063862017,-0.1371923067955361
0.8605220863882573,-0.12911907123904864,-0.33584835369960725
0.860379649449262,-0.12860226451287524,-0.5540282394213728
0.8601511427623394,-0.12819136177619314,-0.7715958146976907
0.8599084382920359,-0.12791715622439842,-0.9937367487190709
0.8594897300117953,-0.12794291884197254,-1.1889937032798592
0.8592145544287528,-0.1277704449023045,-1.3745855596984855
0.8594514582468749,-0.12710906581960782,-1.5694573528581144
0.8600487587486965,-0.12675150357994053,-1.7924577378603226
0.8604849500227796,-0.12643047676784575,-1.9874219620661182
0.8610417180394996,-0.12645046910608246,-2.187076346345358
0.8617664665034432,-0.12652946854925387,-2.403593541836462
0.8621000038959692,-0.12632824540532558,-2.6097874152309957
0.8625519102006648,-0.1263625842547558,-2.825877873402548
0.8627276624318753,-0.12607054672335943,-3.0304536503452155
0.8629789010874714,-0.12600894637825902,3.0695532471460965
0.8633445722601589,-0.12567618989521107,2.8708492509016605
0.8634293301489961,-0.1260573454775576,2.6568103972056747
0.8631700131962996,-0.12701073509843214,2.4630726764582334
0.8626066859785515,-0.12812492336034173,2.2707842330824555
0.8618642284438994,-0.12906203554218956,2.1004361919294148
0.8614447693575004,-0.1294962543965381,1.9069063779015574
0.8615638043621804,-0.12962290951973796,1.7167677951960851
0.8620935744534604,-0.12994176527438922,1.524608687230382
0.8623111727398387,-0.13036827086374694,1.3182467534219324
0.8619905296577886,-0.13062947352824256,1.1121574382539972
0.861545488140452,-0.13088614057552153,0.9031301879674016
0.8612840418641058,-0.13118016729110885,0.702756285023564
0.860990070675171,-0.13153393525977788,0.5168075703922799
0.8601289585875289,-0.13115094763784854,0.3131239072326834
0.8594263703872176,-0.13108861803036395,0.10905509874116985
0.859134273865603,-0.13147477533816793,-0.08493729064027883
0.8589196406273067,-0.1312814231511254,-0.2774375292630544
0.8583985666773539,-0.1308544512780154,-0.49374601984047656
0.8585209950790422,-0.13007365215303335,-0.7119066828358002
0.8580524988283601,-0.13004072884595896,-0.9276908585901674
0.858084972391889,-0.1295496831820578,-1.1321724736509085
0.8583194751478704,-0.12911581104864944,-1.3394997270637352
