1.5737218624921732,1.416889447653861,1.6217928073498133
1.5739641207871005,1.4169893609109452,1.5745900496609941
1.574414513168714,1.4169996925886243,1.5921167885666763
1.5743440617033801,1.4169906027534185,1.588357169636657
1.5743111266984409,1.4169880321816695,1.5882256733878592
1.5743014344795805,1.4169874142033825,1.5884917802931153
1.5743056190723066,1.4169864293020438,1.5876633168552696
1.57430794641947,1.4169867687022384,1.5880794426837055
1.5743146105227532,1.4169867136781666,1.5879147012244252
1.5743215258655496,1.4169866835156966,1.587753602955554
1.5743284737808911,1.4169866629514625,1.587595949788596
1.5743341867955232,1.416986644303953,1.5875358910288158
1.5743366096804703,1.4169865640966424,1.5875470298065895
1.5743382287695873,1.4169864516689763,1.5875815725410978
1.57433955264108,1.416986328147682,1.5876265467760164
1.5743407695952865,1.416986200395639,1.5876761711017962
1.5743419485830776,1.4169860705001032,1.587727890266314
1.5743431145681335,1.4169859390227821,1.58778058352359
1.5743442764646247,1.4169858060724005,1.5878337625481158
1.5743454373995975,1.4169856716407452,1.5878872159318334
1.5743465984437588,1.4169855356990757,1.5879408528372512
1.574347759950853,1.416985398221147,1.5879946346736427
1.5743489220309483,1.4169852591860608,1.588048545399198
1.574350084714254,1.4169851185768023,1.5881025786713925
1.574351248006217,1.4169849763785893,1.5881567323096837
1.5743524119053023,1.4169848325777739,1.5882110059176167
1.5743421201256973,1.4169865600014921,1.5906640846570517
1.5743446285140812,1.416986473430499,1.5907777295102996
1.5743463386275647,1.4169863025679161,1.590859012688539
1.5743477212037555,1.4169860955552418,1.5909274024711384
1.5744144618344253,1.4166731023552965,1.4197413209230771
1.5743351014657958,1.4160979534761942,1.2118714355295772
1.5740900010257386,1.4157139759839164,1.017130611604043
1.573926052766876,1.415368851611863,0.8464891615749948
1.5734240785532025,1.41519362882137,0.6094021260266487
1.5728263831814782,1.4151500059725868,0.4007095832840719
1.572195141399638,1.4156675479452305,0.20141710273532254
1.5716650158345455,1.415792750196657,0.009260913083843256
1.5714559672644992,1.4161420385512664,-0.18693585899509396
1.5713554556954639,1.416414110059816,-0.3859109218061431
1.571237523299864,1.4170343174101017,-0.577240008571049
1.5711072468175376,1.4174608615807192,-0.7932360079474903
1.5709096643700478,1.4177718505700188,-1.000903102614202
1.57129926961062,1.4184124522015193,-1.2103410072986398
1.571833479534364,1.4188930527219614,-1.4017059524804103
1.5719260653693987,1.4192476836401569,-1.5969256826529918
1.572099827342896,1.4196270259512245,-1.7986127979272284
1.5725031215375396,1.4201966215506467,-2.0000316012779353
1.5727393628346054,1.420436686614661,-2.204981431772647
1.5731653913081722,1.4204834231071828,-2.4157173277163766
1.5739110826369243,1.42005297240349,-2.6114653092181586
1.5743670200106026,1.419851101885291,-2.803385008305331
1.5743566508632416,1.4199983205619922,-2.9977563494145048
1.574784681890199,1.4201203363188868,3.0761979092031817
1.5750907596429675,1.4199688999525601,2.87519589559707
1.5753408195865743,1.4195302451668275,2.661437541970351
1.575702724705754,1.4193500923495053,2.450989827619619
1.5754025343497269,1.4184436955966095,2.243675530478692
1.5754271516092537,1.4179555240186976,2.0123919102860417
1.5751482343872165,1.4177392944950125,1.826329133831246
1.5755896692135476,1.417584924233278,1.6296587311701154
1.5752056907700045,1.417125038231584,1.4322235259436775
1.5752306838483545,1.416588741347218,1.227863402092159
1.5751562819541989,1.416241455465594,1.016122378107463
1.574712527018676,1.416185493790405,0.7994650370545413
1.5741036249795175,1.4162277904987213,0.5924526158525419
1.573797487915484,1.4159596311328837,0.4150727117494502
1.5735881636904967,1.4163650800315124,0.23811151905606026
1.5734161650938434,1.4160120946649186,0.04809291568010763
1.573060694064522,1.4159486630478377,-0.14770970638810918
1.57274174422973,1.4159645555958997,-0.35306316240517677
1.5726785887587664,1.4168978320263577,-0.5310287182955749
1.572499407711282,1.417567604816873,-0.756349906522627
1.5721882687512279,1.4178385935876934,-0.9654581380967482
1.5723343429461947,1.4184543663927518,-1.180815109233407
1.5721656184711443,1.4187267674972452,-1.3608384738103128
1.571990753490931,1.419069468648216,-1.56672037284244
1.5720781536914126,1.4193161879306098,-1.7474865186563617
1.5723931357881307,1.4199271149144337,-1.9747871298118347
1.5727582207526565,1.4198070284567272,-2.153105210502825
1.5736594772157686,1.4194480959615599,-2.363205061472335
1.5737613504235057,1.4197989044126615,-2.5313580485899636
1.5741666224342878,1.4197382020424614,-2.7295886065535893
1.574990484187429,1.419722735518528,-2.9162828857975396
1.575279072954717,1.4197011369441543,-3.107594291055938
1.5756536314288117,1.4202513293390815,2.974941248278198
1.575952645623448,1.4199454226068429,2.766165595779592
1.576112728072553,1.4194398416552823,2.552966804918786
1.576119925639918,1.418980949546789,2.3771289234060626
1.576586086072666,1.418805322910837,2.1679070887181084
1.576370826936275,1.4183538751885767,1.992267834722188
1.5762605763443867,1.4181070647211695,1.779077445687031
1.5765219237253114,1.4178061535937487,1.5698588634207156
1.5766585119014511,1.4173418748447162,1.3598368127996765
1.575825761709255,1.4172018465331713,1.1676394601307531
1.5753729069229256,1.4170803142098096,0.9648446217757348
1.5742068450554183,1.4176479184851583,0.7577228841127438
1.5735864159161481,1.4178690911381078,0.5787656537382935
1.5731924456799173,1.4180262857052786,0.38648112939422463
1.572563300092394,1.4186320232782594,0.17870077384328437
1.5723185553197887,1.4179342750769433,-0.012131485940593293
1.5720638567664933,1.4175710594665187,-0.22363492992103234
1.5720723855329086,1.4183713708307724,-0.43366280982241867
1.5717528806159444,1.418630039574263,-0.637886591201887
1.5714029568386236,1.4189560752417043,-0.8411714974648534
1.5720114037001198,1.4197385312906452,-1.0306330097830605
1.572119653727337,1.420347376861687,-1.2453295040727763
1.5722919080379738,1.4205208947260415,-1.4370680294348799
1.5714832833623347,1.420883915575684,-1.6238580800948306
1.5719771015475115,1.4212658642848353,-1.8325682469541917
1.572843528719538,1.4212130972737103,-2.018033654878823
1.5739294971929474,1.420715551858213,-2.2052656217550908
1.573943147580529,1.4211384625834536,-2.3951600887842712
1.5740495247055812,1.421690925145218,-2.599673808653494
1.5746304329971252,1.4209339817044286,-2.7877810935952985
1.5750541583255993,1.4210660637853745,-2.9929569906617974
1.5753766002060363,1.4213914713095195,3.0873162079372993
1.5757338804103547,1.4214667471451792,2.8908614855843093
1.5763517790508215,1.421292684505844,2.68989045847027
1.5767156493724948,1.420957308755234,2.4909066752773863
1.5762428891475324,1.4201136636187122,2.2902190949512713
1.5761480511834058,1.4195810630850498,2.090368678503536
1.57639337835498,1.4193804760526159,1.8934553876369478
1.576225138185363,1.419106472316547,1.690740928031709
1.5762103225677406,1.4185885014693858,1.5014889812113486
1.5766067169792377,1.4180577956970368,1.293139175879004
1.577439952867875,1.4172493779431787,1.092415312737204
1.5766402059446516,1.4173243306878314,0.9185552198870647
1.57635955864046,1.4169666018424092,0.7135517460954698
1.5753362583604853,1.4180329977334147,0.5267195268841187
1.5748531284536036,1.4181666296983515,0.3011571409071838
1.5744862695016162,1.4185889564921916,0.11682713680927727
1.5742072502760571,1.4179181879032876,-0.0730536931876266
1.5738223660391784,1.417765012480755,-0.27167334462152487
1.5733199311713193,1.4181845981534147,-0.48433190586643066
1.5737865821068104,1.419370090925902,-0.6967953380070329
1.5727464385445935,1.4189928814036763,-0.8926407165063311
1.573178101949798,1.419692912482318,-1.108784067762915
1.572975381213982,1.4200372453892267,-1.330045469680752
1.5727295751448098,1.420048665909638,-1.5132081350736322
1.572338882138734,1.420445844970787,-1.7116946736834908
1.572024782597338,1.421118866665867,-1.9093520421540646
1.5726421565234037,1.421351240548316,-2.109885082083116
1.5735973883491914,1.4209372788089787,-2.331268726615285
1.5738643887169925,1.4212694004696542,-2.5408626261436003
1.5740415483721661,1.4211782773822,-2.7313180946894904
1.5744523325245636,1.4210934169888174,-2.920292788147525
1.5750283535712046,1.42076789016684,-3.123039754172156
1.575407519771461,1.420373858375028,2.955216616887544
1.5756127400895856,1.4195761374089781,2.7503400258746646
1.5757167769492,1.4188937149702299,2.556440292429425
1.5756423080343416,1.418240468579442,2.3499929661967425
1.5762889641333302,1.4182308674386817,2.1404475701813
1.5760579106451413,1.417722878785025,1.9312436353518612
1.5761544307397692,1.4175133844694576,1.7553750249121227
1.5760091455362037,1.4171992997012821,1.568793202720601
1.5762231440927021,1.4167862539236944,1.360569084186308
1.5758517265574001,1.4164501809614534,1.1816226982767188
1.575688549694301,1.4158044722020848,0.9873076191592633
1.5756267468379754,1.4154795648086467,0.7874664024872109
1.5749231646599942,1.4157559794292394,0.5796958445872427
1.5752847765623246,1.4149010043671848,0.39716730454565713
1.575205170018351,1.414478351964886,0.19786442375821525
1.574829974670203,1.4143894528677896,-0.005587254433231878
1.5744103570516583,1.4140370609659463,-0.21445587997216384
1.5739823428608752,1.414333500733179,-0.4115176208237234
1.5735469041871537,1.4146701318868162,-0.624976076479393
1.5736192129453555,1.4154043434140344,-0.8336367274092102
1.5739472058899928,1.4159668170032353,-1.0419424501724481
1.5737086546033743,1.4162968313815256,-1.2291784454745114
1.5728449243492906,1.4162776959795733,-1.4237762259272935
1.5728766697986485,1.416693571108901,-1.6234246743585137
1.5724852753927352,1.4172478175993437,-1.8167512380000757
1.572689534774378,1.4175024677378523,-2.0278820619982096
1.5729872341847058,1.4180216392364595,-2.227834180781334
1.5730347564064968,1.41856138738863,-2.4204482095886566
1.5733110718755634,1.4186704105399524,-2.635343950852913
1.5734937494387964,1.4189109536829905,-2.842904551281446
1.5738372462440509,1.4187525390746343,-3.041201522764944
1.574205320174113,1.418952096541517,3.037516232203293
1.5748515788948563,1.41858908199014,2.828059640792503
1.5752429907735668,1.4183757544055735,2.638627227151341
1.5757049148842626,1.4182944910938298,2.4509320238184165
1.5760330107947484,1.418019452293375,2.2744122494440604
1.5758744161530918,1.4173914856114072,2.077934882709434
1.5750464141070473,1.4166502288817864,1.8764249186812378
1.5752025929868216,1.4161734067161105,1.6847241796477253
1.574729646292431,1.4156302618705547,1.4752063468413772
1.574031157362922,1.4153003105589792,1.2660057097702377
1.5735041541598862,1.4153414646529328,1.053547798766064
1.5730051440987531,1.4152517517964827,0.8445532580899565
1.5722950833858462,1.4154534078364402,0.6292129805616747
1.571766320247384,1.4157451656402833,0.4351419828878598
1.5710632463161451,1.4164755495373067,0.23133792770841263
1.5704880089357587,1.4163581245821497,0.02626477910828947
1.570125061814288,1.416801564495091,-0.16783039622093945
1.5696522367379304,1.4170409641735981,-0.3843754201405262
1.569746026367833,1.4174056013025234,-0.5476675854287921
1.5692722289278882,1.4177180591447185,-0.744696160993447
1.5689897811556468,1.4179629094490074,-0.9479855214307457
1.569152247434633,1.418329655128206,-1.1252200697897246
