-0.7965826326111859,1.6278558196860962,1.5885336561518286
-0.7975171161082831,1.6278035271335605,1.57184801546137
-0.7977976571203423,1.6277941937500462,1.568032492365395
-0.7968174641985551,1.6277836021786363,1.5659471877023416
-0.7967382334572227,1.627783158393107,1.566029503187504
-0.7967168622869216,1.627782779299612,1.5659491637224066
-0.7967114134837036,1.6277825248721822,1.565882224281788
-0.7967105960605964,1.6277823347480904,1.565825987773591
-0.7967111103148865,1.6277821753653432,1.5657757029053554
-0.7967120526239164,1.6277820307734774,1.5657285553970848
-0.7967130775329255,1.627781892742136,1.5656828864693029
-0.7967141297540312,1.6277817575444422,1.5656378643292594
-0.7967151915335313,1.62778162351595,1.5655931149450517
-0.7967162570585001,1.6277814899140453,1.565548469552748
-0.7967173243786445,1.6277813564078747,1.565503852588754
-0.7967183928198097,1.627781222849727,1.5654592304059622
-0.7967194621404438,1.6277810891731055,1.5654145880877235
-0.7967205322500965,1.6277809553474476,1.5653699190509294
-0.7967216031128539,1.6277808213580631,1.5653252204092019
-0.7967226747131563,1.6277806871972573,1.5652804909129603
-0.7967237470432896,1.6277805528604086,1.5652357300362216
-0.7967248200986223,1.6277804183442388,1.5651909375729403
-0.7967258938757635,1.6277802836460484,1.5651461134586993
-0.7967269683718156,1.6277801487633785,1.5651012576914085
-0.7967280435840697,1.627780013693864,1.5650563702971094
-0.7967291195098674,1.6277798784351665,1.5650114513142541
-0.7967282779493757,1.6277789223245027,1.5643955471057807
-0.7967290644985314,1.6277787042746243,1.5643309382794428
-0.7967300319540206,1.6277785315886086,1.5642779179164101
-0.7967310684137475,1.627778377754565,1.5642292657268637
-0.7967321314136199,1.6277782321264211,1.5641825326467118
-0.7967332051903043,1.6277780899928291,1.5641366327249353
-0.7967342836875867,1.627777949268824,1.56409108460503
-0.7967353645040066,1.627777809031518,1.5640456752603213
-0.7967364466604578,1.6277776688717365,1.5640003105335034
-0.7967375297478281,1.6277775286072438,1.5639549488567004
-0.7967386135910691,1.6277773881560087,1.563909571907716
-0.7966124610402462,1.627459800121564,1.3818911330711992
-0.7969017640995427,1.6271792470903583,1.1769275111468516
-0.7975932008624546,1.6270531381677065,0.9558085114678615
-0.7983763566423524,1.627263491215858,0.7755708403837419
-0.7991642402890579,1.627542036444518,0.554326730989459
-0.7997922523244428,1.6275886499003425,0.32171802835387736
-0.8001280835652972,1.6274350704727631,0.12576160906367598
-0.8003834307471313,1.6273322649385842,-0.065114354561718
-0.8009213854055918,1.6272702987353416,-0.25404448665551116
-0.8009023037822744,1.627841177058486,-0.4547406601655759
-0.8009940919667597,1.6285723117873525,-0.6648676299940346
-0.8013010772456814,1.6288760593861555,-0.8819629660945136
-0.8019268359313656,1.628794031531205,-1.0657775694648006
-0.8020282514715977,1.6291485557970744,-1.253163760905267
-0.8023238974459286,1.629138817778023,-1.4425707709440807
-0.8025908117542463,1.629436805494099,-1.6251819255566933
-0.8030643431373938,1.6300096048766752,-1.8341078924149399
-0.8028472184462584,1.630525998124092,-2.0281486639851547
-0.8021716721242891,1.6303843293951317,-2.219837547306031
-0.8014886252269635,1.6302341645313685,-2.4198534540517502
-0.8010365886854699,1.630497526747901,-2.612153450125442
-0.8009973633704398,1.6306944328267454,-2.800443489521855
-0.8006912257505582,1.630598660738014,-2.9984159268297454
-0.8002103015714735,1.6302173623663372,3.0929845008539725
-0.7996798247980131,1.630085953385454,2.8924967595965727
-0.7999457622335315,1.6288867602178605,2.688074207931368
-0.8000513455254278,1.6284609500964247,2.493481503662306
-0.7999211542773741,1.6278927655712798,2.320076107458688
-0.7999807923324329,1.6273298103363543,2.1256540247258404
-0.800168924489575,1.6272115620012744,1.957294737857901
-0.800008574623367,1.6270253472505256,1.752884422609368
-0.7995223006045092,1.626545644561596,1.558674606998572
-0.7994359599022015,1.625993257425669,1.363224863349627
-0.8002576069039151,1.6259334612779264,1.1460146901117618
-0.8003345508081589,1.6255283876270852,0.9505753697186223
-0.8005704826198328,1.6253600380145954,0.7877713036099518
-0.801487602302485,1.626053296848926,0.6090732517239175
-0.8022222101450559,1.6269296946271097,0.4187012320134429
-0.8027208670467312,1.6275376946084965,0.2155966427079716
-0.8031386682112277,1.6276533545429277,0.015911858048805662
-0.8035538049555158,1.6276182209404553,-0.18325529167455717
-0.8040799382702993,1.6274276516506223,-0.4234264871491211
-0.804320824560149,1.6278797531095048,-0.6233547750562765
-0.8046288706179161,1.6283934267684996,-0.8598655175693948
-0.8046850576168234,1.628812424325174,-1.0693902031380478
-0.8046148245248544,1.6291690587040595,-1.2639677590384888
-0.8045682025347501,1.6295382659711766,-1.4561026256803218
-0.8048860852688805,1.6299022362219948,-1.6637449778291427
-0.8047913966559328,1.6304706752776537,-1.8555144200027371
-0.8040569171694857,1.6305574877611466,-2.065890146476288
-0.8036950481098025,1.6308678952613664,-2.305569389676339
-0.8028448248406972,1.6304285795823876,-2.4789999055814222
-0.8028814480362736,1.6311871192343825,-2.672330336043371
-0.8027657264224372,1.631346924973157,-2.8628689445560322
-0.802105502527142,1.6316766637042501,-3.0516243085001875
-0.801689568839129,1.6313119547635944,3.0416037642655356
-0.8011753811975271,1.6309015326134106,2.8401681384181883
-0.800721550240794,1.6307598264846108,2.636556015858287
-0.8004373696298067,1.630378821499096,2.4332494536415004
-0.7998414007788253,1.6304111746677517,2.2541491407691474
-0.7998239695350715,1.6299541338767691,2.0754016965265727
-0.8005281748716492,1.6292294035363883,1.8653523779147427
-0.8007108072207376,1.6289819242529866,1.6664138392120886
-0.8000990935355721,1.6286691153758115,1.4825380028383646
-0.8000983960883109,1.6282567388426459,1.2776623450339322
-0.8002224187288862,1.6277666381411346,1.0569459745956842
-0.8007075213204988,1.627314905879772,0.8527866470152236
-0.8008457533691383,1.6268813097846435,0.6611437483789929
-0.8015849869685754,1.6271178984665744,0.4763343240771303
-0.8022095977058021,1.6279255834569573,0.273913237994223
-0.8024812470742517,1.627264244611065,0.07623254113943868
-0.8029297120169027,1.6273427823132787,-0.11317584597711373
-0.8029888082475132,1.627671222956035,-0.31886839895907565
-0.8037394103112211,1.6277492484676492,-0.5197253164829442
-0.803695973788256,1.6282499466651996,-0.7051304289751921
-0.8036011949273131,1.6288195431772012,-0.9174979295508346
-0.803736155482593,1.6291006730633943,-1.113435180737515
-0.802861713438439,1.6298759767296764,-1.3027414362326537
-0.8032025718811268,1.6300654069374463,-1.5008456142281252
-0.8036850673691914,1.630454048471534,-1.6954021808220678
-0.803810202939318,1.6309575778302683,-1.9181237350970575
-0.8033534887285448,1.6308761115558545,-2.139529647035384
-0.8026550719613531,1.6309278394555953,-2.327466663946378
-0.8019051327594754,1.63064818295058,-2.5451999282935636
-0.801513283451198,1.6309205825663975,-2.7690445719269614
-0.8012084057901715,1.631013475049129,-2.9857084679847246
-0.8007778907639487,1.630960811591292,3.095394057149585
-0.8002897119691043,1.630753727482464,2.8779609221698275
-0.8000268416749475,1.6305933596798423,2.6475032373105605
-0.7997308399776971,1.630420784763026,2.4763904835277635
-0.7995728717267304,1.6298513842899827,2.261686399470763
-0.7994941465789103,1.6294452441980598,2.081409756934984
-0.7993812206957859,1.6292649755539022,1.8981161518165615
-0.7995265408308504,1.6286647223521666,1.6998346817969119
-0.7993353238147167,1.6283354926914133,1.526477668896792
-0.7991806163080956,1.6278995870379054,1.3233603242216119
-0.7998091502809956,1.6277412128804034,1.108715537737572
-0.8005501282960327,1.6275926250615838,0.8872640571134667
-0.8014484396504278,1.6279762361408499,0.6839416505613631
-0.8012682160493224,1.6270330899047005,0.4939047320003533
-0.801805390517037,1.6275406752768984,0.2866466687358822
-0.8021644369519231,1.6278750677975276,0.08952687899622597
-0.802665974572565,1.6285159276955403,-0.0997168408662998
-0.8029642743399305,1.628454073075892,-0.2973828332712475
-0.8031188875941713,1.6290735655807524,-0.5092151345009289
-0.8031499248061571,1.6294939468287826,-0.7069933750159899
-0.8024822880175334,1.630583409008971,-0.8747304311616597
-0.8020226107569599,1.6312668055449304,-1.04044868417252
-0.8013955413016273,1.6318222102843714,-1.2359937328152644
-0.8016543215796449,1.6317239158763346,-1.4293296257398218
-0.8016558532087631,1.6319364217304981,-1.6192044947125122
-0.8020185076303424,1.632493992947947,-1.8280209755397796
-0.8016726707273883,1.6326609387376574,-2.032936272918366
-0.8007662918048943,1.6326980832436389,-2.2650468956129
-0.8002120651299672,1.6324979989636783,-2.4493014613843695
-0.7999092719933073,1.632696654674307,-2.637203136703854
-0.7992130763691571,1.6325326839516612,-2.822210082648512
-0.7987291370847359,1.6323718415027244,-3.039146181640471
-0.798325454643187,1.6329224707200598,3.0384111606990256
-0.7981371342574862,1.6321233248299267,2.8449741140430214
-0.7980916578993675,1.6315887600342376,2.6440169207309503
-0.797934059603757,1.6310384127451951,2.449753732899403
-0.797935364027315,1.6305965628441517,2.2528333445497815
-0.798267922353129,1.630004494746197,2.0398957167381395
-0.7981979905332011,1.629545116293339,1.8244872353566708
-0.7984286889846214,1.629218037214561,1.628930839235149
-0.7980020949246389,1.6288753578218027,1.436200558585347
-0.7978115322149092,1.6283860060130713,1.2117062547495185
-0.7974033980938543,1.6276949009078048,1.0253494150314573
-0.7979446290842817,1.6277178342562932,0.8327899396576373
-0.7985338185356652,1.6277201366607894,0.6344418194537134
-0.7987271263729778,1.6273326542927402,0.438847062247066
-0.7991315825616412,1.6274531218443182,0.2287330663101028
-0.7995356621980672,1.6278743124641475,0.021921031084975305
-0.7998994391920655,1.6278168372881692,-0.18827453617074014
-0.7999453645846977,1.6280030772723186,-0.38625045161204
-0.7997544474484781,1.62895816164003,-0.5729986247148146
-0.8001566493740004,1.6292955840459569,-0.8072317613589955
-0.8001611906626556,1.6296980948089632,-1.0114487202370326
-0.8002858585057895,1.6298245762925463,-1.210501568704203
-0.8003578378936216,1.6300180484187818,-1.4081753464456301
-0.8007497331145469,1.630272641279646,-1.6074192215979979
-0.8010832807393016,1.6308862563963293,-1.8021322297848805
-0.8007306857213339,1.6312785418432456,-2.0033919961111657
-0.7998912057392793,1.6315889157579633,-2.2240940841352916
-0.7999552480747556,1.6320982606768317,-2.4029850192298747
-0.7996745948649464,1.6323046769606653,-2.6081135672581937
-0.7987684936439156,1.6315896324449797,-2.77579579047302
-0.7986016976164169,1.6323633336307442,-2.9911709043790653
-0.7982417142292644,1.6323057973775368,3.0869874149291943
-0.7977717010122223,1.6325984065709958,2.8700314097666713
-0.7976885249867139,1.6321885889255558,2.651623585148592
-0.7967709038362853,1.632680658446436,2.428259845416806
-0.7964390025675478,1.6325635164725414,2.2933652263017907
-0.7970815639726466,1.6317127566532192,2.121035913012975
-0.7970161864848725,1.631416324757028,1.93832293732547
-0.7967631157834888,1.6310072076810822,1.7234029662148653
-0.7966450323225687,1.6305100906927652,1.5306346939288171
-0.7965767239774052,1.6300218254141754,1.3316425046969744
-0.7967390788040566,1.6296659235703717,1.1359857297076914
-0.7974763478715233,1.6294707318928205,0.9153153448904944
-0.7981112036670023,1.6298188104403206,0.7142064507949081
-0.798664732382329,1.6300852841857327,0.5303732108211128
-0.7989066162073656,1.6300715306796076,0.3387555219599226
