-1.006095068799705,0.8725640929883262,1.6213213453818152
-1.0063090923928053,0.8728034877173829,1.5931360476980276
-1.006030892851645,0.8727580963912077,1.563035151924856
-1.005561416500917,0.8727661628371634,1.581846543378723
-1.005305202349689,0.8727617625226474,1.58759377080473
-1.0052375967923093,0.8727603001406562,1.5897009485253462
-1.0052118075058856,0.872758566041843,1.590325080198774
-1.0052020445836196,0.8727582502589769,1.5908735567300785
-1.0051973900841105,0.8727579131938448,1.5911474369797456
-1.0051946471817212,0.8727575661879057,1.5913090312737408
-1.0051926126971682,0.8727572135619012,1.5914255910917559
-1.0051908390564417,0.8727568562325924,1.591524299685727
-1.0051891609005748,0.8727564942412541,1.5916160867067277
-1.0051875173680802,0.8727561274621763,1.591705336581785
-1.0051858861177319,0.8727557557703842,1.5917938070640194
-1.005181500168423,0.8727541734160167,1.5913981595809765
-1.0051823966713829,0.872755020452519,1.5919817005211876
-1.0051781607105919,0.8727534322729047,1.5915797742151092
-1.0051791087861535,0.8727542685400291,1.5921606325109336
-1.005174891399193,0.8727526706201973,1.5917580512214042
-1.0051730738984685,0.8727522906766902,1.5918549996047828
-1.0051713749517193,0.8727519090265583,1.5919479883513517
-1.005169717100599,0.872751521996323,1.5920389095855485
-1.0051680741121343,0.872751129643745,1.5921292479312152
-1.0051664362842412,0.8727507319427417,1.592219604636854
-1.005164800032637,0.8727503288384216,1.5923102241122602
-1.005180714621475,0.8727579901673939,1.5957061702997315
-1.0051811482853417,0.8727573835049748,1.5957335822879604
-1.0051802742579825,0.8727567563938778,1.5958045871678999
-1.005178931237188,0.8727561251834669,1.5958976169098462
-1.0051774207845225,0.8727554870382501,1.595999767790568
-1.0051758507171706,0.872754841013186,1.5961059527273984
-1.0051742594325137,0.8727541867668419,1.5962141733581459
-1.0051726605352371,0.8727535241324512,1.5963236491073576
-1.0049637563539409,0.8723772301403521,1.4237772175084122
-1.0048737487534938,0.872001868135916,1.2293584454508149
-1.0046928393317418,0.8714565313089738,1.0322972277811362
-1.004797119668866,0.8711038093426877,0.8463224766546946
-1.005391087162601,0.8711620210771155,0.6600915744010898
-1.006249214736287,0.8716217072272647,0.45326284746654777
-1.0065179682709424,0.8721057189602442,0.25415385955880054
-1.0064377479550357,0.8718932824015135,0.07216203957790866
-1.006751608235992,0.8716852282421192,-0.12308870439083072
-1.0070647456558512,0.8714552286231866,-0.3232788412907708
-1.0071429610683225,0.8720609261105228,-0.527312202997692
-1.0075534612147041,0.8723105986257965,-0.7460905857169985
-1.007471352192919,0.8727963683427117,-0.9356800310342435
-1.0073768944819517,0.8732378747228019,-1.1415169647850596
-1.0074512282337649,0.8737294985808441,-1.3148317732072279
-1.007428637541925,0.8742665390856689,-1.5265672015067937
-1.0073303196558379,0.8746571797979045,-1.7368611521399482
-1.0073559901232412,0.8754496189360672,-1.9335302105205894
-1.0071739904699593,0.8759409236842765,-2.1428245989659755
-1.0073320143654758,0.8766072488335206,-2.3537062002331477
-1.0071955873421832,0.8769120566356889,-2.5311518833533793
-1.0069829933832055,0.8770493859486047,-2.722322002396551
-1.0068191940035416,0.8771064927215082,-2.9170966075070113
-1.0065286274566525,0.8775565437779064,-3.1078589746937535
-1.0061864000025826,0.8776356091524494,2.980500817272064
-1.0058040232993053,0.8773014457375019,2.758754208920227
-1.005772351517563,0.876662462010518,2.5604015300797247
-1.0055095779548702,0.8762216037595555,2.3493973190863318
-1.0054424292308808,0.8759058435129293,2.154364674653872
-1.006577372061121,0.8747654860078322,1.9607090132949851
-1.0067846034614591,0.8747341648090389,1.7796188813789457
-1.0068739196242766,0.874299601517519,1.5920489782039202
-1.0067865727396543,0.8739604412629897,1.392002031980608
-1.0070607192862984,0.8735902363827474,1.1671260617376524
-1.0079300892090641,0.8737263629516743,0.9588490418106651
-1.0080532961088569,0.8734900306016684,0.7771457175693784
-1.0086197764794553,0.8736275708398383,0.5667897641892585
-1.0088691882222829,0.8732344995239931,0.36503677964800885
-1.009131235724685,0.8735977016277543,0.1793772480425713
-1.0093760454646907,0.8735770841126542,-0.018036435416990286
-1.009812081139491,0.8728477592579259,-0.21026840815099374
-1.010122043255363,0.8734176984509293,-0.41897248264567677
-1.0101940822122177,0.8739304820302979,-0.6330201484066732
-1.0099094741229546,0.8748453497744179,-0.8427617659027077
-1.009924875589726,0.8752510733203452,-1.0524243966636435
-1.0096679548067695,0.8756213127712817,-1.2383994891631147
-1.0093656110577593,0.8760113882108521,-1.4355908630204002
-1.009241522768068,0.8764934475418326,-1.631147237870312
-1.0085391011048233,0.8766874753349252,-1.8442740397522357
-1.008400668531608,0.8769713468444462,-2.033287150563169
-1.007769621596054,0.8772067808350498,-2.275923430463329
-1.007406219912399,0.8773992545116688,-2.4805133545879037
-1.0069993580656451,0.8774587771192125,-2.699322265042163
-1.0067313329074585,0.8769079322897965,-2.9103601003097084
-1.0066178051595283,0.8771348863697535,-3.092740536256927
-1.0062225656895123,0.8775354087501199,2.981611542948802
-1.0058156722830214,0.8780596078331857,2.7753489318542393
-1.0054739330412894,0.8779887922694243,2.56264828140425
-1.0053748792760395,0.8774739256251202,2.344776764649966
-1.0053427126868355,0.8770188669918767,2.1253343406521443
-1.0061265578957643,0.8759144674200502,1.9147288945883492
-1.0063309307748887,0.8751444376550415,1.729392291505684
-1.006281687883012,0.874886875539192,1.5499234002882816
-1.0064441243121343,0.8744851631158996,1.3392625960617441
-1.006868491311873,0.8737535488778868,1.1323028066765033
-1.0073108858910027,0.8737834079163617,0.940080825623372
-1.0083730243296993,0.8742110527249181,0.7484227652638586
-1.0086833825700727,0.87400464394305,0.5596431803742633
-1.009246342317428,0.8743913017563095,0.3717698451480597
-1.0096910213177137,0.8743434999127163,0.1718171249443164
-1.0101091153002262,0.8743542974603866,-0.023888338215335498
-1.0105041436987654,0.874153213647019,-0.21789829906954125
-1.0108318574717032,0.8743753581241016,-0.43257108739323336
-1.011060447265824,0.8748836157022652,-0.6005301828103963
-1.0112070299334575,0.8752473740552695,-0.7998073062118826
-1.0113979635333796,0.875555165356871,-0.9933688563828387
-1.0116285821789215,0.876088300524347,-1.1902744931637321
-1.011674816192443,0.8763179095144191,-1.3774009792626538
-1.0120644222202415,0.8766173340218945,-1.5649523526404296
-1.0121094112230138,0.8769721578302282,-1.7684459632964742
-1.0120328621668508,0.8772680519924103,-1.9839472378270688
-1.0114566007018413,0.8774995490356613,-2.177451403328698
-1.0100145845637172,0.876763908894484,-2.371009922630135
-1.0095628537070003,0.8766064585778287,-2.5333743763104852
-1.0092732754286295,0.8768987970645639,-2.7348041963596863
-1.0087387065389009,0.8767545890320614,-2.943700646253534
-1.0080791022097098,0.8768507353743528,-3.1375051818116724
-1.007742068431739,0.8761584413720485,2.9440049029765123
-1.0075780559308112,0.8760293862060995,2.7375664991550517
-1.0070409270726628,0.8761138269069128,2.5468040689755673
-1.0073843646797596,0.8752754834328522,2.365976611487572
-1.0068771843188074,0.8752482988106761,2.19976125560948
-1.0071000112204618,0.8746859774191065,1.990276712997314
-1.007067672117762,0.8741206377382151,1.7868454398643498
-1.0067138698515326,0.8737772376098513,1.5938401315486237
-1.0069247397351027,0.8734169987338161,1.3865739129738703
-1.0073279350266735,0.8731641496426774,1.1864599954707085
-1.0079657120328354,0.8730722614405103,0.9808321874742871
-1.008733020504035,0.8732441758587313,0.7878064620727536
-1.009357672903939,0.8733179186219905,0.5673464385641166
-1.0096767158516586,0.8736275612457919,0.3803307158639744
-1.0101919784719355,0.8745443761270892,0.1909609852095748
-1.010543321962306,0.8747348978352429,-0.010607766544143252
-1.0109538340466886,0.8742896436720912,-0.2183281042579806
-1.0117018489307616,0.8742227002605926,-0.414939769327853
-1.0124003078219075,0.8742006860420146,-0.599746632721505
-1.012898012700223,0.8741666268741355,-0.7774250552994829
-1.0128222193399514,0.8747839912002646,-0.9678572998569127
-1.01268255858921,0.8752354752956527,-1.1535863467335719
-1.011952589014558,0.8757664676492322,-1.3614446064374
-1.0119151723113922,0.8761343419370072,-1.5576249152452706
-1.0116279811008526,0.8764280612524687,-1.7564187766681776
-1.0108223535545657,0.8765568799700905,-1.9650832711881592
-1.0103188402040073,0.8766679580041079,-2.168528861612268
-1.0102770639387473,0.8771556252632646,-2.3764733330465875
-1.009652640702724,0.8769608030722614,-2.580575562052444
-1.0090792262384165,0.8769187266310696,-2.776069714270203
-1.0083761280816812,0.876538139189665,-2.9743701021439333
-1.0075506147013709,0.8760130629314373,3.1105172557745417
-1.007320889166748,0.8759722073513989,2.902415051389878
-1.0070285175574518,0.8757616601670881,2.689014286023176
-1.0070644160625535,0.8748548198925399,2.485052558533096
-1.006964034433906,0.8743799837714943,2.2937841730117827
-1.0068350918847153,0.8739594459059136,2.0844382680295106
-1.0059850856662116,0.8739569503854613,1.8859427484911544
-1.006116960798538,0.8735261731338912,1.6835435366613718
-1.0059791003327256,0.8731837012760019,1.4885931224749531
-1.0061310770670466,0.8729349201708845,1.2809678428293432
-1.0061219413032343,0.8725995856635752,1.0800554895992158
-1.0070416985302817,0.8728741314645817,0.8748725442727127
-1.0075472758636044,0.8728277960525609,0.6855248969735547
-1.0081213027661697,0.8731542512564435,0.5219394551477582
-1.0087887459640206,0.8735739556640185,0.32458094933808607
-1.0087724095569617,0.8735495240723724,0.13617223132749282
-1.0091245504116266,0.873125973092886,-0.05847201470318236
-1.0095066977371632,0.8732994835802584,-0.2734464532880235
-1.009669410837402,0.8738303251730348,-0.486629540898817
-1.0097561496464498,0.8742446816181115,-0.6797574035515743
-1.0103236397248225,0.8742110973857704,-0.8534770199894508
-1.010768703516099,0.8742705434781464,-1.0399488068000962
-1.010257055646085,0.8750631024804874,-1.2187965286844913
-1.0105312193724134,0.8751822307716146,-1.399043139687463
-1.0110754013644918,0.8755466408168621,-1.586432155732693
-1.0111669554103853,0.8759153220327958,-1.7992887783737368
-1.0110272477212268,0.8763082968832525,-2.015839221791814
-1.0104619763445046,0.8765280234299399,-2.220035523905334
-1.0098784326402666,0.8764808289734969,-2.41969068033874
-1.0093688810862407,0.8762143353482674,-2.606945509125064
-1.0086489401342613,0.8756720288406552,-2.80083300692142
-1.0075619951743016,0.8746529989533713,-3.0059449271847556
-1.0072633619966072,0.8747530641449903,3.082776448548301
-1.0070313151094739,0.8747816679132792,2.908712068258633
-1.0069965339177438,0.8739315051120935,2.689528986300245
-1.0066707204522707,0.8731975925155453,2.457467314773233
-1.006433629652002,0.8727321255388119,2.236359713055036
-1.0071464541640909,0.8718280527194708,2.0368125644253636
-1.0065018479621315,0.8718652573006581,1.8448277655058114
-1.0060620302462335,0.8715898568511026,1.6485720696324278
-1.0058382367791723,0.8712421624259178,1.4453989543930723
-1.0060733501371284,0.8708976653999871,1.2355754932461664
-1.006197968916882,0.8704205462804754,1.0367497725952743
-1.0068041536708776,0.8703645482219127,0.8194881641222492
-1.0069770064476145,0.8701054514495578,0.6220036634545872
-1.0074623027878995,0.8706585957507527,0.4467642071652481
-1.007319941748662,0.8697867164124142,0.25379676155979497
-1.008010570168835,0.8700915850053905,0.052799209332592016
-1.0084117645302333,0.8702158555564267,-0.14352909314408008
