-0.39949265193977096,0.02294116581688803,1.5892492428118759
-0.40049263063054547,0.022881220216176508,1.5704627922622623
-0.4010792630835502,0.022872343217918815,1.5670787922976965
-0.40037841125959456,0.022886334222238104,1.580677303793745
-0.39969294205166683,0.022847283869178513,1.5611748982501352
-0.3997642915008361,0.022853506447887438,1.5634989291492927
-0.39979057659968953,0.022855915632390898,1.5640373148021252
-0.39979960861492575,0.02285628472133486,1.5637864855025954
-0.3998026880922345,0.022857356388216003,1.5643601435922718
-0.399804305190625,0.022856871185929325,1.563913501494299
-0.39980508175703816,0.02285683047619296,1.5638982244589497
-0.3998056716441526,0.022856773852622917,1.5638802767430953
-0.39980620404480327,0.02285670893934295,1.563860427665995
-0.3998067180265487,0.02285664015110554,1.5638396865424407
-0.3998072260651646,0.02285656952001548,1.5638185268980511
-0.3998077322580165,0.022856497972941713,1.563797167085417
-0.3998081583739622,0.022857143742517246,1.5642732891247502
-0.39980882554218544,0.022856462204728353,1.563780405596286
-0.3998092107969614,0.022857049385817292,1.5642415847335358
-0.3998098529529316,0.022856342272224963,1.5637425696183294
-0.3998102276692121,0.022856917859888682,1.5642009820202374
-0.3998108649876181,0.02285620527603943,1.563700700933522
-0.3998112377984578,0.022856778369786567,1.5641585274916565
-0.39981187482588787,0.022856064371824646,1.5636579615502766
-0.39981224761159617,0.022856636807002895,1.5641156425309306
-0.3998128853065689,0.022855922211936046,1.56361498986934
-0.39981344149753345,0.022854890357424867,1.5629710812100026
-0.3998137501052561,0.022854647868951628,1.5629088328037168
-0.399814167103507,0.02285449620011148,1.5628694009650799
-0.3998146371157886,0.02285438429774472,1.56283949000046
-0.39981513155553117,0.022854290204525594,1.5628138551089343
-0.3998156372905296,0.022854204033078557,1.5627901369017663
-0.39981614831499457,0.022854121329197126,1.5627672729117486
-0.3997668995140467,0.022548986983423648,1.3807685070738946
-0.4004940993442748,0.022338765727063895,1.1645152750749501
-0.4008677070673205,0.022100719641401517,0.9534522847713394
-0.4013413822253151,0.022073622672037458,0.7470280228404739
-0.4012551915234859,0.021217042521628083,0.5783311824191418
-0.40181740964057633,0.021360302627283126,0.3838694763091692
-0.4021546654555969,0.021262028399764623,0.17291370951247112
-0.4028189770702969,0.02182544645230934,-0.027770301839266442
-0.40316354395993637,0.022080123632407175,-0.23525106205356305
-0.4035781804534416,0.0224362380893738,-0.43496606735213456
-0.40344692673788457,0.022944448773042032,-0.6418360013786577
-0.4034587412615976,0.023527302818136465,-0.8529076003383478
-0.403392043499502,0.024088445438583104,-1.0694656690962556
-0.40325624004338195,0.024564200791296523,-1.25765307789796
-0.4034108174108538,0.025249215820074427,-1.456573281148081
-0.4029889518961296,0.02557517199259824,-1.6293772225790626
-0.40265166532939844,0.025939548545496058,-1.8479006148669714
-0.40154752995048487,0.025944056636461533,-2.0309775311954845
-0.400494488476057,0.02571960320342935,-2.217906617616663
-0.39993274365904924,0.02590487935367266,-2.418496398042411
-0.39975461847966076,0.02622059179276476,-2.5650996010637486
-0.399007969267498,0.02561852496615708,-2.785616323049175
-0.39859654680062967,0.02563049572921411,-2.9883345618630206
-0.39819711329282015,0.02529830498984628,3.0998207128729884
-0.3977786163261167,0.02496871673489839,2.8959185920055868
-0.39727942020554846,0.024828165343659385,2.683726358339909
-0.3967937232401554,0.024938020999340473,2.509981210053565
-0.39673346951533855,0.024262012838796854,2.3261624014369
-0.396759720884415,0.023732103494354572,2.134194401050597
-0.3962831245634123,0.023475515318989476,1.93215482502406
-0.3969320406836098,0.02307276107227576,1.7396635894834873
-0.3969849696919621,0.022969915091068653,1.5512184841275496
-0.3966305478724858,0.022561809515924718,1.3373906754494693
-0.39642464203289707,0.022232414469648843,1.1202876635438876
-0.3963153456315951,0.021595597272141248,0.9333904498406278
-0.39625970712449965,0.021087033030727658,0.7362999395436725
-0.3968240100521393,0.021039682434919053,0.48996220488711767
-0.39696759770959933,0.02041280374981524,0.3007152147234421
-0.39761169433624394,0.020863654854949024,0.09733497982600764
-0.39802054475840765,0.02126121531639689,-0.1025488163696952
-0.3984467400971876,0.021550201055282926,-0.31347917467871805
-0.399116830004907,0.02141670507580597,-0.5076035887131604
-0.39906298684772834,0.02211362780284633,-0.7205949836187446
-0.39900519494419456,0.022796236345698846,-0.9421314994267582
-0.39896826839345634,0.02314863229737604,-1.1490408287965668
-0.3992477990250727,0.02336207598434661,-1.3350993140649472
-0.3994167356906046,0.02370148046289884,-1.5449975342491775
-0.39942124957690284,0.024079168242018993,-1.7471206813538522
-0.39909062774616694,0.02435127609082938,-1.9463771381138817
-0.3977614862321942,0.024215850543428105,-2.1609653394941453
-0.3972446412204008,0.02426337318602062,-2.3724201898725195
-0.3971354507572743,0.024646637598731078,-2.553917928958982
-0.39643976646399637,0.024365039356878494,-2.762766555138256
-0.39601577322061093,0.024055704228084642,-2.9558380125554327
-0.3955304989518513,0.02413099480010945,3.130170098415171
-0.3950939692147686,0.024093894864009535,2.926147063180453
-0.39479272503501817,0.024222136921198345,2.7168306056886293
-0.3942307443299193,0.02418737401942801,2.5347440383098263
-0.39389820375357676,0.02386733125083954,2.3316056056202235
-0.393617108160925,0.02357737765019718,2.1236021090605277
-0.393131680755178,0.023685557221889968,1.9251337652015523
-0.3933617917099452,0.023677101552318724,1.7017037300987299
-0.39284937056451846,0.02326471501951273,1.5028227153667135
-0.3925653640388699,0.022966876337225616,1.3031694094135686
-0.3924025879955424,0.022290619425868654,1.1136095510882058
-0.3920275370284026,0.021764090034470437,0.9207618481142855
-0.393329601264478,0.022637212594465963,0.7433727835114017
-0.3936826904582131,0.022294465403857544,0.5678669175060314
-0.39420049760857395,0.022030046134810813,0.387413301665261
-0.39434509463480316,0.02205980482031573,0.18457894701904237
-0.39456559337268804,0.021588506833304086,0.009090688341031432
-0.3949971619782677,0.021305915706331894,-0.2003968894021956
-0.3953516302203453,0.021448772963780283,-0.41413492810000735
-0.3954279970135081,0.02211442840207894,-0.6174698765431257
-0.3961838517834492,0.02187731400040906,-0.7970198759208849
-0.39531372385150243,0.02292725684702528,-0.9904240095549026
-0.3956551669691031,0.023028966858649802,-1.1929712912007986
-0.395464861506223,0.023596801750785077,-1.3817143717904725
-0.3954984184122327,0.02408112608787648,-1.5693332086052847
-0.3949086802541496,0.0243786840964001,-1.758585775436325
-0.39456438407341937,0.024766736503296485,-1.9475966263527484
-0.3938445301361121,0.02499112004896913,-2.170002083487841
-0.3937729249900662,0.02543533976983494,-2.3536670958210975
-0.39302876938133346,0.02499989704875149,-2.5638254669414735
-0.39275053362209295,0.025313506237242184,-2.745902376931545
-0.392235863998812,0.025461809900705252,-2.957554714824478
-0.3919683884894529,0.02601116573467511,3.125159265435095
-0.39164465627556,0.026092612397500478,2.9286842770977466
-0.39136017882651514,0.025783770272705182,2.7159126037950085
-0.39133677035463377,0.02480583195307455,2.5230760109112307
-0.390660545136565,0.025003006146340934,2.3455724006224403
-0.3907867452827225,0.024472105761109003,2.138934129542446
-0.3902714121871165,0.024384837206747993,1.947919366749698
-0.39036939280183985,0.02398161188059496,1.7353573081238856
-0.3902297037323007,0.023634520555777354,1.5376400121398603
-0.3902860914693129,0.02322702830330326,1.3328269647800495
-0.39074504225309525,0.023229014618912507,1.1524992852568505
-0.39122568209674663,0.02293872304562725,0.9434411945503729
-0.39225357348344764,0.023468187299496915,0.7509056491159439
-0.3924448346911093,0.023097009201441313,0.5616480990324121
-0.39314677300315726,0.02334868767827216,0.3599097442983807
-0.39363525368870095,0.023677258965771282,0.13792403959197116
-0.3938825087464144,0.02359324616123976,-0.04839834980712226
-0.3944846508321455,0.023223262066143956,-0.23790388545280372
-0.39491019008979134,0.023392401809934495,-0.46075920947265375
-0.39574330318601664,0.02341244603024497,-0.6388592089846173
-0.3955224946714157,0.02414460123768112,-0.8202894257898802
-0.39569922647656797,0.024559681676218973,-1.0059184378331463
-0.39510321400619036,0.02539662442166998,-1.214031275327765
-0.3948395828361383,0.025875689988502173,-1.3925524326161427
-0.394639209033027,0.026221000577233002,-1.5788842791355078
-0.39454817505280637,0.02660297092407128,-1.7760046330567028
-0.3940012972172337,0.02718186346807809,-1.983486756157384
-0.393819613625091,0.027473756731872096,-2.1702174596755763
-0.393529051946982,0.027858508672648035,-2.354970861319535
-0.39358451082908097,0.02854144032159599,-2.5457567996639647
-0.39298696966441893,0.028277813410709323,-2.730798680054416
-0.3924722791814874,0.02798564272160212,-2.944229521906979
-0.39206455034270987,0.02789520206279513,3.1283836467167743
-0.39173239347181793,0.02785444561672205,2.9277284942524275
-0.39144659787411856,0.027574958462462763,2.7172440282421473
-0.39131699469523834,0.027490222486406275,2.5646292714995536
-0.39100817465111287,0.027093019630083086,2.3428012564230354
-0.390860981581359,0.026654868657631767,2.140378548522538
-0.39110867781143077,0.026207547256432075,1.9235880734966404
-0.39067004500346053,0.026328183457555773,1.736935024512673
-0.3903812769266983,0.026137717998887675,1.5450481278903996
-0.3896773845382807,0.025691264529578813,1.3419041390199076
-0.39014603001695747,0.025504184825847678,1.1325246698153302
-0.3897736000221116,0.025078679712885157,0.9466944203006443
-0.3902626908819472,0.024953276340640835,0.7065364762797826
-0.39033916904012084,0.024505769345048032,0.5256974114592342
-0.39067939930040047,0.024792796154563514,0.36332819316821047
-0.3909463897366053,0.02445291710206407,0.1610990645760873
-0.39109105345419987,0.024493751771235903,-0.028714479060192234
-0.3914882099728033,0.02403961554844258,-0.2296600099110252
-0.3915166637927068,0.024893299606733896,-0.41076333477484217
-0.3917041256045861,0.02559088425997894,-0.5845857140199896
-0.3920146563185246,0.026050956906678784,-0.8149037764763754
-0.3915107563889823,0.02687630049797308,-1.0194042759456945
-0.39178156453789226,0.02712242043574436,-1.2117146986069114
-0.39109753778766493,0.02812378131703021,-1.3866081230295826
-0.3911314360730465,0.02832833274233035,-1.56973451461626
-0.391634821539268,0.028779178925515417,-1.7762647204340074
-0.3905336015353185,0.028825687606053602,-1.979070934977608
-0.38967287354418256,0.028807699866176813,-2.16626341932643
-0.38910994469817967,0.028866536297147406,-2.3711593430712123
-0.38877458296526957,0.029285110130531422,-2.5775885379084107
-0.38863227281136664,0.0296817499424252,-2.779514406962939
-0.38805681208192894,0.02953404817809814,-2.9812598827191197
-0.3876473419505786,0.02957611038008993,3.1079869527059003
-0.38731651834029834,0.029300558699375638,2.8986469918114257
-0.38711003329111404,0.02885928552274907,2.6703238753919334
-0.38670214631382993,0.02859856251195876,2.4544827496236805
-0.386805900135226,0.027975859034740574,2.2348753963196946
-0.38721434421531287,0.0274281464819663,2.0392523901608612
-0.38808966753976043,0.026630381213911952,1.860744492036199
-0.3877789660263308,0.02640741471148219,1.6557349329920894
-0.38761100723012315,0.026091657790895176,1.4745562514293618
-0.38701114632898764,0.025561339767145093,1.2500745393546655
-0.38781148736377913,0.025471241973145452,1.0346427319595963
-0.3877208139320622,0.02487202478755032,0.8234207424846952
-0.3882054859518301,0.024818894518646533,0.611442152707975
-0.3886863420901478,0.02473352205886841,0.41959708259423695
-0.3894901040119029,0.024454154944029433,0.2429854504078081
-0.3897594305329166,0.02428580704565861,0.06263698182603093
-0.39018513640152896,0.024250185807754603,-0.1368617384779729
-0.3905101864356634,0.0240322476414907,-0.35991322461067254
