2.0179796967888914,0.2162186784584805,1.6209969234224808
2.0181705972380866,0.21624561715183452,1.5725811636624873
2.018470422536922,0.2162696155200229,1.5948048391271188
2.018434101015068,0.21626191017526838,1.5903896768383903
2.018414027091191,0.21626004647125394,1.5902253603025152
2.018412325257169,0.21625914111992903,1.5898428421308473
2.018416674730554,0.21625876993603074,1.5895706995283543
2.018423378087426,0.21625861212992425,1.5893447056327614
2.0184309383139367,0.21625853904121015,1.58913939113157
2.0184387556786385,0.21625849946703055,1.5889448009454825
2.018446592505444,0.21625847312563207,1.588757028865446
2.0184525924507493,0.21625841596519135,1.5886743294401058
2.0184550552601714,0.21625830180082406,1.5886851047995383
2.0184566997409497,0.21625815497709827,1.5887212654444842
2.0184580449693392,0.21625799696632605,1.5887686565003978
2.018459282753404,0.21625783461394385,1.588821030885663
2.018460482764989,0.21625766993659784,1.588875645655391
2.018461669989259,0.2162575034424387,1.5889313052321428
2.0184628532451576,0.21625733520816118,1.5889874918382931
2.0184640355812467,0.21625716520774485,1.5890439826883402
2.0184652180209715,0.2162569934024548,1.5891006826969012
2.01846640089275,0.21625681975996933,1.5891575518091292
2.0184675842937083,0.2162566442551651,1.5892145735942815
2.018468768247437,0.21625646686763764,1.5892717417315982
2.018469952755798,0.21625628757957135,1.5893290542190246
2.0184711378125955,0.21625610637460338,1.5893865111920447
2.0184581904606778,0.21625827752402957,1.5924666896597186
2.0184611069132172,0.2162581637577425,1.5926013437673519
2.0184629960336546,0.21625793910204197,1.5926940910778167
2.018472230364661,0.2159550583257802,1.4257681758293863
2.0184131645641936,0.21538505795613686,1.218611248287234
2.0189543507826606,0.21529830736275715,1.1980615508061225
2.019487025212489,0.21521143150205263,1.221166540366454
2.0199457291325893,0.21515856863492117,1.2385855172654874
2.0194329831269946,0.21523560998245375,1.0518103850315736
2.0188584781469134,0.21507934880270294,0.8318491151297993
2.0183776395995583,0.21504624348240658,0.6165699296645385
2.017795921444158,0.21508486004973146,0.4188107059483707
2.0166638420488088,0.21554051522549547,0.23450454952174307
2.0159041794122374,0.21610012799615422,0.0524825462175235
2.0155878020956792,0.21665776915039156,-0.1536741741858863
2.0150962747210763,0.21694017047178926,-0.3455929784180552
2.0145407236961215,0.2169003437812942,-0.5449325425425599
2.0152317864490596,0.21816846687116534,-0.743972622157053
2.0149001232582546,0.21840028157617455,-0.9198574636642733
2.014444628140882,0.21854895780440048,-1.1244817829424065
2.015102473892384,0.21937533404517354,-1.3224436491600462
2.014839362167312,0.21958278403010648,-1.5136535769565616
2.0147322324375305,0.22010076745233112,-1.7169283326504576
2.015148747536824,0.22036190515854953,-1.9148334083306164
2.0152792231285885,0.22078852943962407,-2.1329442629325808
2.015674825815906,0.22093011704942658,-2.3144591599448465
2.0156991109837525,0.22158150515676994,-2.4952085596926175
2.015988614450065,0.22181252818207955,-2.694522440827256
2.0162100036740505,0.22215589338160172,-2.8690840574661265
2.016455068646967,0.2222146283936774,-3.0703974992766003
2.016965987421818,0.22258717320588875,3.0140094208839363
2.017371808458658,0.22253838268645643,2.8164804624305986
2.0174799723910213,0.2220218773163264,2.605491658844297
2.0183349827638115,0.22224428018852227,2.4186761940744628
2.018090863301227,0.22169491965242147,2.2490714192185584
2.0178241694276804,0.22109717517144914,2.026364520120158
2.0186708017229757,0.22122346059220685,1.8198763686711228
2.018424805260803,0.22116198263521925,1.6335196702272985
2.0188947327427416,0.2208517223304273,1.4532825982105488
2.0189637184061766,0.22031836161174898,1.247456424698653
2.01904895256296,0.21990106724847092,1.027122700483223
2.0189735791062575,0.21947173170096623,0.8409043860480236
2.0185936458902916,0.2193830623744061,0.6456374320080279
2.018143649699273,0.21946703755449176,0.4342945234220921
2.0181287604775107,0.2191414141983138,0.238017338922804
2.017962071191365,0.21889709349724293,0.04528351272019361
2.017529374087787,0.21850979292099965,-0.15684151773664423
2.017383174261815,0.21946572880842682,-0.3672857041622032
2.016931225273324,0.21965017709515422,-0.5777496562382538
2.016670778561977,0.2201385801250009,-0.7531275270231353
2.017509248716176,0.2212899628271776,-0.931629009849277
2.0177910009048152,0.22184627483285513,-1.085669272666828
2.0182390145761255,0.22244128614477365,-1.2856978266619665
2.0192103721724846,0.22302339123624512,-1.4919367936688497
2.019143850274056,0.22337498030982278,-1.6848775998293226
2.0190668618688075,0.22380177324439432,-1.8719856168189515
2.019589861183448,0.22394428745845604,-2.0789988271402686
2.020140955453227,0.22427007169666013,-2.3128207386552817
2.021113655648206,0.22389977522464544,-2.5345005120226736
2.021595588915039,0.22390861426852365,-2.750626843872119
2.0221252973311685,0.22358342626514627,-2.9541424414280275
2.022514888589385,0.22351516768853008,3.125750824220205
2.023009753106092,0.22329585350197967,2.914685299178169
2.023474918736008,0.2229325728174728,2.7248855289528278
2.0232783617894117,0.2221832207133755,2.5119359185322696
2.023823445240902,0.22205178308131673,2.3274028923772487
2.024542380976241,0.22222150942720523,2.136772490950162
2.024727255322103,0.22176982457359767,1.9449779244986445
2.0244418079202284,0.22145688365871258,1.744037447929955
2.024310930142167,0.2211962153974049,1.5488126328172036
2.0245934838964295,0.22074791654898712,1.3501796120811007
2.0243708480520493,0.22000849756693017,1.1406209931613343
2.023633652841165,0.2201068965371844,0.9409978829187298
2.023600735892345,0.21977801544659809,0.7482827340496251
2.022998934598879,0.21995850738247924,0.5648297722370976
2.022338415979988,0.22020225865522552,0.36747664966157667
2.0215856769074816,0.2209908362182429,0.17529585434596376
2.021162109297425,0.22068585263845533,-0.02866727959161083
2.02078394530119,0.2209517594602481,-0.22480268330631314
2.0208544261432895,0.221492188895298,-0.43273990845645505
2.0207048666549947,0.2218241333307903,-0.648064946586836
2.0207327419049186,0.22227608697156012,-0.8332300591489639
2.0207223151551617,0.2226416682683118,-0.981329642063121
2.0206602495885013,0.22338413150906608,-1.1877929480550216
2.020919362813425,0.22375462877725652,-1.394650142860013
2.021201729243203,0.22396720833277264,-1.5661811284045295
2.020826459339189,0.22436058247531518,-1.7655801141462988
2.020899406919682,0.22511025329431822,-1.9678525555692241
2.0207536638118935,0.22574633685561582,-2.194853283175459
2.02110215037686,0.22590599334188222,-2.3834683072837257
2.0216793140879536,0.22581203087747492,-2.5843415951241075
2.0222455399514834,0.22515909103521414,-2.771067511582019
2.022804743903245,0.2254559412249876,-2.9896686844507125
2.023209961335525,0.22509724749240623,3.0907212556955264
2.023559912923503,0.22513827217332183,2.9141344507362708
2.0239137424576024,0.2247957889723347,2.6856977676967433
2.023929009855516,0.2240806873682086,2.4764090195463915
2.024266289912044,0.22367433053862226,2.241501835792825
2.024928884979598,0.22372291056995403,2.0336760111017598
2.025595773202992,0.22379407538573767,1.8475648039518262
2.0253666012514904,0.22329805629023833,1.6391885857824373
2.02486085616208,0.2229147016691509,1.439453664445483
2.0248932675401154,0.22261874783818525,1.2461220155383417
2.0240650392592587,0.22265055607889334,1.0502869789999498
2.0238128747595128,0.2224270683912968,0.8467284467306159
2.023175350400539,0.22265374065085505,0.6509893544141645
2.022696812367819,0.22270211500687281,0.44704583606054504
2.022293303270459,0.22283768860101522,0.23522291822828648
2.0219002804436674,0.22270791178087324,0.030979860261726198
2.0215286464420905,0.22322382642476832,-0.171295888321776
2.0212522121069307,0.22352582287171932,-0.3876226948813405
2.0211592706647403,0.22414091534488673,-0.6046130134568137
2.02102895425815,0.22476116893819864,-0.7998427959028155
2.021408401818254,0.22560237555916363,-1.0034507963353256
2.0215878902258626,0.22609025256818907,-1.2150976860045501
2.0207912525607528,0.22641944978786674,-1.3844855203047641
2.020689565760461,0.22670378830849744,-1.5752477308217698
2.020676017425408,0.22704784797774785,-1.7745000013992962
2.0211728643471987,0.22727264545125747,-1.9616939290928217
2.021753625910371,0.22758037880811924,-2.149002072253757
2.022430832517567,0.2275260391395022,-2.3569174848973313
2.022874562446652,0.22755014682449964,-2.5426198601199816
2.023352313703932,0.22726338846192373,-2.750309379146689
2.0238884840383458,0.22662147753746006,-2.9510016550921576
2.024248143673934,0.22619172171375718,-3.1373798388405914
2.024664483129425,0.22639543423689878,2.949557479220896
2.0249743245512035,0.2263901527521454,2.7477215993449815
2.0253206687072884,0.22626036020845275,2.5364680167278157
2.0249735293478657,0.22533517138625947,2.326842503923139
2.0254020324918383,0.22520342703139493,2.125486116229206
2.025273656463499,0.2247932515281059,1.9376407306195036
2.0254809968597534,0.22435919117325034,1.7296778299980442
2.0258797705780394,0.2240258723203095,1.5202270704788325
2.0257212451010043,0.2236430991262653,1.3253881018255549
2.025400619052937,0.22322406887699203,1.1158041726145962
2.0251391453692356,0.222968353608034,0.9399032352330458
2.024755089329484,0.22288872282833586,0.7397906946008291
2.0245554501907157,0.22254664028919416,0.5663318438375553
2.024111645129486,0.222895416710214,0.37762342879177346
2.023497837672428,0.22360845890466116,0.18796175830192127
2.0232449618434574,0.22326468854816298,0.00187695441626541
2.022825648727851,0.22273410707767438,-0.19347843040791415
2.022568749313851,0.22272586256181187,-0.41814634576269716
2.0223330312178023,0.22308188361597955,-0.631985736150766
2.0216602148140237,0.22288080995852202,-0.8409351248012934
2.0213664953019927,0.22317725018441417,-1.0175480756475865
2.0214693739442335,0.22337381430878656,-1.2170412959375543
2.022180045256736,0.22364903104805303,-1.409230833395292
2.02210302259642,0.22389880282246924,-1.604016638574884
2.021787390001167,0.22434906967099,-1.8073533774828583
2.0221309225665576,0.2245198514283068,-2.018284569829543
2.0227471872509097,0.22489397140475234,-2.2475990288828878
2.022667394128116,0.2254582802912078,-2.4466862166640784
2.022942991814854,0.22581478777091593,-2.646434991929321
2.023460604649775,0.22519075641872383,-2.8545336150208924
2.023844179699038,0.22499034372242044,-3.0568083902980403
2.024253710918705,0.224949248339588,3.041981906333013
2.024443414208912,0.2244913101652302,2.840475648992819
2.024970449320299,0.22428114273915226,2.6282025043621164
2.0247900454384946,0.22351201281796007,2.431916796440475
2.024931166678983,0.22305053058363172,2.2172842465231355
2.024279445681108,0.22230667439595236,2.0343463544543074
2.0246254878069885,0.22194909282532002,1.8153967143851737
2.024621672178346,0.22148276844804987,1.6284355527258556
2.0243267017377207,0.22111420204993287,1.441902446270567
2.0238037752496036,0.2209939304371907,1.2388939708627722
2.023379069666702,0.22114525957121217,1.0465492473090923
2.0234406798682567,0.2207425483819697,0.9073550236516522
2.022572242809018,0.2210124029970383,0.6958176453029973
2.022171998585154,0.22093492456159558,0.5010273305648555
2.021605601939297,0.22145608232859304,0.2901603987293784
2.021249124537357,0.22154564365657725,0.07941965619146557
2.020869990150724,0.22162929823963293,-0.12010816174848961
2.0205178386592104,0.22184874068180593,-0.3228936956598788
2.020429342452186,0.22253818839811562,-0.5275057886363698
