0.2864074858020642,0.5065107904347091,1.6193960768678448
0.28621092340416965,0.5065488113108421,1.6000854977635175
0.2862974695870627,0.5065573548532104,1.5985083461602152
0.2863411090334099,0.5065622193720913,1.5984015897237003
0.2863628522255802,0.5065640397628878,1.597906835194838
0.2863896938430235,0.5065647109476806,1.5971466801119802
0.2864209257776695,0.5065646344983044,1.5961553423883028
0.2864472724827864,0.5065631601906018,1.5953096153284902
0.28644018342828126,0.5065654367759878,1.5955020911627718
0.28643261183515206,0.5065668832687457,1.5956944129835884
0.286425876387707,0.5065680463297564,1.5959015603219904
0.28641954148992327,0.5065690819251449,1.596110936318598
0.28641349775285635,0.5065700699948732,1.596319278899222
0.2864075431641748,0.5065710566068261,1.5965305688205071
0.2864016395955977,0.5065737590512102,1.5967339356050771
0.2863889621192202,0.5065767194525386,1.596829527384231
0.28637989033019623,0.5065821438740754,1.597017499106931
0.2863719266032239,0.5065866539944299,1.5972666268245066
0.28636318090904833,0.5065919586117945,1.597516087913436
0.28635666488909983,0.5065976874743994,1.597814575471511
0.28634612202343945,0.5066027411685543,1.5980733159955631
0.28634012929312463,0.5066076081938303,1.5984277496246964
0.2863318070024165,0.5066124055447003,1.5987699731213478
0.28678130562723003,0.5065911229572505,1.5860836149562842
0.28736694548901826,0.5065679436732121,1.5713363704568597
0.28791030199565676,0.5065445842152141,1.5555498965216954
0.2877587820491984,0.5065490142190452,1.5558591465259346
0.2877057045575205,0.5065519603706806,1.5563740920389475
0.287685638045822,0.5065537074044694,1.5567338423447286
0.28767579231474,0.5065547717136855,1.5569715878093455
0.2876691474214815,0.5065554752387643,1.5571361218579869
0.28809171280148055,0.5061093758560945,1.3950199714601288
0.2882707293733978,0.5056694251445747,1.182746846089517
0.2876848015757386,0.5052125743615925,0.9792017441325943
0.2870652318671944,0.5050973213955987,0.7647101316412022
0.2871115032992385,0.5046025191763842,0.5873336980692238
0.28656249748037016,0.5047137523249642,0.4002804109830258
0.28653071267588204,0.5036730442975509,0.19392504997041066
0.2861387075445053,0.5030328291187989,-6.241728762174602e-05
0.2857342792751939,0.5033860354526114,-0.21583727098794955
0.28487024585791726,0.5036801928400109,-0.4117576888667068
0.284498926443925,0.5039863234085593,-0.6368356705310555
0.28443446154119595,0.5044157936602917,-0.8567711738784514
0.2848203034304345,0.5052326013425169,-1.074007357666004
0.2846555184995561,0.5052869489032631,-1.2694743387997487
0.28412682725422655,0.5055161019243801,-1.4625553814303782
0.284011575033629,0.5059034715907614,-1.6503441768625238
0.28436157406015933,0.506168052729134,-1.8544176897978168
0.28436898125863447,0.5068399340866387,-2.0394065929392946
0.2850694478819444,0.5066651868553544,-2.234936830915804
0.28568584052193424,0.5067740932496458,-2.4434486290722277
0.28622254226062027,0.506781865836787,-2.656737211222865
0.2866987565322154,0.5063439444969041,-2.8661517285565967
0.28715750415638014,0.505900767947064,-3.0697118272246
0.2874968566368063,0.5063059295699424,3.017238726586048
0.28775001874071,0.5056538686009461,2.8307367122250575
0.2879607599533445,0.505167272878991,2.6586056121737522
0.28749124327043474,0.5041487899626244,2.464008990275481
0.28745557606648836,0.5036394004720723,2.2909410745508567
0.28792988946790676,0.5036587626911178,2.1175621786349934
0.2878666480081377,0.5032470289612572,1.940994396484875
0.2880578142820477,0.5029668640868803,1.764487357142086
0.28805471701738755,0.5028156235534871,1.579834774963172
0.2880800708501428,0.50241116497669,1.3725943779595318
0.2876681556209791,0.5019837677090132,1.1520916863464983
0.2869013946317118,0.5021803678421678,0.9610567771360008
0.2865820341125547,0.5020336616253651,0.744780118063312
0.28620491117324093,0.5019884985671617,0.5568037145751747
0.285375216118944,0.5029433375186783,0.35658940849634774
0.28465957410679005,0.5034372982157624,0.15174322797340778
0.28429798952879887,0.5038070400732275,-0.03803871676142326
0.28397316209391793,0.5038210675529011,-0.24179486782249332
0.28353845258275967,0.503585076749989,-0.4535265173467355
0.2831898890835647,0.5038131196043039,-0.6695207141654366
0.2827880498289036,0.5039171196047617,-0.8600116811389699
0.2825237532611016,0.5042451054639099,-1.050526884072729
0.28213806754859877,0.5045519680391731,-1.2809138399211983
0.28197112049978695,0.5048727715681648,-1.4773811178395977
0.2818457326746279,0.5051991895828729,-1.656667880048191
0.2815366577256872,0.5057114321837564,-1.864000890228544
0.282159613594527,0.5057081949510164,-2.075807617582716
0.2824357930742862,0.5059765051470588,-2.280427937349195
0.28271220062429625,0.5062484565604826,-2.45832854649369
0.2833689959594526,0.505948498063809,-2.657099467508897
0.283588659497917,0.5066125224765374,-2.8645269449424307
0.28404035766256003,0.5064468965722614,-3.0638452818479176
0.2843590860015542,0.5062658912868357,3.0329684990142387
0.28479644318640157,0.5063910589575591,2.828499061990915
0.2856269330697949,0.5069264866304012,2.6493925486383194
0.2855675206751109,0.5061792320516285,2.4351524177625334
0.2852487539796459,0.5054585501876395,2.2363260289112126
0.28503891576368634,0.5047890299922838,2.041931871534427
0.2852509116308601,0.5040739842013396,1.832450852430199
0.2849482085077152,0.5036245007029475,1.619724910031752
0.2849968717153271,0.5031452010313006,1.407005823015401
0.2851136699095257,0.5032706067320636,1.1950429956855708
0.2846414265901877,0.5030646558076708,1.0124371137774786
0.2839436195236248,0.5031570228182304,0.8230406874324594
0.28345949931831677,0.5032143959578923,0.6196750550465088
0.2836272054462986,0.5023070438639642,0.4926702415775523
0.2828568080878959,0.5031870440244626,0.2707995732453081
0.28264393716208225,0.5033493818936978,0.07022603583227975
0.2822789489300621,0.5029273073517541,-0.13495034136943299
0.2823466961920826,0.5032635873257217,-0.3616476351803312
0.2822975102732354,0.5033021053561022,-0.5468416555185116
0.28174628022003045,0.5035553436532412,-0.7600392939847505
0.28183278174567394,0.5040371981987346,-0.9425782201306153
0.282544486471263,0.5047445034763282,-1.129509622897658
0.28246852492491575,0.5047998074405379,-1.3277715034087616
0.2822296418458838,0.5052933023712699,-1.5278902299544683
0.2826330301937768,0.5056318534603071,-1.7282599958658489
0.28279515558491636,0.5053571401882633,-1.9321813987618177
0.2827423079772865,0.5060241613670996,-2.1321537145169747
0.28281059384863455,0.5065750171387854,-2.3285857442476874
0.28341862454587163,0.506615267266289,-2.531823262276998
0.28415120017703516,0.5062883675457507,-2.7399496770228224
0.2849166383934425,0.5062603638670711,-2.9402922795352713
0.28550102072313344,0.5058377321280824,-3.1350048264714236
0.28587780673800967,0.5062981437506466,2.9568572777961166
0.2865603691746517,0.5067358588401512,2.7629742894463605
0.28714906368005677,0.5069594537588091,2.557535510904764
0.2873221083225456,0.506533383109431,2.3548614198135533
0.28676990934566904,0.5056581912902915,2.1741706290083256
0.2872187383306443,0.5055606648158554,1.9786151331538493
0.28690548465767907,0.504921613334295,1.7516096669268437
0.2867878849194086,0.5045536814711458,1.556725984311694
0.28660144122306136,0.5041827735454844,1.3665452748177136
0.2859569877017916,0.5040146446755458,1.1539078043713282
0.2855063051666229,0.5038518623136575,0.9376516409825457
0.2853517028109794,0.5033315712633745,0.7322866771134761
0.28504654103689386,0.5031215669398303,0.5179722639479716
0.2850961779742394,0.5026644133207987,0.31162914474667824
0.284997848116899,0.5023387575890698,0.12477903783311554
0.28471003770078496,0.5020618756520794,-0.07112143215804054
0.2846251177519652,0.5024872358933741,-0.2732456048831579
0.28435136339297346,0.5029092708640431,-0.4957153419806744
0.2842393277682622,0.5034782896924329,-0.7031816022455382
0.28384917786304675,0.503687672288285,-0.918189543689736
0.28484440305043823,0.5049525004396396,-1.1203886061032493
0.2855931682870586,0.5055768463079313,-1.3315498119133484
0.28556333193299493,0.5059717370108414,-1.5461362170396056
0.28586853556175557,0.5063240005517895,-1.737482035071679
0.2856530061328956,0.5067343936237951,-1.958118681523658
0.2860154177500862,0.5068157233707589,-2.1641487945348814
0.2865438026205247,0.5068863092067115,-2.341811695908048
0.28735951584839436,0.506523076032785,-2.535765239441496
0.28783519085183396,0.5066270407894008,-2.731279562940723
0.28804008501457606,0.5066148167895237,-2.930144735773534
0.2881866713533044,0.5070205715829967,-3.1167784692469147
0.28858183688647504,0.5074235133559476,2.9702593342324155
0.28896559054489257,0.5076452127385104,2.7640268984532668
0.28909673330484675,0.5069924157474353,2.5527536160039883
0.2888738880765758,0.5061491089270006,2.3280670570920305
0.28926024980134707,0.506049724866318,2.1330075621656097
0.2892818392495919,0.5055120239664407,1.9061628247732048
0.28973747109237474,0.5052360290412118,1.7103979350189822
0.28981414120072596,0.5049697109872042,1.5231557060673442
0.28974508763504697,0.504850006666655,1.3301993070544784
0.2896125178438229,0.5044127823391287,1.1004326024893742
0.2894680891782352,0.5040083590411396,0.8999460750056406
0.28866389106666596,0.5041940186810847,0.6770338706708401
0.28817069622234437,0.5043414399494088,0.47260557327846486
0.28791542624333116,0.5037424399475716,0.2883993704660943
0.28719232426541147,0.5040207409690036,0.09697656240308727
0.28683527234139017,0.5043354825467555,-0.10499704747506497
0.2864143490281025,0.5043500277095293,-0.3083282835199407
0.2860344569205274,0.5042762243142438,-0.52444821934086
0.28624616666530295,0.5050662919094407,-0.7055858042439898
0.2870840090389526,0.5063064745070484,-0.8731448459660406
0.2872768080816564,0.5068991466433008,-1.0633841515348135
0.28726840096972434,0.5072072234851237,-1.2706787902695371
0.2876537223337255,0.5076232294928745,-1.4705766576493773
0.2876858140528139,0.5079463722930853,-1.6497211795519824
0.28778221147996236,0.5083641596089885,-1.8641898904806133
0.2880284383765733,0.5085821045480365,-2.089549299593913
0.28917258164879545,0.5082962293382518,-2.2651769247097313
0.28966379153819627,0.5084384149826631,-2.470667858827395
0.29012225557501786,0.5083861486949952,-2.6874762727314554
0.29079693327270284,0.5079894033504788,-2.9060711838261173
0.2909564329945104,0.5084737371337941,-3.104563950160032
0.2913216760107168,0.5087182506622093,2.985880419819288
0.29174014391669373,0.5087625977272413,2.7928609961023967
0.2920435450084186,0.5086303494700494,2.579102419927826
0.29244285072320464,0.5081374535602263,2.3534275367631876
0.29207403468245635,0.5075025342111243,2.16902442708225
0.29247854787816363,0.5073624867883145,1.9765841566140734
0.29265116174872324,0.5071776057319094,1.7719710413624155
0.2933491795726362,0.5070101588604897,1.5792303828409608
0.29358784011051525,0.5066515448517512,1.3929868373420173
0.293404146890561,0.506311025109368,1.171720493273507
0.2928021726318148,0.5064042308159039,0.9673445003464187
0.29282868757481906,0.5058237225062637,0.796806778898228
0.2923241713336957,0.5058053378963447,0.5869985936393526
0.29200690723671385,0.505970934318666,0.4024788882803302
0.29190374314381984,0.5056407000538566,0.2019793773952032
0.29155797207071393,0.5050346563015657,0.003201311778942611
0.29110922977290865,0.5046268969560355,-0.20429725512426294
0.2910503403577194,0.5052255346027681,-0.40594025963150565
0.2907360110578059,0.5055487630232768,-0.6367586672222046
0.29046252637024983,0.5059034326630525,-0.8488260707283531
0.2905500806842152,0.5065910420870318,-1.076428448410881
