0.16981081322420535,0.7709620722501083,1.6195098095123135
0.16960909340702754,0.770997428882371,1.6003920424429527
0.16965029693127698,0.7710018880073433,1.5981244840864897
0.16969046465501478,0.7710058766678358,1.5978849008336704
0.16971142276868617,0.7710073160483967,1.597328396711807
0.16973545727512582,0.7710078492887871,1.5966078902832426
0.16976751935317433,0.7710076620620522,1.5955917045523784
0.1697971141822882,0.7710070993062891,1.5945830377517392
0.16978602448350533,0.7710076710464754,1.5952355161766136
0.1697720752835482,0.7710080996820944,1.5953081539146432
0.16976547348707682,0.7710100796614109,1.5955763050639429
0.16975885481660566,0.7710117419058452,1.5958349914582517
0.16975194733342938,0.7710131067101694,1.5960853921294058
0.1697448089453526,0.7710143028321418,1.5963328036832023
0.1697375548418188,0.7710154196887299,1.5965836350179035
0.1697302553620864,0.7710165094039082,1.5968392515752565
0.16972307072430287,0.7710175769136234,1.5970925255273782
0.16971593809890567,0.7710186570790897,1.5973489591315226
0.16970878422115399,0.7710197584577867,1.5976103227639922
0.1697015892384235,0.7710224013047176,1.5978670408330224
0.16968740101442023,0.7710258011504006,1.598005607601353
0.16967744306851862,0.7710300213738911,1.5982887444205383
0.16967021729356466,0.7710361137577432,1.598621848081251
0.16966030350379752,0.7710396658393678,1.5989324861154848
0.17011013839692327,0.7710185284396144,1.5862519467886982
0.1706954081586705,0.7709953846795289,1.571497113662034
0.17123881664342572,0.7709719870912115,1.555705687161606
0.1710872384986462,0.7709763815388238,1.5560109326128164
0.1710341992738293,0.7709793071021135,1.5565223332522051
0.17101421288883867,0.7709810391776466,1.556878806106771
0.1710044544861385,0.7709820908230548,1.5571134776009132
0.170997895498312,0.7709827827927634,1.5572750898943033
0.17099238458130078,0.7709832900709654,1.5573967695669033
0.17136649025514736,0.7706361066838535,1.394873881685371
0.17038153429993194,0.7705919444520523,1.1828728934199915
0.16982102434116542,0.7704607935482041,0.9866370128116487
0.16952436962561807,0.7700737789558859,0.7964646486494461
0.1689949110095494,0.7702787024192652,0.6029155968726871
0.1686687604186787,0.770161767037983,0.41475160548796836
0.16861052749256458,0.7699568212641739,0.2205811418640523
0.16800339447411067,0.7706171480995991,0.0187603209392537
0.16755228305619393,0.7702875744451609,-0.19066072575203905
0.16685525401772547,0.7699616281252574,-0.38391492714023256
0.1668882872605117,0.7700969532108944,-0.5811170688483824
0.1667024149599452,0.7705545503006174,-0.7885833539760877
0.16756628215856056,0.7715832162403528,-0.9671936411363228
0.16846925867124776,0.772358478212303,-1.127741676383867
0.16811991928223094,0.7726176388193604,-1.3104088146629382
0.16800123468986725,0.7728866084669801,-1.5071242721488693
0.16741255271873584,0.77322236232202,-1.697703995116708
0.16718205294894722,0.7736169995889908,-1.9061450624418657
0.16737487576934698,0.7740093161677526,-2.1161013210148756
0.16749461767208645,0.7743990820576762,-2.346617963143646
0.16816226254876013,0.7740874218564631,-2.5412412444478356
0.16833685057686798,0.7746545854600316,-2.7589578274220896
0.1689500768540646,0.7743879967704543,-2.979637613473508
0.16927146846073232,0.7745039684823476,3.1063958447669817
0.16958265747046392,0.7741397488616107,2.906979479092073
0.1695757460008444,0.7735795903475899,2.7054422976139785
0.16981563517095857,0.7731963007592864,2.503076454214051
0.17005756905824632,0.7725795621311192,2.309378542931333
0.170811072128017,0.77269395874779,2.1314958414172223
0.1703746047402844,0.7720857337848088,1.9297140417825194
0.17078570533259124,0.7719646818791003,1.7352681259630895
0.1703369467244993,0.7714094019683607,1.5291450681479097
0.17039248582804986,0.7709250686919846,1.3095812159445879
0.17040570211365053,0.7705885981951177,1.0963387864512188
0.1700411306810633,0.7701049146880607,0.9018485418977372
0.16932702358391039,0.7702285941200877,0.7074012893936248
0.16860715998122952,0.7707337656625779,0.5007271249621251
0.1685006437245085,0.7708240525006738,0.3283286975670175
0.16850765277269314,0.7702706335593079,0.1313260706767578
0.1682019833717714,0.7700951922170315,-0.06792210717590416
0.16771856434014223,0.7695685582564721,-0.27965617948693566
0.16679911027236483,0.7699946339614173,-0.4683923888007986
0.16678734320252808,0.7705270060123482,-0.6645338172586865
0.16716538142512194,0.7713571179075018,-0.8476614234385391
0.166777329498318,0.7716005142548024,-1.0408113297262411
0.16784749865277074,0.7724749925109867,-1.2387004333575269
0.1678181418295655,0.7725336466592366,-1.4323023290703445
0.16770848962399565,0.7729186200422815,-1.634219370453958
0.16748539608370402,0.7731859548150952,-1.845523780499092
0.16805562347333586,0.7734562797749475,-2.064449523749068
0.16816816335433227,0.7737871847851691,-2.2530269499986435
0.16859419169545806,0.7739301133944145,-2.460772403794218
0.1688754359479865,0.7742048551154881,-2.677510454076156
0.1689095718874797,0.7745813927781018,-2.8787958987225015
0.1692432500084146,0.7741175480069266,-3.0753677191090927
0.16956615384554283,0.774445861668544,3.0111504730284655
0.17001407947251923,0.7744616582616259,2.798654179566299
0.17073457405990364,0.7743323313039797,2.599051380044262
0.1707680649965187,0.7739165851789899,2.4335854882878674
0.1705814981806122,0.7732965578514811,2.2370964941887173
0.16991399676820024,0.7725201628332489,2.0538671782871027
0.17001864925104146,0.7721384041797299,1.8655702756291332
0.17014582540150108,0.7713910682365075,1.661394632596807
0.16983467404060007,0.7709144229104262,1.4572120034571552
0.16935035625290087,0.7706151077569685,1.2480366935331695
0.16912105494265772,0.7702384964760426,1.035706972927166
0.1679884005574626,0.7706801021252977,0.8298120178256946
0.16812800652036455,0.7699627241247702,0.6520965322896752
0.1678157637043813,0.7698252360201585,0.4962953053746324
0.1677361393253857,0.7697869952829268,0.3092943214463145
0.16745023758438707,0.7696181412434031,0.11403072033509927
0.16710474054979338,0.7691745035271326,-0.08407825027915634
0.16670837921147072,0.7688149624424133,-0.27621828957390293
0.16653520660547025,0.7693662911438809,-0.4775296321675597
0.1668046148678826,0.7705045778228461,-0.6803802251371185
0.16688494534107592,0.7711601749690101,-0.8789495043988652
0.1668196963077204,0.7716085255817473,-1.102675601972254
0.16658799036575453,0.7716534545260114,-1.296866848323549
0.1663088938785348,0.7718551654487175,-1.4855585902410355
0.1659737728040502,0.772239903876054,-1.694886587342344
0.16564750013099253,0.772797355161084,-1.9014634556333543
0.16649849206218562,0.772907224166011,-2.1036784561501105
0.16683846253061277,0.7730456641741236,-2.2910521016239307
0.16667937819142364,0.7738528831485615,-2.4867065622570204
0.16670636989873716,0.7745113559991115,-2.674883749683648
0.16702609646900132,0.7744073202756653,-2.863835841506597
0.1673744150249426,0.7744202283077485,-3.0601751871928653
0.1676753185097337,0.7746742231626391,3.034570015107869
0.16811775837023335,0.774977092076928,2.8174113162714725
0.16812015467162456,0.7743640198564197,2.5764666643448595
0.16830952834323146,0.7737407439314101,2.3699346600596276
0.16834000284918385,0.7732445682395638,2.1667792522126135
0.16828719585882812,0.7729789069241644,1.9738940933208589
0.16847751308727393,0.7728608800864089,1.783173250276852
0.16879759143427975,0.7725157274608254,1.6045778257879233
0.16869764115937888,0.7721556012279943,1.3916811447108972
0.16863241702467335,0.7717267622130308,1.191522731052453
0.16871899916959568,0.7712004477661749,0.9796078985928809
0.16812045631016695,0.7713444707287324,0.7762856018295937
0.16791909725433632,0.7712206647774313,0.6001225982880989
0.1673954974262162,0.7710498245322289,0.3973973859757883
0.16628193806053618,0.7712812228788657,0.21554603581884235
0.16585618763241958,0.7716108280347065,0.028730984901356664
0.1655628818710114,0.771345275846575,-0.16766176445760306
0.16525255480108797,0.7716915246725979,-0.38221836617300414
0.16480917323270766,0.7718031011051342,-0.5901626782018717
0.16478099333864138,0.7724330005124492,-0.7863486941665213
0.16533597091027644,0.7733694768474746,-0.9919416603671778
0.16541992218141693,0.7736058906529968,-1.1812585113757696
0.165397503753778,0.7742334698582577,-1.3999972471729316
0.1648921995596076,0.7744708277652104,-1.6032239904235854
0.16491702062182886,0.7747793271849195,-1.8016797260957205
0.16508944211343518,0.7744939024900328,-2.0095429643248295
0.16537648556184295,0.7744755121656954,-2.213389031048834
0.16571853805846687,0.7747877072527292,-2.415038052431066
0.16677581794635915,0.7737967968516075,-2.6118832599124535
0.16715163868817373,0.7740682434225686,-2.8343700313016655
0.1674185507949992,0.7738685167945294,-3.028360248558936
0.16773922468464605,0.7741847553303817,3.0608678959508433
0.16820822937578678,0.7745081655526377,2.8501232595605117
0.16848949497941307,0.7739150987329431,2.6449886168254904
0.16783578272663288,0.7725350880243106,2.4812001453608827
0.1677658488050134,0.7721092625673711,2.303196416444874
0.16783765561163985,0.7716153505196935,2.0939877348731764
0.16775701477450228,0.7711932052033511,1.8655845041400225
0.16728015995071438,0.7703239036725746,1.6635769585906854
0.16772507525358776,0.7700211925670319,1.4790011262290046
0.16796515717174615,0.7695105308615001,1.2660679543669626
0.167711519560491,0.7693529776091529,1.0961133072150564
0.1673036628956391,0.7692042794157451,0.9101934292444649
0.1668249566934124,0.7690643838523954,0.7439386616553336
0.1661771354449688,0.769341215699548,0.5669338189548712
0.16553820980197415,0.7697561543899015,0.3553937493979106
0.1654805108871695,0.7697384848385138,0.16212541413342027
0.16513180672796,0.7701024167900529,-0.03125658566611323
0.1648377782362026,0.7695905606842156,-0.2319471990228562
0.16451903331685702,0.7695899465081104,-0.4387864435993598
0.16386663918064034,0.7692826260504825,-0.6208370618175709
0.163970394921951,0.7699704635476892,-0.8347241394208879
0.16367542583574204,0.7700780334399724,-1.030412856146033
0.16432317911613714,0.7707266446249905,-1.217040184934135
0.16511397746968567,0.7713206125284625,-1.4060658679708644
0.1657091346478075,0.7718078583071556,-1.6092283801979776
0.16591919782014644,0.7722052326387228,-1.8051196057179217
0.16684139700005549,0.7727062130788858,-2.0378489647284304
0.1670217836077173,0.7728189458064613,-2.2115577729424873
0.16780050799174284,0.7726599209340763,-2.425957896824422
0.16803543945696167,0.773037411284327,-2.6370832913368636
0.16824383681404034,0.7735326010412147,-2.847902383773834
0.1685664621515692,0.7736656193859676,-3.043932490320539
0.1689341536716972,0.7733804148768629,3.035337331674501
0.1691448179674412,0.7730965271636857,2.816610061196341
0.1690496982176135,0.7723773527588883,2.618268594456422
0.16990202408964875,0.7726282635707171,2.421608344990708
0.169947824389761,0.7721611473089816,2.2175756680776795
0.1696734231382006,0.7716331935822017,2.020674576407671
0.16990728631470106,0.7713427001658532,1.8157557441280694
0.16933832359439815,0.7705129320634626,1.632875085176937
0.169148840269606,0.7701083379196302,1.4384622417488029
0.16877171345180578,0.7699113788334038,1.224993664457951
0.1680076999661537,0.769940337639023,1.011083884155951
0.1677417020071791,0.7696291625196233,0.8138735958109773
0.16747659737477252,0.7692014777826709,0.6173378597962487
0.1667352953679855,0.7697666470459906,0.40769147480259066
0.16670717805613033,0.7694485212368403,0.22411088289445624
0.16631510775225858,0.7694826468131176,0.03753625991857884
0.16595752477597445,0.7690232149502273,-0.15244810037379145
0.16545204280368278,0.7689488837741023,-0.3600675927679877
