-1.885546375593679,0.16448132871145413,1.6209573844883807
-1.885482972889176,0.16450559333826503,1.5799483600068913
-1.8856945291967098,0.16452315480501853,1.5817863783502473
-1.88582374817522,0.16451513452399733,1.5729418951975336
-1.8858621832601319,0.16451876485148473,1.5720706552089838
-1.8858472920217038,0.1645201384699283,1.5723265009693097
-1.8858230077529723,0.16452136382449742,1.572999024085533
-1.8857740581498752,0.16452337796407634,1.5745126906962035
-1.885904414659489,0.16451471257607764,1.5686489117093625
-1.8860883870073144,0.1645100745590331,1.5628674604075958
-1.8862158138400797,0.16450661493643115,1.5621222835111503
-1.886414466516831,0.16448733785731143,1.5582910594004349
-1.8864497963767153,0.16447691194458602,1.55728689301405
-1.8865865065194403,0.16446922535812297,1.5553420181808815
-1.8866230313346846,0.1644717138112972,1.5562381869944228
-1.8866149369720282,0.16447241327530784,1.5566254388545444
-1.886608116816499,0.16447398124376383,1.5568762532091456
-1.886627934007181,0.164468826503953,1.5558640740320406
-1.8866132071393038,0.16447232701534603,1.556600194159924
-1.8865975851397678,0.1644739118257154,1.5571710515481612
-1.8866141144865702,0.16446982385326772,1.5562604920952625
-1.8865968734573177,0.1644738256903646,1.5571322180107516
-1.8866027635561378,0.16447049075696374,1.556519217929661
-1.886585457492686,0.1644748554590388,1.5575049975708266
-1.8865887357374673,0.1644718227749732,1.5569624117467973
-1.8865864538455672,0.16447043854935134,1.5566536325755116
-1.8865328819769027,0.16446847656258906,1.5513037363405127
-1.886553460640604,0.1644637896224772,1.543529307521692
-1.8865529010084379,0.16446227143666972,1.5411371448058557
-1.8865555068779225,0.16446219578201626,1.5400882476716045
-1.8865580989159196,0.1644628695862093,1.5396459995711271
-1.8865601616505898,0.16446390277801054,1.5394773064139302
-1.8865618243717972,0.1644650970561122,1.5394289172204234
-1.886563257073796,0.16446636021011304,1.5394330319805412
-1.8865645714933146,0.16446765044630196,1.5394596898557507
-1.8865658282807227,0.164468949266677,1.5394958164040906
-1.8865670576140607,0.16447024861105322,1.5395357485678332
-1.8866863823205269,0.1641146567155982,1.3498049285903313
-1.886751080002615,0.16364809148417067,1.1273529206476411
-1.8872792184601515,0.16361530053192483,0.9407364533389123
-1.8875225301099419,0.16331112629731184,0.7439491900877528
-1.887830025982939,0.1629937834651936,0.522813859629878
-1.8877966577062417,0.1625601050396329,0.33059778966297393
-1.888625565727241,0.1627225882211222,0.15270168008817098
-1.889019623077026,0.16263210198111241,-0.05199158688475704
-1.8894599884600554,0.16280888626493736,-0.25985123617410394
-1.8899643365045438,0.16313491882597322,-0.487793626448868
-1.8900004519759472,0.16324871960253165,-0.666648466200669
-1.8899443010204713,0.163760121317624,-0.8679720009041774
-1.890316117055063,0.16387062268901428,-1.0631316841407454
-1.890727838900829,0.16410619499213708,-1.263668857061097
-1.890730782756154,0.16448600593963128,-1.4396192186071801
-1.891054288242215,0.16468439886739505,-1.62778793984913
-1.8911375488554332,0.16525238212993187,-1.8234402216571908
-1.8907935176180646,0.16546989328115144,-2.020100257103472
-1.8902918865219236,0.16557890613558085,-2.229181437929305
-1.8894483502209667,0.1653679735336229,-2.440456812714942
-1.8890497052933257,0.16522347622428848,-2.6364844149416005
-1.8883488062137836,0.16509611334188415,-2.8478205708307947
-1.8875146525491067,0.16444524374776437,-3.054857678445433
-1.8870708621692658,0.164162809399572,3.044770211816639
-1.8870271490812829,0.1640535379044843,2.842060997858864
-1.8863898934189096,0.16438434951810862,2.6436942035101225
-1.8862685928456846,0.1639395534090931,2.433817251914566
-1.886081803748995,0.16334868681304784,2.2171571454463486
-1.8862059140376697,0.16297878511270286,2.007870918940041
-1.886051545445579,0.1627241140652635,1.8081371422039278
-1.8856296945288902,0.16261159071044562,1.6111006360315636
-1.8851976542952056,0.16226457470835218,1.4305226948966625
-1.8858541331884977,0.16197345989519915,1.208479207725139
-1.8863055301571388,0.16147449640620368,1.011745136971507
-1.8867850939824713,0.16141613746785252,0.8258232947373648
-1.8874602393203763,0.16171322118544787,0.6457158521528955
-1.888335215957149,0.1625425882177876,0.4596906596369904
-1.8884225076119452,0.16224871752802164,0.27455304249684787
-1.8888466558540844,0.1631725659680703,0.08074146927409949
-1.8891797787439968,0.16307733210979755,-0.12299621665705503
-1.889815159624806,0.16328352784676972,-0.32731868295796335
-1.8898365252032177,0.16454070048318453,-0.5303362513379514
-1.8896088295734594,0.16504973614379378,-0.7167080513837034
-1.8887386514967994,0.1662594679760157,-0.8829704174490038
-1.8885780160599381,0.1668422625569379,-1.0985009817269913
-1.8881901820619447,0.16748821996682245,-1.3078319422720637
-1.8881253748675533,0.1676480358680063,-1.4916022097891215
-1.888527000327522,0.16786101087087985,-1.6784971787226315
-1.8884960818574512,0.1682574553774768,-1.8861410935633032
-1.888091047951665,0.16833579612003988,-2.082599665729545
-1.8882609726730601,0.16866968982416883,-2.279997224252174
-1.8876536646217448,0.168566324891311,-2.477757492914683
-1.887498117865249,0.16884654641220365,-2.679035101800833
-1.8874166376495234,0.16929922827860638,-2.879842477763363
-1.8872764223097294,0.16962534848980765,-3.07345429982035
-1.8869837144617045,0.1700529761362353,3.020830766083157
-1.8863769287741732,0.1694764871739397,2.8113117021016976
-1.8863047101053239,0.16903468578272396,2.6264713190837496
-1.8863047314687456,0.1682038399657627,2.3933164468130905
-1.886212359987116,0.1677929504114064,2.2033291827078187
-1.886372654861501,0.16721905905820272,1.9979793488054998
-1.8860726011190354,0.16711015941652585,1.7803925639324307
-1.885766035068128,0.16680580247948626,1.57730582311207
-1.8853911519854556,0.16653543298386228,1.4133233918140526
-1.8856245603968504,0.16618089408968786,1.1818690292391771
-1.8862867227954883,0.16617786454841113,0.9820490294773808
-1.8874262599036111,0.1667041215198522,0.7835600905302217
-1.8875170778114874,0.1661030795293357,0.5927439977566754
-1.8881319199687627,0.16640240102696427,0.44544226666521247
-1.887929513764744,0.16621368705385156,0.2678052596450783
-1.888023861850497,0.1657345446221254,0.07270432940701926
-1.8884140633985116,0.16533801059545536,-0.12627717146394676
-1.888854935923692,0.16524154888158113,-0.33624686012780103
-1.889360238106546,0.16520623451333902,-0.5539038360013024
-1.8891122438869086,0.16624067437806192,-0.7685759308692757
-1.8895896017236964,0.16638316994538097,-0.9868912750523994
-1.889253400791566,0.16694366465970703,-1.1750027073599096
-1.8895602321333,0.16708228779274484,-1.3851036928353795
-1.8893484767423987,0.1673241056649597,-1.5770870126665677
-1.889236520694426,0.16760065648427508,-1.774928782940972
-1.8884560991330577,0.16785399193985293,-1.988344896878778
-1.8872848080228826,0.16742009779629785,-2.1747820968508735
-1.8870154742437852,0.16779247349269114,-2.368566929406109
-1.8867172517537167,0.1681837728275377,-2.548279010058298
-1.8865025149674468,0.1681995344067159,-2.751343720728658
-1.8857790673295736,0.16744749423922775,-2.9559816768080247
-1.885461310891767,0.16752592919753326,3.1177708070390167
-1.8851899888350965,0.16779034258711062,2.9186737021305844
-1.8847533232681524,0.16760708650113376,2.699028846419367
-1.88459587402858,0.16722776845175213,2.483488875361042
-1.8846699112399699,0.16651282129436215,2.2794643168336024
-1.8847596575559395,0.16618989295076855,2.1038592786822496
-1.8847138315600898,0.1660088677452892,1.9092607389363778
-1.8845690581727237,0.16570307884261107,1.7173883554075937
-1.8847265177560621,0.1653170628923673,1.5374798827874303
-1.8850385887795573,0.16490386577804816,1.316957458035931
-1.8850555083473244,0.16514079102584553,1.1206794542296148
-1.8854079285011232,0.16497188048249528,0.9324690286964584
-1.8861243555137246,0.1650969960802177,0.7314289227373143
-1.8868835685264196,0.16557785040238981,0.5433519103878304
-1.8870277270628877,0.16559005605299312,0.3477469993671441
-1.8871528240978659,0.16531307893296676,0.16534004920465784
-1.887610896154327,0.16547050813586692,-0.025188287403322993
-1.8880850997724992,0.16504118281794067,-0.24091745761216615
-1.888617859900114,0.16483958193940515,-0.459249472319216
-1.8890827148586802,0.16500264896356218,-0.6582642106249038
-1.8893716191092438,0.16534033431298703,-0.8496298011863459
-1.8890360845417729,0.16604810753874752,-1.054437139254437
-1.8884163571387043,0.1665748636885345,-1.2572886155593859
-1.8885747243526088,0.16693506545727765,-1.4528547947947619
-1.8891574442026557,0.16724507850985904,-1.6316096278020773
-1.8890814930310946,0.16758397111554502,-1.834595638549484
-1.8889701240810763,0.16809367924081606,-2.0498235433321086
-1.8886918215785984,0.16845628295230416,-2.2244906880213664
-1.8880584857211602,0.16829625373921495,-2.421999987454724
-1.8873168383941428,0.16815664357256696,-2.641839444959845
-1.8864595246526767,0.1680044911944675,-2.82274648565573
-1.8857693677616927,0.1678941548350475,-3.035485781767429
-1.8853398948974796,0.1678926226512747,3.049241707165715
-1.8851345995240658,0.16787488991379074,2.8413856576855014
-1.8841390223672265,0.1681871100719795,2.63310386825997
-1.8839939141622626,0.16786102317629029,2.4477717052401546
-1.8839114135936454,0.16727375416426485,2.2572638864885315
-1.883483362913776,0.1673268159302605,2.108780252477482
-1.8837267473036314,0.16690954427701948,1.8977032554245161
-1.8843062245280557,0.16636576307707895,1.6874137186852651
-1.8838333286467766,0.16608970296596565,1.4907959257557664
-1.8833968017039913,0.1655170508536412,1.2869634823982055
-1.8837756586492864,0.16516808738669153,1.0977703578112854
-1.8842709764479384,0.16525010363263262,0.8870086033994422
-1.8841445508720034,0.16442008039353634,0.6892801680918087
-1.884682284233438,0.16452784375042495,0.47439820508858366
-1.8848721794365022,0.16474536124273567,0.30276227170207387
-1.8851685698427623,0.16471839249696404,0.10037815912204112
-1.885498723056707,0.16494197044666922,-0.10915364653320514
-1.885756712620865,0.16509396848581365,-0.32681151585666823
-1.8856287233407591,0.16581364350413325,-0.5407507159820536
-1.885367743756099,0.16661904960452248,-0.7338421888755778
-1.8860591408454612,0.16661784406779107,-0.9238194304677808
-1.8857872361570034,0.16712644605617857,-1.1323203772446437
-1.8861369582019274,0.1676137968159148,-1.3350170279706661
-1.8855787579443057,0.1682615128494444,-1.5281592489141893
-1.8860035452764878,0.1686505690246658,-1.7291099164335468
-1.8862521859026,0.16915279708853753,-1.9375890936133517
-1.8856781091096924,0.1691959472126127,-2.1638091610307364
-1.8852501552028487,0.16948797153399098,-2.3758712841435625
-1.884962606256385,0.16975157037109181,-2.581790591226168
-1.884449978524581,0.16964029057932348,-2.7835023327804715
-1.8836434794018009,0.16921430367707035,-2.9783353215475685
-1.8831933436510198,0.16939952213386109,3.1155664679663824
-1.8828572409315614,0.1687813757559919,2.908228659063921
-1.882371399339692,0.16856419720142254,2.7030789892459715
-1.8821486182628615,0.16853776456250538,2.5135238744808595
-1.8818539996942174,0.16831653203088173,2.334192806042713
-1.8820996259157412,0.16771502198718724,2.161497048290116
-1.8822660150701473,0.16728638780657992,1.9674744030151654
-1.8824133482666938,0.16673254245860453,1.759515395990137
-1.8820461562468684,0.16632196406089209,1.5535721624041494
-1.881910064589599,0.16613837331899398,1.3536625493136603
-1.88157843004013,0.16559236026542956,1.1460104027229663
-1.8815674712460413,0.164768050524392,0.9667424115748577
-1.882171530217518,0.1647238593965559,0.7906572834132398
-1.8826735997765485,0.16472114925715403,0.582088268428923
-1.8833380926622247,0.16478094913281235,0.3651334436427625
