1.1517579109615879,-0.038953302327865036,1.6217008619799973
1.1518930639349496,-0.03883721730749071,1.5762201284893493
1.1523539979733004,-0.03883514943857364,1.5848138870687725
1.1522837419649385,-0.038842870439542466,1.5819413292430689
1.1522577101537694,-0.03884413469306387,1.5820814365059626
1.1522505250516295,-0.03884468818490645,1.5819798083348142
1.1522481365718538,-0.03884487455846478,1.5819546639907964
1.1522474818664072,-0.038844931392930854,1.5819542492471275
1.1522474477707492,-0.03884494312931059,1.5819614033534775
1.1522476341126795,-0.03884493938650875,1.5819706972481111
1.1522478981135436,-0.038844930422087975,1.5819805102532694
1.152248189239548,-0.038844919735129026,1.5819904032481766
1.1522484897733376,-0.03884490849638478,1.5820002796700279
1.1522487935744161,-0.03884489708749934,1.582010130747734
1.1522490985453178,-0.038844885628340514,1.5820199642306998
1.1522494039830384,-0.03884487415445366,1.5820297874600628
1.1522497096579662,-0.03884486267536857,1.5820396049683987
1.152250015497894,-0.03884485119312451,1.5820494191684293
1.1522503214814852,-0.03884483970786626,1.582059231249905
1.1522506276031717,-0.03884482821939747,1.5820690417722396
1.1522509338619684,-0.03884481672754156,1.5820788509898542
1.1522512402580614,-0.03884480523219008,1.5820886590150924
1.1522515467918701,-0.03884479373328322,1.5820984658961599
1.152251853463807,-0.03884478223078941,1.5821082716527328
1.152252160274247,-0.03884477072469164,1.582118076292039
1.1522524672235397,-0.0388447592149797,1.58212787981596
1.1522628867495501,-0.03884146213132455,1.5843204047630755
1.1522731948234148,-0.038840525073959485,1.5846581337010024
1.1522774249707208,-0.03884015202422371,1.5847955371822633
1.1522792987025783,-0.0388399983029972,1.5848550876537164
1.1525850206775226,-0.03923702005140338,1.409474576409406
1.1523317929833796,-0.03974207546289951,1.2052751519916627
1.151987181937587,-0.04012237355136045,0.9887098652770206
1.1512390256559881,-0.03999338310023072,0.7750653244484254
1.1508471988798912,-0.039877259884922675,0.5814078146953352
1.1502604901940134,-0.03965326199066692,0.35685038850921974
1.1499226017931086,-0.03964001952445019,0.16663847090299574
1.149428818045104,-0.03933467940598537,-0.024540345161596252
1.1490445468581025,-0.03905333360241746,-0.22890876766088009
1.1490809051400601,-0.03902599184132023,-0.4243562220569854
1.1489556311344629,-0.03851267446502601,-0.6269208110369044
1.1491434431238392,-0.03757647782214489,-0.8618206274604325
1.1487557216026165,-0.03732647264236501,-1.064226091560686
1.1490722525269783,-0.036469174511325364,-1.2771462024344191
1.1497956995999696,-0.03588459553717641,-1.460451470806973
1.1498533110141036,-0.035448018417447665,-1.6635627546287262
1.150343650125818,-0.03485708328418673,-1.8734678640489086
1.150540422578985,-0.03476734009183959,-2.0434812233691027
1.1506510882445864,-0.034326132731438266,-2.265586363391901
1.1513070643784635,-0.034683994191179374,-2.435307818306943
1.1517198433055242,-0.034784681219932535,-2.6421174429074945
1.1518242704911268,-0.03391210260924759,-2.8550264551033773
1.1519325281277515,-0.03388472455375257,-3.0491172589946496
1.152255868529583,-0.03364749824726943,3.0456330982743984
1.1529608727211729,-0.03368063473401868,2.8485589906098943
1.1531181612795138,-0.034124963421306935,2.6500625736343597
1.153744076469081,-0.034103685926203386,2.4472870476703386
1.1539103434055262,-0.034562117810062944,2.247900431341739
1.1545344626575467,-0.034575569313532624,2.0430321277806627
1.155233244560961,-0.03503699975388783,1.8483567358192572
1.1550212929565578,-0.03530553591506617,1.668373684726728
1.155515787813046,-0.035589467889188174,1.4852089457230602
1.1552844070828319,-0.035913308558989825,1.285861458248075
1.1543704341540846,-0.03578304999341466,1.0870141377132727
1.1536203244516114,-0.035709787682858346,0.8917816965286093
1.152725551642429,-0.03535406201210881,0.6968738525510937
1.152231669867085,-0.035180597011759164,0.4865569476836499
1.151932463834476,-0.03524351007744878,0.27567192070722507
1.1513988272787774,-0.035023921058011095,0.09214043483924875
1.1510256457347523,-0.03507738257895785,-0.11574921502606571
1.1506285532368072,-0.03480984996786541,-0.3226884450609823
1.1504916958784979,-0.033976962294910935,-0.5395622420401847
1.1500837515824351,-0.033582287961404646,-0.760661558419591
1.150399383112105,-0.03290336875803601,-0.9321589834087933
1.1505403550688538,-0.032307044150034006,-1.1269453150889737
1.1505521951574322,-0.03151636766762711,-1.3436580938334488
1.1508538717473236,-0.03102218482406796,-1.532022917964929
1.1510829007963874,-0.03062011133506322,-1.7263312868057599
1.151437820168036,-0.03031092660127521,-1.8926587615129093
1.1514869383497717,-0.029704487719534493,-2.0749216939800843
1.152113043347329,-0.029790740936537143,-2.2838081783937048
1.1524670172997278,-0.02965217058171885,-2.4719697853729103
1.153382205907463,-0.030324537674272418,-2.705566131260889
1.1537092627073386,-0.030492658458512505,-2.89762012275331
1.1539395119378701,-0.030546851016518113,-3.0766200212351693
1.1542480549540872,-0.03018958855549535,3.005775461721191
1.1545402801111444,-0.03042296734843684,2.8186821095057
1.1548369865010006,-0.030962257242522617,2.622391174426682
1.1547693260743235,-0.031530477600171275,2.4112567686804405
1.1551154396254175,-0.03185519709733464,2.1800947904603576
1.154826733900355,-0.03239350307587366,1.9943090581292917
1.1546384416677216,-0.03285149705542871,1.8019148514831387
1.155082092746359,-0.033022207773858024,1.6066357095219994
1.1552821812397969,-0.033394623358742444,1.424280202797162
1.1554367339363694,-0.033888671653794056,1.1962213744251435
1.154914732971886,-0.03405791203932599,0.9990887865279484
1.1550143443183452,-0.03466805754733061,0.7977363845249285
1.1542654822204235,-0.0344163561263376,0.590595940217732
1.154025629523006,-0.03453260056976163,0.3853906347493779
1.1537873889426644,-0.03432928570372857,0.18405546143186421
1.1532346793917574,-0.034606501549825676,-0.0026903729754219306
1.152808124210354,-0.034544798037168055,-0.20749075382929183
1.1523148329535635,-0.03484217550607041,-0.36834011279133994
1.1520224899065483,-0.03413373521693378,-0.581635002179105
1.1516111801406541,-0.03401314057071109,-0.7413054238976844
1.1518109049273875,-0.03324957350169838,-0.9667288979854661
1.1524610161538538,-0.03243959621735487,-1.1304541642288375
1.1525643997314656,-0.03231510127003311,-1.3280196254896974
1.1518584982683011,-0.03235185601943867,-1.518655436628556
1.1515387827176915,-0.032026510247864036,-1.708932685825054
1.151807456770681,-0.03169525651027397,-1.9164303426088347
1.1517466725132381,-0.03122599892628581,-2.1159176599330536
1.151993947736192,-0.030898182237265648,-2.324090906984491
1.152574089015749,-0.03116923780427721,-2.5185314159853482
1.1528224699274932,-0.030936899246520155,-2.7206355393691566
1.1532457084013465,-0.03152475519747342,-2.907374733707408
1.1537175452780275,-0.03148194237199321,-3.102257145545409
1.1540747598399648,-0.030874116098927467,3.0023352618453436
1.1546559244706947,-0.031002656650431837,2.7608114161771424
1.1553696505361424,-0.030841996559033087,2.565160811737602
1.1553908463709588,-0.03131776109125106,2.3706228901686606
1.1556285609502694,-0.031577017112069804,2.176110766758082
1.1553074329034985,-0.03249383093825225,1.9612298134964312
1.1549580993875928,-0.033028913303506734,1.7815694681274519
1.1546188982988668,-0.03368890282109208,1.596589324250527
1.154239719406108,-0.03408077733081494,1.3978456919011015
1.1539490166879056,-0.03425102137356585,1.1891103032597155
1.1535156053129743,-0.03465269240538613,0.9836566842003192
1.1526573899223393,-0.03443107447406112,0.7959277461918132
1.1519271975875531,-0.0340806221273098,0.6232201053080406
1.151106680054975,-0.033709712851705084,0.43118374392046044
1.1503174014186441,-0.03319029108757186,0.2539189775174395
1.1500004867231086,-0.032715915219957176,0.05623758503326978
1.1496291932236349,-0.03246963059745056,-0.1485420352139983
1.1493873467035245,-0.031723152787496364,-0.3526366578320046
1.148916459038264,-0.031514182895261346,-0.5659544264862197
1.1486471625912802,-0.03121978295690725,-0.7462974045776917
1.1481055961003845,-0.031129623350622075,-0.9491761151069154
1.149315217660844,-0.029985802163508737,-1.1412588895185807
1.149729121947513,-0.029164993710211782,-1.3274988970218544
1.149757401797161,-0.028893028490264164,-1.5180890219575236
1.149496657739572,-0.028527644447246103,-1.7037003765196104
1.149465012588713,-0.02819413301005999,-1.9010168183936924
1.1495773961840339,-0.027608063029388584,-2.105958794991956
1.1503205431197778,-0.027788356005166666,-2.305589075297978
1.15181760945459,-0.02892604022274303,-2.5015625513604713
1.1521888120196533,-0.02883643451809197,-2.718760499930258
1.1528584082489417,-0.029516226807751907,-2.9302423882464543
1.1531210273960175,-0.029065200083482,-3.1301659814674543
1.1535335142429675,-0.028655908174863843,2.971759122931214
1.1537864193362195,-0.029305302253722746,2.781558590651533
1.1541274169989395,-0.03006109599404523,2.5745729480102733
1.1538098425246253,-0.030895755932595165,2.3703000668298224
1.153958726242662,-0.031241678125228312,2.161153908917182
1.153907137392539,-0.03166928943097028,1.9139385081814881
1.1527382866711695,-0.03245314486170856,1.7215319262238558
1.1529402083310136,-0.03289465805182685,1.5303731304906911
1.1525845115948754,-0.033270973109927715,1.3193924547892366
1.1513269008503915,-0.033281701782302206,1.113023269167359
1.1507089220406919,-0.03332697963702124,0.9177815097209723
1.1499498497433498,-0.033215869045879164,0.7033809811220504
1.1496993597689096,-0.03345770996635866,0.4943626835142933
1.1497227650710395,-0.03397222495134906,0.30099342761689035
1.149675340444105,-0.03472791471479553,0.11480481860541278
1.149318077169854,-0.03509297352159247,-0.09416995057819358
1.1492020272086645,-0.03490098179307346,-0.2881671522955281
1.149115504975169,-0.03429236124593993,-0.48529470632957655
1.1486585132467686,-0.034125881761968735,-0.7096482586213968
1.1483315605631044,-0.033794054682074554,-0.9037949653574965
1.1484074244779532,-0.03337290573884263,-1.124570886025345
1.148708785908249,-0.03256094220800165,-1.355874430352829
1.148894694665185,-0.03216941131074192,-1.5480787318493108
1.1485440416479267,-0.03186707990150818,-1.7527704457039217
1.1491447321090276,-0.031808621336173314,-1.9608441207397134
1.1493022324357502,-0.03135113051990251,-2.183824003031694
1.1496176796415716,-0.031286604563844675,-2.3563695968903122
1.1501284878062132,-0.03124609218844884,-2.5500368382032734
1.150221338340368,-0.03080576151771505,-2.749359548053574
1.1508751131775945,-0.03127261694990026,-2.9550994651595364
1.1512157995272798,-0.031115744491831514,3.130615226416633
1.1516239834330682,-0.030952597482553558,2.913241540382219
1.1521300248315614,-0.030700304126131204,2.7193659236853622
1.152381142427605,-0.031273469719601966,2.534423918297636
1.1523060511548955,-0.03176822624399994,2.3377952388038166
1.1525366503862116,-0.03208644158686921,2.1337554537594703
1.1519901985176482,-0.03276945904508652,1.9101545809348004
1.1517072740308958,-0.03305649461520476,1.7297417485175592
1.1519827293220144,-0.033423510630540325,1.5363108951824964
1.151539510694426,-0.033847486377225115,1.3264547708484253
1.1511804745514136,-0.03401136109632896,1.123439836170313
1.1509169234674579,-0.034325955323212934,0.9313801114082246
1.1500263342835337,-0.034209629946673245,0.7338730976549385
1.1497790251288507,-0.03450071166415145,0.5415126345746522
1.149319094403175,-0.03477353333161455,0.3585615736895487
1.1490377186068301,-0.0347017506696906,0.14916771743521626
1.1484853805135193,-0.03485868647686663,-0.04151689244702828
1.1478475554311764,-0.03450503392888437,-0.23969245606826067
1.1479760123451985,-0.03378399102788954,-0.44726842993529575
1.1481176376512046,-0.03296295263101549,-0.6510406838153138
1.148348468486764,-0.032055416984121614,-0.8479642171407624
1.147624166929698,-0.03205123970505151,-1.0536496516726706
