-0.07872142610904745,1.3066457711127728,1.6197502548249063
-0.07884091860742763,1.3067124798967538,1.559576032653996
-0.07930737072965527,1.3067820105148389,1.584122717531642
-0.07988705634159238,1.3067337026807624,1.5706660847966338
-0.08026813430378774,1.3066970450325135,1.5615536853506304
-0.08030920629585639,1.3066897093385226,1.5602938881573993
-0.08020583426167964,1.3067003100714176,1.5634112526947035
-0.08030217047778618,1.3066906824965965,1.5605335778146365
-0.08032984985772519,1.3066863722706343,1.5593929837890677
-0.08034507265589369,1.3066850490024193,1.5595547158324026
-0.08035395267289597,1.3066834231942657,1.5591527356672465
-0.08035732717037175,1.306682552720321,1.5589405256405906
-0.08035909311278096,1.306682045722815,1.5588179861316822
-0.08034657814260726,1.3066840773002053,1.5593532721857897
-0.08032616393107574,1.3066853786522281,1.5601120425373236
-0.08030093091182083,1.3066876408734482,1.5610301322356983
-0.08029041984909135,1.3066880980552296,1.5606715914130211
-0.08028707618129764,1.3066884714204074,1.560772167139035
-0.08028639531062771,1.3066886083490563,1.5608090886884793
-0.0802865436671488,1.3066886285099573,1.560815439595783
-0.08028696668215422,1.306688590859005,1.560807115187744
-0.0802874857945684,1.3066885251933953,1.5607918210047471
-0.08028804082089987,1.3066884458965524,1.5607731914672067
-0.08028861021427224,1.3066883599051817,1.5607529573166852
-0.08028918574242933,1.3066882705612541,1.5607319461832927
-0.08028976406010038,1.30668817947361,1.5607105548148505
-0.08030124469407336,1.3066848681583023,1.5592427742328687
-0.08031190746596752,1.3066834725074625,1.5588801631726485
-0.08031489654238066,1.3066827598097894,1.558708393313498
-0.08031623014694433,1.306682362845749,1.5586173972613526
-0.08031705332347612,1.3066821124943773,1.5585631410266236
-0.08031771323479976,1.3066819305114137,1.5585258168062797
-0.08031831802386369,1.3066817804384028,1.5584963671514067
-0.08047192681606362,1.3063205218297362,1.3633607143061826
-0.08079355679210005,1.3061023390438753,1.154837397724327
-0.08094128315810048,1.3055391739268072,0.9530259662088058
-0.08197872721872396,1.3058705495010543,0.7307083836572312
-0.08239729076859022,1.3059989425223582,0.52111422486649
-0.08276089854456305,1.3061146716332956,0.3404669244407148
-0.0832112357960276,1.3065269101094654,0.14163700719825534
-0.08355472059395189,1.30639946697266,-0.04458686919861125
-0.08393330690284702,1.3064872470096387,-0.24306308576018787
-0.08424121726704005,1.3069246202306313,-0.45481743012555276
-0.08471174916353347,1.306702583692138,-0.6773169432285621
-0.08522330148746902,1.3067481499499565,-0.8658989289491975
-0.08453957128908426,1.307643057478526,-1.06050000111617
-0.08382024038585469,1.3083884780973236,-1.2588678148763444
-0.08371791448678817,1.3085742928555895,-1.448649385331829
-0.08384673923919476,1.3089319878955679,-1.6523701262018373
-0.08409305614705818,1.3094486975206099,-1.8551628530110982
-0.08360796915009192,1.3097017819033132,-2.071962588767783
-0.08283466424587016,1.3095861189638751,-2.2667436494414672
-0.08211794701134562,1.3093709289646578,-2.4689965675757346
-0.0817759363171129,1.3093453953251986,-2.6782401834507046
-0.08182509864485493,1.309939641316899,-2.871215840535735
-0.08143464432398995,1.3103472945000383,-3.055630949388871
-0.08100492689178385,1.310275824472149,3.0314097061679064
-0.08069430777114585,1.3098809537733314,2.8207980568556312
-0.08003698177168553,1.3098879563972226,2.580378690831833
-0.08032212642559705,1.3091215390573472,2.37020484557732
-0.08006194506267127,1.308862776414128,2.1713717686152707
-0.07974609566367521,1.3084940329356387,1.9358292327018756
-0.07916911427621426,1.308533984094808,1.7533729444751387
-0.07919215469374705,1.3081673148561157,1.5483194434046543
-0.07963187242765317,1.3079945745967103,1.3610663215247627
-0.07981836150642921,1.3078356761667678,1.148309725195137
-0.07982336751141086,1.3071498967823454,0.9562029529732189
-0.08062453693480093,1.3073399177455922,0.7327951760047695
-0.08089829522369794,1.3070962742875467,0.5144084423318078
-0.08107341583070185,1.3068518643446907,0.31245685094404463
-0.08111077890164506,1.3066474939742145,0.11672025643511934
-0.0814090656971697,1.3062878531222086,-0.07693717704633911
-0.08173339823083772,1.3061713617890043,-0.27223117870072194
-0.08198738417833028,1.3070195464823684,-0.4898412622403956
-0.08261508791478052,1.3068655653253407,-0.686552117139087
-0.0825601564121924,1.3075025866710699,-0.8874141153579693
-0.08254338587239433,1.3079319431853116,-1.1057155378374446
-0.08262678484368327,1.3082093721238202,-1.3082695578432761
-0.08266542261009076,1.3085314271121962,-1.4999707012988808
-0.0822594175603507,1.3088792756221392,-1.6979860402418583
-0.08189130249179492,1.3091333763111832,-1.9132292152968093
-0.08232005064096491,1.3095011041344835,-2.100808234596464
-0.08210861417469582,1.3099624442226774,-2.2911214315511175
-0.0816716357632764,1.3100644915829656,-2.5022729871070917
-0.08097410157558128,1.3098516437421928,-2.723691514059837
-0.0804286428960975,1.3096198653585496,-2.924297592387759
-0.079972723282186,1.309268003550491,-3.1180089432576614
-0.0795984058765397,1.309161934105382,2.9735302876483334
-0.0792170321543177,1.3085454253078703,2.7521888194009865
-0.07887051240257854,1.3082695213832227,2.577617545423211
-0.07839636530726261,1.308048367373037,2.3733877805266004
-0.07850335146525739,1.3075168675779218,2.171265600629007
-0.07810555824581368,1.3074400907279184,1.9758650907981297
-0.07827562548309792,1.30687127820861,1.7930916129829035
-0.0776862083138803,1.3065739874359956,1.5956191337291328
-0.07740133227583393,1.3061489191884221,1.3921870465098214
-0.07761716681072758,1.3060576273729574,1.1959115585354236
-0.07775142011378552,1.3055222645354947,1.0077351932660892
-0.07819620567595814,1.30557002727611,0.8317277540047705
-0.07871937091688516,1.3056267185060866,0.6128388759421742
-0.07914210428765496,1.305673333903409,0.4171765560521623
-0.07896077567071104,1.3050021852281795,0.22891641736325408
-0.0793458429621224,1.3050534033313728,0.015982256643857485
-0.07961991001383237,1.3047023495383019,-0.16390336381730192
-0.07983227379541909,1.3048259959973176,-0.3808155071661923
-0.0798811115167338,1.305562850852952,-0.5829959608860636
-0.08053138064991486,1.3054243509721264,-0.7271590236997973
-0.08096627460414514,1.3056313560015607,-0.9028746951782728
-0.08024031600124909,1.3064649263645045,-1.0866166081397934
-0.08017049249193617,1.3064632767565656,-1.2679830705046524
-0.08040219123972402,1.3066284950181664,-1.4622661199211626
-0.08080327475099018,1.306961866821809,-1.6556206979514583
-0.07999895431296268,1.307241855137276,-1.8805342548779886
-0.07899897571483187,1.3071068293612853,-2.097871093344764
-0.07881585118870851,1.3075009290918909,-2.3102212787420426
-0.07848131983561986,1.3077752780992835,-2.511568001613932
-0.07820596475892111,1.3078072838237986,-2.726126440289065
-0.0777434440807707,1.3082697229173719,-2.9186952099832766
-0.07745247792550143,1.3086461205529898,-3.1119524795287257
-0.07707360410895994,1.3090672953030242,2.9815103731416626
-0.07678843194283562,1.3087343762311563,2.776607453921383
-0.07660741819486828,1.3083358793830766,2.564935451661374
-0.07604750974947835,1.3084049956816048,2.3955414531435983
-0.0757355112541332,1.3080472531081373,2.1745238793120727
-0.07557420320020648,1.307648938959038,1.9866637218973373
-0.07591715933885691,1.3073653406756065,1.8091162087723724
-0.07609704204025979,1.3071124781944816,1.6243618435538916
-0.07557225473685342,1.3067270106663462,1.4311371957163668
-0.07596226048113838,1.306625965706708,1.2131202294623817
-0.07619430930051589,1.3063848274881045,1.019636062370277
-0.07684427385913603,1.306206686010184,0.8194448558524013
-0.07768649378711358,1.3066034169289482,0.6317845300599172
-0.07843851553711874,1.3069619063631217,0.45302084351785843
-0.07911520189887117,1.307054135289886,0.2414137303082564
-0.07940977467530914,1.3069744686985432,0.04709508710728672
-0.07975820591265931,1.306459237946552,-0.1352930572408438
-0.08019539119329376,1.3066565265705445,-0.3558146440663623
-0.08066730094549686,1.3068415002644385,-0.5751571061059423
-0.08043826768387924,1.307737282847874,-0.7879464830401688
-0.08025618581504937,1.308259950740619,-0.9912647837331985
-0.07970441868088507,1.3090087177136494,-1.1983141122837107
-0.07952268307995397,1.309595437741958,-1.378772033275377
-0.0799288266605397,1.3097787158122804,-1.562677162667515
-0.08025629615206853,1.3099995085073255,-1.7441698363932328
-0.08053484128781191,1.310436338087766,-1.9510497387768242
-0.07913339621197753,1.3099879776733707,-2.1453577018786425
-0.07904277212544757,1.3104308906369582,-2.327922623781147
-0.07833422455348713,1.3099867535357832,-2.5505408590041005
-0.0783089786742359,1.3104427908814422,-2.727791136001066
-0.07764548691247027,1.3108036453645058,-2.9152271855311453
-0.07722596399307068,1.3111273226575826,-3.104715928975407
-0.07682532545061377,1.3113979623780418,2.969662998311425
-0.07652068783468585,1.31093572721479,2.76762216291526
-0.07633403513553377,1.3104812819880296,2.559377115962397
-0.07608680696778165,1.3101366088802961,2.399904798972458
-0.07609154083164725,1.3095192881949709,2.1865747960875894
-0.0760167863542534,1.3092871527531065,1.9908016614434045
-0.07568232864637879,1.3091475343739571,1.7931700784922846
-0.07515409694897184,1.308885330608887,1.5947538454974846
-0.0749657008174224,1.3085006709092724,1.389947854469119
-0.07560224263469444,1.308483773082479,1.1870224083513905
-0.07566293296820298,1.3078142301022553,0.9875042311071662
-0.07620318290292637,1.307665107234251,0.7810428076969507
-0.07672000219167013,1.30779979496248,0.5862933573510432
-0.07723059162372074,1.307918534078387,0.3962547090475606
-0.07776905969168708,1.308030954347992,0.1914555282610469
-0.07824063066009815,1.3081367924377887,-0.008998152035915438
-0.07858198911126883,1.3080480430493493,-0.20163062678252652
-0.07875687978746547,1.3086340053708099,-0.41733166580093684
-0.07934029701553509,1.3089731577743113,-0.6044675077074577
-0.07953786579254403,1.309243708866931,-0.8025111334730571
-0.07972401075050725,1.3095137670239505,-1.005553039401822
-0.08027006979734061,1.3097228219861126,-1.2108621654728233
-0.08048260797220212,1.3101425883672184,-1.3826894365800024
-0.07980322657391581,1.3106223306404479,-1.5827443521120472
-0.0798756052570917,1.3108432382502728,-1.782096553303143
-0.07920269958207014,1.311107626674412,-1.9967376491132298
-0.078636083200533,1.3114292161244288,-2.1836907996217643
-0.07785137522743438,1.3112912873807603,-2.375024493758956
-0.07738520205847872,1.3112144032809077,-2.567831349538803
-0.07696477972887762,1.3108896257490648,-2.7704336945249906
-0.07682120305286326,1.3106115604963522,-2.9634013255832685
-0.07669476762874965,1.3104659934808707,3.1386530546125635
-0.07635707487138711,1.3106815270317222,2.9335858237410504
-0.07607213751603442,1.3107655105089873,2.7234842687218506
-0.07593468253987139,1.3101504338891352,2.525675226683315
-0.075898297192427,1.3097369016889249,2.3124010490815743
-0.07596640568047927,1.3092045656271127,2.098157339244141
-0.0759865710081158,1.3087737550183478,1.8746113043709556
-0.07597486118617384,1.3085451070195764,1.6867306898320547
-0.07549178386438117,1.3082163521127035,1.4879766549046949
-0.07547033486486326,1.307704622269926,1.281829109802518
-0.0762490748137187,1.3076555626000568,1.086438181985617
-0.07652150549792762,1.3074029477312852,0.8986774622069822
-0.07745166365998618,1.3078681747069085,0.6969586463566714
-0.07795759946684251,1.3080245802069759,0.4868290958360828
-0.07851028751443846,1.3083686174776419,0.2680491463970084
-0.07887569494569857,1.3087422482100055,0.07915162947720095
-0.07924827049395099,1.3089340898621522,-0.11603484148993193
-0.079424084654817,1.3091343695791415,-0.3148691948662656
-0.07945250613104433,1.3099018297875953,-0.5140399988402877
