1.5175064632431303,-0.7337598677852574,1.6218207223988557
1.5176645584887205,-0.7337304001786441,1.5832258778130024
1.5176191805369312,-0.7337065213835049,1.5895398946736625
1.5176724256561602,-0.7337042680383326,1.5867322174803624
1.5178727450593126,-0.7336980529966817,1.5932417918129425
1.518042757186306,-0.7337076884042473,1.6005520302599836
1.5179699336122832,-0.7337179865295342,1.597216129652861
1.5179421948018617,-0.7337208914699762,1.5970780457593796
1.5179335227668016,-0.7337224077498147,1.5968829495139443
1.5179306391883425,-0.733723287259172,1.596847048883713
1.5179299399690822,-0.7337239280624042,1.5968720910002285
1.5179300601714576,-0.7337244810487084,1.5969204057048494
1.5179304871558268,-0.7337250030231107,1.596977720073535
1.5179310289256975,-0.7337255153398884,1.5970386407013621
1.5179316135416137,-0.7337260260303152,1.5971011322136106
1.5179322141602385,-0.7337265381305261,1.5971644258559037
1.5179328206910205,-0.7337270527998733,1.5972282314015331
1.5179334293501066,-0.7337275704916821,1.5972924407572082
1.5179340387146882,-0.7337280913939898,1.5973570149582594
1.5179346482463631,-0.733728615595173,1.5974219413619728
1.5179352577381702,-0.733729143146251,1.5974872173971082
1.5179358671073928,-0.7337296740843535,1.5975528443794202
1.5179364763178835,-0.7337302084415729,1.5976188251513006
1.5179370853508973,-0.733730746248312,1.597685163179116
1.5179376941941525,-0.7337312875345545,1.5977518622063676
1.5179383028377007,-0.7337318323303489,1.5978189261211042
1.5179477069175076,-0.7337253683900097,1.6031546373405343
1.5179579965957595,-0.7337244365504206,1.604137472436819
1.5179613334971007,-0.7337246256823008,1.6046203442169265
1.5179624636847406,-0.7337252267470322,1.60489213523298
1.5179629828725492,-0.7337259796698441,1.605072773431516
1.51796337319377,-0.7337267899101265,1.6052141574918208
1.5175953278655323,-0.7339070730628465,1.4428719665709169
1.517953921719414,-0.7344242410904785,1.230779680498892
1.5177644494098446,-0.7347619554635405,1.0201232730606793
1.5173198898095785,-0.7348264577237636,0.817617900116423
1.516973998655193,-0.735021468009175,0.6320202733603709
1.5165279008399102,-0.7346855368637354,0.4302847570460012
1.5162023871652575,-0.7349566127825343,0.20782447478608565
1.5158747354623499,-0.7350287050834566,0.0035866162437689117
1.5155271079301844,-0.7350137440670709,-0.18925637761516484
1.515099126075552,-0.734801639064175,-0.42692616413101403
1.5150321176445085,-0.7345484250380552,-0.641049643402459
1.5147433553936605,-0.7342382303777774,-0.848833341605062
1.514605955173489,-0.7337891979021115,-1.0532477575592072
1.5144058471777573,-0.7337254416233848,-1.2459690489721906
1.5146690703818142,-0.7335184141201255,-1.4292544739575535
1.5147156476589514,-0.7331323378477214,-1.6320954372649752
1.5148049295697392,-0.7328341845867523,-1.8361092902901532
1.5156314847433516,-0.7329290855026709,-2.060219284966254
1.515602690634558,-0.7324712758048136,-2.240832832817606
1.5156115148931275,-0.7319452270938249,-2.419125396279154
1.515626685741393,-0.7313557457565271,-2.6112314414935267
1.51621331285641,-0.7318403149452364,-2.7916569499086474
1.5161736964487909,-0.7310657700062968,-2.9889634285330575
1.5165953167557096,-0.7306149376188411,3.1041563979707965
1.5166348779913865,-0.7304090081902544,2.8893374988618694
1.5171310211714502,-0.7302503671192054,2.6844181493525556
1.5173994177912753,-0.7302502730069723,2.475862762616889
1.5178735905560998,-0.7303767856364631,2.270340408915882
1.5175841963267704,-0.7310730149664912,2.079711505378428
1.517439870166184,-0.731495131557712,1.8829553598694975
1.516984163976224,-0.7318781055149332,1.6689487408118686
1.5174079204512414,-0.7322488210026353,1.4696297166393186
1.517667398563966,-0.732719248590667,1.2599686694198533
1.5175005775177666,-0.7330626160196538,1.038660261872077
1.516609959293811,-0.7328887338678355,0.8324652154549234
1.5163076403825047,-0.7332653344512439,0.6053299181231278
1.5155027596062025,-0.7328726658570561,0.4064295841212156
1.5155213719699845,-0.7332148148363316,0.2116720564300058
1.5152951827110597,-0.7330507048146743,0.01996283490452017
1.5149274220353524,-0.7334795668664228,-0.17507455780606296
1.514786577051998,-0.7327722623694753,-0.3729504495663036
1.5149936775571593,-0.7315467934648031,-0.5780265278409874
1.5149581698863177,-0.731160831176247,-0.7673902508568907
1.5150167384913782,-0.7307005816547776,-0.9692131638446002
1.515534794330436,-0.7299651038247312,-1.155088816777481
1.5156912448960544,-0.7296343947514226,-1.345294373279531
1.515350155799759,-0.729249918905128,-1.5539665686413264
1.5149471356601325,-0.728975457072481,-1.7458066691848881
1.5151249417952812,-0.7287060803174988,-1.9283279408695855
1.5160004261321653,-0.7285885270505968,-2.1394375773541117
1.5164927391824456,-0.7284611045865242,-2.3722915376594713
1.516716775182496,-0.7281322094338468,-2.579983332770513
1.516765103637849,-0.7278321068304737,-2.7766550216931063
1.5171213139047774,-0.7277937354378756,-2.9760411684649557
1.5174788069350613,-0.727351549040601,3.1068898222511296
1.5177182069193105,-0.7275686664304445,2.9109032928164487
1.5180554759440419,-0.7278287561710561,2.7005642906422147
1.5181101010537652,-0.7283654200974765,2.4736243178838055
1.5180820422619374,-0.7289523485101478,2.28669371809459
1.517974339550719,-0.7294347171163934,2.0788949639140584
1.5186150901148812,-0.7293661194403526,1.8862174120038455
1.518208147818559,-0.7297672044137579,1.6868270438611508
1.5178197128190543,-0.7301967605266352,1.4905863877360002
1.5179466962037609,-0.7307250914309421,1.2742387953649659
1.5173367897900953,-0.7307500428766369,1.0551251261323986
1.5167080186493116,-0.7305021299104565,0.8621571401490218
1.5160860364480746,-0.7302607033075127,0.6800032682379122
1.5160900136475852,-0.7308093675933021,0.48660638939708073
1.5160313554148968,-0.7310610556363349,0.2834377842778742
1.5157734220711772,-0.7314185122598797,0.08700818271558484
1.515404047478066,-0.7318610435179245,-0.11444528452474366
1.5151741330746678,-0.7314376205633084,-0.3240210815059067
1.5151558591654486,-0.7306237356088313,-0.5287444669381874
1.5148303588947822,-0.7304385852393852,-0.710930039966555
1.5150856734424247,-0.729767125729047,-0.8896077298330799
1.5156988578744877,-0.7289840876076054,-1.073478863521767
1.5156829100116738,-0.7286038949973966,-1.252137328237811
1.5161078737766949,-0.728029402566229,-1.4470519085148008
1.5164229810702545,-0.7274494460821835,-1.6387751248363531
1.5163189253457834,-0.726948970401829,-1.8716535093123314
1.5169418174397369,-0.7267761361435331,-2.107947436931873
1.5170195820570183,-0.7263185921376835,-2.321527769162295
1.5176988886481158,-0.7265178663718537,-2.501238680157841
1.5183059023371555,-0.7267317827941202,-2.71810300787575
1.5188013618169418,-0.7270016434373913,-2.9270405354245463
1.5192292454703407,-0.7271110333628137,-3.122700944640898
1.5196234341859913,-0.7271665983268896,2.9615782961643333
1.5198198715962474,-0.7277682590407182,2.746455194580568
1.5200150648906856,-0.728235269187832,2.517824699971913
1.5203686445531481,-0.728404694495125,2.2955340304608454
1.5206311096465126,-0.7286641626139198,2.0844866570006504
1.520340181065941,-0.7292355092420624,1.8718474054312126
1.5207637031919294,-0.7289552654009064,1.690927933779274
1.5211452186338374,-0.7292374879800736,1.4882153296804086
1.5211226877592532,-0.7295878977213575,1.2721660536487363
1.520533238598766,-0.7297014041150389,1.0463221222247552
1.5203507913245629,-0.7302052043958634,0.8561301461623119
1.5197329036050644,-0.7302318286447931,0.6463717968062808
1.518908193956998,-0.7297795254721169,0.4304543360840014
1.5187327439177725,-0.7296279444443887,0.2210040337862529
1.518181065944567,-0.7297814228440535,0.024052000303263096
1.51794231756666,-0.7296487282530225,-0.1662283580378539
1.5177293373884195,-0.7291663098375626,-0.37423086284401663
1.5173277467994082,-0.7288945681657232,-0.5873103565644617
1.5175036085280522,-0.7280299017909637,-0.7908707169547513
1.5172362439019795,-0.7275758837410594,-1.000199610194948
1.5176937173616896,-0.7269428679646748,-1.2226515593195515
1.5179035508695675,-0.7264296620775067,-1.426012267969775
1.5180547038860241,-0.7257799402300366,-1.6127434746620781
1.518556809164125,-0.7254088029398031,-1.822915851155597
1.5192075289660778,-0.7250959175724363,-2.0491091727166046
1.5196374022337413,-0.725027656783531,-2.2263786220260036
1.5197582628843291,-0.7248027011477337,-2.4427109127892486
1.519860633808921,-0.7243586652073624,-2.627916922017464
1.5203970589873073,-0.7247247917000494,-2.82056411945856
1.520542363303799,-0.7250076751058608,-3.010599741091094
1.5210068233035376,-0.724575985753862,3.075263155602491
1.5212884563491509,-0.7243521177832428,2.8711962597028906
1.5214618588180633,-0.7250584732248805,2.662831749029303
1.5215864236721433,-0.7255437238124453,2.455090657982413
1.52175112073816,-0.725861471076673,2.2584463362917355
1.5221167225890677,-0.7260870651781083,2.0580379387400285
1.522510639134243,-0.7263039715397631,1.8462787781770167
1.522346254565071,-0.7267086067696656,1.6401190972569737
1.522289008505884,-0.7271383477168694,1.4303469737695462
1.5224700183036872,-0.7277889878857912,1.2334700116607926
1.5221035355096026,-0.7279052569972256,1.0356914737922331
1.5218966903617426,-0.7280646678399199,0.8128922701056465
1.521671479750122,-0.7284097768515027,0.5944516323186407
1.521548652738595,-0.7285206825563924,0.40126907244148174
1.5209882083554411,-0.7281629249271202,0.19764876632193978
1.5208900572750932,-0.7287204166456599,0.015093087332549179
1.5205031028452378,-0.7289169227369664,-0.18631408434378388
1.5205437655142087,-0.7285260364190402,-0.3796761443833489
1.5196350892581718,-0.7285080756131641,-0.566475700823793
1.519180595467272,-0.7284492469593818,-0.7688954175977996
1.5191138445346846,-0.7279386386068513,-0.9669295266713153
1.5195401157568593,-0.7271745590774461,-1.1699434906960442
1.519674455172402,-0.7266955966853094,-1.407841409980126
1.5195912431674645,-0.7263935870358833,-1.6140791430158
1.5195795442401259,-0.7260374846203931,-1.8204213181147701
1.5198017921302958,-0.7253679772350202,-2.016905755055743
1.5202289150933705,-0.7254807954686314,-2.207397395550551
1.5208241025283342,-0.7255026963072962,-2.404884928450468
1.521151407144621,-0.7253879751333093,-2.5916467450075378
1.5215871064237898,-0.7252531914909883,-2.7642701474177205
1.5221172473922115,-0.7251622605103025,-2.9576044882793897
1.5224211755770973,-0.7252618204125654,-3.1383979272006868
1.5227643984195904,-0.7252626659116405,2.943796602596579
1.5228582282424308,-0.7258801011965142,2.72141810969457
1.522887303632333,-0.7264804990292917,2.512360412825812
1.5231220920788202,-0.7269052249903675,2.3236042019535543
1.5226296883091086,-0.727783470400792,2.129345850532231
1.5226438021089905,-0.7282147048819605,1.9084217033296178
1.5221793310819434,-0.7288603275620722,1.6999437777334152
1.5224732475306446,-0.7291232442206266,1.5159324451593106
1.5226731611996138,-0.729339520701879,1.3165593882756306
1.5222427749032204,-0.7297031114290751,1.11294616883938
1.522066606411785,-0.7300501378290912,0.8923813701523212
1.5219979177252896,-0.7306076376194928,0.6572879993472505
1.5210646996934132,-0.7297385083478846,0.4347203310334268
1.5210285776680754,-0.7300788915064869,0.24603979131150466
1.5204952053892864,-0.7299560937803894,0.04407034038652663
1.5200335503299522,-0.7301126588282828,-0.16822992013996593
1.5197061918474946,-0.7297069118193577,-0.394762789483657
1.5192896607524877,-0.7295944485588952,-0.6123951735137196
1.5195438261380243,-0.7290948013660052,-0.8018886201198487
1.5192782823946969,-0.7289530491785075,-0.9927312307416543
1.5188688074402403,-0.7288546488422577,-1.1731492818658618
