-0.579396951865139,0.5813944395006553,1.608596460806833
-0.579058205006187,0.5813688288137261,1.568093912935094
-0.5787710965541408,0.5813407931380717,1.5535565095755692
-0.5777147873038204,0.5813880465549738,1.572280948129831
-0.5776296235086888,0.5813881291050997,1.569705010365205
-0.5777585634445883,0.5813854783810739,1.5690417048150886
-0.5778000603816136,0.5813842594376152,1.568727570861713
-0.577813381824125,0.581383677076374,1.5685718759300287
-0.5778180602666317,0.5813833594005605,1.568482172535925
-0.5778201560416899,0.5813831507513019,1.568419424556265
-0.577821491871952,0.581382987458108,1.568367774428607
-0.5778226081262615,0.5813828432853549,1.568320755788266
-0.5778236629108676,0.5813827072839689,1.5682756954940313
-0.5778247015885134,0.5813825747591097,1.5682314551910723
-0.577825736782028,0.5813824436864187,1.5681875475475857
-0.5778267718549653,0.5813823131977444,1.5681437650250534
-0.5778278076212923,0.5813821829163597,1.5681000178450428
-0.5778288442358119,0.5813820526770975,1.5680562668598284
-0.5778298817047309,0.5813819224070741,1.5680124949489518
-0.5778309200116887,0.5813817920737931,1.5679686946146412
-0.5778319591433573,0.5813816616624748,1.567924862576388
-0.5778329990916824,0.5813815311661142,1.567880997405815
-0.5778340398521197,0.5813814005811182,1.5678370984895706
-0.5778350814220183,0.5813812699053829,1.5677931655733177
-0.5778361237996631,0.5813811391374495,1.5677491985612366
-0.5778371669837825,0.5813810082761286,1.5677051974273304
-0.5778382109732838,0.5813808773203398,1.56766116217695
-0.5778392557671523,0.5813807462690366,1.5676170928295028
-0.577840301364395,0.5813806151211747,1.567572989410669
-0.5778413477640143,0.5813804838756977,1.5675288519491652
-0.5778423949650012,0.5813803525315319,1.5674846804753075
-0.5778434429663207,0.5813802210875825,1.5674404750205524
-0.5778183104551926,0.58113118142277,1.395461927563196
-0.5780567056814355,0.5808306051755111,1.1834750164456338
-0.5781444389589578,0.5805039979356857,0.9879323593925121
-0.5779078167290221,0.5798571835462438,0.8219398059363222
-0.5784284186441451,0.5798843588736491,0.6184853475200147
-0.5792026035232855,0.5798579121297179,0.42584374367107014
-0.5799436001069549,0.5804963742547884,0.21567366682422418
-0.5803434074809424,0.5810328188690002,0.014684200713388933
-0.5807492551351352,0.5809644369245569,-0.1921589773223612
-0.5813870466434767,0.5812160879799521,-0.39705209415056425
-0.5816210089892313,0.5817024502786073,-0.6022058089024542
-0.5820435082839863,0.5818924864553209,-0.7985636297098241
-0.5824446913890611,0.5820245879079504,-0.9837394027508634
-0.5823526402728046,0.582579543051931,-1.2111761507041645
-0.5821228804642389,0.5835670971691438,-1.4097635950912766
-0.5818040557233504,0.5842227438051905,-1.6058838090981136
-0.5813236320355636,0.5843617257161866,-1.8149556416444839
-0.5813021331445586,0.5848248564492484,-2.0061327711759516
-0.5810802641758698,0.5850484201607298,-2.1827185137543155
-0.5808190484416282,0.5851326294027235,-2.330367222464147
-0.5804244263924025,0.5855199488808872,-2.53901940800124
-0.5801888489469068,0.5856547773307491,-2.75461866175416
-0.5799346917627352,0.5854771426489737,-2.941484839917226
-0.5795310809665107,0.5856279807983031,-3.134913360065346
-0.5791510358293223,0.5852982610412819,2.952699273395978
-0.579020208870326,0.5844402706838872,2.766059825453895
-0.5791419194617318,0.5838206652562294,2.5521616573378574
-0.578880079405906,0.5835429137039516,2.3529124301142827
-0.5786389212354482,0.5832445496020211,2.1625573487338245
-0.5785964997308897,0.5831835469447272,1.9630329202910861
-0.5779506029071547,0.5829844856078803,1.7638888075194494
-0.5777199346436802,0.582692024281648,1.5654735410225529
-0.5776585606742591,0.5823497935001754,1.367734836275387
-0.5780700788544245,0.5819250512479288,1.1746599145633971
-0.5779244060902662,0.5812635773135846,0.9964972988954384
-0.5793236171188583,0.5820659177458682,0.8118154723515507
-0.5800593214821409,0.5822398962464163,0.6161061217879056
-0.5807813827536856,0.5825828623245798,0.40363449233293935
-0.5811855046233161,0.5827717503691558,0.21040012377460987
-0.5815425744182434,0.5827499218583135,0.006170435548473609
-0.5819297349287931,0.583033416628233,-0.20452293429274002
-0.5823500350481058,0.5833831787017586,-0.42057457045403646
-0.5826359626180606,0.5838951294448808,-0.6173098075463779
-0.5818232280060449,0.5853345571181039,-0.8138897282235111
-0.582147900716437,0.5855556313713266,-1.0363283750399674
-0.5825619132034184,0.5858321597585908,-1.2163670797062662
-0.5827612415056743,0.5863123011143235,-1.406440471119902
-0.5829434157811946,0.5866565920954088,-1.6051699347575978
-0.5832589280872421,0.5871770680685368,-1.8120272223343936
-0.5827153065592172,0.5872910545449872,-2.001133223891506
-0.5823835970410863,0.587956033429205,-2.194296471299268
-0.5817982254455304,0.5878377476895249,-2.3832915532682066
-0.5809700800864703,0.5876212080068235,-2.603556586032109
-0.5807073971620628,0.5876370555638294,-2.8080671667325214
-0.5805027182790734,0.587911908261185,-2.997389911814629
-0.5801011847877829,0.5878568574325512,3.0861466714024774
-0.5798194617483531,0.5873293943988641,2.8740810284670353
-0.5797670293955197,0.5866941233584357,2.6779840940207826
-0.580048760196589,0.5856757879889348,2.4970083574180015
-0.5796015434416607,0.5853950927445088,2.283747610204985
-0.5797153386498854,0.5848434057497504,2.0712028179734396
-0.5796378458275105,0.5843532464991357,1.8731842041771873
-0.580067555451578,0.5840393469025689,1.693342816360531
-0.5798859396517544,0.5836911611962083,1.4976600400868851
-0.5793763663094396,0.5831357191617209,1.3023536480644273
-0.5802407764948124,0.5831676422678436,1.1146282991295637
-0.5804571265535035,0.5827357214940964,0.9065628801924962
-0.581065648864782,0.5829445891707146,0.7094292163064682
-0.5812331765776202,0.582552840387639,0.516360644428588
-0.5814706542151546,0.5822444680995578,0.33749370371163967
-0.5820597898309253,0.5827294886142144,0.12486630883870387
-0.5822954984294948,0.5825019093434928,-0.06225596769040462
-0.5826620885993841,0.5825587250418861,-0.27542965650038326
-0.5825599856749881,0.5835097270862772,-0.4630524411806676
-0.5830033048005333,0.5836780905252706,-0.6327616677615324
-0.5829541293382026,0.5842618635182382,-0.8334655682737518
-0.5830956336992544,0.5845837984164742,-1.0193639872152793
-0.5829431435106733,0.5849461520023503,-1.2188380534546022
-0.5827063044045289,0.5854164828819863,-1.4134554956032201
-0.5828168940905631,0.5858345657635188,-1.5969387415635803
-0.5825435471278847,0.5864040302750314,-1.8145726379135763
-0.5826546657259756,0.5867963933829801,-2.040240292534797
-0.5822446066411001,0.5870773593675371,-2.232925036873142
-0.5815410517539147,0.587052587817831,-2.453105417888559
-0.5809709706134805,0.5866210454299411,-2.655718872241388
-0.5809402905089716,0.5869391092560854,-2.844098336638153
-0.5808747823287519,0.5869034858925831,-3.032402335554363
-0.5804476807536052,0.5871711684179689,3.0510505440735445
-0.5800929415742775,0.5869123364875684,2.832234857905049
-0.579353315152708,0.5874399262322062,2.641311187611076
-0.5793221951169181,0.5866966434823718,2.4340554825527385
-0.5797153726959079,0.5859376191024563,2.2326109572074513
-0.5795261243234114,0.5857938634884688,2.05997307546076
-0.5794416481523856,0.5854119513709489,1.8658212872844313
-0.579444185860117,0.5849264003379487,1.6777795229981225
-0.5795061114091584,0.5844787845037621,1.4689292566657683
-0.5794825945584403,0.5840735746298337,1.2656689595615058
-0.5803394341486592,0.583957781431069,1.0418947556589917
-0.5809278892521557,0.5840233053622912,0.8362805920181455
-0.5816381833938045,0.5842603171013748,0.6327717244988105
-0.5818820893777085,0.5839192242129398,0.4439891039997724
-0.5822225110211002,0.5839145805224326,0.25014076400974333
-0.5826791206166096,0.5842797091314931,0.040594844478940996
-0.5830695715085148,0.5845186739997307,-0.16398741847887235
-0.5833339985726704,0.5849007102170505,-0.3386915232484255
-0.583477353753912,0.585615342298392,-0.5572193985068755
-0.5829384250391604,0.5869882906446204,-0.7519408687001818
-0.5827458875272818,0.5876586760972948,-0.9591137399996859
-0.5825284396528657,0.5880139119850455,-1.1605758856550534
-0.5825800423689258,0.5880645460821463,-1.3598061368968417
-0.5827669394336152,0.588515843278255,-1.549260302143964
-0.5830733477999437,0.5889228979440362,-1.7471027751673274
-0.5828886512944782,0.5892933816238993,-1.9762772634485362
-0.5818645425921528,0.5891778404900992,-2.1962073336729104
-0.5815502028176915,0.5895258915982502,-2.399236971925752
-0.5811333560019682,0.5896522144534568,-2.5830585503063666
-0.5802818547352441,0.5885239897687888,-2.785065124753172
-0.5799754103255214,0.5887860467549885,-2.9812901991956937
-0.5795627345434249,0.5884408794106855,3.1006011159184452
-0.5790920371914958,0.5884981362831686,2.8920340910244677
-0.5789094085731542,0.5878657753400973,2.692503708837505
-0.5788032133480768,0.5874625596113476,2.4906738098508625
-0.5783246361748451,0.5874298112106483,2.2958817944532033
-0.5776955735644209,0.5873597853466691,2.1034121438084368
-0.5778318020205208,0.5868898177182754,1.8987226254669556
-0.5780407098788892,0.5862867146307508,1.694494210382325
-0.5784817498047815,0.5858508107946647,1.5035732070245351
-0.5785464589759244,0.5855220739025555,1.305999325795084
-0.5795092831529771,0.5855150098858907,1.0915852237344428
-0.5795335779460471,0.5850772062804921,0.9004877769245486
-0.5793939335138045,0.5844487485098727,0.7312328308449846
-0.5803734333682814,0.5851745863618972,0.527031923232971
-0.5804855441565309,0.5849929030535912,0.315558124620353
-0.5809490462540662,0.5853007760059209,0.1316826271026762
-0.5811695698339532,0.5846673801998337,-0.05970769064806691
-0.5816858836161078,0.5844962282534789,-0.2729683183302578
-0.5820561867100554,0.584374224073686,-0.4902896741752101
-0.5820425295983832,0.5848370697273372,-0.7036105979135835
-0.5824314242425819,0.5850356350095642,-0.8915662731667403
-0.5827295292297462,0.585399916883634,-1.1107121625970573
-0.5827020161051331,0.5856611319568807,-1.3150004136876672
-0.5831738951679957,0.585814855226759,-1.5082246919548237
-0.5835593322287989,0.5861919519002156,-1.7129249564081657
-0.5836148268270296,0.5865646660582958,-1.9149974612314102
-0.5829550858631769,0.586576673910901,-2.143228743340174
-0.5822779066582453,0.5866285822371778,-2.3416538308749053
-0.5817119000421915,0.5865273650676917,-2.515540294373755
-0.5812190901310458,0.5860805823317782,-2.727721250284878
-0.5807472967276842,0.586274337246561,-2.90829033296709
-0.5805203728806306,0.5865553539848755,-3.10327406833467
-0.580108463849635,0.5870838134704787,2.9861104830078538
-0.579457025718433,0.5875698215360698,2.784530132696987
-0.5794871921180038,0.586757654159304,2.582280582492736
-0.5795252900041649,0.586345750260042,2.4053338603952494
-0.5790366470528813,0.5862750370673127,2.228187416727702
-0.5787844887527371,0.5859146143986016,2.0369260883177187
-0.5787792741773335,0.585592985245453,1.8178096236244274
-0.5788822079483568,0.5852286741405669,1.6106542460857498
-0.5793429788173696,0.5849170487753899,1.4104038274873276
-0.5796307689093708,0.5845595838007774,1.1936100139299104
-0.5801488506197092,0.5842067472977361,0.983689256298633
-0.5808961484229779,0.5843311721210205,0.7561152635028286
-0.5814730840453837,0.5844589177172269,0.5512148956806134
-0.5822495555670835,0.5855265723983744,0.34855320866767364
-0.5826020524734028,0.5856193492687151,0.15442840518073842
-0.5828699239264991,0.5852840144043264,-0.04228909254949276
-0.58351907501535,0.5849906592868197,-0.25216496516133674
-0.5840274714253462,0.5846161502780777,-0.45719435161136507
-0.584419458893521,0.584748701526579,-0.6696299273177536
