-1.757493533167467,-1.1741653100046705,1.6201845087373568
-1.7573905712140654,-1.1741225888905076,1.5703912317987947
-1.7571810901322173,-1.17409356386557,1.5846715280641135
-1.756787595585848,-1.174086969349315,1.598247485069822
-1.7568245631647614,-1.1740946451130274,1.5942999688756871
-1.7568420920694579,-1.1740967305449794,1.593957158686647
-1.7568407910070098,-1.1740977713746021,1.5933950878728422
-1.7568335680222842,-1.1740982035024876,1.5929916548821403
-1.7568240551642411,-1.1740983875849293,1.5926576803391885
-1.7568174300175847,-1.1740986075739779,1.5924870120491321
-1.756815710475777,-1.174098922794263,1.5925025997364166
-1.7568143339731312,-1.1740992369426506,1.5925479022519282
-1.7568130735203547,-1.1740995497883244,1.5926059587243446
-1.756811848522415,-1.174099862816218,1.5926695901554093
-1.7568106331491466,-1.1741001772951662,1.5927357287237147
-1.7568094196903217,-1.174100494016732,1.5928030689513555
-1.7568082061341581,-1.174100813422903,1.5928710578060714
-1.756806992116237,-1.1741011357513944,1.592939462461034
-1.7568057776736055,-1.1741014611320837,1.5930081859741247
-1.756804562899049,-1.1741017896411827,1.5930771889327549
-1.7568033478650023,-1.1741021213292628,1.593146456236824
-1.756802132618443,-1.1741024562350546,1.5932159830517347
-1.756800917189178,-1.1741027943920266,1.5932857688811817
-1.756799701597356,-1.1741031358314489,1.5933558150718103
-1.7567984858581993,-1.1741034805837967,1.5934261237644
-1.7567972699845906,-1.174103828679389,1.5934966974542761
-1.7568126435905882,-1.1741014690197316,1.5971136289364471
-1.7568092126374002,-1.1741017615577898,1.5972762182764226
-1.756807110520497,-1.1741022004959836,1.597391774698152
-1.7568055633263409,-1.1741027033116656,1.597488955525679
-1.7568042511082573,-1.1741032359082584,1.5975788005477687
-1.7568030386063163,-1.1741037839802528,1.597665875072431
-1.756801868650373,-1.1741043415452197,1.5977520676289925
-1.7568007171046838,-1.1741049061213187,1.5978381607662413
-1.7567995737990163,-1.1741054766985073,1.597924480370942
-1.7567984344617873,-1.1741060528853164,1.59801116397595
-1.7567972973104515,-1.1741066345502897,1.598098271541146
-1.7567961616118424,-1.1741072216714432,1.5981858311487847
-1.756795027074948,-1.1741078142731252,1.5982738578322744
-1.756632445569773,-1.1744193787856345,1.423774398807963
-1.7561751227653004,-1.175167121558343,1.212706826762316
-1.7561927781224895,-1.1756874369261454,1.018643284803584
-1.7566644631415458,-1.1756882248663543,0.7945013846384906
-1.7572089897686876,-1.175749382333052,0.5941442217205807
-1.7577744700849285,-1.1752109246572773,0.3932428995286955
-1.7579831924501317,-1.1758144284227667,0.18427753855657225
-1.7583599827045675,-1.1753810702448118,-0.009796498439644528
-1.7587642530597651,-1.1754324638548075,-0.22254330810222506
-1.7592126936362495,-1.1756694992726948,-0.4259881077498375
-1.7594518818850988,-1.1752828669083892,-0.5929604253382877
-1.7594856365217526,-1.1747720578783851,-0.7981332821338306
-1.7592037914640146,-1.17419040190737,-0.9796300182514737
-1.759102961497188,-1.1737222708601815,-1.1961724139289056
-1.7592167871847821,-1.173309303200768,-1.3904754043302432
-1.7589115601295642,-1.1727536088923867,-1.5857291830413878
-1.7584869032500583,-1.1723571026782613,-1.7948498714279113
-1.7583573481786283,-1.1718253565950334,-1.9933763782187668
-1.7586024273557652,-1.1712245266248715,-2.1769817498929274
-1.7578987871444554,-1.1714345026850708,-2.365811394779441
-1.7575825837393835,-1.1713294682018147,-2.5613108734879875
-1.756791502270471,-1.17231441812951,-2.7464806109555204
-1.756856102688995,-1.1718156190280755,-2.944666141915993
-1.7562313553402986,-1.1718284239165804,-3.129118295595173
-1.7558303663783927,-1.1718781685498936,2.964558615073274
-1.7556416339266065,-1.1727163733285106,2.759430887844362
-1.7557196323331818,-1.1733341133725808,2.582685494732152
-1.7563119977987558,-1.174686066982959,2.4166069200236695
-1.7558943007041767,-1.1748763940101783,2.2160874590225186
-1.7556949600307015,-1.1751148953994575,2.016648950825737
-1.755475635095293,-1.1752162385018992,1.8063610768023148
-1.755029051598932,-1.1755207519476165,1.6201321778589988
-1.7543771589546997,-1.175898607195927,1.4253944064803665
-1.754713087499825,-1.17613500486513,1.2324338454042512
-1.7552179453620458,-1.1762170824021623,1.03734564223174
-1.7563081588856322,-1.175770890441896,0.8491263515077084
-1.7569179814353728,-1.1756879273552927,0.6335311424471206
-1.757671759561272,-1.1752726608032293,0.4218008316131665
-1.7582353391574588,-1.1751076714492994,0.21754539420132354
-1.758910231624633,-1.174697911862275,0.018167521014657347
-1.7592534267355993,-1.1750695678779046,-0.17063649705978542
-1.7598780087824026,-1.1747946496630552,-0.3875943980272466
-1.7603009946827446,-1.1744857502708954,-0.5876155561414904
-1.7601222382390997,-1.1738533985382928,-0.7957284309392775
-1.7603287028196766,-1.1735362274411656,-0.9937463880859398
-1.7602218365483915,-1.17328391381343,-1.2032558149682548
-1.7605998280983721,-1.1730087729241598,-1.398026472597689
-1.760812371201797,-1.1727854434223128,-1.5927963341163136
-1.7615165983043217,-1.1727182711372512,-1.7756297517621642
-1.760752556681863,-1.1725871521540892,-1.986680212607865
-1.7601436537480846,-1.1726347431990118,-2.184507020920134
-1.7595610437234583,-1.1725259133531694,-2.371748139226641
-1.758879907410963,-1.1728325755407336,-2.5689355852263627
-1.7580449032985948,-1.1731085610312704,-2.7808959423662234
-1.7577143528012826,-1.1735134268473641,-2.9807655994678424
-1.7573660514111784,-1.1733475948053878,3.104228987236896
-1.7567212259965184,-1.1730623460774845,2.8788330407952913
-1.7564514030581102,-1.1732741641221514,2.681977865128187
-1.7567230314117022,-1.1742097918823693,2.4760107575728645
-1.7564355971943508,-1.1744360242998049,2.289050180737868
-1.7556535399651607,-1.174337531268083,2.1081753079660013
-1.7554952318034793,-1.1747744076111586,1.9110166859703799
-1.7556629548506897,-1.1751313048743126,1.7020471106323352
-1.7550341784863117,-1.175423595616638,1.504542985159698
-1.7552314073725186,-1.1757369965198694,1.3011991991791931
-1.7555000074286102,-1.175940704560571,1.08297567302141
-1.7564372110212525,-1.1755821981633217,0.8666282980285486
-1.7570835629095318,-1.1753227547271423,0.6950531694462881
-1.7574454688285797,-1.17519630008326,0.5089748567481166
-1.7573823534679223,-1.1751038185946652,0.33502955117599964
-1.7578856893865198,-1.1750057201563222,0.12891557709282486
-1.7581982967309466,-1.1754853074277753,-0.05954297213321153
-1.7587181389798623,-1.1757776871146586,-0.26271104582330984
-1.7585112208169966,-1.1758264343768106,-0.46200799283438065
-1.7586790090937658,-1.1753724690770955,-0.6652597186536384
-1.7586491650166363,-1.174677616346578,-0.8603599629779377
-1.758379605329394,-1.1740467897222548,-1.0371448027951842
-1.7588625708265444,-1.1738508183275866,-1.245741840129821
-1.7595069778744348,-1.1738173683246098,-1.4418996098402628
-1.759492072461367,-1.1733336212704328,-1.653487677111029
-1.7597971194539186,-1.173269906736541,-1.8737097512183254
-1.760038932929654,-1.1726492009709648,-2.0846849008861303
-1.75979571617961,-1.1724372157026632,-2.2736694895843543
-1.759109596428971,-1.1725465100701782,-2.471548710773737
-1.7585464996010134,-1.1723549916560563,-2.6683613048316976
-1.758141349387224,-1.1725447660714303,-2.873211240012101
-1.7577167919122123,-1.1727395246247723,-3.062850175679337
-1.7572996033779151,-1.1722857110955145,3.0209753216166013
-1.7571665940354886,-1.1727782239117377,2.817859384576523
-1.7570015491492763,-1.1733661895179548,2.610000194065232
-1.7569947744502288,-1.1738577069340237,2.405532358651254
-1.7563427512809886,-1.1737242396740764,2.218720330443672
-1.7556054616280365,-1.1735602449080191,2.0154703803528458
-1.7557075554500192,-1.173899469094166,1.8222491977344286
-1.7558526615249166,-1.1745167766740494,1.621620825798029
-1.7563315975251546,-1.1748541856889498,1.4161188671539209
-1.7561992858827173,-1.1752699783155962,1.1903309100466517
-1.7566265495939806,-1.1756191426870708,0.9755552839609544
-1.75703755486535,-1.175865564436285,0.7795089256289185
-1.7574721242157216,-1.1760256880384652,0.5660035106444902
-1.7584501051552728,-1.174879721248757,0.37402480280616507
-1.758859741041984,-1.1744074962932558,0.16592946490039331
-1.7593522619887891,-1.1740020488518188,-0.028629202291701124
-1.7597436234567296,-1.1740256087422074,-0.2477496262033366
-1.7600439541601762,-1.173897081482151,-0.4407807010660588
-1.7601521404606624,-1.173383470937637,-0.6401181935217172
-1.7600939983235138,-1.1726800883436457,-0.8499893077186935
-1.7603443072565423,-1.1724846880160802,-1.053175396263221
-1.7604438704525696,-1.1721194080866102,-1.2487261714040825
-1.7603930854321908,-1.1711814283077497,-1.4363343125615076
-1.7605355367544704,-1.1708492864990792,-1.6371247596039489
-1.7604625994796725,-1.1704313904174397,-1.8353625514880665
-1.7595030904564695,-1.1705662432097876,-2.038965625406514
-1.7596866555267556,-1.1701537656558654,-2.2346317747921978
-1.7598993254301807,-1.1693891209157137,-2.4298114409809597
-1.7597394409170564,-1.1691020036198205,-2.6038601611664145
-1.7589111019287538,-1.1693022957101225,-2.799397127126399
-1.7579510097465973,-1.169640569092631,-2.99729518938619
-1.7573939052542091,-1.1699837762329348,3.0888849551380924
-1.7570428671488387,-1.1699667782967234,2.8936296236021075
-1.7569772920945514,-1.170148147007085,2.7083904065782796
-1.756588904299797,-1.1703345217973742,2.530998810578325
-1.7569517153749075,-1.1712611949149188,2.323835764207604
-1.7571400122881748,-1.171878134825614,2.117006377774327
-1.7565475071034589,-1.1717725795154512,1.9348628279857891
-1.756125267245274,-1.1718164234983364,1.7426876652340815
-1.7559606863565744,-1.1721396648225637,1.5565417995706476
-1.755515410271604,-1.172511895051648,1.3620347152801588
-1.7558345891705744,-1.1728288578148027,1.1779555811264824
-1.756032218415717,-1.1732567472658815,0.9993576401534044
-1.7563125264890227,-1.173529486143033,0.805570979844198
-1.7564630697398909,-1.1738075036434104,0.614398335103826
-1.7566011551962026,-1.1742126656703005,0.4319736150158696
-1.75696140999238,-1.174205063835498,0.25348883937963695
-1.7573163738066089,-1.1742251979996137,0.056875182619234084
-1.7577275610829532,-1.1739616728572575,-0.15231714904125088
-1.7579040277915596,-1.1735575322384715,-0.3562913709564168
-1.7584220430767936,-1.1731930821257104,-0.547592704446503
-1.758587126117439,-1.172705096618812,-0.7437009999988111
-1.758599997548063,-1.1722862223779953,-0.9460522405809734
-1.758441529850179,-1.17179396931336,-1.1740171327210809
-1.7580672987967196,-1.1710449128545737,-1.3745230225296747
-1.7571892983307418,-1.170393194927578,-1.568263936619976
-1.7568088884104915,-1.1700780818925633,-1.7671420824746962
-1.756350144417327,-1.169631766563322,-1.9833175080025698
-1.755653252667236,-1.1695485423934084,-2.198427981020186
-1.755432582016252,-1.1691526969756971,-2.409009184054772
-1.7554163228963229,-1.1688852222551114,-2.576212269218532
-1.7552669482536396,-1.1685577776520313,-2.770562345569515
-1.7548144031669992,-1.1683978309027894,-2.942147898331964
-1.7544770058390369,-1.1685353240243532,-3.140913705438538
-1.7540335400037392,-1.1685251074442118,2.9303807695055983
-1.753678946252787,-1.1688344329881455,2.7199922858636163
-1.7533400776700205,-1.1691736186757844,2.519387365949093
-1.753174091649463,-1.1697496203045623,2.328380631382184
-1.7534159326626606,-1.1704046083452995,2.1086836302360306
-1.7541156131873725,-1.1709181291670308,1.915550376318021
-1.7534170035527947,-1.170965152009902,1.7059630410155542
-1.7534840341042681,-1.1713798693026896,1.5034304564460343
-1.753892077088742,-1.1717885636378502,1.2968231639222811
-1.7546442453436022,-1.172108972900139,1.081792567129208
-1.7549230946659584,-1.172513166519863,0.90085788859945
