1.3998583478347457,1.1745947256715026,1.621441910140186
1.3999573733689394,1.1746865453442856,1.5766214540122279
1.4005662861561288,1.1747140743148443,1.5930404306230777
1.4005483847172486,1.1747077481812738,1.5911407459631994
1.4005247439704043,1.1747055522704122,1.5909427909237739
1.4005219598816177,1.174704516599036,1.5905357944541103
1.4005261851314967,1.1747040939072069,1.5902439488914903
1.4005286089737132,1.1747037922643728,1.5901825164376702
1.400529874316072,1.1747035455007506,1.5901974290838816
1.4005310676509048,1.174703316682197,1.5902379442000139
1.4005322478648723,1.1747030955302011,1.5902895300464608
1.4005334295606762,1.1747028768738708,1.5903459457291724
1.4005346148184623,1.1747026581980742,1.5904045179028503
1.4005358029003367,1.1747024383052949,1.5904641049429125
1.4005369928553313,1.1747022166306307,1.5905242209344652
1.400538184028157,1.1747019929059466,1.5905846599768663
1.4005393760404286,1.174701766999905,1.5906453354945351
1.4005405686905648,1.1747015388433355,1.5907062116684636
1.4005417618751705,1.1747013083949651,1.5907672742380237
1.4005429555415276,1.1747010756258707,1.5908285180906985
1.400544149661905,1.1747008405124972,1.5908899419968094
1.4005453442205018,1.1747006030335487,1.5909515463788069
1.4005465392070593,1.1747003631686082,1.5910133323681883
1.4005477346138269,1.1747001208975327,1.5910753014069
1.4005489304341427,1.1746998762001846,1.5911374550797703
1.4005501266617904,1.1746996290563145,1.5911997950436423
1.4005369971934805,1.174701693151219,1.5942847441665071
1.4005399831756582,1.1747015070334068,1.5944273798872908
1.400541905999182,1.1747012034619762,1.5945273021065534
1.400543384983888,1.1747008488985582,1.594610374510289
1.4005446760509057,1.174700470837813,1.594686639611389
1.4005633495228773,1.1743986862857902,1.428169508705869
1.4005153923536666,1.173824574535732,1.2220830050763798
1.399468673269968,1.1741649376648176,1.027803913059504
1.3991305579426825,1.1739921438424452,0.8293551167810781
1.3981661710593314,1.1746424808909157,0.6330539844654344
1.39797350655276,1.1745498763021176,0.4560654469807107
1.3976438056540128,1.1746040391006498,0.2565179776998754
1.3971424353891686,1.1747220379547958,0.05441400317143563
1.396743100410951,1.1751539736773784,-0.14623916161533923
1.3964101251002397,1.175393364546201,-0.37163999396520686
1.3961910878342347,1.1759358924769778,-0.5729617956721805
1.396032653611356,1.1763995849026423,-0.7704700029597891
1.3961901142143172,1.1770389497454046,-0.990992460594479
1.3959999471920723,1.17735640029421,-1.2055715400274307
1.3959918717454822,1.1777667391951618,-1.4283203724048004
1.395849896792204,1.1780867648390119,-1.6251915809547623
1.3958016146983234,1.1784735207264092,-1.8369467886706086
1.3965445053811123,1.1785815118920748,-2.046157283349689
1.396561424085148,1.179143723183283,-2.245112540536595
1.3971367434792212,1.1791754406271853,-2.456034016946899
1.3974076021388708,1.1796232311577433,-2.6398346438472067
1.398029625085869,1.179171704201077,-2.842188470971495
1.3982257638978721,1.179797867959603,-3.0396419407603403
1.3986107578966223,1.1794256510353567,3.0508427299664196
1.3992384740152484,1.1800514358001315,2.838376123197755
1.3993274205022583,1.1792834995686505,2.6291830596756975
1.3993205296033995,1.1787423220350826,2.4558702089904587
1.3991735191974326,1.1780875079240762,2.2415066631350995
1.3988206089201252,1.1774670143079005,2.0290156197267923
1.3986065805614742,1.1769662317545027,1.82184592067908
1.397980590799469,1.1765450536186444,1.6217947219345663
1.397787064299338,1.176177718087329,1.4387001303673974
1.3972477482509906,1.1759117641899905,1.2412210794947032
1.3973028476856881,1.1754024015162463,1.03592750933529
1.3968930601728058,1.1750768964118472,0.8270414462276717
1.3964257858614217,1.1749118427991079,0.624810939406995
1.3955197131443544,1.1753279215639658,0.4250919398658545
1.394697094493707,1.1755997722727876,0.23265505052354268
1.3944575967946728,1.1758241427215823,0.04108961870717202
1.3941224818862772,1.1755898954136224,-0.15269416525943907
1.3937161154641902,1.1756651847332202,-0.3630140667656067
1.3931360214775175,1.1761947393822987,-0.5440435836181398
1.3923661012138995,1.1760954564690462,-0.7505003704873164
1.39270958264558,1.1768166311796504,-0.9321684282448887
1.3928618144031872,1.1773040500469816,-1.129203670032717
1.391988258229652,1.1771010760365912,-1.3291315140849065
1.3919519334488717,1.1775581780253692,-1.5283941988430352
1.3921635155647143,1.1779940234878983,-1.725457971661183
1.3929572161079375,1.1779329160649172,-1.9246225558981829
1.3937909748847177,1.1779841305397807,-2.1135915600090303
1.3946224820571935,1.1776818687017965,-2.3300374303008873
1.3947291571215312,1.178203981851876,-2.5173487013456795
1.3953670872473498,1.1783126743032666,-2.7160336097344318
1.396359952416049,1.177760622147086,-2.904280584205506
1.3968270997930048,1.1775146828663767,-3.0968948955709834
1.3971848949900427,1.1774296802509114,2.997388978459153
1.3973564174394697,1.1769318502765964,2.7950100725906224
1.3973098107395048,1.176168328627558,2.5864476331416704
1.3975932298488307,1.176001038502352,2.3957036452183385
1.3978177566948207,1.1756236319098592,2.1891667081403203
1.3979938087476653,1.1753618996344406,1.9890176849203878
1.3983264009215246,1.1747570847243944,1.7963219998739834
1.3983688930546148,1.1743696324897137,1.6131591089919919
1.3988199937180847,1.1741047310607196,1.4326726370683296
1.398727093942484,1.1737080860408173,1.2226278968050075
1.3979488982074284,1.1737650125079795,1.005997334794118
1.3971663028535053,1.173872012425611,0.796289608786504
1.3970582879143727,1.1735132651444755,0.5842958864845883
1.397190131393881,1.1727727817781253,0.4074212463726958
1.3971682874699956,1.1727734851379377,0.2184250634419361
1.3970085988369683,1.1723907367943334,0.038427375818903695
1.3965903618152677,1.1720306085378198,-0.17157726436228746
1.396217956750241,1.1720614853981974,-0.36604659847417576
1.3960777945354867,1.1723686860927554,-0.5734586723605926
1.3959748554549503,1.1728791449991003,-0.7728488770949152
1.3955126878763386,1.1729333669915327,-0.967531041013682
1.3960382323425107,1.173623149442914,-1.1844320435633564
1.3970543128210475,1.1744031989279324,-1.3696261755596089
1.3973896629548372,1.1750316506984322,-1.5604655684186548
1.3977622833829342,1.1754018013935859,-1.7595347152597758
1.3978246756194133,1.1759451988160152,-1.9613399216260439
1.3981931030938015,1.176283655597134,-2.1667352205087043
1.3987382370094552,1.1761872676663598,-2.3634908940046246
1.3992372799969186,1.1761197248134172,-2.537591204304924
1.39998131339461,1.1754632383231425,-2.7536506174608206
1.4004925615852337,1.174647608020466,-2.945251758145271
1.4007717126664383,1.1747939885617091,-3.130882829642462
1.4011737544963405,1.17526729826845,2.9534758939746593
1.4014378682135036,1.1748298189547393,2.740029273151473
1.4011028479490437,1.1735210472580337,2.542496836128435
1.4011923597458922,1.1728779192231,2.3315555854879606
1.4014611686876601,1.1725501568929606,2.1547636803957517
1.4010370971197135,1.1718421568279462,1.9649092962475223
1.40090603763591,1.1712970167039343,1.7555429904357653
1.4006322915365905,1.1708070764792744,1.5503767260848833
1.400751124874866,1.170438257599669,1.3469849092506032
1.4002948382065743,1.170055969605969,1.1267861829002708
1.3995923546293698,1.1700059748736586,0.8865004178291923
1.3996732990815635,1.169391945575102,0.7090965628704851
1.3989060556699981,1.1699713736385864,0.5173061872290519
1.3989107787998236,1.1691694984905925,0.3265591325740282
1.398480499009908,1.1690637305454232,0.13991327044659477
1.3980213113177122,1.1693330265360584,-0.06366803133157335
1.3977005322175422,1.1697445090604353,-0.2698569485779106
1.397640249142671,1.1706259337491063,-0.4724161356747363
1.3976680247274953,1.171377882174785,-0.6637629772385406
1.3976919212185404,1.171873623791808,-0.883187369175073
1.3977995998331672,1.17238447524144,-1.071763492067242
1.3979913883097226,1.172951072058994,-1.2945478974315192
1.3979843701763408,1.1731806536773246,-1.4825426735860958
1.3981575962667778,1.1734295012011338,-1.6797894084789196
1.3978485257125124,1.1735486104055162,-1.8876732622087784
1.3983336376158138,1.1741837949889344,-2.072298695755084
1.3988615971242833,1.1741638555343292,-2.269337093494464
1.3986608219114733,1.1749650654190205,-2.4860134992009413
1.39909249586472,1.1751136480550306,-2.674553249884221
1.3991444561687842,1.1748819206922827,-2.8557752692202243
1.399665014577316,1.1747711114594142,-3.061198542755642
1.4000126384202198,1.1749202573385378,3.0350938616315477
1.4003517971652595,1.174612830116187,2.8238254832366287
1.4003909239385428,1.1743271794102683,2.618220812818802
1.4004521775722476,1.1736777575648059,2.4035622630835016
1.4006506904566367,1.173195549280924,2.2000533497857098
1.4004322872691333,1.1725208685971251,1.982346919946197
1.400183717776296,1.172119426344581,1.7893175957709324
1.3997845095917059,1.1716590302839809,1.5796680749677157
1.399800542787054,1.1718149289872197,1.3742825220656896
1.4000761894645444,1.1713751192238415,1.176719763691873
1.3993582420488482,1.1712547545456955,0.9453365352604911
1.3987274683196065,1.1713293401722196,0.7454091608908258
1.397728091025106,1.172149205390828,0.5488301861046346
1.3971446155530083,1.1726862706481633,0.3633876544250548
1.396659546217446,1.1725752584077875,0.1540747842077445
1.396264723570167,1.172818834731444,-0.04756772366786105
1.3958972248205903,1.172843026374033,-0.25189289554872113
1.3955910446644348,1.1735575390054622,-0.45693742076983834
1.3951683777652732,1.1736783266705832,-0.6506828367967272
1.395502706903941,1.1745414937541996,-0.832574859612028
1.3949230886483457,1.1746220003402128,-1.0152535117119517
1.394815499057542,1.174884051714633,-1.2189236875277365
1.3948077890187496,1.1750055982949807,-1.4106789358600746
1.3942396072020329,1.1753490348186175,-1.600172698258805
1.3939897941812789,1.175705364815045,-1.785034934376995
1.3943171303503974,1.1760326875225144,-2.019587565720867
1.394899334465437,1.1763453559233892,-2.2294974942247703
1.3954448564472652,1.1762630850219205,-2.3924584109197986
1.395714672656971,1.1765096086648068,-2.581169664589936
1.396539260801525,1.1759660664551532,-2.7833016496254017
1.396876217827414,1.1762607585100298,-2.9735121259526442
1.3971911630504983,1.1764151541179682,3.1103741190479313
1.397522041229774,1.1759548783902924,2.898100657100332
1.3978806867497642,1.1757165828899785,2.671588117294243
1.398216130272913,1.1754432057744082,2.483564609696768
1.3983038936606658,1.1749734894988664,2.279507703502166
1.3983553379537537,1.1746430379834683,2.0810964280847197
1.397553584780011,1.1736699911074833,1.862504971669993
1.3972881251969504,1.1734494585803326,1.6628507868822784
1.3975066619913532,1.1731215407640754,1.462913368064533
1.3977558463976212,1.1726657677792802,1.2568371776338152
1.3979070575593937,1.1719581606198812,1.0768686838202353
1.39766691537081,1.1720262041718021,0.8875997293997339
1.3971795771973554,1.171992094762614,0.686361123160644
1.39648690922985,1.1722915131328429,0.48219680080902116
1.395912547337267,1.1728316723944963,0.2819585509841472
1.3955987557948906,1.1733435759954451,0.07741955289250005
1.395228701787185,1.1733465547033755,-0.12512415507495966
1.3949061222796928,1.1733968173842881,-0.3283690192930755
1.3946372055356258,1.1741010477071203,-0.5338769699205445
1.394720186984145,1.1745619286377813,-0.7359318636723363
1.3950972399242532,1.1753945350375914,-0.9392844293496047
