-0.3995373842896551,-1.0466082717103142,1.622154940496282
-0.39926361140691313,-1.0466121795625567,1.5618095375531236
-0.3991860677734475,-1.0465768490437537,1.584574364946204
-0.39880966940883567,-1.0465788456808067,1.5939266302125008
-0.3988850328268186,-1.0465895819072526,1.589237239298991
-0.39891885991242726,-1.046592468261965,1.5885101014171406
-0.3989294128487964,-1.0465936659070185,1.5880776530476688
-0.39892940557780654,-1.0465928624466754,1.5886967457330674
-0.3989307267720199,-1.0465939134340514,1.587970394856436
-0.3989293486363339,-1.0465929403567882,1.5886647375894996
-0.39893012369931324,-1.0465939246994433,1.5879680033162589
-0.3989285179305942,-1.0465929240755019,1.588674271142068
-0.3989292029967613,-1.046593897739383,1.5879821752353331
-0.39892755968230825,-1.046592892671399,1.5886903030538175
-0.3989282294992313,-1.0465938646607589,1.5879989216294086
-0.3989265795263619,-1.046592858839707,1.5887073354674277
-0.39892724616031416,-1.0465938305862383,1.5880160573688729
-0.39892559448380827,-1.046592824595867,1.58872451291004
-0.3989262598595535,-1.04659379632515,1.5880332435908515
-0.3989246072650514,-1.0465927902569643,1.5887417031407243
-0.39892527168546116,-1.0465937620042582,1.5880504280594399
-0.39892361829533957,-1.046592755872442,1.5887588858233173
-0.3989242818064053,-1.0465937276432138,1.5880676027527783
-0.39892262763845887,-1.0465927214498945,1.5887760578321446
-0.3989232902458274,-1.0465936932449802,1.5880847664297977
-0.3989216353014966,-1.046592686990419,1.5887932186736247
-0.3989053520563982,-1.0465877879929004,1.591861495177254
-0.39889023318775396,-1.0465863167311165,1.5923389135488746
-0.3988838461930355,-1.0465857274353092,1.5925280065833098
-0.39888087109324866,-1.0465854825725456,1.5926055611848204
-0.39887924343145476,-1.0465853733566903,1.5926395265141624
-0.3988781489847097,-1.0465853176745774,1.5926564189140662
-0.3988772653916177,-1.0465852831161548,1.592666623352173
-0.3988764649366022,-1.0465852568816816,1.5926742090309225
-0.39887569704671033,-1.0465852339191295,1.5926807692163183
-0.39877399596305907,-1.0469113246463408,1.4151956493070454
-0.39947546813970713,-1.0472127564678613,1.2065267680640348
-0.39974842057155424,-1.0474320740080814,1.0478886973728887
-0.4002661924712188,-1.0476357398245661,0.8313757575239467
-0.4010231832883067,-1.0473644927079482,0.6414828902249278
-0.4014361930031697,-1.047323311321676,0.44951212444031874
-0.401842925691374,-1.0466994307275217,0.25837809420707913
-0.40193270114506985,-1.0468600639093,0.06842970061405111
-0.4022535201398277,-1.046981650765747,-0.12557909861575678
-0.4026666197676852,-1.0469444335410827,-0.3385173833874712
-0.4027392671304357,-1.0464457654711454,-0.5520299065334338
-0.4030409303442386,-1.0460688500850928,-0.751193174421454
-0.4025537177139443,-1.0451906436687803,-0.9416031773294185
-0.40203730124234655,-1.0444940970076446,-1.153031318617316
-0.4019484664818642,-1.044357605114708,-1.3319252452530097
-0.4019535826700234,-1.0437032450690462,-1.5217922219959266
-0.40199176639085443,-1.0432134444477241,-1.7274755339523773
-0.4019496389402145,-1.0425492332910673,-1.938088468443497
-0.4012123437041871,-1.0425911373032495,-2.1396367856847025
-0.4004048175549358,-1.0428756589623318,-2.3190976433798838
-0.40016667751127655,-1.0425777618829224,-2.5378059956210244
-0.39963637797386825,-1.0428675682888287,-2.7352461078957506
-0.3993164011514807,-1.0429073714290797,-2.9478092254367483
-0.3990281571088522,-1.0425417878753584,3.1409486066226084
-0.39869922067318464,-1.0423263302981582,2.9456143424115693
-0.3982193512610016,-1.0420228679845582,2.734518517862554
-0.39776646358109924,-1.0423497986832346,2.533345642238692
-0.3977897788308829,-1.0428780138476086,2.336515263950377
-0.39820116049534254,-1.0436377470600384,2.156770040584371
-0.39841434128075315,-1.0444208155999477,1.9605779656504803
-0.39841382112718593,-1.0450279530214204,1.7558544428017857
-0.39857240049567966,-1.0453246206569264,1.5568159982794973
-0.39804007710626116,-1.0456766259960728,1.3573852402134383
-0.39884272762790557,-1.0460166173077734,1.118699588743892
-0.3989436953427052,-1.0463817099279227,0.9190730861696011
-0.3998435435010639,-1.0460158406774704,0.7185985542337685
-0.40072026342699146,-1.0452390335823631,0.5535257270264338
-0.40068504342513617,-1.04574545256143,0.35283299714304267
-0.40066724319526664,-1.046125702136667,0.16323863088743473
-0.4010106458351004,-1.0462888221027715,-0.027772706099783113
-0.4014095500379681,-1.0466825785172358,-0.23980906915695527
-0.40190401069394494,-1.0468890866789156,-0.43818341721124116
-0.4019057699674854,-1.046132457783303,-0.6523135299078755
-0.4012891230082956,-1.044889502830295,-0.8412574944062051
-0.4013185942090832,-1.0442597829659064,-1.050084064234902
-0.4013108010270605,-1.0437896467991112,-1.2795871196177833
-0.4015793736444403,-1.0433660640799958,-1.4892550882414524
-0.40176340235671437,-1.0430332833159301,-1.6875743653372617
-0.4017540405737497,-1.0425080446430983,-1.9060192966785372
-0.4017303344062123,-1.0420935927295523,-2.0900074952432153
-0.40132882174206674,-1.041900048329958,-2.287367346892527
-0.4009862017639639,-1.0416569642059677,-2.510447920050814
-0.4005980955616508,-1.0412615797823148,-2.7205986970220732
-0.4003282297994912,-1.0410817097876348,-2.9096629015631255
-0.3998748283048484,-1.0408595564531604,-3.122591996013004
-0.3994516588736206,-1.040538360707105,2.95946744004084
-0.3995671108265117,-1.040949324276097,2.7808308395605015
-0.3995705599487815,-1.0416624954741036,2.584972109065239
-0.39888059427693007,-1.0416921439084992,2.4059355127913182
-0.39877062339935115,-1.0421667774368626,2.203351331837181
-0.3986580080121207,-1.0425831151639215,2.0273307299301186
-0.398311841446611,-1.0433940010832465,1.8538514626869862
-0.39866863777908157,-1.0439148076950913,1.667288325850405
-0.39843385638556106,-1.0442129458711231,1.4786305646821312
-0.39843442359043346,-1.0445732068309606,1.2680068444743122
-0.3991772080001485,-1.0447820143609903,1.0201795866776149
-0.3997718415046925,-1.044805586996785,0.8247661999315791
-0.4001604634652486,-1.0448624693187931,0.6271244223146685
-0.4010217717050636,-1.0444156139136684,0.4248496057676487
-0.40155885664119517,-1.043821585948795,0.2572940650422717
-0.4019644594456199,-1.0438507813853872,0.06676986246280041
-0.40233949638187166,-1.0434030311095621,-0.13574376645935354
-0.40289752150912883,-1.043773595585922,-0.34228669211693535
-0.40310981883928787,-1.0432881009161659,-0.5495693763455544
-0.40359898945239486,-1.0432258259187703,-0.7573647006222874
-0.40368730318217066,-1.0426666359993209,-0.96091344884839
-0.40354922050318764,-1.0421388643128038,-1.145518043083132
-0.40301282091214846,-1.0411940735060503,-1.3518382906276636
-0.4030542176808487,-1.0407416040132316,-1.543026380395687
-0.40319268540368963,-1.0402970664045161,-1.7472970696390724
-0.4029082087028086,-1.039723889818208,-1.947719915228568
-0.4029036934960102,-1.0393057245767863,-2.1399155160346774
-0.4024484522716633,-1.0392011009273374,-2.33645073776194
-0.4018855203209367,-1.03954114443076,-2.5182769410063033
-0.4015799278471415,-1.0396843993443217,-2.6903172299799962
-0.4009789233309563,-1.040006796039416,-2.8908979901339036
-0.4005434298114782,-1.040174724149199,-3.0991995378381794
-0.4002653919066689,-1.0408035731610645,2.991709077694462
-0.3999658333127229,-1.0414854908861153,2.797434327716553
-0.39882823122538064,-1.0411778051884462,2.609743427440909
-0.3985450903314865,-1.0413313813013756,2.4027095981544724
-0.398249964932875,-1.041555692347706,2.2084848692947454
-0.39868269320357397,-1.0423306600931694,1.9789178887312189
-0.399041128739285,-1.042916398294935,1.7761977988630149
-0.3991045662590048,-1.0433886903166123,1.5909302321162837
-0.3992281085555659,-1.0437549178579653,1.3980911902826747
-0.3988752486580646,-1.044318015460763,1.1883601825640508
-0.3992447992882217,-1.044618759918544,0.9737483203937152
-0.39990326515093877,-1.0445435677461576,0.7804655905052226
-0.40008305911261854,-1.045092049090466,0.5588994027808368
-0.4007625165062529,-1.0445006686929148,0.3602744178380563
-0.40123738463982583,-1.0440145259431066,0.1620665705372163
-0.4014686546683742,-1.0443416798638696,-0.02954892668003239
-0.40192191653196524,-1.044615853159467,-0.239384152943757
-0.40209577520745854,-1.0443388382189809,-0.44604632917123577
-0.40222288572916837,-1.0440519125093817,-0.6314525966114096
-0.4024728151447744,-1.043870759787961,-0.8155182570640983
-0.40278595481258805,-1.0437526880923764,-1.019244787712997
-0.4030472420486412,-1.0434788499886714,-1.222344998331647
-0.4024613514811498,-1.0429478447972953,-1.4392975850944498
-0.4025449500405108,-1.0425682400979925,-1.6351868090916903
-0.40279292763769015,-1.0421277101364543,-1.8440532409744794
-0.4028068199227053,-1.0415927579251887,-2.024792203336625
-0.40231988222462656,-1.0415192837088278,-2.222898224590052
-0.4019852556492232,-1.0413724821981547,-2.420319460114759
-0.4011567505409378,-1.0418348559466075,-2.618616985045212
-0.4006354914497792,-1.0422280072935552,-2.836202418338884
-0.4002882082426059,-1.0415676165137162,-3.0348301706056895
-0.3998699507977628,-1.0419541270144466,3.048269607022138
-0.3996200860098049,-1.0422181529656143,2.841343569503074
-0.3994417906842368,-1.0425041335564194,2.6447605666670273
-0.399202309004114,-1.0430124305181114,2.4301924967907005
-0.3995232181798927,-1.0437691686827475,2.2428476137908717
-0.4000861648618779,-1.0445210441901398,2.038993709517904
-0.4000937782714326,-1.0449207856032257,1.8296181448096844
-0.40006343575378794,-1.0452910728457305,1.639634012286898
-0.40000952315337585,-1.0456643349833943,1.4368681533302816
-0.4007648722248307,-1.045949954106523,1.2282372980837226
-0.40139346560925554,-1.0460693635228788,1.0189312677918638
-0.4017404741492588,-1.0463002240315336,0.8572680192301269
-0.4023796782997492,-1.0461686511118085,0.6402872931097159
-0.40299589472956804,-1.0456318755328216,0.4418977427880147
-0.4030871238025072,-1.0458457245885913,0.23680870874602972
-0.4031618736579443,-1.0463044655214735,0.0481473632083365
-0.4035203738985994,-1.0464841153530455,-0.15650376928035595
-0.40396656175864637,-1.0465494573855874,-0.3593995203484694
-0.40402388753588425,-1.0464005802495804,-0.5521531807634901
-0.4042383455046253,-1.0460981797835873,-0.743290045543706
-0.40463448531517143,-1.045945102522121,-0.9472671516110445
-0.40484400831165995,-1.0455602824750616,-1.147556796601951
-0.4046411452747084,-1.0450176981458414,-1.3494961520161761
-0.4045132838921474,-1.0446621379903405,-1.5557952229265006
-0.40479597358579317,-1.0442381315863378,-1.761145030502464
-0.4047583971350788,-1.0437405428349997,-1.9665053445035396
-0.40464476222877693,-1.0428972802344392,-2.150330148259351
-0.40437946379838224,-1.042592326445115,-2.3244380835877534
-0.40382969821619985,-1.0428245640306475,-2.4835610154932963
-0.40394449287942175,-1.0421764678074485,-2.668864390478167
-0.40355908407539515,-1.0420479372143692,-2.8627083655308647
-0.40272974985402654,-1.041763535254904,-3.0414763001290304
-0.402324939279128,-1.0419394628128322,3.0357533365112017
-0.4016811702294829,-1.0422363496534206,2.8393900319782652
-0.4014437441553822,-1.0424838530065832,2.6188164788994936
-0.4016004652523283,-1.0430233479660969,2.4182111491522686
-0.4018046965174785,-1.0437391336200599,2.2342164727336753
-0.4024604435638368,-1.0445554863564086,2.039052897625601
-0.40268506081570987,-1.0449495695594493,1.840296579766489
-0.40299370039319715,-1.0456634771353024,1.6422938130498983
-0.4031348902255743,-1.0460368208733428,1.4427501894183945
-0.40339962586349787,-1.0467079609296746,1.2258138375931047
-0.4032049317594663,-1.0471792689833521,1.0207580908007303
-0.4033288106520189,-1.0477650961103142,0.8033739310653344
-0.40400586135836847,-1.0474694840105188,0.5947673649962875
-0.40431837030069995,-1.0474332203799173,0.3736320379783882
-0.40454945218697597,-1.0472387926313433,0.16737551925552116
-0.4047612159644661,-1.0476588241312157,-0.027046772368523084
