1.3841813716034088,-1.3134139544988574,1.6169368177726435
1.3843070977489755,-1.3133763358142934,1.5976161241435227
1.3842156809520316,-1.3133610396745994,1.6022859138042005
1.3843140952220423,-1.3133610431242488,1.6004914668877561
1.3843837963473642,-1.313364618413511,1.6039047647996727
1.384387874217034,-1.3133659433772564,1.6034896207153393
1.384389574599366,-1.313366849577477,1.6035818102325825
1.3843910506541057,-1.3133677734148295,1.6036821768326757
1.3843924369089837,-1.3133687100220792,1.603786388877894
1.3843937849597172,-1.3133696574655325,1.6038926851275592
1.3843951163373833,-1.3133706150103277,1.6040003348754788
1.3843964400029598,-1.3133715824255354,1.6041090395978785
1.384397759656709,-1.3133725596930113,1.6042186818812776
1.3843990774474078,-1.3133735468843413,1.6043292008821304
1.3844003956881958,-1.3133745440798683,1.604440531136899
1.3844017131482695,-1.31337555142962,1.6045527209785118
1.3844030293377017,-1.31337656909573,1.604665798803153
1.3844043439979352,-1.3133775972334838,1.6047797846511167
1.3844056569681382,-1.3133786359970583,1.6048946953445058
1.3844069681259923,-1.3133796855420294,1.6050105465694269
1.3844082773634299,-1.3133807460264564,1.6051273537351975
1.3844095845763729,-1.313381817611382,1.605245132338204
1.3844108896604745,-1.3133829004610948,1.6053638981174618
1.384412192509327,-1.3133839947432921,1.605483667123628
1.384413491960291,-1.3133851006372388,1.605604485291595
1.3844147877565158,-1.313386218329768,1.6057263777289597
1.3843773008195674,-1.3133872199885013,1.6093581455396393
1.3843634568258167,-1.3133906720340343,1.6087796472401954
1.3843575529582446,-1.3133929870123033,1.608634571187946
1.3843555758268833,-1.3133947855975343,1.6086683583844656
1.3843554963041826,-1.3133963575311216,1.6087763807098443
1.3843563206918736,-1.3133978356425098,1.6089160222890722
1.3843575710909934,-1.3133992807096853,1.6090698728380368
1.384359020260528,-1.3134007206403835,1.6092307766747442
1.3843605609492056,-1.313402168367061,1.6093957770744196
1.3845223647438212,-1.313680737660401,1.437718558405034
1.384287164062038,-1.3140658512933416,1.2139293706642507
1.383967049713813,-1.3144187706116421,0.9964653586883299
1.3839973765325533,-1.3150308392734487,0.7670396473545434
1.3836486566874815,-1.3152716882688162,0.557686513350199
1.3832649548133389,-1.3153450723319673,0.35593490137899514
1.3828245542189863,-1.3150248704554703,0.14756514814740668
1.3824168133451855,-1.3150248197300243,-0.05796275379642227
1.381963946850076,-1.315277367686773,-0.2657754600555889
1.3820444982331532,-1.3147369919779766,-0.4676209361463063
1.3819914600044478,-1.3140835673249691,-0.6655073462669698
1.3816008680523828,-1.3140292575809822,-0.8570969098619861
1.381462964474175,-1.3136283900448342,-1.066832675875753
1.3820984103490663,-1.3127454880014622,-1.2799217952004895
1.3827447543669604,-1.3122540450359523,-1.4741044289607412
1.382868434094323,-1.311854992412056,-1.6711622297879094
1.3833602447159503,-1.3114820596952563,-1.892304883214509
1.3837316649697486,-1.3112368410135962,-2.079582829572956
1.3848447609875256,-1.3116524068205493,-2.2656926255915786
1.3852053443956713,-1.3115773180332044,-2.425344410744973
1.3856688798288477,-1.3116707669975314,-2.626812978015763
1.3861821338165747,-1.3116591998984117,-2.839027715675108
1.3861762703417186,-1.3118509017787796,-3.027661220835195
1.3864607227710906,-1.3117030827026364,3.054155802608777
1.3868564365763505,-1.3115099783402357,2.8513920726426356
1.3870258015277481,-1.31199185897685,2.67944196887886
1.3873506592356928,-1.3123367872538731,2.4926343322144904
1.3869839639800106,-1.3133025178639295,2.264013182865304
1.3869310351058064,-1.3138162866629581,2.043562694662477
1.3866633977255218,-1.3140392497010367,1.862835831261954
1.386969646322576,-1.3140710584928068,1.6680539920435233
1.3872439059261232,-1.3143616784667564,1.4797239838020595
1.3871242096718612,-1.3145775130043655,1.2874528699885683
1.3866370901336091,-1.3149851599152627,1.0827133013151642
1.3852708069202673,-1.3143748692733208,0.9052355106799348
1.3845214303563511,-1.3140745208181812,0.7148999415104867
1.3839963246160747,-1.3142424051317563,0.5100696829180518
1.3834521602313314,-1.3136224724324006,0.31487277994089813
1.383005798166872,-1.3132136448045462,0.10044531784828657
1.3826864193459165,-1.3134888399142428,-0.10023249133814002
1.3824203587955386,-1.313224975399478,-0.317639337008288
1.3826052272781268,-1.3121109843321186,-0.5118020370355328
1.3823664213834572,-1.3118300550392084,-0.7135248656721062
1.3822949148669748,-1.3112983297407383,-0.9346896446767655
1.3819270875565468,-1.3111554158052598,-1.1332195121062565
1.381704294073782,-1.3107453449680626,-1.322189895150027
1.381057876711893,-1.3104786703801237,-1.5294212639542928
1.380949566016264,-1.3100928371429623,-1.731588708295541
1.3812774596722694,-1.3095922377003004,-1.9543056925272708
1.3825973526831123,-1.3101172448299456,-2.1494844182757307
1.3828829103594984,-1.3098557499829093,-2.3468949129193097
1.3834285965733129,-1.310048597093845,-2.508126871786406
1.3838190563989763,-1.3102834898359617,-2.7156805269370814
1.383963002282531,-1.310615774582797,-2.892063608423232
1.3839150969516356,-1.3104762409322297,-3.076841240427321
1.3842713872385624,-1.3100336855033523,3.018060756614724
1.3848913423373514,-1.3099241484676314,2.819644908215215
1.3849624654643553,-1.3104347270828351,2.6196248528331267
1.3845609419386535,-1.3114224217452621,2.423487481805498
1.3845589111844745,-1.311852476965071,2.221941471678032
1.3845976360798715,-1.3121322415859002,2.0372701737359624
1.3840670095987628,-1.3128895070533972,1.8352514976928667
1.3840897116333475,-1.3132211162093752,1.625942986238608
1.3844784357939037,-1.313552301569156,1.4268546007736835
1.3839557276442407,-1.3138004050911853,1.2276616824565214
1.3839759528527231,-1.3143660977259883,1.0162137101558595
1.3831631163315687,-1.3142001678376218,0.8053052409705658
1.3825462269351494,-1.3139332094909952,0.6250760555974946
1.3824338484354033,-1.3140459227209322,0.4634166915781656
1.3818980279953874,-1.3134793026581533,0.2601376046277906
1.381875821332707,-1.3141522947831275,0.06441133883918794
1.3814017824011746,-1.314549695353027,-0.1396492816420148
1.3811553751473276,-1.3138038213207128,-0.35899025874028934
1.3804290066022957,-1.314098486918197,-0.5499841398669623
1.3806297709889235,-1.313328646986626,-0.7589376417553901
1.3810826130039189,-1.312536193066543,-0.9673971663636208
1.380690987019612,-1.3123880431826636,-1.1826372528006912
1.3802584005817864,-1.3118675163024704,-1.3904551246601158
1.3806766139071511,-1.3113778073216893,-1.59520741006588
1.3809978066538542,-1.311043183714872,-1.8057419652225053
1.3816642236502918,-1.3109227886962944,-2.0266559091672667
1.382603743118146,-1.3109356223267923,-2.2252837966677492
1.3834270404264848,-1.3111993912590911,-2.4403239262517666
1.3837279503911137,-1.310894911656916,-2.6308667506234102
1.384320604635109,-1.311344964937932,-2.8156146045400643
1.3847014127657347,-1.3111020660023331,-3.0371486895123456
1.3850028437110629,-1.3108223552119822,3.048748026024609
1.3854380377006121,-1.3112411615851305,2.8399865247391802
1.386020795338242,-1.3108351097313133,2.6482940952904683
1.3856888549704285,-1.3118189913685436,2.464601352656571
1.3863262773136003,-1.3117972192295675,2.2474410165229153
1.3861778666677145,-1.3122961055776694,2.049620020882451
1.385774864251333,-1.3129150652459105,1.8386673368458601
1.3855750967925438,-1.313435500180646,1.6358701950888865
1.3857263566157914,-1.3138425526590354,1.4375174176636853
1.3850413936912709,-1.3144062073372182,1.2392333627131584
1.3847383221210061,-1.314607936715653,1.0368382442707913
1.3842064105441163,-1.3148641455430117,0.8291498561924162
1.38323490078077,-1.3142963035169983,0.5996670759699703
1.3829821354681624,-1.3145568577710425,0.39589779943876574
1.3824101768439443,-1.314471022092609,0.20670209866716774
1.3818924559583514,-1.3140920205239874,0.012334330645361219
1.3815212145574163,-1.313866898085782,-0.18840544368618842
1.3813915272609572,-1.3136081280797949,-0.38543649046768164
1.3815230866911372,-1.3123015285727329,-0.5854845247593464
1.3809122561584264,-1.3121159673309073,-0.7887085691164745
1.3814372209338392,-1.3111874416779266,-0.9984839446467012
1.3815796787286936,-1.3105089127403224,-1.1789552029984884
1.3817905844314295,-1.3101364021160606,-1.3645295418805965
1.3824364599998589,-1.3095849803600845,-1.5677357813057622
1.3823277563257417,-1.30912485586267,-1.7852769611341726
1.3822935567077024,-1.3087359425759488,-2.016622496094367
1.382714745497048,-1.3086120428498937,-2.241879744371855
1.3832465384213788,-1.3086646826404165,-2.432746338654718
1.383787700130403,-1.308736380447993,-2.635357914599043
1.3845212413454067,-1.3095852243679758,-2.8034155561831766
1.385270947124497,-1.3099682715243306,-2.99958895738145
1.3856745722000612,-1.310302783593092,3.0809319792363605
1.386075475689588,-1.3104601745181352,2.86950843604224
1.3864610855800505,-1.3106966930864965,2.6406839743884216
1.3872752904898298,-1.3103870206952626,2.4413519403200987
1.3868558577751953,-1.311299782598332,2.228259270176131
1.3869243173870536,-1.3117323633248257,2.028862057533259
1.3861963194490958,-1.3124098244623768,1.8560631507389815
1.3857415269992097,-1.3130131171768382,1.6488816986844184
1.385358902706773,-1.313393473953867,1.449031547813109
1.3854195503955904,-1.3137930072868282,1.2353413052783493
1.3853051821218878,-1.3140888748645403,1.0260459185611184
1.3844590392648906,-1.3139637748263362,0.8152378546907436
1.3836608595770108,-1.3137023921222428,0.6132095292449593
1.3837763858580967,-1.3142592169502456,0.42197105712853356
1.3834225091385852,-1.3141122982224591,0.23537459788983667
1.3833649502718537,-1.3146487795501924,0.03956278620343624
1.3830139008014475,-1.3148430911277942,-0.1513214610876702
1.382708551213414,-1.3149918516335548,-0.3580822837990995
1.3826741312254034,-1.3143304119026231,-0.5626825070865787
1.3826221877918883,-1.3138037417526622,-0.7648827670357998
1.3829942632758319,-1.3130162400867853,-0.954912811753345
1.3834326222532307,-1.3122710030903129,-1.1850666879279763
1.3836678133138012,-1.311814814330315,-1.3885205855560945
1.3834802917028617,-1.3113980226176731,-1.583381245499886
1.3841749186860566,-1.3110821299877273,-1.790565568632822
1.384294090459223,-1.310672958476042,-1.9875438776765173
1.3846085690106356,-1.3105945666200909,-2.190664899034557
1.3851196801629353,-1.3105844464495389,-2.344064541002186
1.3851733298189743,-1.31011134804055,-2.559178273251165
1.3858456670064978,-1.3104599242679897,-2.758531010571227
1.386442712514684,-1.3113907685759492,-2.9646737128249736
1.386827836526211,-1.3114888230085697,3.1147552145049127
1.3872503118299866,-1.3114170402351144,2.901599355983625
1.3876639407398197,-1.3114700989639887,2.693889716913157
1.3877537160804898,-1.3117281711413462,2.4809930543423695
1.3880719485698751,-1.3121621750422428,2.2812198932507326
1.3870396722684633,-1.3132338866002211,2.106885927760451
1.3874733731822824,-1.313552915922132,1.9332787686935964
1.3876177073963964,-1.3140148318927591,1.7300395423724404
1.3877988137223998,-1.3143279804852763,1.5297880226833498
1.3879534537608482,-1.3147165916496355,1.311252142441942
1.3873232594040055,-1.315074445749846,1.0827893018830705
1.3861859342493554,-1.3143951798153546,0.9041795373755951
1.3856291618792098,-1.3144013797790992,0.7148551473968253
1.3851084382985985,-1.3143558468750902,0.5014804337554689
1.3847355301191495,-1.314342085948252,0.2801273582021163
1.384691643349412,-1.3147002653528133,0.08864782484403565
1.3841936842802747,-1.314780083683323,-0.11668891585812427
1.3839645731787675,-1.3142726974543928,-0.29864472511427403
