1.2180585436831892,0.2514316348050224,1.6213280468763902
1.218093472456041,0.2515953903427033,1.5806019018713169
1.2187056767067435,0.2516050594536272,1.5893221526499697
1.2186755941490088,0.25159976212800556,1.5860487001367336
1.218660267121574,0.2515984704954926,1.585865265345075
1.2186584645881706,0.25159774494829845,1.585491238530424
1.2186627322491315,0.25159747958199274,1.585272679024258
1.218665090090507,0.2515973904417626,1.5852103332284875
1.2186666321473527,0.2515973047737697,1.5852110509348387
1.2186678884536535,0.2515972255293556,1.5852390838790682
1.218669051195024,0.2515971503231949,1.585278914913876
1.2186701852540576,0.25159707696001615,1.585323848253529
1.2186713116617727,0.251597004054673,1.5853710078590402
1.2186724368195156,0.25159693084343443,1.585419162693498
1.2186735624669518,0.25159685693219486,1.5854677875008052
1.2186746889646225,0.25159678212408537,1.585516658895934
1.2186758163194154,0.2515967063212976,1.5855656822645718
1.2186769444775194,0.2515966294738778,1.58561481779541
1.2186780733938054,0.2515965515543624,1.5856640489533664
1.218679203040062,0.2515964725456347,1.5857133690728906
1.218680333400343,0.2515963924352479,1.5857627756677122
1.2186814644658435,0.25159631121281933,1.5858122680207194
1.2186825962315233,0.2515962288688495,1.5858618461643554
1.2186837286942134,0.25159614539419406,1.5859115104503454
1.2186848618516357,0.2515960607798275,1.5859612613680778
1.2186859957019187,0.2515959750167399,1.5860110994683423
1.2186757310863656,0.25159776942288525,1.5884473205304037
1.218678153678501,0.2515977504264027,1.5885566018398412
1.2186798156289147,0.2515976515207516,1.5886327450955273
1.2186903875224122,0.2512882422913825,1.4199418501763075
1.218610391961685,0.2508189417068557,1.1904651146850511
1.218091687925163,0.2507337270500133,0.9905664952828132
1.2176537957145332,0.2505409928201823,0.7957594764291385
1.217122053348565,0.2505116576620547,0.5772072430945776
1.2168255155004515,0.24999940826562636,0.40605140961057984
1.215726014231115,0.2504858771031813,0.21374452145042816
1.2151525579528248,0.2507294146522729,0.01752931685404798
1.2148008011741522,0.2511468719696353,-0.17924390655324485
1.2145270754224529,0.2516067772192414,-0.39290818900128927
1.2141726451842465,0.2518767613961305,-0.6157752171724932
1.2146198057586675,0.2528238586667965,-0.8232614890384768
1.2148327344600138,0.2533826964075418,-1.0248882900310632
1.2149981379367651,0.2537729659133813,-1.2049682136226836
1.2153504117970124,0.2541369134723652,-1.4109479619707477
1.215050911811463,0.254384564946983,-1.5986294964519985
1.2147901665135716,0.25480492463429794,-1.8030888431254406
1.2155506107829914,0.254925164710157,-2.000135250519689
1.2155000725804632,0.25544051538466417,-2.180013044484921
1.215944997204148,0.25572502809129366,-2.403308721306404
1.2158299135429937,0.2563805992332224,-2.5951468691800548
1.215902565848791,0.2564862649231278,-2.7820922650900726
1.2161969029733284,0.2564228342088448,-2.977581440904006
1.216494946619587,0.256572302001635,3.113823447488818
1.2168582906387442,0.2567678317968114,2.8962166730367143
1.217097472438096,0.25654739621640854,2.6908556308795446
1.2175921291431813,0.25659711645398336,2.4953986491290205
1.2178568708691462,0.2563510405267226,2.3120821315391167
1.2180470947111846,0.2559731235767088,2.106818344386463
1.2174092982885976,0.2552547632051918,1.9040797691663058
1.2179361450190023,0.2550962142946412,1.693815704764497
1.217978459352955,0.2547693323719905,1.4947771495340672
1.2181889773743086,0.2544076942581536,1.276196452826309
1.2174240088689006,0.25425516862016834,1.074840123045986
1.216622571464119,0.25428889125492615,0.8841503732514524
1.2155648738185598,0.25467773765693635,0.6531351280802299
1.2147941521760945,0.25526015135817265,0.42910170306333334
1.2146544820384402,0.2550554902211033,0.22571962660414802
1.2144742217882827,0.25482314725627186,0.028016051450908686
1.2140368191786006,0.25441257213601964,-0.17293366526424606
1.2133649128659258,0.25418282517727414,-0.38969155304350717
1.2129315223678596,0.2542194529725109,-0.5880645766865048
1.212937573942406,0.25504409621118984,-0.7725478730676892
1.2128376178485543,0.2554157716027136,-0.981026476079883
1.2125113823926124,0.25561324093574855,-1.1538156308680567
1.2129973052616154,0.25614965115238164,-1.3585052405639197
1.2127019480498795,0.25655614710385377,-1.5567340439823825
1.2122780891685683,0.2569517632912077,-1.755932608547863
1.211850633251319,0.2569733320717039,-1.9441000703373068
1.2120808299806634,0.25686788926642057,-2.1291367903578697
1.2121752678190651,0.2572185823080606,-2.3327061549405927
1.2123692046617953,0.257575898472925,-2.5103439262910805
1.2125200918826162,0.2577653934730869,-2.702635362112387
1.2125020549425207,0.2581029784694089,-2.890406232497678
1.2127147270591565,0.258663310051975,-3.08007716034959
1.2131272397642854,0.258545579010469,3.0084558250117666
1.213529246121294,0.25828072026001064,2.8001690319355763
1.2138265243042714,0.2579202437942099,2.571303467953298
1.2139666924332588,0.25756118219198465,2.3813301093944657
1.2135537297828582,0.25668127046079225,2.183923661863662
1.2128617753288666,0.25600799602216356,1.9771661270521177
1.2129695641123681,0.25565807124464507,1.766455139277504
1.2127947931060512,0.25522343963821514,1.5748915023025138
1.212121683410463,0.2550049945826357,1.3933338842230263
1.2119624447851636,0.25454049189010813,1.1765699586501825
1.2116867714603696,0.25417579745237695,0.9875378258353511
1.2112469295302846,0.25405300875597375,0.8070945777911802
1.2104600893022206,0.2543428098823842,0.5916810567581977
1.210177467414362,0.25429145252112384,0.3960383855532503
1.2098321185601242,0.25395954241472085,0.1745136399533169
1.2095344853452479,0.2541091503890557,-0.014021536030186894
1.2091648014764418,0.2542468978152219,-0.21184485327548072
1.209120758347103,0.25532531453044593,-0.4162689620644571
1.2087771631685005,0.25557439239198454,-0.6302827639316697
1.2086216931313138,0.25593023329758824,-0.8236607433940523
1.2087730467455322,0.25651619984871227,-1.023827483301161
1.208519076078543,0.25667360071354345,-1.244878124225169
1.2080811380488685,0.2566889704567124,-1.4372856539447691
1.207545297281142,0.2570891137991021,-1.6379523416062576
1.2073421736247831,0.257495973188859,-1.8476519545785637
1.2079487739672956,0.2576357320256651,-2.05610970919769
1.208498824435947,0.257838860205334,-2.2718598592432713
1.2091548386330453,0.25752071460745096,-2.443206571534575
1.2096917373598572,0.257344349560616,-2.632786858947843
1.2104787966241952,0.2566386455093665,-2.8418362177091203
1.211179374537007,0.25622409392208745,-3.0302455859495194
1.211585865912995,0.2561628498952656,3.078858543267079
1.2117920715050547,0.2556345951275619,2.892008574658446
1.2119282868191776,0.2548179394977859,2.694670009835146
1.2124973902639988,0.2545423281165685,2.5039181989614203
1.212395957524482,0.2539407117276427,2.3179567810152277
1.2124627485273287,0.25345456874751665,2.1093496395166778
1.2125615031142973,0.25323399987375605,1.9070894762194264
1.2126010232174709,0.2527810386173564,1.6915345198993195
1.212339159082634,0.25243616984771866,1.5087578209048562
1.2118628403164757,0.2524097857682707,1.2958123870537617
1.2116141205935431,0.25209061428576063,1.1009076730467429
1.2114503251744393,0.25179578972485694,0.9139228362512182
1.2105975426651852,0.25206076838655966,0.7043684723410412
1.2100575927922004,0.2522863973486821,0.525877842820933
1.2091916107511738,0.253472111976239,0.34207681267355505
1.2091570060108068,0.25379855152743197,0.1437268614466963
1.2088743303844236,0.253452711307321,-0.052599435390191865
1.2084050979408165,0.25306660009617793,-0.2684392636447514
1.208299742034608,0.25326501373672555,-0.47230182872992926
1.2080020128333364,0.2535269119229976,-0.657671702917292
1.2083168872478023,0.2544128468309821,-0.8487802326298945
1.2084716732834366,0.254787394994899,-1.034734063948943
1.2082678907881006,0.2549476397059719,-1.2241465712018598
1.2083668216922456,0.25505608247576744,-1.4036019319949087
1.20823837944667,0.25541623569933103,-1.6005083323301819
1.2083011703822704,0.25588906875804895,-1.779455302032481
1.2080511873116124,0.25582743136423736,-1.9892048903553587
1.2078231524549174,0.2565916114036659,-2.180717360299779
1.2082148386258291,0.256623033424066,-2.39370706784602
1.2088537659915943,0.25642777106246256,-2.5836271830403152
1.2094558732753073,0.25605271920418,-2.7995835756769414
1.2104665225909512,0.255614448540403,-2.9991447334690835
1.2108166801328022,0.2553416416252654,3.1079355452172828
1.2114049807240148,0.255140783157054,2.8908895728895145
1.2112782853787643,0.25510691548921394,2.6781118346904007
1.2113144786636363,0.2546934692005498,2.485903885048466
1.2110138075336112,0.25387528539320586,2.2862158619625337
1.2103408732645227,0.252924349225644,2.098528488592515
1.2103639367394192,0.2526624231283918,1.9246347912913255
1.2100109592841926,0.2525506099471203,1.7331554474642137
1.2104699936592185,0.2523050834246681,1.5463914179197462
1.2108120922353325,0.2518592059754457,1.3350457242189333
1.211029707006329,0.25131701370939413,1.123045279775064
1.2103083524099942,0.2516132296829025,0.9314422312384677
1.2102300264675752,0.2512090273021109,0.7632961803978013
1.209537581142285,0.2514441002601516,0.5704496706285291
1.2095861395457634,0.25097176335828186,0.37512579960794395
1.2089694093530094,0.2511072186459476,0.16526867545815704
1.2086954352716317,0.25075587289779233,-0.04030909972581411
1.2082990010735415,0.2507314480164722,-0.2474627953795853
1.2083062208871513,0.25097074051042495,-0.4334260171248739
1.2079819779935501,0.2515806837850306,-0.6111456054415315
1.2082964804691931,0.252523696353752,-0.8219703425734954
1.2079927272320734,0.2528108237769408,-1.022719164670585
1.208160099103679,0.2534231938950395,-1.2094017499360605
1.2080118011801577,0.25389704024628773,-1.4012703508240836
1.20774387777757,0.254204084377153,-1.5990401633323204
1.2080856349079818,0.25464911850313265,-1.8139669038814734
1.2082392443304888,0.25511094789584243,-2.016497098993377
1.208884118280547,0.25512897895541453,-2.2124569381123442
1.2090771693752185,0.2555970123414285,-2.422376559439394
1.209166302631835,0.25600128828072233,-2.5990719442085117
1.2095486850664547,0.2561892839121219,-2.7944869707363202
1.2096449699222431,0.2560841897513587,-2.9966843583245506
1.2098504209266698,0.25649703914549005,3.103005891611659
1.2102383566627477,0.2563549765871747,2.8836968491885417
1.210130976340815,0.2554521250503751,2.685847857362515
1.2097042525062573,0.254496582259609,2.50238029071524
1.2096950232862616,0.2538101624123544,2.3068131315363494
1.2096154213550019,0.2533864247031047,2.095627202582641
1.209252148264501,0.25291740227970966,1.9049651844594053
1.2094316443654596,0.2528157405314952,1.7156847044967969
1.2094264570178717,0.25254882784457067,1.5266580750716943
1.2096021159004509,0.2522073834653141,1.3280682441885032
1.2089603911406068,0.25205350985334907,1.120136626993529
1.208778584846966,0.2519009618875589,0.9331529303269216
1.2081780715617383,0.2519812803672387,0.7188240037051592
1.2077446463198296,0.2519740004579032,0.5111861679604048
1.2076460971563108,0.25165878737510144,0.33973235227079884
1.2079169578580526,0.2514922128811473,0.1488094004180899
1.2077086663214955,0.25129736064040714,-0.039306742825284256
1.2073022768723973,0.25094654460308113,-0.23376009900396633
1.2067793240678886,0.25075992775969663,-0.4356302769008861
1.2063161060423797,0.25085253298759175,-0.6246930655236764
1.2067224368802927,0.2517140809924091,-0.8007961686548937
1.2067403008594628,0.2521333187867182,-0.971850604265865
