-0.25438324658347833,-1.5392018652797708,1.6215236601036087
-0.25467087067594374,-1.5391594162248197,1.5835997789931315
-0.25492344285225726,-1.5391623775815568,1.582075908540903
-0.25540080198208187,-1.5391917825793995,1.5754431242724953
-0.2560309424609168,-1.5392573313301459,1.5583850597299156
-0.256074163978166,-1.5392742604000405,1.556105420998781
-0.2560582724684639,-1.539269697794177,1.5575509036298605
-0.2561468185188144,-1.539283847598595,1.5529502595905227
-0.25616877179690606,-1.5392883295595892,1.552611956374241
-0.256174871172212,-1.5392911464594132,1.5519389091951354
-0.25617658566723767,-1.5392926268531988,1.55161880486601
-0.25617712702083034,-1.5392934822638127,1.551460610024137
-0.25617741125935717,-1.5392940490348366,1.5513758075704012
-0.2561776698425956,-1.539294485345718,1.551323798886534
-0.25617794434596497,-1.5392948631998582,1.5512864769006764
-0.25617823387495575,-1.5392952152001855,1.5512557456602585
-0.256178531919423,-1.5392955560781385,1.5512279787656842
-0.2561788336633317,-1.539295892481317,1.551201549674343
-0.256179136358304,-1.5392962274072002,1.5511757281690643
-0.2561794385872847,-1.5392965622070471,1.5511501862452322
-0.25617973965493684,-1.5392968974902523,1.5511247765347578
-0.2561800392281142,-1.5392972335320698,1.5510994328400904
-0.25618033714805866,-1.5392975704573078,1.5510741254517535
-0.2561806333379693,-1.5392979083230536,1.5510488410667715
-0.25618092775899093,-1.5392982471559136,1.5510235737604312
-0.25618122038967084,-1.5392985869687748,1.5509983209264777
-0.2561821872463372,-1.5393041594520904,1.5477684087662802
-0.25618082482102533,-1.5393055024169269,1.5475383344224107
-0.2561800341830102,-1.5393063635655384,1.5474288228181836
-0.256179587404607,-1.5393070074403037,1.5473724566762035
-0.2561793421432956,-1.5393075457981071,1.5473402921573731
-0.256179174390405,-1.5393080522753524,1.5473146139295055
-0.2561790366058568,-1.5393085437007954,1.5472926745791415
-0.2561789117001235,-1.5393090287978235,1.5472724448096402
-0.256178791516356,-1.5393095115225295,1.5472530054908202
-0.2561786722329896,-1.5393099936682793,1.5472339406746554
-0.25617855208037565,-1.5393104760481386,1.5472150619821359
-0.256062522273136,-1.5396804585617005,1.367010462882239
-0.25614098630526816,-1.5401719935426423,1.1541150337124337
-0.2571252593530897,-1.5400314358737874,0.9370047975358793
-0.25694857882775973,-1.5407021065357989,0.7578705972001112
-0.2573068069499548,-1.540804987130814,0.5582079278122167
-0.25798120047406115,-1.540129453537693,0.35454984715586635
-0.25837379293532164,-1.5400750851586467,0.14156258960931903
-0.2588287743290881,-1.5396777446778358,-0.05332839363724638
-0.25918304962411476,-1.5393771437769994,-0.25721840380478067
-0.2595643954092209,-1.5392331378123933,-0.4518668762703953
-0.2592248725329536,-1.5381623934782054,-0.6593954531027838
-0.25955263731329276,-1.5379256892500754,-0.8357846367700923
-0.25946676158613474,-1.5374387090142125,-1.0075964502074373
-0.25915535588549016,-1.536986335833794,-1.215641158089329
-0.25962214461464816,-1.536807375196777,-1.4021214343208528
-0.2595689686206669,-1.5364069756350078,-1.6039439704819225
-0.25926241624216667,-1.5360169599537663,-1.8163098035891099
-0.2590753817789366,-1.5359421109131357,-2.0279678694349372
-0.2587550166498211,-1.535751898189933,-2.231182361558885
-0.25814331044115335,-1.5359770794061693,-2.4305550099363025
-0.25770755955413455,-1.5359292509170193,-2.6493218619446752
-0.2569906649226613,-1.536347204841833,-2.862972603040792
-0.256652859092972,-1.5359769051891083,-3.0564124224776275
-0.25631429827437985,-1.5361204514363305,3.0447040580733113
-0.25599458494201344,-1.5360062223887034,2.8427742158427907
-0.2556339785577389,-1.5357482673843972,2.650658457036891
-0.2552332465128684,-1.5357646496868362,2.473034132549468
-0.25552305835309436,-1.5365774463430064,2.266154346609929
-0.2554313832538261,-1.5370620767063012,2.046237410772831
-0.256155597209557,-1.5377014885833837,1.843032873102743
-0.2560941516868872,-1.538149281156182,1.6528063817960803
-0.2560466753464085,-1.5386033464258657,1.4614004638804494
-0.2565885371628494,-1.5391726374944479,1.2618732456719193
-0.25683199439834054,-1.5395093512063815,1.0904162599737357
-0.25697691063777933,-1.5399154082801312,0.9054746790884491
-0.2575447957690669,-1.5399731738580462,0.7084073468693689
-0.25809944877789687,-1.5396515051604085,0.5178717151779438
-0.2584217468190224,-1.5397442536123163,0.34399790512289097
-0.259096343330968,-1.5390417194460524,0.16779579106948764
-0.2593494083331693,-1.5391382687025208,-0.02609169799631798
-0.2597455149625574,-1.539471083027726,-0.22979691096757207
-0.2603187144510248,-1.5396115781606976,-0.4269314766606238
-0.26085848800739264,-1.5395832679993144,-0.6036175080216273
-0.2610440323044324,-1.5393303510677876,-0.7721802599541406
-0.26144990348567404,-1.5391339772975368,-0.9967424921215633
-0.26155528856079985,-1.538749005734522,-1.1970486930201216
-0.2618352905003466,-1.5380960012515406,-1.4052199720586722
-0.2616852897758561,-1.5375533801032857,-1.5991211158733682
-0.26132102683558234,-1.5372116958562156,-1.7981479510981604
-0.2616715071222553,-1.5365269072637762,-1.9872207108438662
-0.26147466527034824,-1.536372372727444,-2.194507293988861
-0.26108154865983674,-1.5361981836057752,-2.3785063882590802
-0.26035096801168234,-1.5365330373529202,-2.5852669119285236
-0.25955141601133386,-1.5373811929548256,-2.7811574251177063
-0.2592574820472405,-1.537904234659375,-2.9751134172340317
-0.25898480726413636,-1.537520766347019,3.1072248011611334
-0.2584892365924478,-1.537328601186962,2.895205009552903
-0.2578383772995595,-1.5368798920701545,2.7025096484533133
-0.2573768554855525,-1.5366953008107698,2.501613169747292
-0.2570556126266727,-1.5369943405707385,2.310660994876269
-0.25713007683281885,-1.5376223672499583,2.104387670515959
-0.25742382205960723,-1.538291417067543,1.9228971371385775
-0.25719280139619655,-1.5388681048261683,1.7376328623131865
-0.25742372278312964,-1.539243296346041,1.539942329771605
-0.2578497360240469,-1.5395674669517447,1.342250189689661
-0.25770994251574414,-1.5400283377177053,1.1413300617440754
-0.25862425951122636,-1.540066340275032,0.9213306912967733
-0.25933675196286704,-1.5397464097321967,0.7143203733198003
-0.2598117963313985,-1.5395493674112477,0.5273576784613551
-0.2600086221108182,-1.5396194092501163,0.33119824453029006
-0.2601140540414991,-1.5392631498201867,0.14350415253737864
-0.26034145028412176,-1.5395500250434992,-0.04584822461106763
-0.26069813546570986,-1.5393231875983289,-0.22527961646432965
-0.2609580781922646,-1.5389463861929829,-0.43204010213352423
-0.2608352098859729,-1.5379997431549308,-0.6179349807788215
-0.2617315024999381,-1.538271170009807,-0.8080503431481555
-0.26203984410017384,-1.5380786323549915,-0.9895986979267278
-0.2620082725188538,-1.537665872862665,-1.1609668034999834
-0.2622067503549155,-1.5375027496354052,-1.3459570603400755
-0.26163570538816505,-1.5371127072792639,-1.5489101254389288
-0.2618542521776113,-1.5366938421020755,-1.7492251661101057
-0.26217077977563874,-1.5359633897715177,-1.9670052404162326
-0.2619411777432155,-1.535465625471827,-2.1849856220595996
-0.261709014566939,-1.5350673331769005,-2.3779075101153357
-0.261097401280922,-1.535169108341047,-2.577742514241123
-0.2608128479738761,-1.5349933233842867,-2.786994412938087
-0.2603905914142317,-1.535286585134696,-2.9929587157762527
-0.2600735656137299,-1.5352944346339237,3.092396053477998
-0.25979914703775986,-1.535658962121669,2.875473602671912
-0.2594075201306304,-1.5358249163272086,2.6642331682104294
-0.2589525598316112,-1.536124483602762,2.451070433548169
-0.2597204900437687,-1.5373325000621239,2.2498256191480657
-0.25963076124273665,-1.5375245656746128,2.0581983189968422
-0.2595087718940386,-1.5376388700183832,1.8592116161931405
-0.2596174438037962,-1.5383089314623986,1.6672140435206264
-0.25948496877228633,-1.5387234725419956,1.4644153121889323
-0.25994460762543875,-1.5390995574211401,1.2541347904478615
-0.2607287551025322,-1.5391849404609392,1.0406794617346147
-0.2613438483394735,-1.539034277291474,0.8703164682484534
-0.26179864714004913,-1.5388891532291984,0.6687962423932506
-0.2623123310750879,-1.5387679953658384,0.45440055216239195
-0.2621990937579719,-1.5388382386963504,0.2796523093067164
-0.262452274999163,-1.5388728854433849,0.078681343948617
-0.26287149123391035,-1.539140966297886,-0.1221509847697199
-0.2633502943716829,-1.5386969842879061,-0.31876819241479515
-0.2635231740160722,-1.5384142136961534,-0.4949350595816499
-0.26417339653616917,-1.5386166158584593,-0.7033695182412794
-0.2646626981906736,-1.538570188164735,-0.9097800077188228
-0.2642112344797486,-1.5379419587810876,-1.1073207934537563
-0.26367818965405937,-1.5373343719644772,-1.3189637638302796
-0.2634175489997725,-1.536817083182431,-1.5248759024206007
-0.26356541434306,-1.5364311152230976,-1.7145840870130034
-0.26404617687922444,-1.5355982918834379,-1.924917789820926
-0.26368660207211475,-1.5356720606199954,-2.136826132723788
-0.26272803418177976,-1.5359318950954903,-2.341058315257986
-0.2622574860089789,-1.5358941596191698,-2.5433839816460844
-0.2615626529154491,-1.5364328934225964,-2.740660167780246
-0.26120363708009015,-1.5366650286951646,-2.9145897420227675
-0.26087481668189677,-1.5363933580969533,-3.128749569131466
-0.26083496727991023,-1.5359172734723068,2.9425008303207094
-0.2607334947200972,-1.536007040133681,2.7540353295063533
-0.25995437092225765,-1.5358935870721218,2.5583437113546856
-0.2598669308621244,-1.5363415938436498,2.3775607843813225
-0.25960372300876333,-1.5367180150846946,2.170649130640193
-0.25979943656092724,-1.537168518240803,1.9953631635937674
-0.2604336553700623,-1.5377548733347404,1.8205594070022975
-0.2607125044304013,-1.5385328758695072,1.6233125546120946
-0.26114537636535995,-1.5389312985897985,1.415191309021203
-0.26207403071827406,-1.5392051150483126,1.177614324601795
-0.2624826584602674,-1.539530016853079,0.9871392970502354
-0.26202093134891824,-1.5403945929050802,0.8425247600534855
-0.26244602511344456,-1.5406481821920592,0.6248049202831442
-0.26328770447481525,-1.5400136048592021,0.4085692690934114
-0.263191331862114,-1.5403075901278644,0.21736308664319015
-0.26378953316344034,-1.5403632421086622,0.032567117367016736
-0.26419518452115914,-1.5403963667817906,-0.1633990470224919
-0.2644191836712297,-1.5397568590364366,-0.3710183134916102
-0.26489184881383454,-1.5398276472049683,-0.5665194846169186
-0.2654963194950282,-1.5398195415210825,-0.767504076235462
-0.2658522244807589,-1.5396229841832647,-0.9655909832919078
-0.26569939832192024,-1.5391183046761334,-1.1478014750248
-0.2646706412879651,-1.5381975177462661,-1.336804899266115
-0.26449724215470743,-1.5377898097120157,-1.5346122568039868
-0.26448785371223743,-1.5374147709299166,-1.7285633296191365
-0.2641531694535343,-1.5368487207299875,-1.9224122276162947
-0.26392463625513557,-1.5366095307926615,-2.103233695349342
-0.26328400671058466,-1.5366279171829447,-2.276018387354425
-0.2623665459804353,-1.5371311555937197,-2.4794825242125165
-0.2617015138160486,-1.5376607657465886,-2.6602777201016714
-0.2614113950838599,-1.5374208251236146,-2.874650459076868
-0.26117631684277126,-1.5376420554897052,-3.059327762723373
-0.26080213948571745,-1.53704201987616,3.024450560320247
-0.2605913863411744,-1.5378882031965844,2.8200442937416423
-0.26082715195648404,-1.53850140145283,2.599254600852842
-0.2603016865813589,-1.538560940804189,2.4040142995136877
-0.2598248388415846,-1.538586607840052,2.213068656661821
-0.2597365412861356,-1.5389253637931062,2.0254688385634148
-0.2591815490508593,-1.5388221670731863,1.8279862521618495
-0.2589120746978626,-1.5389339890680869,1.627849969463131
-0.25838454691209883,-1.5393448808547363,1.4362064887310928
-0.2587485887281773,-1.5396648280547982,1.2119094238632842
-0.25921838044547324,-1.5399903526621976,1.0093975176603593
-0.25935493327578324,-1.540206874075458,0.8170083899809673
-0.2594459782975935,-1.5406317255791606,0.6157324425865579
