0.02048808037820305,-0.38501364777030733,1.6197374667706528
0.020378887936681193,-0.38491103948813027,1.5673275969545337
0.02008090537048058,-0.3848723565573286,1.5791109054117622
0.019954340094356385,-0.3848714328202984,1.5777296476098914
0.019797374765228568,-0.384878698767842,1.5750622400074485
0.019444317387288752,-0.38491055926340717,1.5653294047146207
0.019000080356467774,-0.3849556118969499,1.5530570035118003
0.018956461176694056,-0.38496546771822804,1.5518656528650825
0.018998125741571885,-0.38496169222971865,1.5529110829512478
0.01893056891630472,-0.3849701995958571,1.5506144520083291
0.01890857016902873,-0.3849748220791455,1.5494566896611246
0.01884113018866028,-0.3849686046460716,1.5506974555956745
0.018826153794838613,-0.3849678318515401,1.55081137679374
0.018820380256460587,-0.3849676600868124,1.550866958026977
0.018817663507719355,-0.3849677905366302,1.550864346251551
0.018815824848461244,-0.38496807018736,1.5508304075063541
0.018814237072911424,-0.3849684240464295,1.5507803048346276
0.018812719632779286,-0.38496881557722784,1.550721975775068
0.018811220270055246,-0.38496922701826014,1.5506594361884025
0.01880972368301804,-0.3849696497486418,1.55059468141712
0.018808225291687103,-0.3849700795933232,1.5505286924849389
0.01880672366817762,-0.38497051453895126,1.550461948263877
0.018805218332579386,-0.3849709536232008,1.5503946809490226
0.018803709100569214,-0.3849713963948307,1.5503270020846796
0.018802195884929557,-0.3849718426512244,1.5502589643440197
0.01880067863251452,-0.3849722923108194,1.5501905917045962
0.0187799151072829,-0.3849762282841315,1.5474310348015676
0.018722823956245048,-0.3849709749252627,1.5484230690163547
0.018667046137282355,-0.38496306993473345,1.550084944824815
0.018611298285788832,-0.38495401999592177,1.5520515175288374
0.018735754218099063,-0.384958298959324,1.550667679385279
0.018922845702507442,-0.38496543329188443,1.5449650842938334
0.01896284391374079,-0.38496622201403174,1.543162330876364
0.018924798907047784,-0.3853141576284992,1.342487161533371
0.019075364674340754,-0.38585312082482426,1.1620911691226463
0.017844706134713617,-0.3855895786799509,0.9741054987327612
0.01693700995731639,-0.3852754696201762,0.7929880984135814
0.016811139966655203,-0.38592086538010567,0.6092665456846252
0.01611522668111407,-0.38543839535981883,0.4056784491608699
0.0157087449841857,-0.38523921759150326,0.195116785263507
0.015311438833539592,-0.38469970899368683,0.002400277029131839
0.014916512116523459,-0.3846132438308982,-0.20180784250169834
0.014658566314717347,-0.38444408154950255,-0.3935928344287438
0.014474296727227798,-0.38380299359736836,-0.6311601850009311
0.014050046760893222,-0.3835661416882726,-0.8241064033657057
0.014425833561054514,-0.38284027604121934,-1.0114742525710503
0.014799494390210164,-0.38237243116691044,-1.2019301752084177
0.01570401286169351,-0.38178259531807246,-1.3993601294491447
0.015841564458031483,-0.3814306328041092,-1.5924872310224996
0.015900161880660457,-0.38098975683173725,-1.8075668406289425
0.016582670041362005,-0.38109968314445036,-1.9884274586990898
0.017037753882375675,-0.38086905196434623,-2.194808467662678
0.017243983318256124,-0.38048410847972186,-2.4058197093673694
0.017460357694270172,-0.37996142347608014,-2.6343219118227506
0.01791095533675795,-0.38043970132963867,-2.8507259840970853
0.018377697212166078,-0.3804663669447386,-3.041737420016082
0.01872645398268991,-0.38028659604661114,3.0580613667585035
0.018882418308780655,-0.3805158293818553,2.8526487147716666
0.019077603671502776,-0.3806566945384401,2.6362069195389295
0.01935268417538302,-0.3808078506001453,2.416136653335811
0.019253660965542155,-0.3814031664140281,2.2174328402629024
0.019030013915348053,-0.3819558396767016,2.0009149633919163
0.0190930966995077,-0.38247840964966967,1.8002841441331114
0.01884601035715381,-0.38308709694377047,1.613791265477875
0.01885241683692745,-0.3835121864094909,1.4026684571958192
0.01865358014476158,-0.38376701655486356,1.219986489728342
0.018912336347766588,-0.38439963002451194,1.0430481667248073
0.01869889635534096,-0.38472139562341723,0.8487540393244805
0.018143296793403048,-0.3847398686554186,0.6375427758874038
0.017366344819425637,-0.3842629951618764,0.40959233695159886
0.017133125567357254,-0.3845688125130216,0.21443069117780278
0.016708721807020824,-0.3847743887455121,0.021232429977209675
0.016260362834333655,-0.38525968243094205,-0.18952440828498215
0.015733551427645903,-0.38548738603897564,-0.4145596242000019
0.015544521747022599,-0.385058507589292,-0.630681649597952
0.015591965740700264,-0.38433007442580625,-0.8507139318571822
0.014593505302634988,-0.3845536247277461,-1.0532166630528665
0.014227067748166192,-0.38416086842504155,-1.2367872366196757
0.014976382199863598,-0.383497675698828,-1.4271846466281495
0.014720988197753535,-0.38315441216101515,-1.6234333601608542
0.014390580528625341,-0.38284265849923205,-1.8384952291291181
0.014132945248457495,-0.38230688742969,-2.0492963122873538
0.014925096691369035,-0.3823749946860232,-2.2322050912086198
0.01593496456262541,-0.3828992245495425,-2.4214593193319454
0.015943510503038244,-0.38237610438406194,-2.6203504049396185
0.01663519340425972,-0.3822498904234562,-2.822994607047674
0.016602002666104447,-0.3821201655667053,-3.0155450752692348
0.01694699732423578,-0.3816351553157209,3.083169424108108
0.017326938189099795,-0.38128142857055203,2.8727964033593865
0.01771385742980864,-0.380855216531049,2.678143078763094
0.018192935309696498,-0.3810068346766442,2.491783718398479
0.01828362361076987,-0.38148059973996806,2.292388520550972
0.017769672815774434,-0.3823028317419131,2.0886730446068245
0.016887144500048735,-0.38313273157071387,1.8978305463233638
0.01748041318519671,-0.3834018544115349,1.678146518316792
0.01740075271177598,-0.383855512266901,1.47972713915288
0.01698546019635948,-0.384165483094847,1.2720926644669703
0.016294518306535822,-0.3842549578382302,1.05823752273718
0.015347685380401868,-0.38392928430533635,0.8566943616589345
0.014687344305541798,-0.3836779992221092,0.6637892689133115
0.014235357958841332,-0.3833646052404531,0.5006256110068293
0.013792668934184762,-0.38266072338066215,0.2854120736676967
0.013632179718518697,-0.38283749166200687,0.08406862440079761
0.01342811984388237,-0.3832781412122324,-0.11187483076179841
0.012980497820391644,-0.3836652139815856,-0.3074431355749116
0.012762457568542615,-0.38301387975417356,-0.531048696023735
0.012729971868920583,-0.3824651747953499,-0.7427963791083105
0.012649607780369417,-0.3819613973694054,-0.9601330906215363
0.01279042654041737,-0.38128653351484476,-1.1723897243287613
0.012591829838912636,-0.3811737281470369,-1.3624314507647741
0.012161788853520294,-0.3811158390100374,-1.5491969455825283
0.01192217051600653,-0.38064201280681526,-1.757257336811802
0.012020709637648543,-0.3802655517180142,-1.966692122101341
0.012104324364248742,-0.38018823379384276,-2.16858026317456
0.012644800825415475,-0.38024655834460325,-2.3693065138428913
0.013239280115636536,-0.38038110961783794,-2.5740924050253167
0.013906516320344455,-0.3807801712212215,-2.7714655623683457
0.014360306086895994,-0.3808898489110346,-2.979373907635586
0.014697653259280085,-0.38042380312797097,3.1048491369364464
0.0150373079305382,-0.3805315847776747,2.899743519605942
0.015302056593138462,-0.38099118983151065,2.690221225604767
0.0152175854532285,-0.3814919225652985,2.49335479921077
0.015175385632913674,-0.3821750523302815,2.2778214106509305
0.015165446413058746,-0.38277133765560206,2.0604647476294704
0.014999969076738517,-0.3831041223604627,1.863821114044797
0.015632437254892443,-0.38317992924853134,1.6754095859144182
0.015457780565683739,-0.3835260166635384,1.4802697289576603
0.015834439720571514,-0.3840211408400986,1.2640291313413536
0.015327221590580066,-0.3843469077742601,1.0494747625016754
0.015345702272282661,-0.3849301507565637,0.8849304799493486
0.015260577557696216,-0.3853284680446661,0.6977521588890346
0.014528998813950835,-0.3848707362229423,0.4950193508249472
0.014054712883511355,-0.3846323134999053,0.26988546324357293
0.013481620720125272,-0.3847967665418176,0.08808709623416325
0.01323687072231311,-0.38430515359893097,-0.11032418270458984
0.012397120453628506,-0.38455317255905086,-0.311717916844635
0.012832525069717465,-0.3839111796515011,-0.5004277781052456
0.01278486472822038,-0.3831624911459844,-0.7078088302019349
0.012628477750123651,-0.38276763949191767,-0.9295687520422146
0.011922400651193843,-0.38288416317122115,-1.1315101773281333
0.012103507546542148,-0.3827537302302248,-1.3245653043631969
0.010991387752802654,-0.38269931356080855,-1.512350379682286
0.010614294356849923,-0.38231030738547084,-1.7066624726838058
0.010525442259236777,-0.38185806738755274,-1.9172909712209223
0.011404533737064177,-0.3819135071400119,-2.137355473761153
0.011957111627281197,-0.3818450117674946,-2.350020814415596
0.012740457748717876,-0.38237535979599824,-2.520831494094069
0.013706621687880194,-0.38309014355371857,-2.7192719852310687
0.01412315343526435,-0.38304522140780295,-2.8983119734854967
0.014484008158050463,-0.3834388618000863,-3.0932656076852725
0.014762669613713985,-0.3837086570005106,2.9964528361287672
0.015115307047268536,-0.38413546988048747,2.8149666162549654
0.015101933054005458,-0.38475543304157334,2.6018785896267063
0.015922763636639862,-0.38463232159142935,2.436983915018023
0.015500306221467162,-0.38545053060209566,2.246773727650455
0.015575999885660984,-0.385887712743094,2.0434225492314337
0.015620946195778335,-0.38620585762127585,1.8389151802330541
0.01554465504526351,-0.3866787426605874,1.6250684894619034
0.015474564673175723,-0.3871066545673553,1.4287993037877877
0.015205747516055475,-0.3872206357274924,1.2131383213910456
0.014830082739609257,-0.3876491167940802,1.0131019281675557
0.014366796004743007,-0.38790248507634956,0.8073454062303376
0.01402889467141643,-0.3882050388655283,0.6036448317244089
0.013272461146704929,-0.3875680434932894,0.4211901795596071
0.013254806866374503,-0.38801233480558583,0.2218171993561699
0.013012176208308532,-0.38861198775302164,0.021406346820906513
0.012750569500961704,-0.3885310187917025,-0.16834204380057485
0.012528723130304169,-0.38809074888257006,-0.364988249432445
0.012770106282444562,-0.3870574337277024,-0.5589876670996266
0.012568825365024265,-0.38660813275135925,-0.7547129866588144
0.012677564857973223,-0.385990745325429,-0.927533160130128
0.013049856883943032,-0.3855158471111508,-1.1261835431419207
0.012708454646949153,-0.38531848314461925,-1.3211543559164027
0.012752214185588544,-0.384783199124382,-1.5293644269009776
0.012611403813824992,-0.38428185975359885,-1.7497573420404606
0.012675977897519277,-0.38377517236481967,-1.9591857344403631
0.012619719494808229,-0.383150877123192,-2.193707157418484
0.012480763884551535,-0.3826746708122391,-2.3733777816069592
0.012734603990779924,-0.3823547487140086,-2.5706692771385047
0.013043531979250508,-0.38179557552326004,-2.744862184203362
0.013655885642533505,-0.38156103249887346,-2.9372151805525823
0.014034148661666038,-0.3816892441141978,-3.13737739400515
0.014526118426263298,-0.38170330342485076,2.93318557070821
0.01483767392215481,-0.3820487347794726,2.6994381874462583
0.015447762678048708,-0.3819483503517832,2.4872421658620096
0.016082419802280215,-0.3818584461410148,2.29517463116925
0.0160296776638568,-0.38247701657299404,2.101878436995314
0.016356570369725185,-0.38334176448649016,1.9249525241694836
0.0162570502910503,-0.38404860163425536,1.7312806141445973
0.01630860201455426,-0.38442166967291624,1.5372417552186934
0.015879770840787916,-0.38475545023168184,1.3349327874979888
0.01582084487147397,-0.3851305657351181,1.1290437514941432
0.01554218057343341,-0.38543915076695207,0.9084154578968007
0.014697318709121748,-0.3852597834309443,0.6863494263300349
0.014382003454017486,-0.3855191865750744,0.4970347262128497
0.014161530211192513,-0.38600731019714574,0.30023013606433646
0.013998963238161986,-0.386636331001214,0.10208447167959638
0.013550884762147709,-0.3865127122073864,-0.08443984282342334
0.013205097280466701,-0.38622475279740104,-0.2693598983327331
0.01306619533281698,-0.38561490551020616,-0.4855387404984371
0.012597913212321728,-0.38519140862696516,-0.6876100620174611
