2.0223918248501587,-0.8478532943139212,1.621596434266381
2.0226389015756148,-0.8477559037800726,1.5745527329132507
2.0230624524765717,-0.8477488300125174,1.591469018979408
2.022989089208176,-0.8477572887188665,1.5884385133700365
2.0229589077637167,-0.8477601440825345,1.587931377067903
2.022949028352648,-0.8477607142669062,1.5882492236084074
2.0229509813759123,-0.847761121621966,1.5880485108370745
2.0229560888194866,-0.8477612882762828,1.587873873085859
2.0229623742385954,-0.8477613615158663,1.587710333817824
2.0229690571512404,-0.8477613986683031,1.587552601691071
2.022976189977176,-0.8477614174282443,1.5874311141198807
2.022979332541685,-0.84776146396031,1.5874226134220428
2.022981219451609,-0.8477615630725878,1.587448355615598
2.02298264028303,-0.8477616798859827,1.5874892870382589
2.0229838913126246,-0.8477618029971933,1.587536980145809
2.022985081472828,-0.8477619288327862,1.5875876965811757
2.0229862503927145,-0.8477620563712476,1.587639791920463
2.0229874123084173,-0.8477621853748215,1.587692547817009
2.0229885722535323,-0.8477623158224399,1.5877456524516658
2.0229897319707613,-0.8477624477401655,1.587798971377035
2.0229908920457094,-0.8477625811567769,1.5878524471395994
2.0229920526661593,-0.8477627160955691,1.5879060555625937
2.022993213887304,-0.8477628525749897,1.5879597867989956
2.022994375722123,-0.8477629906104955,1.5880136371549247
2.0229955381711267,-0.8477631302159521,1.58806760557377
2.0229967012316297,-0.8477632714044618,1.588121692129372
2.0229863859426414,-0.8477615378324589,1.5905765976096895
2.022988892118467,-0.8477616215001549,1.5906900172500151
2.0229906008626823,-0.8477617892824253,1.5907710616242083
2.022991982513448,-0.8477619931188841,1.5908392099636859
2.0229932278377634,-0.8477622132997684,1.5909020617393472
2.022994416431051,-0.8477624416007736,1.590962794071858
2.0230613761349123,-0.8480754411659931,1.4197992607285024
2.022982360764163,-0.8486506889410272,1.2119663702723427
2.0220972569741824,-0.8484552356236131,1.012961133752098
2.02187535391431,-0.848902221944307,0.8358930490457246
2.0209841154279395,-0.8484389627783152,0.6546880655304257
2.0206521560680955,-0.8484632162762051,0.4423175721577894
2.0203527711226985,-0.848400751387417,0.24117081450071207
2.0201641585803127,-0.8480875790405744,0.06675548735744218
2.0197196257822703,-0.8486571585960415,-0.1371806864022066
2.0196797705203453,-0.8486804894506719,-0.3449130370903936
2.020036415662336,-0.8480787356499867,-0.5429941791654361
2.0199763297723035,-0.847859276014891,-0.7042715657044281
2.019552913614124,-0.8476078015728291,-0.9283266415703539
2.0195498529153673,-0.847361517719258,-1.1231840167099711
2.0191264054704248,-0.8471239079256746,-1.3315954552895415
2.0195310550933496,-0.8465228792131244,-1.5274482307842117
2.0194924714354925,-0.8461940885535214,-1.7116092698781171
2.019873575645775,-0.8458255786495723,-1.917569272773848
2.0202791200036403,-0.8456187132622495,-2.110984442157052
2.0207183463423872,-0.8453661326049225,-2.293505177386255
2.021352924433414,-0.8455215296312846,-2.4788708018099266
2.0223087399244783,-0.8462868169344707,-2.665516405582108
2.0227671078012475,-0.846028980621545,-2.871733940013013
2.02310679190324,-0.845852306525297,-3.0717215356575776
2.0235147563743903,-0.8456629378007829,3.0082704225038683
2.023533901925238,-0.8460477085084004,2.8059620925088278
2.023712158061622,-0.8462710334834728,2.598280407018064
2.0239410933205066,-0.8465687704181053,2.4070507799330954
2.0242666535780205,-0.8469201007407942,2.2013193655965018
2.0240127370128156,-0.8475741463713629,1.9836467871655499
2.0241508753726083,-0.8477054072641262,1.7981540787461632
2.0240085716087433,-0.8482309949578714,1.6044994518246947
2.024080476703917,-0.8485997575609472,1.4012070470662639
2.0240981015285056,-0.8491432585605105,1.1878894189068847
2.0236645749153537,-0.8493072038416899,0.9636960477355596
2.022963707018131,-0.8491918933228343,0.7523653378788202
2.022059136093764,-0.8485831774153371,0.5438463332697503
2.0218532813728087,-0.8490427651177563,0.33805411309052535
2.0215621197716844,-0.8491329092826265,0.1406263539756167
2.02115855055163,-0.8490582497560554,-0.06299227259122402
2.020737839870452,-0.8490004732640137,-0.2771870325154878
2.0202037739209304,-0.8485355446599817,-0.4790790905700577
2.020100854216802,-0.8479731973917805,-0.6661117641454066
2.019356941310349,-0.8479571666422767,-0.8628972732494695
2.0189261658962354,-0.8477283406204419,-1.0417594047771794
2.0185052791009457,-0.8474284359703119,-1.2336077046551488
2.0189170415415907,-0.8468989752803722,-1.4357522060300336
2.0190360982932822,-0.8465728434740187,-1.6283109261532098
2.0192773195430793,-0.846126893943701,-1.8370612638173789
2.0200136378784337,-0.8458527701692443,-2.027789705515571
2.0204949328840938,-0.8456620452760883,-2.240855413651761
2.0210265743692597,-0.8457646228009736,-2.458077246754349
2.021728898168516,-0.8459917471354834,-2.6594492700673658
2.0223873902791256,-0.8465711240021321,-2.8715021843638757
2.022852074968147,-0.8466097029824678,-3.0751632896245784
2.023221124074776,-0.8461494732837872,3.0350507298337432
2.0238361757343517,-0.8463580169186348,2.824191844396979
2.0242210646232754,-0.8462669488231912,2.6336600021122436
2.0244689543264833,-0.8464996496692916,2.4288317861670303
2.0244576859947205,-0.8471242618981175,2.229701176811593
2.0240515385959874,-0.8477809525706193,2.0223102011806904
2.023184991624301,-0.8484331222697962,1.8224501542031943
2.023386420136778,-0.8486384825522951,1.6151062131280807
2.0235839721233257,-0.8490047026629141,1.4155843373637818
2.0233521992724883,-0.8489910151325768,1.216398856646434
2.0228553230416533,-0.8489895226958668,1.021923327397896
2.0224300210943746,-0.8491471016379282,0.8160326076370352
2.0219145699320715,-0.8491270569825116,0.6125224864499894
2.021327164040632,-0.849020096412622,0.38129738339176195
2.0210155930744214,-0.8487469135992597,0.18333067675589187
2.0207898118208547,-0.84912423965587,0.003931177082970982
2.020426778380414,-0.8493124870683427,-0.19127589456302374
2.020159571191753,-0.8492739787270094,-0.3968444558017236
2.019966545772249,-0.8487753194561141,-0.583361283873013
2.020084122169645,-0.847855668511542,-0.8061177142314924
2.0205094419581826,-0.8471835109783616,-1.0028053233529808
2.020551586774455,-0.8465357758574229,-1.1982703372841088
2.0213106486646004,-0.8463470164184429,-1.3851154928669245
2.0204340175255977,-0.8461311051709651,-1.5668328005996657
2.020362242380206,-0.8458948091309602,-1.7644960087998725
2.021384676134087,-0.845877592207199,-1.9476200697401371
2.0219498321763303,-0.8458221947386562,-2.152075380146328
2.0224480318545806,-0.845500988946429,-2.338965192252943
2.022710047152406,-0.8452382775619901,-2.5712665400409116
2.0226248618727465,-0.8446344177049028,-2.749103272497405
2.023064784302762,-0.8446802351293291,-2.932894507052679
2.0231069301805653,-0.8442955992371521,-3.1171433542324842
2.023513537724345,-0.8439089874844342,2.9702747226994664
2.0237715865157053,-0.8440524377431319,2.7547876660477844
2.023847206635837,-0.8446833001440633,2.5601919624712344
2.023721987504052,-0.8452800917444093,2.354135422435979
2.0235839788022076,-0.8458139202023376,2.135919875895161
2.0244093963419685,-0.845699554510876,1.931531808949122
2.0248467998902977,-0.8458198666045463,1.7152551750409168
2.0240250812725114,-0.8464575461035991,1.5206394086030883
2.0241816254834246,-0.8468390675348694,1.3268084813932175
2.0236654166279586,-0.8469222756868682,1.1067442610416403
2.0233388766109566,-0.8473074220265148,0.8885665615708755
2.0231602132812383,-0.8476138375711687,0.7019692605903906
2.0231409242589002,-0.8480775261269758,0.5029690933628955
2.0231762496841648,-0.8483524229368756,0.31024365338954735
2.022939941854674,-0.8487417285687759,0.12393578749825228
2.022431258928054,-0.8489038970085624,-0.08068036103736709
2.0219589759832037,-0.8484606807201696,-0.28433480547030504
2.021339260216628,-0.8488602339837821,-0.5158263950447644
2.020982182258754,-0.8487809743493081,-0.7218185762981009
2.0208805491671917,-0.8482450612738017,-0.8919055638577006
2.0215176920758777,-0.8472496784114196,-1.0900800916861706
2.021888011196899,-0.8467894112527127,-1.2855567497779332
2.021997737449628,-0.8462399708738445,-1.4824389500463369
2.022496997988549,-0.8457478512094107,-1.6802319553239307
2.022588925826852,-0.8456065639090504,-1.8803365300202115
2.022727376124336,-0.8451761816571924,-2.084569702291352
2.0237515132572166,-0.8454606312996685,-2.2928375380626314
2.0244405819754725,-0.8456964084929296,-2.4878073683027737
2.0249372370156844,-0.8457292545292191,-2.6878580411326145
2.025634415370621,-0.8465685425124252,-2.8612673711986703
2.0260864318701546,-0.8466983319769011,-3.068787480501023
2.026457814466,-0.8469122614148503,3.023108951843514
2.0269170511384833,-0.8471709751239698,2.8294987777944787
2.027665582230735,-0.8471687320808151,2.6469489868007656
2.027460350759905,-0.8480319171627367,2.4380915430190293
2.0275684044407596,-0.8484831825889445,2.2170178851385542
2.0275280362425128,-0.8489810044866538,2.0158077457918426
2.027310957112278,-0.8494885710757267,1.790592454837476
2.027119244868903,-0.8498931309057488,1.5866168334441855
2.0270610188839653,-0.8503347009596633,1.3868436656261025
2.0264684934648836,-0.8506516797442853,1.1845703182196843
2.0266932187946933,-0.851297306329124,0.9924397154176581
2.026522899057171,-0.8516869957683679,0.7649516608943545
2.025682252177663,-0.8513248828802522,0.5475888020597528
2.0252881664094304,-0.8510118954463339,0.3629708121181127
2.025145538517719,-0.851356177132137,0.16673673767223757
2.0247589750996506,-0.8515084986844511,-0.025765388591595016
2.024479758479527,-0.851156220084448,-0.2160319047104043
2.0239380997894783,-0.8512784304059662,-0.4113639657814225
2.0238341439937937,-0.8509184555463143,-0.6135506123707907
2.0234205544115946,-0.8506333629370524,-0.809045859905338
2.0231665674674555,-0.8503614885958216,-1.0012781279726441
2.0227372860891126,-0.8501702866013234,-1.2175045828102689
2.023331830414231,-0.849450251042079,-1.4323139239568279
2.023344244150884,-0.8489809228615758,-1.6222385822252348
2.0236717683267242,-0.8484665774584498,-1.8060966283953257
2.0238328605815807,-0.8479599417798693,-2.0126888694409804
2.0245100208650646,-0.8475475854419713,-2.197181617500601
2.025016594704777,-0.8474704122378258,-2.3980019494322447
2.0256544607552436,-0.8476478052613419,-2.605444539867829
2.025639103417532,-0.847204792927928,-2.801116835920216
2.0260630518933946,-0.8467853196227102,-2.9916685995562675
2.0265739299428835,-0.8466516163140406,3.087995399010611
2.02702372542534,-0.846847536559794,2.89037810736811
2.0273655371613257,-0.847292344836921,2.665696111912498
2.027911676657664,-0.8472807383476049,2.483348758150849
2.028143572009539,-0.8476424667030237,2.273329223244272
2.0276893592895893,-0.8483780675050178,2.086262565563608
2.0274203028446287,-0.8489888544680232,1.8686926752897328
2.027368564263519,-0.8497241697336838,1.674183520270905
2.027198885380576,-0.8501303466392959,1.4840806989569855
2.027208598190645,-0.8505339978713788,1.257697491090184
2.0268797962584824,-0.8508340325390911,1.0425669785090703
2.026297608483936,-0.8507579455209469,0.8500897221931428
2.0257140499240567,-0.8506631502930472,0.6503096588082461
2.025012906092334,-0.85018707339424,0.4582109884295119
2.0247326506158765,-0.850006771418435,0.2455462913705223
2.024357952283693,-0.8502831965483046,0.05608512445859911
2.023910786890154,-0.8500445171278166,-0.14905419571902268
2.0231511417589334,-0.8502602371871255,-0.3519022052553844
2.022598303992329,-0.8502971156715133,-0.5553352398489628
2.022799741533577,-0.8493736003301995,-0.7604749257755319
