-0.3236844033837463,-1.8295507324377036,1.6207304910717717
-0.32395215473241906,-1.8295093786782237,1.5837581952909254
-0.32412585272645045,-1.8295043524934929,1.5843124489610012
-0.32438299185548186,-1.8295079674215096,1.5841937155960633
-0.3248462680378384,-1.829548957793821,1.5735189294267313
-0.32534368699899346,-1.8296086047268478,1.557978281801407
-0.3253843208030727,-1.8296262437634647,1.5550761858930326
-0.32536719529149727,-1.8296218438476923,1.5565079598672695
-0.3254551465359309,-1.8296349032996622,1.552573264099998
-0.3254773254583368,-1.8296403252575115,1.5515941939415274
-0.3254836160978323,-1.8296433494340192,1.5508757254829455
-0.3254852975593276,-1.8296449489063737,1.550536410209214
-0.32548574832327415,-1.8296458805653497,1.550370604621466
-0.32548593886052424,-1.8296465056603537,1.55028278029936
-0.3254861075441738,-1.8296469923663825,1.5502297630880302
-0.32548629552195757,-1.8296474170837176,1.5501923235210153
-0.32548650044461785,-1.8296478143997892,1.550161871589388
-0.32548671475306656,-1.829648199938207,1.5501345626742855
-0.3254869330388566,-1.829648580746604,1.5501086735519123
-0.3254871522509866,-1.8296489600014396,1.5500834310783413
-0.325487370825702,-1.829649339133868,1.5500584881616872
-0.3254875879987216,-1.8296497187888303,1.5500336889385646
-0.32548780343411055,-1.8296500992872933,1.5500089544951456
-0.3254880169360991,-1.8296504807723173,1.5499842517636409
-0.3254882284041227,-1.82965086328098,1.5499595729350018
-0.3254884377980427,-1.8296512468309625,1.5499349142413623
-0.3254893277126317,-1.8296568773827755,1.5467033476226952
-0.3254877500009772,-1.8296582737661693,1.5464754372838752
-0.3254867917122667,-1.8296591765631463,1.5463731768513271
-0.32548622425752327,-1.8296598662762673,1.5463188730991682
-0.32548582619044003,-1.8296604689675582,1.5462846923364115
-0.3254855067456573,-1.82966103232522,1.546259888726701
-0.3254852232878083,-1.8296615783345778,1.5462393431649382
-0.32548495531843724,-1.8296621169587677,1.5462207428478476
-0.32548469319345924,-1.8296626527143538,1.5462030414478405
-0.3254844324360689,-1.8296631876492058,1.5461857651141455
-0.32548417098539933,-1.8296637226918075,1.5461686991196284
-0.32581401757961154,-1.8299517377576928,1.3587561435179385
-0.3262398321659929,-1.8300747243684838,1.1556641112718835
-0.32652009885859495,-1.8305043495543134,0.9452542311985161
-0.3270370670830621,-1.830559666763753,0.7304878916317293
-0.32730922705138216,-1.8306385789119446,0.5310625856114127
-0.3278194402417213,-1.8304536771086437,0.3203173754740574
-0.327973844512963,-1.830612946648648,0.13073841966646488
-0.32824424833593585,-1.8308160429963207,-0.06309348809726759
-0.32851954441676656,-1.8311836933447867,-0.264329283741198
-0.32889035867626243,-1.8311327433453801,-0.47220681983734203
-0.3291768304284815,-1.830958057994397,-0.6855542288950948
-0.3297150009518287,-1.8308857261134535,-0.8716823879730325
-0.32927634900037733,-1.830156151645687,-1.0730295493541742
-0.32861605843948183,-1.8297908587573282,-1.2414018462132392
-0.3289706307861993,-1.8298367695075988,-1.4318904726082613
-0.32912618753985085,-1.8295507725249862,-1.629599495404748
-0.32933105069526447,-1.8291392453614888,-1.8377199363405623
-0.32909773612298626,-1.828719177373218,-2.0355086912379727
-0.3285856563323542,-1.828426578044207,-2.2438734980601747
-0.32807678684498087,-1.8285094728780265,-2.4417650625067377
-0.3274722825568752,-1.8288406449996881,-2.6671631249041217
-0.3271514001468391,-1.828663900391951,-2.8753029519875426
-0.3267801135480049,-1.8287180312040066,-3.073854596811763
-0.32642520200280967,-1.8288942361616607,3.0026824802982532
-0.3260140945083283,-1.8293321506754976,2.7927507380971526
-0.32584539059432865,-1.8296079152153106,2.593712134379088
-0.32605126199094997,-1.8305316193812955,2.392041358501682
-0.3255513487954806,-1.8305507660316809,2.194152367285292
-0.32575237632561893,-1.8311482437423832,1.9723327727233289
-0.3256147528070039,-1.8315085533784905,1.774764698971126
-0.3257885044113499,-1.8319091881696044,1.5723528036150691
-0.32581330612400417,-1.832317181204847,1.3687053525963429
-0.3259914856870659,-1.8327553819327072,1.1745967247766795
-0.3266048953493329,-1.8331195215124936,0.9555615442529373
-0.3275811490892563,-1.832684708460098,0.7577790914368063
-0.3276679358321708,-1.8332313914611695,0.5643847930813208
-0.32834091322184134,-1.832840934807544,0.3564439009497734
-0.3286530678042477,-1.8329724694505611,0.17456849699756574
-0.3289792550103754,-1.8329319922457412,-0.02797197913488479
-0.3294246353126011,-1.8328726570267944,-0.24291390589978967
-0.33007234880410474,-1.8329257102238865,-0.4471886816010932
-0.3303773992711187,-1.8326261743464385,-0.6321276617318055
-0.3305031101852812,-1.832349417919528,-0.8297114176395318
-0.33010967327318463,-1.8317067581954027,-1.0089706900693622
-0.3294251100332446,-1.8309006770617355,-1.2078993006280665
-0.3290375802810275,-1.8303494901960604,-1.4128783823382032
-0.32921156911187116,-1.8299905226597644,-1.6223530771277146
-0.3291284667455555,-1.8295141890434485,-1.8447866326296078
-0.32887017564706067,-1.8290891310633788,-2.0658515793623806
-0.3282169738265551,-1.8288948700110856,-2.2996136838015095
-0.32817670568437474,-1.8282620398661178,-2.5009881011376383
-0.32739988685568744,-1.8288998654057114,-2.706368910644239
-0.3274285292013751,-1.8288759836148583,-2.9005434110383495
-0.327188475475193,-1.8285144837532554,-3.0963616371241764
-0.32680407901776937,-1.8281668177872743,2.9833585484500684
-0.3264905291943029,-1.8288663481170522,2.7624447041264615
-0.32602909008253683,-1.828991153417968,2.565006754138502
-0.32557467623161435,-1.8292006773312282,2.3660755333159593
-0.3255914223641195,-1.8296169779694573,2.1741317208207946
-0.3253972527826625,-1.8299626483316342,1.9558336642578384
-0.3260007076254574,-1.830383473207669,1.7724622077225838
-0.3257471706316189,-1.8305528766891526,1.5812996780728727
-0.32521624933420074,-1.8309182273483322,1.3919095120432132
-0.3261500774380106,-1.8311514869404653,1.1553817141671694
-0.32671468633780343,-1.8312952791428951,0.9252889087259656
-0.3269259129748128,-1.8316092913840918,0.7247939537010288
-0.32709718425084305,-1.8320941387612908,0.526852977242163
-0.3274059347436639,-1.8322362633797755,0.3308240885102943
-0.3275972318540623,-1.8323704811352872,0.13195563920664266
-0.32796327713603196,-1.8330583889475707,-0.06375430317875587
-0.32822938423403547,-1.8326417818570775,-0.2661658793664078
-0.32907039177612635,-1.8319845845434253,-0.4576904374537036
-0.3291585658449615,-1.8315496548157453,-0.6531984206501532
-0.32855045073006933,-1.8304053539441043,-0.8437528456331027
-0.328712094215735,-1.8301282114423956,-1.0331775476093787
-0.32876292544932983,-1.8296039204040042,-1.2213524900063555
-0.328493859524095,-1.8288783895945535,-1.4197301625035599
-0.3282614915838472,-1.828506684593181,-1.6233887861481926
-0.3286739140684455,-1.8279963307289173,-1.8345101362497374
-0.32855623453555427,-1.8276890113286999,-2.014399385049418
-0.3278304034591127,-1.8276407329896964,-2.2311950769692577
-0.32769262601073124,-1.8272869563959466,-2.4422805381857784
-0.32746300570746134,-1.827108949998253,-2.635349374728411
-0.32702323948711387,-1.827224533634589,-2.8402739069174197
-0.32624232194859865,-1.8274804736639088,-3.0349362521819954
-0.32571583414976046,-1.8276291327728156,3.046693056309721
-0.3253945568202022,-1.8281822086853263,2.8449805541764333
-0.3252774116487616,-1.828742984573712,2.65531746034276
-0.3249922360831692,-1.8291405619754795,2.466366015807655
-0.3252382931118237,-1.8299594622215707,2.256625057994635
-0.3248961694816394,-1.8301700778070147,2.061124811979161
-0.3256688918925604,-1.8309881946564854,1.8459290051600237
-0.32565572731708037,-1.8312131515849772,1.6442685602401914
-0.3257532967215853,-1.8315820717258797,1.4414208805767141
-0.32667089538660443,-1.8317618473680541,1.2175349081781046
-0.3264998400750649,-1.8323659986374574,1.0337562597203007
-0.3266062589684526,-1.833056276983731,0.8639825524825463
-0.32702053153493466,-1.8332227623597015,0.6597392865388296
-0.32750328573972065,-1.8331314913214378,0.4439837413643127
-0.3275739946386683,-1.833682043308343,0.23707798129288946
-0.32760512987219476,-1.8339834792242464,0.056253239096719906
-0.3280188627692047,-1.8342130407884847,-0.1434522207560751
-0.32835534058495947,-1.8339711543656687,-0.328442059140775
-0.3283525670501479,-1.8332938917373716,-0.5149701653961097
-0.32903626248749385,-1.8335604294116987,-0.704236058502938
-0.3293977883433575,-1.8331305279438908,-0.9048076888528126
-0.3299871085468417,-1.8331116231954943,-1.1048411257334483
-0.33063963845560873,-1.8330527647548898,-1.2913211495326982
-0.3306513464548262,-1.8329281688938954,-1.4928645057138312
-0.33122361501337283,-1.8325761781175143,-1.6848047955257481
-0.3311430622184726,-1.8321543204928858,-1.887468538295728
-0.33063463050290254,-1.8320300455486418,-2.0898777364341847
-0.3300591997187237,-1.832132112769222,-2.2975297499472402
-0.32958953084492165,-1.8319299929701645,-2.5053239499121007
-0.3292483750742371,-1.8316923155210563,-2.694546830413817
-0.3285311340661614,-1.8318026540783703,-2.876074728830295
-0.32833214003326017,-1.831575195450901,-3.0673048996509733
-0.3279849758811559,-1.8313060301179627,3.0135168036715063
-0.3279194849929756,-1.8311804331540167,2.802189413136451
-0.32725697294415823,-1.831042809314237,2.603825906930151
-0.32703175033747967,-1.831573299524162,2.387724594546235
-0.32728427915958924,-1.8322270656820574,2.1963457069458587
-0.3269349239869665,-1.8324804243770583,1.981200553881474
-0.3277257771071587,-1.833321398883684,1.7847589133218718
-0.3275231943556048,-1.8335429489439878,1.594076729508466
-0.3277085734358844,-1.833934853930702,1.3955439695063987
-0.3282293691005065,-1.834413161899041,1.1820104534057991
-0.3290457913276111,-1.8342102279495096,0.9997387718766713
-0.32952042127618,-1.8343667259375784,0.8186309620311182
-0.3298875301357413,-1.8344045271651668,0.6150874821958466
-0.33022877723772,-1.834431717586565,0.42586936117420765
-0.3301551825167883,-1.83480746926498,0.21969202994594794
-0.33025742426230076,-1.8349344657100768,0.029348482324773658
-0.3306444910979143,-1.835181849126585,-0.16757143471101296
-0.3311283255392579,-1.8354280659585522,-0.35664717097274284
-0.3314130447092726,-1.8352992800946843,-0.5549033826058806
-0.3316378763714433,-1.8350211201482067,-0.7756496925516856
-0.3320172984103258,-1.8346252925006326,-0.9996041460180111
-0.33116507249871074,-1.8338669391180578,-1.2014895961414098
-0.33130491172549237,-1.8333500202434954,-1.3949269024835311
-0.3310794453941332,-1.8326697323914252,-1.5864330578541033
-0.33061947321300444,-1.8322875832617802,-1.784198003823832
-0.3301260152557235,-1.8319220359197161,-1.972217042888059
-0.32990927452492025,-1.831541045991142,-2.180618798543435
-0.329284477078589,-1.8315759077149396,-2.372208362493831
-0.32840763634658127,-1.8321271812655586,-2.574477578372713
-0.3276931438052132,-1.8328196871281084,-2.779039391160175
-0.3275059146747694,-1.8324314263896104,-2.981116162937477
-0.3272273620675918,-1.831854807688837,3.1103161308091654
-0.326781927343837,-1.8320083545918597,2.9172616599610963
-0.3264458021211782,-1.8322896404205748,2.715252679202017
-0.3264984183307236,-1.8329237608869315,2.5163398156784087
-0.32601688724395084,-1.8329859128065529,2.327987040511678
-0.326146859666386,-1.8336018077305487,2.1075277645705506
-0.3262678729281021,-1.834161381037242,1.9165603813181755
-0.32621367647666916,-1.8343729169045877,1.706915281772138
-0.3259773495510264,-1.8348109225805356,1.5112967769137904
-0.32650096281013363,-1.8351108438984995,1.3117575659681755
-0.3270452681424711,-1.8354061130820194,1.0825787669140856
-0.3268225543795206,-1.8361770476031107,0.8749205746891628
-0.32695901389033893,-1.836518985603396,0.7010727185929114
-0.32736318541282144,-1.8365028072627658,0.5090341024414379
-0.3279284382904295,-1.836094525539923,0.2915697613695203
-0.327943165000322,-1.8363236497911983,0.11350880728160138
