-0.04713607548399494,-0.6732621634170534,1.6214563283723122
-0.04742550460172412,-0.6732199334641891,1.5835507820094936
-0.04768063960469663,-0.6732234605281409,1.581916362823521
-0.048166920666898774,-0.6732538935449446,1.5750152814890237
-0.04881670933950506,-0.6733221891869743,1.557230113352753
-0.0487447693941167,-0.6733294843725716,1.558067518105663
-0.04885532718257612,-0.6733362777329367,1.555136438241671
-0.048913066273350875,-0.673346395265989,1.552785687515198
-0.048928775791199426,-0.6733504246890288,1.5521805578754027
-0.048933185560394644,-0.6733527616533896,1.5516361062856965
-0.048934435714583155,-0.6733540223349526,1.5513749084372461
-0.04893486284487241,-0.6733547794273756,1.5512436741979587
-0.04893512470360715,-0.6733553058833771,1.5511708808119562
-0.04893537764896898,-0.6733557282827521,1.5511242396608358
-0.04893564639960516,-0.6733561041462645,1.5510893283786276
-0.04893592772819719,-0.6733564595321649,1.5510596888750965
-0.048936215715047644,-0.6733568062220489,1.5510324246595095
-0.04893650631450836,-0.6733571495361242,1.551006235103342
-0.0489367972786412,-0.6733574918751986,1.5509805357182163
-0.04893708746210229,-0.6733578343225093,1.5509550637236658
-0.04893737630578449,-0.6733581773671083,1.5509297009632081
-0.048937663542002074,-0.6733585212302258,1.550904394327871
-0.048937949042675184,-0.6733588660124149,1.5508791199745957
-0.04893823274516797,-0.6733592117598649,1.5508538672306804
-0.04893851461708374,-0.6733595584942778,1.550828631350834
-0.04893879463990124,-0.6733599062263237,1.5508034102579975
-0.04893970383244638,-0.6733654813673615,1.5475738841763813
-0.048938351121454025,-0.6733668391319184,1.5473426873443283
-0.048937546203171776,-0.6733677096773546,1.5472345014562545
-0.04893710169946331,-0.6733683514134606,1.5471812088488792
-0.04893682838295361,-0.6733689101926149,1.5471456207071568
-0.04893662955337013,-0.673369430191097,1.54711930753887
-0.04893646510598357,-0.6733699330992174,1.5470972079770549
-0.048936315520318664,-0.6733704287530713,1.54707703280629
-0.04881629144859576,-0.6737403280742985,1.367016926959911
-0.04882750972589404,-0.6743180849122218,1.1414484472211464
-0.04892198271383436,-0.6747581426023157,0.9217471763763365
-0.04968044943517564,-0.6744161150348834,0.7092261671652726
-0.05028533919260147,-0.6739578353753266,0.5140039538012211
-0.050552751615812457,-0.6738838542837592,0.3209331346672186
-0.05051457392626915,-0.6743076815786367,0.13060957291507738
-0.050809375477416874,-0.6747144107456907,-0.06283067571095045
-0.05086456671984378,-0.674949928208559,-0.27392452167691234
-0.05119710408063739,-0.6749273363441779,-0.4643942343394704
-0.051431584564494176,-0.6747613640163828,-0.6551632502755287
-0.05164902916029026,-0.6744381252382357,-0.868857099392808
-0.051439161322945855,-0.6739100740181039,-1.0655209933950174
-0.051150593580089186,-0.6734735850619802,-1.2772759300713699
-0.05149020837377852,-0.6730692657064579,-1.4700089313097702
-0.0514842311635576,-0.6726670370332931,-1.6806746119338924
-0.05092746071260275,-0.6728053470415187,-1.8794391294280042
-0.050527201436321584,-0.6724799611754552,-2.102617442137489
-0.049926368312420796,-0.6724484964455398,-2.303079710495923
-0.04939695014646927,-0.6725498445638678,-2.4876467327611347
-0.04882709538901731,-0.6729325590312009,-2.669200918332074
-0.048364049978349366,-0.6732490635268538,-2.892929517736623
-0.04791023884375941,-0.6735654263018672,-3.1000274743983853
-0.047506233756313375,-0.6736755226515322,2.982247241054128
-0.047129343911236,-0.6742195619110163,2.7849461392450223
-0.046741350356087716,-0.6745263251150454,2.5901850540407776
-0.046505425109033306,-0.6748995621500871,2.3781772005070496
-0.04704494567016432,-0.675793419417039,2.1739729504586234
-0.04779104510712352,-0.6766830765406842,1.9781365777790327
-0.04766506150067574,-0.6770967599548192,1.7552477616451923
-0.04770580096288789,-0.6776819370684986,1.5629698621596624
-0.048070223463130765,-0.6780827819529479,1.3717280163457466
-0.04816107781635737,-0.6784333519387771,1.1793996437838592
-0.0485049499771064,-0.6785221773637174,0.9954004639843389
-0.0493294608922921,-0.6783828054700628,0.79789774832528
-0.04936409033936843,-0.6790972954748484,0.6006291922689905
-0.0500205616393272,-0.6788430053840819,0.3915765325571103
-0.050570272311128484,-0.678686864210375,0.1747449691913421
-0.05079311460112325,-0.6789773019390155,-0.018169524031886427
-0.05118187048302752,-0.6794553231099626,-0.22201553637444027
-0.05148822343416913,-0.6793950813219477,-0.40931710604685023
-0.051590536844253077,-0.6791681458806877,-0.6197417722646893
-0.05125561603480937,-0.6783992823956484,-0.8067371609966517
-0.05051738487511052,-0.6774514503135003,-0.998517462577046
-0.049967402724731436,-0.6765817206124711,-1.204284658127704
-0.0496117237278965,-0.6762116388607871,-1.39516344010865
-0.04989255328720606,-0.6758654868018344,-1.6011322274589845
-0.049652478954224935,-0.6755083077460051,-1.786862559801134
-0.04977228896072518,-0.6750362166906623,-2.0000406369800543
-0.04939553968296573,-0.6747748363671507,-2.206881006634461
-0.048722188302622954,-0.6747919891285484,-2.4079890257084267
-0.048296351404789606,-0.6746046878433934,-2.612210858394117
-0.04786870884067243,-0.6743870721873668,-2.841498577265898
-0.047390649037112785,-0.6749985661290475,-3.0411110439074998
-0.04698365563905077,-0.67525189590528,3.0370806139408506
-0.04660131309502906,-0.6750157692778805,2.833230319797115
-0.04618360810354866,-0.675230466726757,2.6227876855269696
-0.04638741050922904,-0.6758961805453212,2.4320522765008943
-0.046796717342899946,-0.6767402910952339,2.2280739791963198
-0.04748979144163297,-0.6774185879664262,2.0319908293314644
-0.04702882996724947,-0.6773004703064175,1.8439010345673839
-0.04737606982685294,-0.6775549919652347,1.6575796615328713
-0.04686972816447219,-0.6778998368455009,1.4612812703331701
-0.047385210777276233,-0.6781936896470547,1.247227973099499
-0.04776843749690553,-0.6782377269792111,1.0681234404247464
-0.04814057244793685,-0.6784550593586182,0.8788266064716853
-0.04877365865008703,-0.67835126040206,0.6536478611193933
-0.04912434555364238,-0.6786136980007923,0.4529235321710867
-0.04955401431249366,-0.6787137585320975,0.2339649482343288
-0.04988304101916565,-0.6787622975039485,0.03912369900951586
-0.05020885429330658,-0.6787854123668912,-0.1532262174087867
-0.05092806657621108,-0.6788120067948169,-0.3827305916795488
-0.05084406682074569,-0.677829220850585,-0.5945652907035193
-0.051078269570445846,-0.6774998197976501,-0.7723745713463152
-0.05070160793540145,-0.6767637011274181,-0.9731670194107019
-0.05083369237515613,-0.6763870198261526,-1.1855591920657411
-0.051515135677219784,-0.6763985653245077,-1.3813309063940584
-0.05161282354403545,-0.6760551359314271,-1.5836179949086817
-0.051308214603107666,-0.6756435413052655,-1.7853957926624993
-0.05101557395393682,-0.675359276054756,-1.9869012895974285
-0.050527993356606044,-0.6750080231909904,-2.1882128694301777
-0.049981266904212104,-0.6748455540068738,-2.394189759602227
-0.04971480810733784,-0.6746294806563128,-2.6220344615806033
-0.0496650532188655,-0.6744067324166129,-2.8098284388399994
-0.04948431471894797,-0.6745259102819694,-2.999307077876265
-0.049257790603404884,-0.6739362562124166,3.089812943278689
-0.04902518969673707,-0.6737745008655688,2.8750853423643368
-0.04835495217711788,-0.6734427618684465,2.6705770270678277
-0.048140943097409426,-0.6738319587549091,2.4604819638806803
-0.047944693851060025,-0.6740654527612083,2.280720577775447
-0.047772144649326005,-0.6742769904417063,2.0602710251564313
-0.04758325043504615,-0.6745059716742241,1.864805832876582
-0.047266338221461604,-0.6745454859787735,1.6705790511117453
-0.046847013153066434,-0.6748793801497736,1.4797902066352013
-0.04728162230745451,-0.6750539913451185,1.269950068302554
-0.047507938687773144,-0.6754543364785847,1.065667267372377
-0.048061640826966005,-0.6755439979213965,0.877654710226456
-0.048708342266026466,-0.6754534017732283,0.6601926545180467
-0.04917789984265804,-0.6754266215045935,0.44733155630398264
-0.04952683682850355,-0.675316289188351,0.26002483237934565
-0.04999452062813089,-0.6749941177406663,0.055323213131055565
-0.05032460984845261,-0.6747810701595324,-0.14215095470549377
-0.05061586330828031,-0.6745924626112054,-0.3628988326776781
-0.050828196309647404,-0.6738656619076523,-0.5656865040821681
-0.05120921721013874,-0.6738072450133945,-0.7668449662314554
-0.05090310934980899,-0.6730152572830097,-0.9824951982302901
-0.051237090453967626,-0.6728625968855535,-1.173214656761601
-0.051249489454414376,-0.6724420220266671,-1.3702012506712857
-0.05077757657524581,-0.6720604891680689,-1.5612622672479888
-0.05072111991521946,-0.6716106321069673,-1.7901363224534856
-0.05078000809241767,-0.6711437553739011,-1.9988524000024637
-0.05086637467392367,-0.6704434583780713,-2.2001852684741294
-0.05074078478656014,-0.6699407287102526,-2.4014622187801224
-0.050786417455947384,-0.6693904229458327,-2.5974507665543847
-0.050659409842064025,-0.6690691807375775,-2.796859276626084
-0.05049966874718085,-0.6688154823488389,-3.0039551571213763
-0.05002914123775269,-0.6691138482943648,3.08611069111896
-0.04968579762105884,-0.6692866370869471,2.889668646744058
-0.04949236516544026,-0.6701970019825875,2.686546581676546
-0.04917184722037071,-0.670244574773932,2.4834818163640016
-0.04984107841761318,-0.6715305340537404,2.2748288295196746
-0.0498096693311747,-0.6719678818150979,2.082384283657536
-0.04908750387959116,-0.6723172573664039,1.9036273339899257
-0.049351049011681344,-0.6731790941897504,1.7090166457329599
-0.04960496814638744,-0.6736279521663628,1.5132734124574518
-0.04994190151376857,-0.6739406981149775,1.3056130622366824
-0.04973266490448856,-0.674481352305375,1.1058239276063202
-0.049883966933009734,-0.6747595229130265,0.8966991987759642
-0.05053303598981124,-0.6746936276809098,0.673455992570317
-0.051235326155137775,-0.6743045870698902,0.4571018278309767
-0.05162879953637006,-0.6743505960497467,0.23078867070532139
-0.05220324485025303,-0.6738723969597874,0.0303338699254314
-0.0526201854140331,-0.673684581663638,-0.15798017564841174
-0.05299928817410022,-0.6735128097881966,-0.3603342587116865
-0.053043470610615664,-0.6729743298974972,-0.5441569280701849
-0.05345901634058121,-0.6728199486298447,-0.7603178649875414
-0.05299435703947826,-0.672088187919599,-0.9527306497223625
-0.05306411120864097,-0.6717210869937739,-1.1569799184744922
-0.05269516707209928,-0.6713433066648344,-1.374103229430622
-0.052862972494574494,-0.670965484308129,-1.576068192446225
-0.05283285642081309,-0.6705648045773643,-1.780271589747176
-0.05272638035147086,-0.670164461290255,-1.9817956921470499
-0.05171825576375542,-0.6703798254407287,-2.1723032852043387
-0.05156037328728428,-0.6698190692453156,-2.3659649396614144
-0.050521642166607705,-0.6707388728653151,-2.5346983983728397
-0.05052208702524891,-0.6701990918532871,-2.7232529447546443
-0.050405624299248344,-0.6693919530080529,-2.932910816284602
-0.05000086214672355,-0.6694036261607977,-3.134435094172574
-0.049747648740001794,-0.6694042893181067,2.94571105467015
-0.049400510047886495,-0.6696245281421404,2.729190333218697
-0.049362598473412705,-0.6703239874893844,2.51867935586108
-0.04905046464743104,-0.6706424723532266,2.3099005890497137
-0.04945109907941104,-0.6713761609230772,2.127710026124335
-0.049332465006229786,-0.6716717806463974,1.938249959457847
-0.04963095057627179,-0.672210134767005,1.7243718956505878
-0.0494971931107622,-0.6725484028902311,1.5322931976561553
-0.04991941538927766,-0.6729172179655609,1.3195022546248514
-0.05038341422473368,-0.6729985332138863,1.1242290308058858
-0.05034211060676404,-0.6737053094374686,0.927611544398725
-0.05158003501031289,-0.6729551422192573,0.7479502654263175
-0.05221682945547478,-0.6728495251875638,0.5264842434485537
-0.05278903547665485,-0.6723249463259435,0.30850235836075923
-0.0533034848044921,-0.6725627651724113,0.10116229268949242
-0.05374336631109609,-0.6724101484484856,-0.10652569970902508
-0.05397447778019971,-0.67177289291978,-0.3190949216314041
-0.05435565321746329,-0.6713246888492201,-0.5314515216651421
-0.054163501878960595,-0.6703409454390549,-0.7097031754586212
