-0.9688800583824384,-1.2155105499999497,1.5849423982928417
-0.9681465954858371,-1.2155254987435193,1.578344475364684
-0.967441610565022,-1.215556180759798,1.5611653455422543
-0.9675763536288239,-1.2155454010975275,1.5644834244394037
-0.9676231455224262,-1.2155417701656803,1.5649439907268117
-0.9676397402038076,-1.2155399561567166,1.5653343751744957
-0.967646138270704,-1.2155392180139457,1.5654890214946215
-0.9676490837928763,-1.215538965782371,1.5655332839438934
-0.9676508229186007,-1.2155389295567316,1.565527911229223
-0.9676521422950388,-1.215538988875969,1.5655004300562394
-0.9676533115219421,-1.2155390903993166,1.5654631434675863
-0.9676544255605877,-1.215539210592069,1.565421511110076
-0.9676555189309023,-1.2155393390914555,1.565377946127587
-0.967656604602015,-1.2155394713407819,1.5653335125026524
-0.9676576876029733,-1.215539605338688,1.5652886786154767
-0.9676587699393485,-1.2155397402073391,1.565243650444792
-0.9676598524295208,-1.215539875562564,1.5651985185212738
-0.9676609354130477,-1.21554001123701,1.5651533226293664
-0.9676620190320391,-1.215540147158529,1.5651080802620518
-0.9676631033457557,-1.215540283296774,1.5650627991246697
-0.9676641883782113,-1.2155404196397575,1.565017482626608
-0.9676652741382761,-1.2155405561835633,1.5649721322922265
-0.9676663606282443,-1.215540692927829,1.5649267488193215
-0.9676674478475293,-1.2155408298737667,1.5648813325428983
-0.9676685357942624,-1.215540967023293,1.5648358836395855
-0.9676696244659913,-1.215541104378648,1.564790402216645
-0.9676691173199953,-1.2155420753711845,1.5641657083385583
-0.9676698756570407,-1.2155422924850983,1.5641012798046345
-0.9676708435647142,-1.2155424659167713,1.5640480867180526
-0.9676718895950328,-1.215542621391683,1.5639990409795155
-0.9676729647141588,-1.2155427690913145,1.5639518132075219
-0.967674051288959,-1.215542913510024,1.563905371421885
-0.9676751427493657,-1.215543056630706,1.5638592590258764
-0.9676762365615875,-1.2155431993280936,1.5638132745054318
-0.9676773317170259,-1.2155433419886903,1.5637673290936103
-0.967678427802432,-1.215543484784128,1.5637213837546926
-0.9674642786291504,-1.2158615097138399,1.388351127974896
-0.9674818678587839,-1.2160832294055646,1.187023860029181
-0.9682242879667637,-1.2164371495455404,0.968182581044018
-0.9687814914899527,-1.216496641008801,0.802928891651577
-0.9697560677109466,-1.2158971072688158,0.5952361033538663
-0.9706151830348925,-1.215575923639022,0.3923074080148562
-0.9710213765551344,-1.2155172131959089,0.1904540519591426
-0.9714144924173794,-1.215649314968501,0.007079449409387385
-0.971819833436069,-1.215816451847931,-0.18387934955995439
-0.9721336365577974,-1.2151924444257194,-0.3983407589259688
-0.9722718469524096,-1.214567024144067,-0.6053784637949443
-0.9719825207020232,-1.2137461762548811,-0.8057346744938647
-0.9725762284591056,-1.2138079097365126,-0.9948207614988293
-0.9728300240631843,-1.213706051377581,-1.19353174422363
-0.9730822879998974,-1.213825420868454,-1.3832913469889916
-0.9731104415917678,-1.2133435973987712,-1.579959251038227
-0.9733013043028073,-1.212959132157303,-1.768707076390042
-0.973404793917798,-1.212711368676764,-2.004686620866693
-0.9723532949696632,-1.2130023283670988,-2.202896308376628
-0.9713589712721677,-1.2133294483332013,-2.4111722649537604
-0.9706548420058568,-1.213585828108428,-2.631540614465423
-0.9703143847065915,-1.2135911569625675,-2.8552264298089938
-0.9700859911548694,-1.2132181252800944,-3.051925571933627
-0.9696528466741928,-1.2134878764999937,3.0305142329935832
-0.9691299194892189,-1.213436556439699,2.822767694672862
-0.9691852475576301,-1.214386413811111,2.6342688168060677
-0.9696022777459748,-1.2153363313542507,2.458098312647982
-0.9695022043876468,-1.2157913097520041,2.2505536705650697
-0.9696754199034857,-1.2163252901261992,2.0654491227759713
-0.9694949288356363,-1.216753981823002,1.8636622709970476
-0.9696658048100157,-1.217180166851851,1.6785582585076753
-0.9698807780813125,-1.2175955214080216,1.4760773145361763
-0.9697480983989677,-1.218060858530697,1.2836553080517283
-0.9704878355571847,-1.2179712178922355,1.0885216735404926
-0.9704976969892611,-1.2184006217717251,0.9064619688410819
-0.9710411972688768,-1.2185378617977805,0.7147828021035161
-0.9718039502897143,-1.2179305721402365,0.5305626364481286
-0.9722698790188194,-1.2180150775473844,0.3190192494941897
-0.9723672940398512,-1.218134974244198,0.12905310412232263
-0.9725896018916425,-1.2185947582893193,-0.06384215999366506
-0.9730468990738935,-1.21883388680786,-0.25292706174589563
-0.972979275478529,-1.2180659024493539,-0.4331995974066528
-0.9731703384675934,-1.2172761068314588,-0.6410699872795074
-0.9730727528819034,-1.216746060470305,-0.8423845851902659
-0.9729945631724676,-1.2161733275628854,-1.0573590282594703
-0.9731126767237541,-1.2160738105068596,-1.251258279182923
-0.9728901481736819,-1.215392868830489,-1.4558309454494516
-0.9728174713160612,-1.2149074947432883,-1.6574855524431762
-0.972050065326368,-1.2147382783428882,-1.8634618315023925
-0.9715006519687879,-1.2144902261548742,-2.070559300576437
-0.9706211508785992,-1.2143152074332435,-2.2757671154501393
-0.9704019129260922,-1.213921507662727,-2.450820129768283
-0.9698688314283496,-1.2140402725725132,-2.639578404675819
-0.9692489332682489,-1.214954837461189,-2.83803722111441
-0.9694077515728804,-1.2150337229237662,-3.0155816522477097
-0.9690725059607196,-1.2145112990743254,3.075554352490276
-0.96858489416253,-1.2144208175884892,2.866402940234435
-0.9682581490074776,-1.2148655395262222,2.658357779028076
-0.9681702069752451,-1.2155536105954128,2.4571262277099244
-0.9677321224193871,-1.215620052835701,2.288215725685696
-0.9685088041190265,-1.216580152681643,2.0839396215519512
-0.9678282367591886,-1.2166453159831991,1.8878728977303416
-0.9675960252259991,-1.2167120767377717,1.6900276197247925
-0.967317170801863,-1.2171211169741702,1.495249010992678
-0.9670221050632026,-1.2175788011660413,1.2870246302908295
-0.9672707693609938,-1.2176697088448305,1.0985543061310585
-0.9673298879132399,-1.2182106911953356,0.8963407437915489
-0.9675995082788188,-1.2184216560743006,0.7025536399803212
-0.9681664120875605,-1.218219234068479,0.5009587869278859
-0.9684405755859888,-1.218247314626116,0.31212952320253606
-0.9683852160253835,-1.2183002540080545,0.12768180306369964
-0.9687021944948758,-1.2191650130343261,-0.05970391743215845
-0.9689104699473383,-1.2186109405511762,-0.261943646596886
-0.9695338708944939,-1.2185764102556564,-0.47847905359349124
-0.9701351905981273,-1.2184353757859012,-0.7019617444806412
-0.9705285868178002,-1.2181907430569268,-0.9331928249221778
-0.9706396191972698,-1.2177537303796413,-1.1458952584084154
-0.9706613649636324,-1.2173674262370757,-1.3674318695221597
-0.971004915947978,-1.2170556737685043,-1.5538557927062595
-0.9711914201438095,-1.2167165216740554,-1.7592394726339309
-0.970491076784752,-1.216675998409293,-1.9536620826068642
-0.9696936731807274,-1.2165216694036576,-2.1841048745396177
-0.9692495385739561,-1.2163216977897033,-2.4056859212824886
-0.9684508245401796,-1.2168174786906356,-2.6150712741139124
-0.9677272833080556,-1.217570740293302,-2.796095665786249
-0.9672500090293426,-1.2178492172028719,-3.00665106257966
-0.966878618476502,-1.2178626091233882,3.095098063183141
-0.9665589035413421,-1.2181850397152054,2.894738537846007
-0.966681552605384,-1.2184951306018803,2.69215172118086
-0.9666249286226741,-1.2191526552742749,2.482697209635293
-0.9661332656794427,-1.2192435830475754,2.2853729268059357
-0.966029729904136,-1.2196420399205183,2.064671277259816
-0.9658405484108142,-1.2200728353127857,1.8631149189131102
-0.9656941466183966,-1.2201718983237788,1.677176479933141
-0.9655101883490463,-1.2203889031343076,1.491822647197771
-0.9653787269135496,-1.220810936325104,1.2895709646552864
-0.9661408947682282,-1.2208443558502182,1.0900702586049653
-0.9664555128449652,-1.2209498931104694,0.886459714352865
-0.9672162050843951,-1.2207174398170717,0.6854000688372353
-0.9674294718340638,-1.221148014063881,0.49754169505989404
-0.9677475854074561,-1.2212524748557476,0.28702270639222377
-0.9678919764449366,-1.2212416416556218,0.1040059277445944
-0.9683542742263349,-1.221208159317394,-0.10296112340590227
-0.9687546937888389,-1.221596419350915,-0.31116679842383366
-0.9694797214167225,-1.2209927857084317,-0.4851644453835014
-0.9695649194065825,-1.2206331729739217,-0.6848930907582729
-0.9700468320302336,-1.2205390847432633,-0.8538793937397161
-0.9699321025907724,-1.2199481553215483,-1.0639657345301403
-0.9704142062210744,-1.219864434132546,-1.275055117436777
-0.9705041364730014,-1.2194131017171161,-1.4826913761545761
-0.9703163606692047,-1.2189934203062904,-1.6730783157783666
-0.9701513079379672,-1.2186940986862635,-1.8682808439221925
-0.9692957292926704,-1.2186039852290866,-2.0533384647447424
-0.9685634034586206,-1.218826960456729,-2.2857820984891495
-0.9687985759495031,-1.218118597032905,-2.457225594246865
-0.9684397069520282,-1.217848569869398,-2.6344633165397635
-0.9680840984090296,-1.2178249025885135,-2.846381412578968
-0.9678383389121079,-1.2182108980168846,-3.0303047977134834
-0.9675127685085567,-1.217740556816319,3.056983838698647
-0.9668468957001107,-1.2176241444698375,2.8558313394485255
-0.9665015128264225,-1.218094735360865,2.6426076806901633
-0.9666902970574276,-1.2190730068015978,2.4368884616096116
-0.9664613400512085,-1.2193932395387348,2.242452632859804
-0.9666260277320323,-1.219980770667718,2.0446296758785203
-0.966266456485624,-1.220105767319961,1.8602678760026607
-0.9662277041512756,-1.2204415311347063,1.6469703447434025
-0.9659738612820052,-1.220741090640228,1.4470084760051376
-0.9664462903895387,-1.2210372227823167,1.2480007770390573
-0.9667390197730061,-1.2213769118023323,1.0520439371627095
-0.9671485371134962,-1.2213424468308527,0.8446762599341094
-0.966543074791981,-1.2224713117067703,0.7219711545010393
-0.9670311060525791,-1.2223296910381356,0.5273086763870557
-0.967323162098138,-1.222556133236983,0.310770455938378
-0.9682149993473075,-1.2218098996227145,0.12679446207674497
-0.9685525346715085,-1.2219273001440025,-0.0680406489190605
-0.9689368217995723,-1.222042467361281,-0.2633706643036032
-0.9692225445552076,-1.2216360779496225,-0.4778498279448253
-0.9693386709659512,-1.2210068393246074,-0.6896810566662533
-0.9697979316806328,-1.2210432502825808,-0.8617401958270409
-0.9696453495721427,-1.2204320514930693,-1.012987279375231
-0.9696904347105487,-1.2198432066537026,-1.1755710325886943
-0.9685803937795269,-1.2189876299791909,-1.3739726897409277
-0.9687398943115771,-1.218674274524977,-1.5796968123374255
-0.9689841860067587,-1.2182720216936378,-1.7870740988709917
-0.9683143747840516,-1.2182037583425804,-1.9725240449401447
-0.9675490160342689,-1.2180524328820295,-2.188418355453706
-0.9677902442104497,-1.2171604868097479,-2.3838746866220974
-0.9670903602534372,-1.2174926149547567,-2.585348359740191
-0.9669224532502513,-1.2172044207486825,-2.793093993394114
-0.9664198907290777,-1.2170209680353572,-2.9866539602287925
-0.9658380530508176,-1.2172089751784647,3.1039776549552713
-0.9656120326097635,-1.2179528085259888,2.894676274375549
-0.9654862173206936,-1.2188269575892903,2.7014814853109916
-0.9651157112712656,-1.218893304971203,2.5273384646102235
-0.964922090802911,-1.2193463613093656,2.3148142087091887
-0.9652352469822117,-1.2200456330037042,2.1041310976866656
-0.9648997008196644,-1.2203326958197538,1.894038019630958
-0.9650075051315167,-1.2207444339621725,1.6860624474021975
-0.9649377309802539,-1.2211595882517137,1.4784096555817858
-0.9650737451011774,-1.2216230469458804,1.2663656568120407
-0.9653439922061096,-1.2218469063776112,1.0621182995465301
-0.9658899010574573,-1.2221257089247364,0.844177317845377
-0.9667528950977894,-1.221581245824378,0.640605725454041
-0.9672526982880936,-1.2220327268170346,0.4213650307379564
-0.9680155681345963,-1.2223112038294326,0.22464702861438607
